0,0.2063240533919,3.124558757017,0.5553584234398,0.3201241934734,0.3965531191558,100000
6,0.2063249113042,3.124571749187,0.5553584234398,0.3198954759691,0.3964716181712,100000.0000000000000
8,0.2063277815457,3.1246152159478,0.5553115894196,0.3198475630223,0.3964350497333,100000.0000000000000
9,0.2063276616140,3.1246133997097,0.5553115894196,0.3197135455339,0.3963871606449,100000.0000000000000
10,0.2063248388957,3.1245706526373,0.5551939562000,0.3195801573562,0.3962885029049,100000.0000000000000
11,0.2063272561711,3.1246072597076,0.5551939562000,0.3195073662908,0.3962630240834,100000.0000000000000
12,0.2063347404141,3.1247206006228,0.5550763229804,0.3194796059739,0.3962042992139,100000.0000000000000
13,0.2063336718094,3.1247044177388,0.5550763229804,0.3194403119990,0.3961900366647,100000.0000000000000
14,0.2063365673910,3.1247482682475,0.5550294889601,0.3194181770294,0.3961626800772,100000.0000000000000
15,0.2063359374313,3.1247387281774,0.5549118557405,0.3193896160994,0.3961019305167,100000.0000000000000
16,0.2063325970819,3.1246881421324,0.5550294889601,0.3192186317158,0.3960905631133,100000.0000000000000
17,0.2063324571250,3.1246860226335,0.5550294889601,0.3192163921525,0.3960897332785,100000.0000000000000
20,0.2063316490479,3.1246737851627,0.5551231570006,0.3190683045663,0.3960768151413,100000.0000000000000
21,0.2063350600413,3.1247254410375,0.5550763229804,0.3191086147180,0.3960718708283,100000.0000000000000
22,0.2063323899741,3.1246850057042,0.5551939562000,0.3189354873069,0.3960598816898,100000.0000000000000
23,0.2063342864049,3.1247137251346,0.5551471221798,0.3187889145023,0.3959878689146,100000.0000000000000
24,0.2063415333048,3.1248234717411,0.5551471221798,0.3183252538210,0.3958238287213,100000.0000000000000
135159,0.2544986073544,3.8541112351414,0.0073501755397,0.8659428327052,0.3669507884877,0.0000027302042
135204,0.2544968723727,3.8540849606866,0.0073376365172,0.8659074142596,0.3669323933942,0.0000027302042
135212,0.2544974916056,3.8540943383112,0.0073696011079,0.8658600899873,0.3669293236715,0.0000027302042
135486,0.2544982648924,3.8541060489184,0.0073227670877,0.8658793728568,0.3669163043919,0.0000027302042
135487,0.2545037049572,3.8541884329246,0.0073494042466,0.8658388252567,0.3669144047596,0.0000027302042
135635,0.2544930492903,3.8540270641617,0.0073890432038,0.8657737432400,0.3669058659496,0.0000027302042
135680,0.2544778708453,3.8537972027252,0.0074841160996,0.8655690831777,0.3668702660730,0.0000027302042
136014,0.2544714655872,3.8537002018905,0.0075397208245,0.8654988793144,0.3668676513058,0.0000027302042
136260,0.2544682792412,3.8536519480630,0.0074466698185,0.8655118085193,0.3668317070879,0.0000027302042
136297,0.2544732590362,3.8537273617719,0.0074466698185,0.8654698402394,0.3668177855155,0.0000027302042
136345,0.2544699245767,3.8536768649235,0.0074646740037,0.8654468960492,0.3668165927142,0.0000027302042
136406,0.2544704998882,3.8536855774047,0.0074646740037,0.8654202555594,0.3668072015346,0.0000027302042
136500,0.2544625790626,3.8535656249096,0.0073710059632,0.8655341666732,0.3668060433095,0.0000027302042
136624,0.2544634800895,3.8535792700053,0.0073710059632,0.8638272911115,0.3661966379718,0.0000027302042
136627,0.2544610930925,3.8535431214703,0.0073627145622,0.8638147018659,0.3661880768557,0.0000027302042
136646,0.2544758214233,3.8537661664050,0.0074095485824,0.8637365759111,0.3661834025229,0.0000027302042
136661,0.2544769007312,3.8537825113773,0.0073699096252,0.8637327744705,0.3661652880212,0.0000027302042
136668,0.2544692153877,3.8536661250081,0.0073699096252,0.8636995568498,0.3661517777259,0.0000027302042
136771,0.2544729848105,3.8537232089149,0.0073699096252,0.8636795657324,0.3661454457746,0.0000027302042
136822,0.2544764372603,3.8537754926019,0.0073230756049,0.8636897611523,0.3661297550837,0.0000027302042
136921,0.2544828929186,3.8538732566946,0.0072919153628,0.8637128267805,0.3661260217739,0.0000027302042
136951,0.2544806147503,3.8538387562538,0.0072919153628,0.8637139829544,0.3661259465143,0.0000027302042
137024,0.2544824257304,3.8538661816249,0.0073032037886,0.8636504678458,0.3661084885108,0.0000027302042
137059,0.2544763410044,3.8537740349092,0.0073500378088,0.8635192907440,0.3660804073990,0.0000027302042
137144,0.2544689755964,3.8536624936234,0.0073783883403,0.8634583708036,0.3660692222035,0.0000027302042
137165,0.2544693686420,3.8536684458820,0.0074103529310,0.8633987688695,0.3660617191328,0.0000027302042
137183,0.2544651944621,3.8536052323583,0.0074006401468,0.8633834699591,0.3660511981473,0.0000027302042
137197,0.2544625650766,3.8535654131069,0.0074474741671,0.8633000600420,0.3660409171745,0.0000027302042
137247,0.2544618352648,3.8535543608820,0.0074006401468,0.8633194905194,0.3660276285195,0.0000027302042
137462,0.2544543282956,3.8534406758032,0.0074246053260,0.8615256566419,0.3653956357180,0.0000026756001
137507,0.2544530649010,3.8534215430333,0.0073945414219,0.8615326748459,0.3653849869618,0.0000026756001
137516,0.2544533239762,3.8534254664514,0.0074385657315,0.8614469049127,0.3653732779201,0.0000026756001
137537,0.2544421119118,3.8532556716389,0.0074853997517,0.8613815428373,0.3653676034594,0.0000026756001
137545,0.2544273679685,3.8530323902693,0.0074853997517,0.8613035730566,0.3653365976928,0.0000026756001
137867,0.2544278378891,3.8530395067176,0.0074609552690,0.8613147547471,0.3653302156441,0.0000026756001
137894,0.2544331691857,3.8531202435460,0.0074853997517,0.8612522222457,0.3653195012355,0.0000026756001
137999,0.2544297366431,3.8530682613323,0.0074853997517,0.8611480443374,0.3652815592948,0.0000026756001
138104,0.2544278570364,3.8530397966842,0.0075322337720,0.8610880095317,0.3652797872428,0.0000026756001
138179,0.2544311370841,3.8530894695239,0.0074974594706,0.8611103476395,0.3652735647338,0.0000026756001
138203,0.2544278643645,3.8530399076597,0.0074697259737,0.8610182152074,0.3652280732123,0.0000026756001
138270,0.2544418954544,3.8532523936206,0.0074843034137,0.8609551884273,0.3652148177844,0.0000026756001
138293,0.2544483894359,3.8533507380772,0.0074843034137,0.8609335299660,0.3652084741871,0.0000026756001
138462,0.2544524061346,3.8534115667150,0.0075311374339,0.8608462011139,0.3651982177555,0.0000026756001
138487,0.2544476693179,3.8533398326536,0.0075513342952,0.8607880817156,0.3651851015931,0.0000026756001
138544,0.2544409636665,3.8532382826826,0.0075339471446,0.8607864165674,0.3651756183360,0.0000026756001
138660,0.2544401468656,3.8532259130993,0.0075339471446,0.8607367204623,0.3651576946982,0.0000026756001
138673,0.2544414190540,3.8532451790424,0.0074871131243,0.8607795461551,0.3651531904774,0.0000026756001
138763,0.2544514797191,3.8533975371360,0.0075116953380,0.8607336071079,0.3651494747661,0.0000026756001
138848,0.2544556014603,3.8534599565301,0.0073940621184,0.8608676773194,0.3651478259777,0.0000026756001
138893,0.2544720651905,3.8537092822472,0.0073794846784,0.8592434284574,0.3645650175663,0.0000026756001
138894,0.2544788446324,3.8538119496973,0.0073811980509,0.8591917732168,0.3645487563062,0.0000026756001
138899,0.2544753677581,3.8537592961269,0.0073860627068,0.8591647711203,0.3645404525084,0.0000026756001
139109,0.2544968356830,3.8540844050591,0.0074426095112,0.8590778889148,0.3645382577636,0.0000026756001
139151,0.2544984647484,3.8541090755257,0.0074717478635,0.8590269101957,0.3645328880289,0.0000026756001
139180,0.2544915681488,3.8540046338465,0.0075876677105,0.8588897442143,0.3645321022701,0.0000026756001
139463,0.2545043979275,3.8541989272246,0.0075876677105,0.8588783988699,0.3645307995997,0.0000026220881
139504,0.2545089539753,3.8542679237315,0.0075610305516,0.8588991101574,0.3645277568588,0.0000026220881
139533,0.2545043641614,3.8541984158727,0.0075141965314,0.8589475409881,0.3645239983295,0.0000026220881
139618,0.2544944755316,3.8540486630712,0.0075141965314,0.8589508750783,0.3645230700839,0.0000026220881
139689,0.2544991170477,3.8541189539062,0.0074939996701,0.8589352997324,0.3645098462732,0.0000026220881
139801,0.2544886882156,3.8539610203151,0.0074471656498,0.8589557831321,0.3644948553004,0.0000026220881
139819,0.2544927589533,3.8540226673165,0.0074971344257,0.8588685115995,0.3644859743865,0.0000026220881
139828,0.2544853774525,3.8539108823224,0.0074725522120,0.8589008842248,0.3644854190538,0.0000026220881
139919,0.2544881171038,3.8539523714327,0.0075193862323,0.8588205504128,0.3644773871978,0.0000026220881
139951,0.2544851724317,3.8539077774992,0.0075662202525,0.8587399774196,0.3644680518506,0.0000026220881
139971,0.2544804170236,3.8538357618918,0.0075662202525,0.8587127852900,0.3644573213597,0.0000026220881
140004,0.2544947672036,3.8540530801340,0.0076130542727,0.8586336100667,0.3644521912558,0.0000026220881
140022,0.2545065033187,3.8542308111387,0.0076287280508,0.8585676878736,0.3644378798306,0.0000026220881
140031,0.2545047849111,3.8542047876794,0.0076064762442,0.8585276844463,0.3644136881736,0.0000026220881
140046,0.2545050401940,3.8542086536679,0.0076092859549,0.8585142607507,0.3644101528618,0.0000026220881
140081,0.2544975878235,3.8540957954288,0.0075624519347,0.8585462165426,0.3643998969851,0.0000026220881
140143,0.2545040414356,3.8541935285322,0.0075156179144,0.8585660253026,0.3643882827362,0.0000026220881
140184,0.2544975383304,3.8540950459086,0.0074833613342,0.8585787313377,0.3643776028347,0.0000026220881
140200,0.2544969784820,3.8540865675993,0.0074816479616,0.8585387250592,0.3643624606080,0.0000026220881
140210,0.2545027142503,3.8541734297205,0.0074348139414,0.8585664530139,0.3643535208192,0.0000026220881
140220,0.2545023653403,3.8541681458490,0.0074348139414,0.8585546438000,0.3643492284764,0.0000026220881
140360,0.2544984140274,3.8541083074091,0.0074816479616,0.8584891335510,0.3643450569719,0.0000026220881
140368,0.2544960464437,3.8540724528676,0.0075284819819,0.8584169659150,0.3643388471998,0.0000026220881
140439,0.2544994913925,3.8541246229602,0.0074965173912,0.8583682191766,0.3643084767434,0.0000026220881
140475,0.2544987929645,3.8541140460093,0.0074965173912,0.8583654431716,0.3643073356499,0.0000026220881
140549,0.2544854630758,3.8539121789962,0.0075505464744,0.8582957216179,0.3643027340117,0.0000026220881
140551,0.2544784005336,3.8538052242927,0.0074585918065,0.8583521057529,0.3642819486575,0.0000026220881
140560,0.2544717025545,3.8537037905094,0.0074117577863,0.8583754529448,0.3642687799361,0.0000026220881
140589,0.2544786417142,3.8538088767157,0.0074178730389,0.8583190688098,0.3642527505303,0.0000026220881
140742,0.2544703075331,3.8536826643912,0.0074064303545,0.8583210172266,0.3642467564900,0.0000026220881
140751,0.2544652052344,3.8536053954933,0.0073992352915,0.8583271525446,0.3642447707268,0.0000026220881
140947,0.2544628106952,3.8535691327396,0.0072816020719,0.8582807512928,0.3641772714986,0.0000026220881
140990,0.2544662986812,3.8536219545842,0.0073027575404,0.8582392649760,0.3641722690119,0.0000026220881
141096,0.2544721339480,3.8537103235059,0.0073354934242,0.8581834083544,0.3641676002972,0.0000026220881
141135,0.2544822946212,3.8538641961145,0.0072958544669,0.8581931682812,0.3641562751480,0.0000026220881
141220,0.2544894526120,3.8539725962863,0.0072646942248,0.8582108711867,0.3641507770799,0.0000026220881
141235,0.2544819074267,3.8538583324650,0.0072178602046,0.8581545427498,0.3641089712326,0.0000026220881
141325,0.2544846506063,3.8538998750078,0.0071373482211,0.8581674176231,0.3640796520901,0.0000026220881
141353,0.2544839643070,3.8538894817343,0.0071260597953,0.8581614343245,0.3640725302368,0.0000026220881
141365,0.2544770991292,3.8537855159040,0.0071216744430,0.8581476116700,0.3640642430283,0.0000026220881
141373,0.2544736520599,3.8537333136996,0.0071423506079,0.8580822120258,0.3640490085683,0.0000026220881
141484,0.2544742623495,3.8537425558875,0.0071423506079,0.8580095796113,0.3640231991966,0.0000026220881
141579,0.2544787034863,3.8538098121890,0.0071726018260,0.8579676868002,0.3640221539583,0.0000026220881
141825,0.2544673276702,3.8536375375311,0.0071279604819,0.8579118905494,0.3639806570464,0.0000026220881
141929,0.2544586014331,3.8535053879332,0.0070811264617,0.8579433423978,0.3639699482185,0.0000026220881
141941,0.2544657284863,3.8536133195888,0.0071180934392,0.8578788214821,0.3639642752503,0.0000026220881
141991,0.2544643292297,3.8535921293332,0.0071633518178,0.8578220728092,0.3639631044744,0.0000026220881
142135,0.2544600221635,3.8535269033871,0.0071743151986,0.8577965600638,0.3639577684286,0.0000026220881
142167,0.2544560354390,3.8534665286770,0.0071677371701,0.8578017802807,0.3639559593387,0.0000026220881
142171,0.2544521319858,3.8534074150223,0.0071677371701,0.7325422592207,0.3192195796487,0.0000026220881
142212,0.2544499738363,3.8533747321393,0.0071459646671,0.7325480377406,0.3192118498725,0.0000026220881
142231,0.2544592998941,3.8535159653836,0.0071193275082,0.7323986385144,0.3191490755217,0.0000026220881
142257,0.2544451675854,3.8533019465709,0.0071127494797,0.7324051211454,0.3191455432401,0.0000026220881
142307,0.2544462295449,3.8533180288211,0.0071595835000,0.6176042527012,0.2781655323672,0.0000026220881
142318,0.2544532076862,3.8534237053630,0.0072064175202,0.6175394392420,0.2781639517421,0.0000026220881
142381,0.2544526215610,3.8534148291187,0.0071611591416,0.6172914187973,0.2780558509657,0.0000026220881
142457,0.2544513285867,3.8533952483960,0.0071992224572,0.6172054088889,0.2780411689248,0.0000026220881
142547,0.2544531038725,3.8534221332150,0.0072460564774,0.6170216089155,0.2779959782185,0.0000026220881
142569,0.2544532528145,3.8534243887825,0.0072493454917,0.6169678514150,0.2779782206049,0.0000026220881
142570,0.2544541926235,3.8534386211933,0.0072852161311,0.6169227987777,0.2779777048961,0.0000026220881
142584,0.2544521377283,3.8534075019867,0.0072399577525,0.6169759790441,0.2779768610658,0.0000026220881
142592,0.2544523965219,3.8534114211410,0.0072319583410,0.6169833186277,0.2779761094822,0.0000026220881
142607,0.2544514311353,3.8533968013855,0.0072303826993,0.6169824857349,0.2779749298769,0.0000026220881
142652,0.2544481280623,3.8533467798512,0.0072216119947,0.6169749101293,0.2779677576287,0.0000026220881
142950,0.2544446940902,3.8532947759892,0.0072778337541,0.6168866872259,0.2779596086375,0.0000026220881
142992,0.2544445254045,3.8532922214237,0.0072684460149,0.6168950264082,0.2779585274531,0.0000026220881
143138,0.2544428136996,3.8532662994693,0.0072504418298,0.6168774511730,0.2779441677102,0.0000026220881
143152,0.2544420970705,3.8532554468833,0.0072036078095,0.6169213060532,0.2779396048811,0.0000026220881
143254,0.2544437768629,3.8532808855562,0.0071595835000,0.6169339832679,0.2779256248520,0.0000026220881
143358,0.2544513425679,3.8533954601267,0.0071938950254,0.6168625691896,0.2779164459860,0.0000026220881
143363,0.2544666862802,3.8536278243600,0.0071938950254,0.6168490027678,0.2779148887737,0.0000026220881
143549,0.2544772319242,3.8537875269427,0.0071960877016,0.6167911590981,0.2778974298194,0.0000026220881
143631,0.2544702050926,3.8536811130382,0.0071655444939,0.6168048451370,0.2778877219947,0.0000026220881
143636,0.2544774457317,3.8537907648315,0.0071804139235,0.6167811181445,0.2778871722470,0.0000026220881
143653,0.2544712537150,3.8536969933118,0.0071504877503,0.6167535448777,0.2778631722883,0.0000026220881
143717,0.2544704543996,3.8536848885290,0.0072292863613,0.6166223436074,0.2778499142431,0.0000025696464
143718,0.2544689950675,3.8536627884931,0.0071727395569,0.6166345838214,0.2778297386894,0.0000025696464
143762,0.2544687113939,3.8536584925569,0.0072145711903,0.5121339984032,0.2405259680957,0.0000025696464
143800,0.2544683586516,3.8536531506499,0.0072145711903,0.5121236709952,0.2405222041481,0.0000025696464
143953,0.2544700873983,3.8536793306836,0.0071862206589,0.5119792804917,0.2404588563291,0.0000025696464
144251,0.2544821249358,3.8538616264102,0.0071528512128,0.4179835466695,0.2068772296737,0.0000025696464
144449,0.2544727622538,3.8537198385301,0.0071497164572,0.4179768505716,0.2068714884545,0.0000025696464
144483,0.2544618794360,3.8535550298074,0.0071721059947,0.4179044983407,0.2068529118557,0.0000025696464
144667,0.2544554400588,3.8534575122759,0.0072032662369,0.4178698309376,0.2068525051632,0.0000025182534
144793,0.2544599404565,3.8535256660216,0.0072501002571,0.4178080725593,0.2068514846935,0.0000025182534
144799,0.2544545800644,3.8534444885743,0.0072032662369,0.4177466780899,0.2068083377188,0.0000025182534
144838,0.2544568135818,3.8534783128231,0.0072501002571,0.4176471706472,0.2067933496803,0.0000025182534
145145,0.2544404988469,3.8532312434834,0.0073437682976,0.4174811468694,0.2067707029052,0.0000025182534
145282,0.2544266906810,3.8530221334692,0.0073954669737,0.4174212721314,0.2067685167530,0.0000025182534
145339,0.2544330889039,3.8531190277631,0.0073954669737,0.4174098635549,0.2067658133092,0.0000025182534
145380,0.2544380349528,3.8531939304228,0.0073954669737,0.3344625864782,0.1771428456494,0.0000025182534
145421,0.2544436584154,3.8532790917942,0.0073954669737,0.3344320896031,0.1771331589360,0.0000025182534
145495,0.2544441587774,3.8532866692447,0.0073954669737,0.3344311478141,0.1771329298032,0.0000025182534
145656,0.2544399135262,3.8532223794228,0.0073274774850,0.3344939717476,0.1771253188733,0.0000025182534
145730,0.2544450523534,3.8533002015048,0.0073431512631,0.3344424975046,0.1771147537258,0.0000025182534
145813,0.2544435812393,3.8532779230439,0.0073187067803,0.3344629184391,0.1771112554711,0.0000025182534
145832,0.2544393496175,3.8532138396235,0.0073655408005,0.3343867581883,0.1771032203284,0.0000025182534
145856,0.2544430356559,3.8532696607630,0.0072479075809,0.3343368182868,0.1770357602777,0.0000025182534
145926,0.2544386439568,3.8532031531412,0.0072919318905,0.3342673724262,0.1770288846674,0.0000025182534
145927,0.2544350922938,3.8531493669757,0.0073296866888,0.2611965744514,0.1509475906623,0.0000025182534
145929,0.2544332534767,3.8531215200435,0.0073765207091,0.2611345121175,0.1509451032337,0.0000025182534
145936,0.2544288417310,3.8530547088374,0.0074098901551,0.2610301458498,0.1509211853837,0.0000025182534
146029,0.2544342076788,3.8531359704215,0.0074189693770,0.2609876248055,0.1509110402375,0.0000025182534
146032,0.2544345227919,3.8531407424746,0.0073993895501,0.2609674122876,0.1508954976511,0.0000025182534
146131,0.2544320505625,3.8531033031853,0.0073993895501,0.2609683467782,0.1508953016343,0.0000025182534
146137,0.2544382152971,3.8531966615453,0.0073525555299,0.2610038750102,0.1508892395801,0.0000025182534
146280,0.2544340892448,3.8531341768633,0.0073802890269,0.2608622563612,0.1508496631215,0.0000025182534
146364,0.2544462427024,3.8533182280764,0.0074271230471,0.2600937316906,0.1505978660602,0.0000025182534
146472,0.2544468124292,3.8533268559846,0.0073830987376,0.2601213846122,0.1505889966267,0.0000025182534
146476,0.2544404881705,3.8532310818009,0.0073802890269,0.2601181779228,0.1505852920205,0.0000025182534
146619,0.2544333063671,3.8531223210127,0.0073802890269,0.2601036632859,0.1505785692637,0.0000025182534
146886,0.2544326597566,3.8531125287819,0.0072779880127,0.2601987583589,0.1505685499386,0.0000025182534
146938,0.2544322757195,3.8531067129477,0.0072654655179,0.2601921434212,0.1505607383837,0.0000025182534
146941,0.2544334968612,3.8531252058426,0.0072845660412,0.2601427582096,0.1505515484199,0.0000025182534
146994,0.2544322632423,3.8531065239942,0.0073314000614,0.2599976040606,0.1505195150285,0.0000025182534
147149,0.2544247849704,3.8529932735050,0.0073606926723,0.2599585825526,0.1505165302649,0.0000025182534
147162,0.2544237956597,3.8529782914454,0.0073494042466,0.2599685939236,0.1505150558626,0.0000025182534
147249,0.2544279357451,3.8530409886433,0.0073429804767,0.2599488417949,0.1505061356479,0.0000025182534
147266,0.2544288420426,3.8530547135564,0.0073249762916,0.2599559965634,0.1505011690496,0.0000025182534
147277,0.2544328872782,3.8531159743561,0.0073362647173,0.2598905376852,0.1504834956118,0.0000025182534
147327,0.2544349051266,3.8531465325281,0.0073563238477,0.2598348007709,0.1504726187372,0.0000025182534
147378,0.2544301973909,3.8530752388676,0.0074031578680,0.2597340081186,0.1504556842838,0.0000025182534
147387,0.2544227363392,3.8529622491605,0.0074417004871,0.2596671133673,0.1504467127698,0.0000025182534
147503,0.2544227758008,3.8529628467642,0.0074417004871,0.2596547054748,0.1504422898356,0.0000025182534
147627,0.2544280685710,3.8530430001502,0.0075353685276,0.2595375176135,0.1504417146390,0.0000025182534
147717,0.2544154959576,3.8528526012676,0.0074885345074,0.1968494077631,0.1280303381238,0.0000025182534
147848,0.2544187605999,3.8529020408097,0.0075436599287,0.1967584855804,0.1280221906624,0.0000025182534
148375,0.2543719107250,3.8521925491896,0.0074692466701,0.1968478551286,0.1280121777027,0.0000025182534
148406,0.2543744212204,3.8522305679770,0.0075160806903,0.1967346335870,0.1279923511241,0.0000025182534
148603,0.2543703789426,3.8521693519705,0.0075160806903,0.1967199897326,0.1279862549737,0.0000025182534
148780,0.2543669464852,3.8521173710481,0.0074224126498,0.1967971270888,0.1279729250570,0.0000025182534
149008,0.2543742818981,3.8522284580885,0.0074224126498,0.1967823027940,0.1279692025402,0.0000025182534
149145,0.2543779465770,3.8522839557606,0.0074119120449,0.1446179108923,0.1093353476044,0.0000024678884
149435,0.2543723482483,3.8521991750148,0.0074224126498,0.1444281610254,0.1092708804122,0.0000024678884
149507,0.2543657386446,3.8520990795835,0.0074224126498,0.1444174576054,0.1092656414185,0.0000024678884
149571,0.2543622578502,3.8520463666484,0.0074692466701,0.1443522879855,0.1092616923927,0.0000024678884
149635,0.2543657409535,3.8520991145495,0.0074905398695,0.1443084371674,0.1092559034224,0.0000024678884
149873,0.2543673072392,3.8521228342843,0.0075160806903,0.1442210730737,0.1092359836591,0.0000024678884
149900,0.2543764792006,3.8522617339032,0.0075037124542,0.1442140173803,0.1092301285163,0.0000024678884
149957,0.2543796723977,3.8523100914833,0.0075217166393,0.1441728483904,0.1092238256415,0.0000024678884
150292,0.2543848395768,3.8523883429248,0.0074748826191,0.1442069525116,0.1092170412145,0.0000024678884
150333,0.2543789054545,3.8522984769418,0.0074260101813,0.1442336714213,0.1092043667541,0.0000024678884
150412,0.2543851816901,3.8523935238669,0.0074260101813,0.1441751651936,0.1091848165805,0.0000024678884
150585,0.2543849627685,3.8523902085317,0.0074260101813,0.1441006427000,0.1091581544924,0.0000024678884
150606,0.2543766978608,3.8522650452788,0.0074623601243,0.1440545610964,0.1091555042722,0.0000024678884
150671,0.2543791963305,3.8523028819512,0.0074662661731,0.1440259399717,0.1091474918492,0.0000024678884
150672,0.2543729523769,3.8522083239016,0.0073486329535,0.1440886017556,0.1091181188307,0.0000024678884
150686,0.2543763280560,3.8522594449788,0.0073447269047,0.1440437771035,0.1091011593653,0.0000024678884
150705,0.2543758825567,3.8522526983645,0.0073279567885,0.1439664345460,0.1090662543665,0.0000024678884
150822,0.2543764068121,3.8522606376560,0.0073567866236,0.1438726674447,0.1090452341001,0.0000024678884
151122,0.2543876921012,3.8524315413786,0.0073567866236,0.1022732771036,0.0941907272545,0.0000024678884
151173,0.2543821689153,3.8523478985912,0.0073567866236,0.1022459393741,0.0941797802399,0.0000024678884
151254,0.2543775782894,3.8522783784354,0.0073834237825,0.1020966807626,0.0941369058126,0.0000024678884
151286,0.2543809514563,3.8523294614682,0.0074036206438,0.1019547193044,0.0940955839110,0.0000024678884
151586,0.2543808711111,3.8523282447249,0.0074036206438,0.1019419757748,0.0940910154336,0.0000024678884
151930,0.2543958722933,3.8525554217046,0.0073403415524,0.1019876877064,0.0940834360519,0.0000024185306
152193,0.2543886124953,3.8524454797697,0.0073845035929,0.1019257371688,0.0940786817776,0.0000024185306
152508,0.2543810055070,3.8523302800072,0.0072897392143,0.0709503735709,0.0829738085472,0.0000024185306
152615,0.2543797224497,3.8523108494678,0.0072335009272,0.0707690078881,0.0828846580252,0.0000024185306
152676,0.2543773806824,3.8522753858879,0.0071158677076,0.0708871640103,0.0828759405961,0.0000024185306
152882,0.2543778926103,3.8522831384927,0.0071467359602,0.0708372755050,0.0828714622227,0.0000024185306
152928,0.2543755360456,3.8522474508207,0.0072643691798,0.0706705667264,0.0828618326320,0.0000024185306
152998,0.2543816482572,3.8523400137780,0.0073029117990,0.0706180984697,0.0828609219939,0.0000024185306
153089,0.2543759961170,3.8522544181146,0.0073029117990,0.0705906372472,0.0828499032415,0.0000024185306
153129,0.2543787642359,3.8522963383370,0.0072938325771,0.0705935263304,0.0828476371302,0.0000024185306
153361,0.2543793394625,3.8523050495328,0.0073217038050,0.0704009564580,0.0827909302505,0.0000024185306
153469,0.2543812479118,3.8523339509706,0.0073340885689,0.0703531363343,0.0827795683443,0.0000024185306
153896,0.2543836245277,3.8523699422966,0.0073340885689,0.0703516208706,0.0827795363821,0.0000024185306
154008,0.2543778427771,3.8522823838208,0.0072905435629,0.0703554639037,0.0827610078019,0.0000024185306
154166,0.2543724151630,3.8522001883671,0.0072905435629,0.0703276137424,0.0827498982556,0.0000024185306
154366,0.2543693093225,3.8521531537099,0.0071729103433,0.0704486035689,0.0827420291337,0.0000024185306
154626,0.2543730008370,3.8522090577791,0.0071351555449,0.0703928109143,0.0827067135966,0.0000024185306
154801,0.2543805439254,3.8523232898440,0.0071227707811,0.0703330846534,0.0826816914093,0.0000024185306
154988,0.2543779561618,3.8522841009116,0.0072136291109,0.0701934541672,0.0826702081419,0.0000024185306
154992,0.2543773300043,3.8522746184213,0.0071285775164,0.0702878856153,0.0826673487992,0.0000024185306
155178,0.2543778120596,3.8522819186369,0.0071501957608,0.0702338627501,0.0826574231782,0.0000024185306
155229,0.2543714764832,3.8521859730589,0.0071033617406,0.0702725847825,0.0826498231290,0.0000024185306
155518,0.2543565479508,3.8519598962830,0.0070593374310,0.0703176885087,0.0826438650701,0.0000024185306
155593,0.2543560983360,3.8519530873449,0.0070593374310,0.0703042080356,0.0826389542694,0.0000024185306
155655,0.2543553227344,3.8519413416809,0.0070250259055,0.0703286665959,0.0826328183297,0.0000024185306
155858,0.2543611242198,3.8520291990183,0.0070250259055,0.0702680776950,0.0826124226120,0.0000024185306
155898,0.2543497102815,3.8518563470404,0.0070250259055,0.0701928073522,0.0825830945028,0.0000024185306
156101,0.2543587233170,3.8519928398953,0.0070528971334,0.0701354291205,0.0825764784539,0.0000024185306
156214,0.2543577966878,3.8519788070797,0.0070528971334,0.0700489761807,0.0825454038405,0.0000024185306
156219,0.2543536825463,3.8519165027734,0.0070718599258,0.0699770769602,0.0825269708568,0.0000024185306
156221,0.2543526422266,3.8519007482359,0.0071186939460,0.0699194297411,0.0825262313615,0.0000024185306
156232,0.2543545731506,3.8519299900301,0.0071186939460,0.0699140980166,0.0825247409436,0.0000024185306
156258,0.2543555357795,3.8519445680234,0.0071061714512,0.0698868121966,0.0825098355021,0.0000024185306
156273,0.2543487976683,3.8518425264826,0.0070948830255,0.0698856709365,0.0825031461314,0.0000024185306
156295,0.2543455589519,3.8517934795610,0.0070872086589,0.0698773268991,0.0824961830932,0.0000024185306
156320,0.2543475873737,3.8518241978561,0.0070872086589,0.0698633564687,0.0824916283156,0.0000024185306
156406,0.2543495436558,3.8518538236708,0.0071061714512,0.0698057556855,0.0824796027216,0.0000024185306
156428,0.2543461319028,3.8518021562938,0.0070795342923,0.0698032668742,0.0824665668452,0.0000024185306
156566,0.2543418110822,3.8517367220529,0.0070795342923,0.0696803308801,0.0824217352429,0.0000024185306
156667,0.2543454569732,3.8517919352020,0.0070049667751,0.0697657378337,0.0824210614814,0.0000024185306
156907,0.2543464385267,3.8518067997873,0.0070795342923,0.0696190271928,0.0824008326642,0.0000024185306
157177,0.2543413165794,3.8517292333324,0.0071263683126,0.0695469010961,0.0823940475067,0.0000023701600
157283,0.2543487298430,3.8518414993406,0.0071263683126,0.0694970528947,0.0823778331341,0.0000023701600
157657,0.2543434057689,3.8517608718902,0.0070878256934,0.0695408754549,0.0823758249101,0.0000023701600
157983,0.2543391723751,3.8516967616356,0.0070041789543,0.0695921385636,0.0823573774050,0.0000023701600
158110,0.2543322122977,3.8515913586510,0.0070510129745,0.0694970713215,0.0823420050963,0.0000023701600
158172,0.2543367643854,3.8516602951871,0.0070510129745,0.0694711660571,0.0823337286635,0.0000023701600
159089,0.2543364337066,3.8516552874079,0.0070978469947,0.0693461082582,0.0823090660271,0.0000023227568
159105,0.2543323418126,3.8515933200169,0.0070978469947,0.0692788627737,0.0822841729482,0.0000023227568
159197,0.2543326078279,3.8515973485364,0.0070865585690,0.0692917466250,0.0822839934302,0.0000023227568
159277,0.2543251387104,3.8514842366813,0.0071550273613,0.0691928261420,0.0822764079292,0.0000023227568
159369,0.2543267085974,3.8515080109537,0.0071418713043,0.0692026104554,0.0822746004211,0.0000023227568
159460,0.2543270464444,3.8515131272877,0.0071194817668,0.0691902701894,0.0822606700630,0.0000023227568
159508,0.2543263594188,3.8515027230136,0.0070851702414,0.0692221164794,0.0822571915787,0.0000023227568
159560,0.2543362110378,3.8516519153256,0.0070543019888,0.0692235065130,0.0822465698294,0.0000023227568
159611,0.2543345960961,3.8516274587478,0.0070543019888,0.0691556423677,0.0822219865757,0.0000023227568
159740,0.2543417503498,3.8517358023244,0.0070884592556,0.0691078129351,0.0822210765184,0.0000023227568
159818,0.2543404693970,3.8517164036541,0.0071193275082,0.0690586653881,0.0822164785843,0.0000023227568
159905,0.2543418778110,3.8517377325904,0.0070926903493,0.0690563000699,0.0822045197056,0.0000023227568
159921,0.2543445127051,3.8517776352641,0.0071270018748,0.0689710430692,0.0821893403364,0.0000023227568
159963,0.2543496990959,3.8518561776470,0.0071270018748,0.0689171758467,0.0821712134121,0.0000023227568
160066,0.2543502522327,3.8518645543166,0.0070801678545,0.0689728529769,0.0821711449079,0.0000023227568
160140,0.2543503458525,3.8518659720885,0.0070801678545,0.0689583541015,0.0821659867995,0.0000023227568
160171,0.2543504700168,3.8518678524258,0.0071003647159,0.0689264998710,0.0821632926929,0.0000023227568
160282,0.2543479236944,3.8518292910754,0.0071471987361,0.0688627060510,0.0821600352682,0.0000023227568
160428,0.2543412881368,3.8517288026003,0.0071270018748,0.0688635512217,0.0821502594120,0.0000023227568
160447,0.2543402077485,3.8517124412657,0.0071509670539,0.0481085807282,0.0747478092293,0.0000023227568
160518,0.2543379513347,3.8516782702746,0.0071221372189,0.0481342157565,0.0747441254357,0.0000023227568
160573,0.2543358180135,3.8516459633888,0.0071166555285,0.0481396759757,0.0747432690778,0.0000023227568
160825,0.2543417450148,3.8517357215327,0.0070939409460,0.0481630728746,0.0747431603638,0.0000023227568
160936,0.2543409240797,3.8517232893411,0.0070939409460,0.0481001917609,0.0747205269085,0.0000023227568
160943,0.2543465337921,3.8518082424800,0.0070623014003,0.0480960356272,0.0747066848510,0.0000023227568
161032,0.2543507284020,3.8518717653941,0.0070997476814,0.0480412811613,0.0747040769358,0.0000023227568
161253,0.2543485417146,3.8518386503357,0.0070997476814,0.0480261899471,0.0746982186405,0.0000023227568
161339,0.2543409977594,3.8517244051425,0.0071465817016,0.0479261471749,0.0746809442402,0.0000023227568
161406,0.2543509586938,3.8518752529202,0.0071465817016,0.0476972093919,0.0746013152322,0.0000023227568
161428,0.2543547890148,3.8519332590654,0.0070997476814,0.0476711749100,0.0745727662631,0.0000023227568
161471,0.2543585639443,3.8519904263641,0.0070997476814,0.0476683229179,0.0745725566079,0.0000023227568
162310,0.2543692068008,3.8521516011287,0.0071617761761,0.0475563622414,0.0745614349047,0.0000023227568
162743,0.2543636325432,3.8520671849142,0.0071149421559,0.0475991676273,0.0745554563358,0.0000023227568
162835,0.2543646369934,3.8520823962457,0.0071301366304,0.0475550315842,0.0745464206203,0.0000023227568
163097,0.2543731776878,3.8522117359958,0.0071769706506,0.0474771781422,0.0745405176913,0.0000023227568
164335,0.2543725336742,3.8522019830938,0.0072288070577,0.0473643849226,0.0745223119987,0.0000023227568
164428,0.2543695875203,3.8521573667204,0.0071542395405,0.0474353898330,0.0745150820692,0.0000023227568
164451,0.2543708287232,3.8521761634212,0.0071340426791,0.0474497921588,0.0745118359313,0.0000023227568
164566,0.2543695115776,3.8521562166496,0.0070366063208,0.0474304520497,0.0744628880647,0.0000023227568
164657,0.2543709900727,3.8521786068878,0.0070366063208,0.0474278470437,0.0744622745258,0.0000023227568
165745,0.2543678738368,3.8521314148034,0.0070632434797,0.0473332780032,0.0744392480289,0.0000023227568
165796,0.2543687037939,3.8521439836222,0.0070414709767,0.0473205848117,0.0744255615215,0.0000023227568
165802,0.2543733171843,3.8522138485224,0.0070198527324,0.0473426138238,0.0744251526476,0.0000023227568
165811,0.2543728061116,3.8522061088698,0.0070666867526,0.0472688194631,0.0744187597262,0.0000023227568
165944,0.2543719820673,3.8521936295926,0.0070618220967,0.0472560452812,0.0744119360849,0.0000023227568
166883,0.2543751514360,3.8522416263180,0.0070505336709,0.0472582270437,0.0744085565395,0.0000022763017
166997,0.2543764095543,3.8522606791832,0.0070036996507,0.0473074409979,0.0744063308255,0.0000022763017
167171,0.2543716314565,3.8521883199642,0.0069662533696,0.0473497100393,0.0744043546274,0.0000022763017
167628,0.2543710310194,3.8521792269819,0.0069775417954,0.0472956837105,0.0743897687416,0.0000022763017
167666,0.2543766203442,3.8522638713725,0.0069775417954,0.0472692637255,0.0743815307452,0.0000022763017
167727,0.2543782291238,3.8522882346319,0.0070193734288,0.0472097764003,0.0743785578533,0.0000022763017
168190,0.2543852297004,3.8523942509321,0.0070284691784,0.0471577364215,0.0743653704485,0.0000022763017
169376,0.2543859099171,3.8524045520919,0.0070659154595,0.0470890289355,0.0743570262275,0.0000022763017
170566,0.2543886536373,3.8524461028228,0.0071083641274,0.0470046829567,0.0743456828900,0.0000022763017
170667,0.2543943811365,3.8525328397171,0.0071083641274,0.0469489050463,0.0743269895290,0.0000022763017
171045,0.2544006377921,3.8526275901239,0.0071268476161,0.0469010021104,0.0743191435446,0.0000022763017
171196,0.2544004317840,3.8526244703498,0.0071218452293,0.0469059565284,0.0743187249550,0.0000022763017
171298,0.2544050098259,3.8526937999349,0.0071686792496,0.0468327567896,0.0743136349231,0.0000022763017
171448,0.2544008482117,3.8526307767053,0.0071686792496,0.0468063791606,0.0743033225668,0.0000022763017
171602,0.2544076197440,3.8527333243732,0.0071686792496,0.0468008681444,0.0743028053894,0.0000022763017
171790,0.2544043996285,3.8526845591424,0.0071551981476,0.0467446337224,0.0742762540273,0.0000022763017
171801,0.2544047247573,3.8526894828730,0.0070992683778,0.0467653794470,0.0742597629838,0.0000022307756
171892,0.2544036204675,3.8526727595768,0.0070992683778,0.0467520815019,0.0742547770842,0.0000022307756
171950,0.2544011078611,3.8526347088206,0.0070992683778,0.0466823429145,0.0742293320302,0.0000022307756
172349,0.2544076991248,3.8527345265123,0.0070992683778,0.0466388311147,0.0742152045153,0.0000022307756
172767,0.2544099731965,3.8527689649143,0.0070992683778,0.0465950153596,0.0742000433325,0.0000022307756
172899,0.2544217084605,3.8529466830293,0.0070992683778,0.0465246950307,0.0741774436287,0.0000022307756
173092,0.2544222394727,3.8529547246445,0.0071357725794,0.0464541684815,0.0741680140216,0.0000022307756
173168,0.2544304754039,3.8530794490804,0.0071357725794,0.0464096732499,0.0741538877098,0.0000022307756
173592,0.2544265074392,3.8530193584669,0.0072148631799,0.0463158990055,0.0741534426017,0.0000021861601
173821,0.2544256277066,3.8530060358506,0.0071680291596,0.0463452427632,0.0741436622781,0.0000021861601
173892,0.2544244363523,3.8529879940550,0.0071190024632,0.0463579923228,0.0741269489608,0.0000021861601
174086,0.2544320024781,3.8531025749970,0.0071064799685,0.0462873192029,0.0740979630900,0.0000021861601
174150,0.2544307851032,3.8530841391467,0.0070721684430,0.0463159735620,0.0740932309841,0.0000021861601
174434,0.2544420997475,3.8532554874232,0.0070416417631,0.0463425939964,0.0740920799859,0.0000021861601
174627,0.2544522356092,3.8534089842892,0.0071070970030,0.0462447847169,0.0740873723164,0.0000021861601
175012,0.2544479780659,3.8533445083149,0.0071092896791,0.0462108135014,0.0740752671271,0.0000021861601
175037,0.2544495786540,3.8533687475225,0.0071049043268,0.0461338695114,0.0740462506771,0.0000021861601
175263,0.2544471754925,3.8533323541936,0.0070787464715,0.0461469827735,0.0740392085124,0.0000021861601
175305,0.2544525695726,3.8534140418098,0.0071255804917,0.0460730285671,0.0740340238931,0.0000021861601
175561,0.2544569264987,3.8534800228299,0.0071255804917,0.0460151042993,0.0740142702816,0.0000021861601
175756,0.2544607133070,3.8535373700225,0.0071533139887,0.0459692770521,0.0740106006510,0.0000021861601
175786,0.2544594041084,3.8535175435988,0.0071973382983,0.0458823995406,0.0739981599870,0.0000021861601
176047,0.2544631628076,3.8535744651087,0.0072034370232,0.0458600450530,0.0739935954162,0.0000021861601
176054,0.2544703075471,3.8536826646037,0.0071566030030,0.0458137976558,0.0739585377813,0.0000021861601
176061,0.2544749774947,3.8537533860020,0.0071277731679,0.0458362407533,0.0739551982327,0.0000021861601
176102,0.2544705566863,3.8536864375518,0.0071414085284,0.0457616243775,0.0739334459369,0.0000021861601
176251,0.2544673543400,3.8536379414161,0.0071262140539,0.0457541625390,0.0739235828599,0.0000021861601
176445,0.2544608989029,3.8535401806744,0.0071130579970,0.0457418863255,0.0739121768799,0.0000021861601
176700,0.2544667293681,3.8536284768805,0.0070864208381,0.0456988052685,0.0738866242482,0.0000021861601
176852,0.2544684692281,3.8536548252136,0.0070395868178,0.0457400609621,0.0738816595287,0.0000021861601
176919,0.2544657766797,3.8536140494261,0.0070151423351,0.0457556883125,0.0738761875437,0.0000021861601
176922,0.2544606838127,3.8535369233624,0.0070591666447,0.0456976902641,0.0738732501876,0.0000021861601
177004,0.2544647261529,3.8535981403138,0.0070591666447,0.0456868108022,0.0738702308813,0.0000021861601
177019,0.2544691799854,3.8536655888779,0.0070190649115,0.0457226419017,0.0738667956381,0.0000021861601
177028,0.2544706967035,3.8536885579631,0.0069722308913,0.0457345780989,0.0738513118538,0.0000021861601
177072,0.2544677010123,3.8536431914011,0.0069253968711,0.0457612658846,0.0738401295490,0.0000021861601
177280,0.2544657696482,3.8536139429419,0.0068965670360,0.0457805904851,0.0738342616847,0.0000021861601
177305,0.2544678596102,3.8536455931979,0.0068741774985,0.0457153855074,0.0738018265256,0.0000021861601
177331,0.2544596165814,3.8535207612773,0.0068893719730,0.0456210092380,0.0737728662695,0.0000021861601
177336,0.2544566045696,3.8534751475559,0.0069012774333,0.0455708985826,0.0737594265158,0.0000021861601
177399,0.2544485270341,3.8533528218558,0.0068746402744,0.0455905907484,0.0737533126065,0.0000021861601
177447,0.2544459368474,3.8533135962275,0.0069012774333,0.0455116599904,0.0737359839353,0.0000021861601
177667,0.2544510596755,3.8533911760204,0.0069061420892,0.0454864921006,0.0737301780046,0.0000021861601
177715,0.2544536562709,3.8534304987020,0.0069402993560,0.0454424130149,0.0737296307160,0.0000021861601
177893,0.2544499769020,3.8533747785663,0.0069431090667,0.0454289893193,0.0737252522645,0.0000021861601
178028,0.2544493562125,3.8533653788826,0.0069899430869,0.0453047217894,0.0737008097219,0.0000021861601
178087,0.2544514453292,3.8533970163366,0.0070367771072,0.0452318601478,0.0736953070978,0.0000021861601
179548,0.2544476390002,3.8533393735254,0.0069560943373,0.0453302985361,0.0736950696932,0.0000021861601
179679,0.2544493610051,3.8533654514617,0.0069609589933,0.0453185137377,0.0736933146902,0.0000021861601
179690,0.2544500139378,3.8533753394335,0.0069560943373,0.0453148702785,0.0736900685164,0.0000021861601
179725,0.2544561158905,3.8534677470298,0.0069560943373,0.0452858800576,0.0736810224274,0.0000021861601
180160,0.2544547961326,3.8534477606972,0.0070001186469,0.0451988733286,0.0736685333516,0.0000021861601
180291,0.2544539976309,3.8534356682373,0.0069893095247,0.0451366884678,0.0736415208843,0.0000021861601
180688,0.2544488459194,3.8533576510357,0.0069424755045,0.0451749160970,0.0736339979479,0.0000021424369
180778,0.2544476472428,3.8533394983499,0.0069893095247,0.0450876460655,0.0736226449431,0.0000021424369
180979,0.2544475616611,3.8533382023066,0.0069977717121,0.0450518718538,0.0736134767518,0.0000021424369
181191,0.2544543533359,3.8534410550109,0.0070244088710,0.0449208182451,0.0735795431757,0.0000021424369
181506,0.2544557943243,3.8534628772511,0.0071049208545,0.0448173442182,0.0735774020851,0.0000021424369
181527,0.2544619119847,3.8535555227235,0.0070580868343,0.0448304757448,0.0735633311203,0.0000021424369
181968,0.2544642705392,3.8535912405276,0.0070112528141,0.0448835728459,0.0735627280523,0.0000021424369
182076,0.2544605610325,3.8535350639858,0.0070112528141,0.0448702409775,0.0735571717764,0.0000021424369
182607,0.2544607348442,3.8535376961795,0.0069894803111,0.0448741314228,0.0735492673938,0.0000021424369
182889,0.2544616408326,3.8535514164132,0.0070909604490,0.0447412225201,0.0735454855566,0.0000021424369
183212,0.2544692361016,3.8536664386990,0.0070782836956,0.0447503640285,0.0735449450444,0.0000021424369
183464,0.2544630298723,3.8535724519439,0.0070441264288,0.0447943196211,0.0735446747354,0.0000021424369
183923,0.2544632168523,3.8535752835582,0.0070441264288,0.0447924914536,0.0735440618855,0.0000021424369
184224,0.2544604574446,3.8535334952574,0.0070909604490,0.0447160416074,0.0735362387904,0.0000021424369
184241,0.2544620815534,3.8535580906611,0.0070909604490,0.0447040948282,0.0735323201068,0.0000021424369
184409,0.2544587591866,3.8535077769431,0.0071251177159,0.0446563722834,0.0735292032337,0.0000021424369
185749,0.2544604942115,3.8535340520525,0.0071719517361,0.0445831464110,0.0735234946504,0.0000021424369
186022,0.2544549841468,3.8534506079732,0.0071133665142,0.0446238034629,0.0735117263457,0.0000020995882
186172,0.2544542066850,3.8534388341387,0.0071133665142,0.0446117756933,0.0735072641148,0.0000020995882
186239,0.2544462028876,3.8533176251236,0.0071313706994,0.0445922474144,0.0735062907094,0.0000020995882
186284,0.2544478979792,3.8533432954868,0.0071313706994,0.0445800224598,0.0735022878881,0.0000020995882
186476,0.2544455485028,3.8533077151607,0.0070726312189,0.0445967334248,0.0734825785676,0.0000020995882
186540,0.2544449485180,3.8532986290286,0.0070414709767,0.0446071736962,0.0734728242782,0.0000020995882
186586,0.2544432502872,3.8532729111258,0.0069974466672,0.0445210327435,0.0734228281844,0.0000020995882
186709,0.2544448156267,3.8532966165301,0.0070262765022,0.0444519220989,0.0734108368849,0.0000020995882
187064,0.2544442392560,3.8532878880089,0.0070731105225,0.0443877459429,0.0734078650441,0.0000020995882
187200,0.2544428251274,3.8532664725325,0.0071199445427,0.0443196738222,0.0734033222678,0.0000020995882
187288,0.2544392003701,3.8532115794309,0.0070580703066,0.0443585174847,0.0733899007410,0.0000020995882
187698,0.2544385916570,3.8532023611163,0.0071229085120,0.0442714541918,0.0733864640716,0.0000020995882
187729,0.2544459465029,3.8533137424505,0.0071331005997,0.0442230521704,0.0733751217113,0.0000020995882
187843,0.2544475664952,3.8533382755138,0.0071150964145,0.0442302069389,0.0733703080476,0.0000020995882
188058,0.2544511952597,3.8533932292996,0.0070405288973,0.0443137511133,0.0733689653378,0.0000020575964
188126,0.2544508085617,3.8533873731692,0.0070322374962,0.0443143287806,0.0733655353261,0.0000020575964
188775,0.2544525641690,3.8534139599777,0.0070482032639,0.0442907381791,0.0733643287847,0.0000020575964
188992,0.2544550542210,3.8534516691715,0.0070950372841,0.0441422306177,0.0733318956754,0.0000020575964
189079,0.2544563389467,3.8534711249788,0.0071259055367,0.0440932065639,0.0733278916342,0.0000020575964
189237,0.2544522426671,3.8534090911728,0.0071259055367,0.0440892072224,0.0733255855238,0.0000020575964
189459,0.2544507245900,3.8533861015073,0.0071259055367,0.0440770068900,0.0733209029600,0.0000020575964
189769,0.2544509347413,3.8533892840260,0.0071259055367,0.0440766376394,0.0733208161172,0.0000020575964
189955,0.2544472498622,3.8533334804427,0.0071259055367,0.0440514013478,0.0733110135390,0.0000020575964
190411,0.2544539117221,3.8534343672393,0.0070316039340,0.0441579331846,0.0733100731924,0.0000020575964
190738,0.2544576699909,3.8534912822305,0.0070709178463,0.0440927268264,0.0733044393702,0.0000020575964
190783,0.2544598626354,3.8535244875043,0.0070507209850,0.0440761606884,0.0732903369470,0.0000020575964
191127,0.2544537364916,3.8534317135598,0.0070240838261,0.0441054036198,0.0732880521807,0.0000020575964
191197,0.2544430329685,3.8532696200646,0.0070240838261,0.0441102918333,0.0732875043592,0.0000020575964
191260,0.2544485007688,3.8533524240957,0.0069930613149,0.0440435938164,0.0732515599484,0.0000020575964
191456,0.2544497274844,3.8533710014015,0.0069733272294,0.0440652523855,0.0732511005541,0.0000020575964
191494,0.2544513633947,3.8533957755252,0.0069608047346,0.0440657540234,0.0732462634792,0.0000020575964
191638,0.2544526461717,3.8534152018217,0.0069139707144,0.0441149679777,0.0732440430493,0.0000020575964
191871,0.2544636047063,3.8535811571947,0.0069608047346,0.0439474488415,0.0732066347667,0.0000020575964
192582,0.2544565113665,3.8534737360933,0.0069608047346,0.0439219801607,0.0731960188079,0.0000020575964
192825,0.2544508756449,3.8533883890729,0.0069139707144,0.0439702213588,0.0731919684297,0.0000020575964
193528,0.2544427561929,3.8532654285918,0.0069874418935,0.0438623336564,0.0731831848730,0.0000020575964
193729,0.2544349862009,3.8531477603116,0.0070342759138,0.0437617370950,0.0731656642543,0.0000020575964
193909,0.2544392776857,3.8532127502928,0.0070811099340,0.0437004258340,0.0731647587022,0.0000020575964
194177,0.2544322820118,3.8531068082389,0.0070811099340,0.0436959185150,0.0731616498725,0.0000020575964
194234,0.2544434353383,3.8532757135284,0.0071279439542,0.0436220186029,0.0731577187682,0.0000020575964
194707,0.2544483581915,3.8533502649132,0.0071279439542,0.0436094114921,0.0731542711257,0.0000020575964
195000,0.2544404769834,3.8532309123835,0.0071226165224,0.0435609825333,0.0731330030537,0.0000020575964
195374,0.2544417026042,3.8532494731094,0.0071068050134,0.0435738554111,0.0731310867821,0.0000020164445
195416,0.2544408223646,3.8532361428156,0.0070599709932,0.0436001949987,0.0731202334319,0.0000020164445
195642,0.2544474886795,3.8533370970772,0.0070599709932,0.0435782432083,0.0731138220028,0.0000020164445
195737,0.2544419167441,3.8532527160308,0.0070289484820,0.0435654556571,0.0730947656721,0.0000020164445
195763,0.2544480136681,3.8533450474724,0.0070289484820,0.0435525686558,0.0730914696554,0.0000020164445
196275,0.2544446473088,3.8532940675340,0.0070143710420,0.0434738315867,0.0730563804365,0.0000020164445
196848,0.2544464287422,3.8533210454517,0.0070312954168,0.0433992760944,0.0730373885142,0.0000020164445
196913,0.2544471415453,3.8533318400981,0.0070068509340,0.0434153726369,0.0730328138160,0.0000020164445
197181,0.2544517816057,3.8534021088874,0.0069600169138,0.0434423418539,0.0730233682550,0.0000020164445
197260,0.2544521461228,3.8534076291127,0.0069797344715,0.0433813297699,0.0730101067177,0.0000020164445
197326,0.2544505164822,3.8533829499347,0.0069802137751,0.0433201723212,0.0729881209788,0.0000020164445
197350,0.2544484629077,3.8533518507302,0.0069893095247,0.0432579774676,0.0729693666578,0.0000020164445
197739,0.2544488468117,3.8533576645483,0.0069549979993,0.0432790107867,0.0729622558832,0.0000020164445
197821,0.2544556738356,3.8534610525777,0.0069893095247,0.0431916480356,0.0729472227738,0.0000020164445
197898,0.2544577929972,3.8534931450299,0.0069893095247,0.0431250291964,0.0729238844373,0.0000020164445
197950,0.2544613582366,3.8535471367955,0.0070137540075,0.0430468703504,0.0729072107505,0.0000020164445
198169,0.2544553296117,3.8534558396721,0.0069794424820,0.0430674868361,0.0728985769934,0.0000020164445
198515,0.2544590295537,3.8535118713657,0.0069604796897,0.0430730687999,0.0728932364856,0.0000020164445
198612,0.2544587917885,3.8535082706635,0.0069271267714,0.0430715623003,0.0728783533925,0.0000020164445
199424,0.2544581268748,3.8534982012514,0.0069271267714,0.0430548766841,0.0728722517624,0.0000020164445
199595,0.2544512959889,3.8533947547360,0.0069293194475,0.0430528767949,0.0728710134733,0.0000020164445
199784,0.2544518755759,3.8534035319659,0.0069761534678,0.0429868962341,0.0728676449075,0.0000020164445
199974,0.2544542091129,3.8534388709069,0.0069537639303,0.0429979566693,0.0728624995905,0.0000020164445
200220,0.2544520307202,3.8534058814615,0.0069559566064,0.0429960508917,0.0728622918755,0.0000020164445
200398,0.2544577796527,3.8534929429419,0.0069335670689,0.0429837106258,0.0728495210358,0.0000020164445
200766,0.2544574633288,3.8534881525516,0.0068633849040,0.0430675172468,0.0728493061175,0.0000019761156
200837,0.2544558125990,3.8534631540025,0.0068387861627,0.0430368321924,0.0728274511240,0.0000019761156
202162,0.2544562181252,3.8534692952661,0.0068654233216,0.0429431489342,0.0728054956411,0.0000019761156
202980,0.2544546593936,3.8534456899296,0.0069122573418,0.0428752914762,0.0728009985438,0.0000019365933
203481,0.2544579410655,3.8534953873672,0.0069542267061,0.0428203872367,0.0728000799726,0.0000019365933
203683,0.2544549875154,3.8534506589859,0.0069850949587,0.0427674800360,0.0727937808913,0.0000019365933
203969,0.2544667302417,3.8536284901105,0.0070228332294,0.0426619984949,0.0727747987554,0.0000019365933
204248,0.2544647444519,3.8535984174327,0.0070145418283,0.0426648635777,0.0727718430153,0.0000019365933
204334,0.2544599036072,3.8535251079781,0.0070444514737,0.0425837970056,0.0727546717637,0.0000019365933
204418,0.2544569429994,3.8534802727160,0.0070646483351,0.0425295012951,0.0727433018203,0.0000019365933
204477,0.2544611101449,3.8535433797101,0.0071215036567,0.0424509648465,0.0727405126148,0.0000019365933
204705,0.2544575034890,3.8534887607357,0.0071215036567,0.0423696529384,0.0727106997928,0.0000019365933
204775,0.2544544069324,3.8534418666736,0.0070746696364,0.0423754151722,0.0726920224626,0.0000019365933
204815,0.2544556642418,3.8534609072888,0.0070278356162,0.0423807812286,0.0726741366118,0.0000019365933
205217,0.2544563474923,3.8534712543933,0.0070746696364,0.0423120091135,0.0726697932759,0.0000019365933
206352,0.2544508462742,3.8533879442849,0.0069393572766,0.0424177593572,0.0726483913763,0.0000019365933
206685,0.2544529894432,3.8534204003043,0.0069393572766,0.0423991224623,0.0726421945929,0.0000019365933
208253,0.2544431819759,3.8532718766233,0.0070076387549,0.0423138259217,0.0726388934332,0.0000019365933
208710,0.2544429587715,3.8532684964300,0.0070544727751,0.0422205131427,0.0726255913342,0.0000019365933
209204,0.2544481218938,3.8533466864363,0.0070396033455,0.0422283481047,0.0726231233056,0.0000019365933
209799,0.2544518343514,3.8534029076646,0.0069623803763,0.0421569193233,0.0725653129949,0.0000018978614
209820,0.2544505257247,3.8533830899030,0.0069770955472,0.0421399522482,0.0725652794070,0.0000018978614
209899,0.2544566256094,3.8534754661819,0.0070239295675,0.0420760086874,0.0725638212622,0.0000018978614
210186,0.2544540377065,3.8534362751385,0.0069891552661,0.0420872918160,0.0725523931283,0.0000018978614
210192,0.2544577942630,3.8534931642001,0.0069482657122,0.0420621641330,0.0725266998377,0.0000018978614
210231,0.2544684273215,3.8536541905824,0.0069122408141,0.0420730146580,0.0725174142956,0.0000018978614
210232,0.2544717793955,3.8537049541843,0.0069094311034,0.0420148931165,0.0724961707421,0.0000018978614
210326,0.2544772627204,3.8537879933185,0.0069094311034,0.0419673108463,0.0724803520724,0.0000018978614
210493,0.2544699605437,3.8536774096052,0.0069094311034,0.0419551045316,0.0724744279221,0.0000018978614
210689,0.2544639087766,3.8535857620167,0.0069094311034,0.0419441969243,0.0724692355409,0.0000018978614
214022,0.2544531705469,3.8534231429278,0.0069094311034,0.0419441969243,0.0724669344916,0.0000018978614
215769,0.2544505616753,3.8533836343364,0.0069681705839,0.0418652519013,0.0724633548597,0.0000018978614
215873,0.2544453131371,3.8533041507970,0.0070151588628,0.0417979059612,0.0724583158853,0.0000018978614
216277,0.2544367520479,3.8531745021899,0.0069880589280,0.0418146880849,0.0724508607240,0.0000018978614
216332,0.2544296356275,3.8530667315581,0.0070060796409,0.0417893888284,0.0724480234907,0.0000018978614
216378,0.2544298673423,3.8530702406329,0.0070529136611,0.0417209681239,0.0724437089009,0.0000018978614
216524,0.2544285679836,3.8530505632248,0.0070529136611,0.0416690255878,0.0724248795612,0.0000018978614
216936,0.2544262063714,3.8530147991146,0.0070348929483,0.0416438240663,0.0724076497954,0.0000018599042
217903,0.2544328679007,3.8531156809034,0.0069911936836,0.0416870087020,0.0724057720939,0.0000018599042
218029,0.2544362809545,3.8531673679808,0.0070380277039,0.0415875928303,0.0723910695170,0.0000018599042
218159,0.2544345875554,3.8531417232492,0.0069911936836,0.0415746882067,0.0723660261287,0.0000018599042
218555,0.2544412198701,3.8532421626145,0.0069911936836,0.0415092683407,0.0723440831011,0.0000018599042
218746,0.2544466173425,3.8533239016030,0.0070287776956,0.0414435797236,0.0723378869157,0.0000018599042
219210,0.2544448749309,3.8532975146305,0.0070380277039,0.0414315425415,0.0723371788374,0.0000018599042
219763,0.2544501701712,3.8533777054225,0.0070380277039,0.0413656661638,0.0723147862540,0.0000018599042
219862,0.2544556621966,3.8534608763167,0.0070380277039,0.0413167695692,0.0722985000471,0.0000018599042
220322,0.2544625903640,3.8535657960580,0.0070151588628,0.0413171461543,0.0722903182172,0.0000018599042
220325,0.2544645004538,3.8535947223399,0.0069683248426,0.0413038823648,0.0722659187315,0.0000018599042
221319,0.2544515355159,3.8533983821194,0.0069933863598,0.0412492860843,0.0722543825092,0.0000018599042
221380,0.2544514343359,3.8533968498547,0.0069933863598,0.0412357089152,0.0722495118387,0.0000018599042
222598,0.2544570150393,3.8534813636834,0.0070402203800,0.0411569878701,0.0722426647678,0.0000018599042
222992,0.2544624615003,3.8535638445534,0.0070402203800,0.0411275858128,0.0722333311318,0.0000018599042
223668,0.2544632603114,3.8535759417002,0.0070151588628,0.0411313454665,0.0722241043888,0.0000018599042
224317,0.2544626134341,3.8535661454292,0.0069731894985,0.0411348654326,0.0722072360326,0.0000018227061
228508,0.2544650961805,3.8536037439878,0.0069399743111,0.0411467334821,0.0721977715585,0.0000018227061
257391,0.2544597316032,3.8535225031606,0.0069399743111,0.0411467334821,0.0721966220062,0.0000016812061
345166,0.2544486527255,3.8533547253181,0.0069399743111,0.0411467334821,0.0721942479610,0.0000013192705
385598,0.2544371525633,3.8531805675698,0.0069399743111,0.0411467334821,0.0721917836405,0.0000011452924
