0,0.2063240533919,3.124558757017,0.5553584234398,0.3201241934734,0.3965531191558,100000
4,0.2063298448607,3.124646462664,0.5553584234398,0.3201020180212,0.3965464403805,100000.0000000000000
5,0.2063275391591,3.1246115452611,0.5553584234398,0.3198289139879,0.3964484091469,100000.0000000000000
6,0.2063244217577,3.1245643355251,0.5553115894196,0.3197786888677,0.3964097318664,100000.0000000000000
7,0.2063251573477,3.1245754752560,0.5553115894196,0.3197763048395,0.3964090380542,100000.0000000000000
9,0.2063235873623,3.1245516994932,0.5552647553994,0.3197520242101,0.3963799582524,100000.0000000000000
12,0.2063238401647,3.1245555279171,0.5552647553994,0.3197114254727,0.3963655128753,100000.0000000000000
13,0.2063359012203,3.1247381798005,0.5551471221798,0.3197210707628,0.3963211278967,100000.0000000000000
138704,0.2534183953574,3.8377525711900,0.0079114620725,0.8595057757401,0.3646609169434,0.0000027302042
138763,0.2534198793351,3.8377750444565,0.0079582960927,0.8594171233917,0.3646496451086,0.0000027302042
138779,0.2534173123541,3.8377361702550,0.0079498339053,0.8593750764875,0.3646304516380,0.0000027302042
138859,0.2534159999840,3.8377162958021,0.0079318297202,0.8593761547703,0.3646228394375,0.0000027302042
138937,0.2534105655619,3.8376339972486,0.0079318297202,0.8593305171423,0.3646053757656,0.0000027302042
138988,0.2534165706954,3.8377249386204,0.0079318297202,0.8592918234966,0.3645928434207,0.0000027302042
139076,0.2534185799272,3.8377553663029,0.0079318297202,0.8592878907852,0.3645918694306,0.0000027302042
139087,0.2534197821362,3.8377735724828,0.0079456028116,0.8592449502292,0.3645826938875,0.0000027302042
139098,0.2534171448149,3.8377336330515,0.0079786637404,0.8591824660967,0.3645739819550,0.0000027302042
139135,0.2534110471891,3.8376412909819,0.0079786637404,0.8591570762130,0.3645636075053,0.0000027302042
139160,0.2534058553111,3.8375626655003,0.0079786637404,0.8590560489335,0.3645264137888,0.0000027302042
139240,0.2533957602229,3.8374097861067,0.0079318297202,0.8590593631761,0.3645053624907,0.0000027302042
139449,0.2533909424696,3.8373368263481,0.0079318297202,0.8590474245608,0.3645000663239,0.0000027302042
139759,0.2533897297413,3.8373184608658,0.0079318297202,0.8590108585976,0.3644867471809,0.0000027302042
139851,0.2533749909816,3.8370952579965,0.0079006694780,0.8590484953360,0.3644836761781,0.0000027302042
139866,0.2533712361301,3.8370383947554,0.0079006694780,0.8590136115909,0.3644704130866,0.0000027302042
140008,0.2533786551225,3.8371507475205,0.0079006694780,0.8589794946656,0.3644598182546,0.0000027302042
140029,0.2533824373021,3.8372080246144,0.0079006694780,0.8589735006889,0.3644584880156,0.0000027302042
140049,0.2533747394479,3.8370914487852,0.0078931493701,0.8589141614800,0.3644324229974,0.0000027302042
140100,0.2533743883770,3.8370861321885,0.0078463153498,0.8588748446203,0.3643982343094,0.0000027302042
140183,0.2533737212602,3.8370760294139,0.0078463153498,0.8588605398451,0.3643929825075,0.0000027302042
140267,0.2533786533732,3.8371507210294,0.0077994813296,0.8588150335962,0.3643577154342,0.0000027302042
140313,0.2533805416900,3.8371793175815,0.0077994813296,0.8587946538539,0.3643508415941,0.0000027302042
140344,0.2533818028664,3.8371984167596,0.0077994813296,0.8587258234214,0.3643265295489,0.0000027302042
140596,0.2533853943254,3.8372528055937,0.0078190611564,0.8586978032788,0.3643256833078,0.0000027302042
140725,0.2533807554337,3.8371825545036,0.0078284488956,0.8586079164402,0.3642966101340,0.0000027302042
140829,0.2533787569246,3.8371522892046,0.0078284488956,0.8585465565894,0.3642742676496,0.0000027302042
140841,0.2533816703741,3.8371964103047,0.0078508384331,0.8584808126642,0.3642610075030,0.0000027302042
140843,0.2533730997095,3.8370666166872,0.0078414506939,0.8584754096655,0.3642532179728,0.0000026756001
140856,0.2533685999490,3.8369984725924,0.0078882847142,0.8584210686672,0.3642529179620,0.0000026756001
141161,0.2533714872087,3.8370421970746,0.0078882847142,0.8584167030523,0.3642519775123,0.0000026756001
141389,0.2533699419013,3.8370187950352,0.0079351187344,0.8583553062823,0.3642497906801,0.0000026756001
141420,0.2533681175129,3.8369911666088,0.0079351187344,0.7331419173462,0.3195303322626,0.0000026756001
141462,0.2533737847672,3.8370769911595,0.0079406004248,0.7330946600312,0.3195170183576,0.0000026756001
141513,0.2533667493097,3.8369704466237,0.0079406004248,0.7330633000671,0.3195043107724,0.0000026756001
141563,0.2533554408622,3.8367991921921,0.0079874344450,0.6181776777249,0.2784913798487,0.0000026756001
141582,0.2533530094078,3.8367623703968,0.0079874344450,0.6181690653483,0.2784877829740,0.0000026756001
141596,0.2533436072617,3.8366199848755,0.0079783552231,0.6181538243563,0.2784764339218,0.0000026756001
141752,0.2533429992551,3.8366107772600,0.0079739698708,0.6181283237148,0.2784653168260,0.0000026756001
141924,0.2533383289327,3.8365400501849,0.0079739698708,0.6181225375431,0.2784622495527,0.0000026756001
141929,0.2533421120597,3.8365973416283,0.0080192282494,0.6180479175024,0.2784558066563,0.0000026756001
141989,0.2533471662570,3.8366738820799,0.0079814734511,0.6180557403016,0.2784435029275,0.0000026756001
142021,0.2533420052093,3.8365957234926,0.0079814734511,0.6180580017687,0.2784432046555,0.0000026756001
142069,0.2533421754432,3.8365983015039,0.0079346394308,0.6181122419521,0.2784425409054,0.0000026756001
142194,0.2533541909120,3.8367802630234,0.0079814734511,0.6180406119052,0.2784396052120,0.0000026756001
142253,0.2533570534201,3.8368236126694,0.0080283074713,0.6179803296833,0.2784387609646,0.0000026756001
142286,0.2533590022160,3.8368531251143,0.0080178233941,0.6179716314369,0.2784315788712,0.0000026756001
142485,0.2533631017889,3.8369152087937,0.0080124959623,0.6178899263429,0.2784009937754,0.0000026756001
142666,0.2533619750518,3.8368981455573,0.0079656619420,0.6179389701967,0.2783981962708,0.0000026756001
142730,0.2533658080678,3.8369561925150,0.0079835283963,0.6179074201994,0.2783954068270,0.0000026756001
142963,0.2533716720129,3.8370449957389,0.0080510385814,0.6178043428385,0.2783887829800,0.0000026756001
143087,0.2533637300404,3.8369247229955,0.0079824320582,0.6178712483437,0.2783815731564,0.0000026756001
143130,0.2533780010690,3.8371408425745,0.0080309794510,0.6177235704642,0.2783526951596,0.0000026756001
143285,0.2533639451363,3.8369279803946,0.0079661412456,0.6177800868732,0.2783420798035,0.0000026756001
143288,0.2533689798518,3.8370042258168,0.0079388870522,0.6178059764536,0.2783407245812,0.0000026756001
143360,0.2533699661046,3.8370191615679,0.0079208828671,0.6178207711860,0.2783385036747,0.0000026756001
143370,0.2533739548618,3.8370795670614,0.0079208828671,0.6178180153982,0.2783383741985,0.0000026756001
143514,0.2533666804803,3.8369694042762,0.0080261313228,0.6176774328600,0.2783317138341,0.0000026756001
143647,0.2533582266514,3.8368413800112,0.0079724107569,0.6177354521435,0.2783276003723,0.0000026756001
143668,0.2533572212116,3.8368261536936,0.0078851664863,0.6177895688339,0.2783093219087,0.0000026756001
143682,0.2533593898921,3.8368589960569,0.0079009779953,0.6177206574110,0.2782919517645,0.0000026756001
143705,0.2533601067004,3.8368698513578,0.0079009779953,0.6176863838494,0.2782798648086,0.0000026756001
143708,0.2533558879030,3.8368059621502,0.0079227504983,0.5132008559811,0.2409720319003,0.0000026756001
143765,0.2533562282431,3.8368111162397,0.0079211748566,0.5130597272766,0.2409210264466,0.0000026756001
144137,0.2533517589799,3.8367434339935,0.0078436598978,0.5131196954533,0.2409082652566,0.0000026756001
144283,0.2533571552346,3.8368251545417,0.0078257934436,0.5131154834321,0.2409002602518,0.0000026756001
144310,0.2533612065796,3.8368865078617,0.0077789594233,0.5131367669427,0.2408886579280,0.0000026756001
144464,0.2533544867090,3.8367847425547,0.0077789594233,0.5131390503095,0.2408880334439,0.0000026756001
144611,0.2533530572102,3.8367630943126,0.0077789594233,0.5131044783907,0.2408753800088,0.0000026220881
144874,0.2533529642849,3.8367616870572,0.0077952502359,0.5130729653127,0.2408710872024,0.0000026220881
144948,0.2533576601964,3.8368328016523,0.0077968258776,0.5129515373227,0.2408294016049,0.0000026220881
145138,0.2533648724120,3.8369420230017,0.0078726274638,0.5128413978188,0.2408240979366,0.0000026220881
145191,0.2533582565183,3.8368418323137,0.0078257934436,0.5128963252182,0.2408222254505,0.0000026220881
145352,0.2533578931123,3.8368363289158,0.0078726274638,0.5128312662395,0.2408189839512,0.0000026220881
145483,0.2533549726076,3.8367921009735,0.0078502379263,0.5127986919714,0.2407971289456,0.0000026220881
145488,0.2533564263286,3.8368141160343,0.0078502379263,0.5127926296944,0.2407952753583,0.0000026220881
145595,0.2533494639509,3.8367086782150,0.0078502379263,0.5127679227013,0.2407849594941,0.0000026220881
145673,0.2533453449979,3.8366463010444,0.0078502379263,0.5127574134610,0.2407803235612,0.0000026220881
145788,0.2533403772146,3.8365710692412,0.0077626686107,0.5128230426613,0.2407651683296,0.0000026220881
145858,0.2533420839368,3.8365969157368,0.0077626686107,0.5128134440232,0.2407621059708,0.0000026220881
145876,0.2533433434295,3.8366159894163,0.0077568784031,0.5127406190179,0.2407338854140,0.0000026220881
145940,0.2533415261899,3.8365884692521,0.0077819399203,0.4187042477512,0.2071598183463,0.0000026220881
146577,0.2533358500245,3.8365025097521,0.0079219626774,0.3349578424613,0.1773091813175,0.0000026220881
146588,0.2533420099787,3.8365957957196,0.0079399668626,0.3349121204544,0.1773018880988,0.0000026220881
146930,0.2533374884660,3.8365273222091,0.0078740323191,0.3349610554574,0.1772901383285,0.0000026220881
146960,0.2533416579621,3.8365904648018,0.0079097486999,0.3348699917061,0.1772738160440,0.0000026220881
147214,0.2533399906072,3.8365652144811,0.0080034167404,0.3347452983169,0.1772690688463,0.0000025696464
147294,0.2533431664910,3.8366133098704,0.0080034167404,0.3347419394396,0.1772685497938,0.0000025696464
147303,0.2533574625609,3.8368298086720,0.0080502507606,0.3346698631890,0.1772659434422,0.0000025696464
147450,0.2533626232753,3.8369079622135,0.0080502507606,0.2614639229942,0.1511220706686,0.0000025696464
147500,0.2533674439293,3.8369809659010,0.0080529227404,0.2614076939494,0.1511041669984,0.0000025696464
147621,0.2533785914403,3.8371497831213,0.0080970847808,0.2613417469681,0.1511019298462,0.0000025696464
147736,0.2533773472104,3.8371309405792,0.0080616934450,0.2613464333675,0.1510881692242,0.0000025696464
147764,0.2533759963177,3.8371104827438,0.0081085274652,0.2612731921086,0.1510817938777,0.0000025696464
147883,0.2533839823452,3.8372314226531,0.0079908942456,0.2613632042310,0.1510652381189,0.0000025696464
147998,0.2533799613820,3.8371705294330,0.0079908942456,0.2613370434804,0.1510550333587,0.0000025696464
148005,0.2533738528860,3.8370780227469,0.0079908942456,0.2613293585272,0.1510509797691,0.0000025696464
148053,0.2533772733260,3.8371298216793,0.0079908942456,0.2612887899753,0.1510372239520,0.0000025696464
148098,0.2533848758260,3.8372449534714,0.0079991856467,0.2612542975289,0.1510300877859,0.0000025696464
148364,0.2533807700257,3.8371827754837,0.0078815524271,0.2613350963256,0.1510076504477,0.0000025696464
148422,0.2533784945186,3.8371483153449,0.0079283864473,0.2612625369520,0.1510013205000,0.0000025696464
148428,0.2533831879665,3.8372193926309,0.0079637777831,0.2611024542394,0.1509603215568,0.0000025696464
148584,0.2533779832081,3.8371405720891,0.0079736448259,0.2610784031588,0.1509548453124,0.0000025696464
148678,0.2533798278110,3.8371685066429,0.0079349644758,0.2610991526490,0.1509460738238,0.0000025696464
148767,0.2533864451241,3.8372687188238,0.0079653534248,0.2610436067571,0.1509406778362,0.0000025696464
148801,0.2533896044690,3.8373165637487,0.0079373114106,0.2609772928832,0.1509056533062,0.0000025696464
149116,0.2533928546563,3.8373657843857,0.0078904773903,0.2609824370054,0.1508881152384,0.0000025696464
149204,0.2533947394142,3.8373943270425,0.0078954797772,0.2609513303736,0.1508795534838,0.0000025696464
149575,0.2533999971346,3.8374739496371,0.0079340223963,0.2608957034913,0.1508773316599,0.0000025696464
149820,0.2534011174170,3.8374909151242,0.0079340223963,0.1990217770613,0.1287797408525,0.0000025696464
150201,0.2533986953940,3.8374542361576,0.0079808564166,0.1989636072590,0.1287785186412,0.0000025696464
150296,0.2533879669839,3.8372917657750,0.0080276904368,0.1469665011914,0.1102258963949,0.0000025696464
150316,0.2533872999821,3.8372816647421,0.0079333888341,0.1470616341058,0.1102193145343,0.0000025696464
150355,0.2533781048369,3.8371424140290,0.0078865548139,0.1470787195150,0.1102033743549,0.0000025696464
150384,0.2533806553117,3.8371810382628,0.0079333888341,0.1469107976776,0.1101640205234,0.0000025696464
150511,0.2533772801713,3.8371299253437,0.0079802228543,0.1467355973892,0.1101207974704,0.0000025696464
151071,0.2533776551270,3.8371356036498,0.0079802228543,0.1461364390695,0.1099068927039,0.0000025696464
151126,0.2533716035365,3.8370439587354,0.0079802228543,0.1461296528805,0.1099031722956,0.0000025696464
151142,0.2533746980903,3.8370908224681,0.0079802228543,0.1461157847629,0.1098988825151,0.0000025696464
151202,0.2533762194983,3.8371138625769,0.0080270568746,0.1459417451065,0.1098571232339,0.0000025696464
151276,0.2533881534889,3.8372945901962,0.0079384077486,0.1459913794385,0.1098394145822,0.0000025696464
151330,0.2533919321897,3.8373518146079,0.0079384077486,0.1459405301531,0.1098220638447,0.0000025696464
151383,0.2533931929395,3.8373709073251,0.0079384077486,0.1458976037123,0.1098070031337,0.0000025696464
151544,0.2533987800451,3.8374555181089,0.0079182108873,0.1457688016840,0.1097535438485,0.0000025696464
151564,0.2533832337426,3.8372200858604,0.0079265022884,0.1457480168502,0.1097463428006,0.0000025696464
151662,0.2533779675985,3.8371403356997,0.0079265022884,0.1457497243361,0.1097458241576,0.0000025696464
151709,0.2533848123364,3.8372439919887,0.0079265022884,0.1457390358677,0.1097434735770,0.0000025696464
151768,0.2533889149296,3.8373061214064,0.0080441355080,0.1455923041533,0.1097423627574,0.0000025182534
151928,0.2533950470181,3.8373989853776,0.0080441355080,0.1455869473994,0.1097417636500,0.0000025182534
152023,0.2533994692236,3.8374659549859,0.0080909695282,0.1455103967400,0.1097354434672,0.0000025182534
152078,0.2533942139647,3.8373863696678,0.0080909695282,0.1454545011067,0.1097143546141,0.0000025182534
152410,0.2533801403444,3.8371732396298,0.0080441355080,0.1455113307798,0.1097115634272,0.0000025182534
152520,0.2533918286142,3.8373502460674,0.0079603345103,0.1455891292979,0.1097059385281,0.0000025182534
152540,0.2533919359813,3.8373518720285,0.0079493711295,0.1455697719536,0.1096943496064,0.0000025182534
152567,0.2533904265599,3.8373290134435,0.0079640863004,0.1455036573316,0.1096767202957,0.0000025182534
152574,0.2533824995894,3.8372089678907,0.0079640863004,0.1454692969658,0.1096627501000,0.0000025182534
152616,0.2533761331534,3.8371125549748,0.0080359818379,0.1453162459785,0.1096375371700,0.0000025182534
152811,0.2533688505033,3.8370022669701,0.0080408464938,0.1034878030124,0.0946993318239,0.0000025182534
153377,0.2533739228998,3.8370790830308,0.0080834494203,0.1034179318400,0.0946937231730,0.0000025182534
153440,0.2533710868365,3.8370361338624,0.0080980268603,0.1033822235725,0.0946866099667,0.0000025182534
153459,0.2533694638668,3.8370115557092,0.0079803936407,0.1033874288218,0.0946377069681,0.0000025182534
153462,0.2533714219028,3.8370412080866,0.0079335596205,0.1033966092635,0.0946213335535,0.0000025182534
153511,0.2533623488683,3.8369038066115,0.0078159264008,0.1034768892579,0.0945976465214,0.0000025182534
153763,0.2533649875999,3.8369437674003,0.0077690923806,0.1035089662569,0.0945895963120,0.0000024678884
153789,0.2533642469715,3.8369325513686,0.0077319711445,0.1035295749301,0.0945808887451,0.0000024678884
153810,0.2533626753254,3.8369087504576,0.0077019072404,0.1035124920491,0.0945615664046,0.0000024678884
153869,0.2533721141754,3.8370516918204,0.0077019072404,0.1034767178374,0.0945508125111,0.0000024678884
153937,0.2533717562013,3.8370462706818,0.0077319711445,0.1033398919902,0.0945147539587,0.0000024678884
153947,0.2533715231643,3.8370427415844,0.0077739405088,0.1032750574143,0.0945095356870,0.0000024678884
154239,0.2533636254642,3.8369231393009,0.0077739405088,0.1032389289969,0.0944949403164,0.0000024678884
154272,0.2533585643293,3.8368464937846,0.0078176397734,0.1031619431579,0.0944850891013,0.0000024678884
154618,0.2533590976472,3.8368545703191,0.0078455110013,0.1030578955821,0.0944599883471,0.0000024678884
154636,0.2533543428695,3.8367825642576,0.0078455110013,0.1030466009966,0.0944549356857,0.0000024678884
154702,0.2533640582243,3.8369296929928,0.0078455110013,0.0719297989800,0.0833438739701,0.0000024678884
154811,0.2533678418322,3.8369869917173,0.0077719020913,0.0719480292521,0.0833196488789,0.0000024678884
154890,0.2533729835976,3.8370648582968,0.0078187361115,0.0718884279370,0.0833195362248,0.0000024678884
154901,0.2533674033503,3.8369803513753,0.0078355062277,0.0717060954572,0.0832604089073,0.0000024678884
155083,0.2533686541972,3.8369992941227,0.0077294534233,0.0718178834703,0.0832551500345,0.0000024678884
155116,0.2533635693095,3.8369222888970,0.0076877925763,0.0717234289689,0.0832024720165,0.0000024678884
155416,0.2533647744555,3.8369405395547,0.0076899852524,0.0716292737050,0.0831700431005,0.0000024678884
155529,0.2533624382366,3.8369051599990,0.0076710224601,0.0716338368541,0.0831630452672,0.0000024678884
155886,0.2533583019771,3.8368425207396,0.0076481536190,0.0716072629807,0.0831428673249,0.0000024678884
156097,0.2533640910485,3.8369301900798,0.0076671164114,0.0715762309916,0.0831411518980,0.0000024678884
156292,0.2533644956147,3.8369363168054,0.0076649237352,0.0715697820651,0.0831379956843,0.0000024678884
157289,0.2533803254151,3.8371760423278,0.0077023700163,0.0715125978871,0.0831370132699,0.0000024678884
157326,0.2533784661362,3.8371478855233,0.0077225668776,0.0714477633113,0.0831221154450,0.0000024678884
157693,0.2533691449637,3.8370067262615,0.0077972721257,0.0713416892194,0.0831142509816,0.0000024678884
157973,0.2533698235520,3.8370170027598,0.0077357229346,0.0713256716010,0.0830822975906,0.0000024678884
158540,0.2533590014636,3.8368531137204,0.0076660200733,0.0713518678610,0.0830594617240,0.0000024678884
158988,0.2533565428665,3.8368158808774,0.0076508255988,0.0713692747686,0.0830586397168,0.0000024185306
159119,0.2533631194248,3.8369154758704,0.0076786968267,0.0713256271233,0.0830564053465,0.0000024185306
159171,0.2533650151847,3.8369441851416,0.0076525389713,0.0713539014970,0.0830556990619,0.0000024185306
159486,0.2533571135164,3.8368245227640,0.0076323421100,0.0713499246280,0.0830439297392,0.0000024185306
159575,0.2533567392314,3.8368188546145,0.0076791761302,0.0712935300300,0.0830437803304,0.0000024185306
159862,0.2533563010259,3.8368122184587,0.0076697883911,0.0713003697813,0.0830421058808,0.0000024185306
160364,0.2533435064019,3.8366184574605,0.0077117577554,0.0712270594105,0.0830311687708,0.0000024185306
160552,0.2533446436700,3.8366356801775,0.0077117577554,0.0712148720030,0.0830270598255,0.0000024185306
160605,0.2533498892206,3.8367151184738,0.0076838865275,0.0711709127506,0.0830005393272,0.0000024185306
160840,0.2533429338550,3.8366097868445,0.0076932742667,0.0711636821745,0.0830004898598,0.0000024185306
161004,0.2533375312818,3.8365279706098,0.0076932742667,0.0711383107145,0.0829902709299,0.0000024185306
161082,0.2533322533307,3.8364480416432,0.0076464402464,0.0711489592678,0.0829728712721,0.0000024185306
161700,0.2533333964153,3.8364653524456,0.0076790218716,0.0711077117178,0.0829723485046,0.0000024185306
161781,0.2533251827576,3.8363409653192,0.0077172394458,0.0710396102356,0.0829626454376,0.0000024185306
161890,0.2533266395596,3.8363630270390,0.0076704054256,0.0710842102609,0.0829588144669,0.0000024185306
161898,0.2533258507728,3.8363510817009,0.0076704054256,0.0710587052238,0.0829495364994,0.0000024185306
162347,0.2533342967111,3.8364789864700,0.0076370525073,0.0710450202872,0.0829321647581,0.0000024185306
162494,0.2533444761961,3.8366331439645,0.0076370525073,0.0710385407536,0.0829320319571,0.0000024185306
162691,0.2533625956698,3.8369075441570,0.0076370525073,0.0710059403752,0.0829242717092,0.0000024185306
163065,0.2533513938544,3.8367379045549,0.0076855999001,0.0709290427166,0.0829152138962,0.0000024185306
163082,0.2533527028388,3.8367577277340,0.0076267061610,0.0709751681401,0.0829067275845,0.0000024185306
163351,0.2533518224173,3.8367443946857,0.0075847367967,0.0709912242462,0.0828942863759,0.0000024185306
163356,0.2533545002255,3.8367849472469,0.0076442475703,0.0709158660764,0.0828934511772,0.0000024185306
163430,0.2533549723068,3.8367920964180,0.0076442475703,0.0708789937914,0.0828803836642,0.0000024185306
163473,0.2533547066462,3.8367880732702,0.0076307664684,0.0708719356723,0.0828720283650,0.0000024185306
163586,0.2533636569746,3.8369236164915,0.0075974135501,0.0708956649395,0.0828681269230,0.0000024185306
164349,0.2533633127579,3.8369184036961,0.0075974135501,0.0708667501394,0.0828577264479,0.0000024185306
164459,0.2533711969236,3.8370378010158,0.0075847367967,0.0708771635981,0.0828577021101,0.0000024185306
164523,0.2533694558655,3.8370114345387,0.0075847367967,0.0708000116223,0.0828297747492,0.0000024185306
164664,0.2533642340654,3.8369323559191,0.0075944495808,0.0707793923672,0.0828254543941,0.0000024185306
164781,0.2533783800979,3.8371465825640,0.0075944495808,0.0707034110409,0.0828013494988,0.0000024185306
165420,0.2533786486086,3.8371506488735,0.0075944495808,0.0707002372077,0.0828002735249,0.0000024185306
165635,0.2533771784510,3.8371283848978,0.0075568655688,0.0706896767967,0.0827800794821,0.0000024185306
165884,0.2533777078460,3.8371364020235,0.0075847367967,0.0706309796700,0.0827711744763,0.0000024185306
165901,0.2533770019494,3.8371257119684,0.0075847367967,0.0706081271470,0.0827628615974,0.0000024185306
166296,0.2533817674645,3.8371978806351,0.0075847367967,0.0705584249727,0.0827461320026,0.0000023701600
166614,0.2533934353924,3.8373745790177,0.0076256098229,0.0704896494508,0.0827415865978,0.0000023701600
166782,0.2533972487432,3.8374323281675,0.0076631938349,0.0704238192511,0.0827350003925,0.0000023701600
166884,0.2533928039838,3.8373650170045,0.0076811980201,0.0703868234729,0.0827285512455,0.0000023701600
167065,0.2533953858099,3.8374041160199,0.0077303789751,0.0703201139985,0.0827263572338,0.0000023701600
167501,0.2533969528769,3.8374278475858,0.0077772129953,0.0702434725965,0.0827193928275,0.0000023701600
167516,0.2533983441434,3.8374489168406,0.0077592088102,0.0702275014958,0.0827062709122,0.0000023701600
167882,0.2533987726519,3.8374554061468,0.0077259936228,0.0702378743145,0.0826958322332,0.0000023701600
168224,0.2533975337636,3.8374366444979,0.0077161265800,0.0702330641793,0.0826896201191,0.0000023227568
168268,0.2533910824319,3.8373389459279,0.0077439978079,0.0701874624100,0.0826838961567,0.0000023227568
168666,0.2533878743337,3.8372903626866,0.0077439978079,0.0701792241648,0.0826802664766,0.0000023227568
169085,0.2533875754125,3.8372858358427,0.0077335137307,0.0701829380122,0.0826770356202,0.0000023227568
169223,0.2533729061204,3.8370636849865,0.0077803477509,0.0496880404943,0.0753743576670,0.0000023227568
169350,0.2533767871941,3.8371224597275,0.0077335137307,0.0497292228597,0.0753698255904,0.0000023227568
169492,0.2533867070488,3.8372726853958,0.0077803477509,0.0495039120753,0.0753115548592,0.0000023227568
169516,0.2533902556528,3.8373264252364,0.0077581124721,0.0493799458611,0.0752585122212,0.0000023227568
170000,0.2533787200680,3.8371517310504,0.0077211454946,0.0494176188737,0.0752536519671,0.0000023227568
170137,0.2533833787812,3.8372222823158,0.0077161431078,0.0494050511825,0.0752480179216,0.0000023227568
170414,0.2533907782035,3.8373343387120,0.0077629771280,0.0493290697997,0.0752425390269,0.0000023227568
170423,0.2533898592127,3.8373204215726,0.0077679795148,0.0491873676595,0.0751938780732,0.0000023227568
170439,0.2533892302210,3.8373108961599,0.0077679795148,0.0491781600041,0.0751904548409,0.0000023227568
171428,0.2533934974574,3.8373755189250,0.0077313375823,0.0491490947725,0.0751652851234,0.0000023227568
171696,0.2533949798538,3.8373979682458,0.0076979846640,0.0491609066588,0.0751555272028,0.0000023227568
171723,0.2533916655112,3.8373477760459,0.0076979846640,0.0491078205625,0.0751358576664,0.0000023227568
172128,0.2533974088513,3.8374347528347,0.0077813063581,0.0489949587477,0.0751324898887,0.0000023227568
172476,0.2534052802059,3.8375539561433,0.0077813063581,0.0489857434405,0.0751308854263,0.0000023227568
173030,0.2534083555499,3.8376005289634,0.0077813063581,0.0489707546831,0.0751261913010,0.0000023227568
173398,0.2534090157905,3.8376105276061,0.0078281403783,0.0489119285682,0.0751253951773,0.0000023227568
173520,0.2534074021456,3.8375860906667,0.0077813063581,0.0489486383510,0.0751180883100,0.0000022763017
174001,0.2534128072999,3.8376679459917,0.0077753453641,0.0489386889439,0.0751131384860,0.0000022763017
174269,0.2534175109237,3.8377391773804,0.0078032165920,0.0489009422467,0.0751126102541,0.0000022763017
174628,0.2534135559989,3.8376792842426,0.0077544984129,0.0489324177190,0.0751021247907,0.0000022763017
174710,0.2534103688002,3.8376310175018,0.0077440143357,0.0489258669109,0.0750946090692,0.0000022763017
174757,0.2534070138753,3.8375802107263,0.0077908483559,0.0488563218868,0.0750891243711,0.0000022763017
174772,0.2534060609081,3.8375657790492,0.0077908483559,0.0488551289754,0.0750884941240,0.0000022763017
175026,0.2534018949387,3.8375026898649,0.0077908483559,0.0488351898025,0.0750804802831,0.0000022763017
175398,0.2533932799491,3.8373722249931,0.0077767502195,0.0488378943329,0.0750735580592,0.0000022763017
175543,0.2533977076312,3.8374392775379,0.0077957130118,0.0487411298424,0.0750480750126,0.0000022763017
175869,0.2533945439123,3.8373913663741,0.0077499753296,0.0487324109552,0.0750246813208,0.0000022763017
176749,0.2533941364918,3.8373851964238,0.0076771377127,0.0487324109552,0.0749933778949,0.0000022763017
177564,0.2533903402866,3.8373277069263,0.0076771377127,0.0487265558513,0.0749904733138,0.0000022763017
179128,0.2533797177625,3.8371668400744,0.0076771377127,0.0487265558513,0.0749881970586,0.0000022763017
179949,0.2533754113446,3.8371016239468,0.0076771377127,0.0486730220396,0.0749681550363,0.0000022763017
180230,0.2533746554209,3.8370901762855,0.0076617889796,0.0486515928805,0.0749537617530,0.0000022763017
180289,0.2533802106342,3.8371743040935,0.0076606926415,0.0486251310513,0.0749450316434,0.0000022763017
180322,0.2533901387740,3.8373246552310,0.0076606926415,0.0486190067152,0.0749449718391,0.0000022763017
180627,0.2533876724993,3.8372873061185,0.0076885638694,0.0485805089756,0.0749426389709,0.0000022307756
180759,0.2533924671101,3.8373599154090,0.0077075266617,0.0485492185516,0.0749406181470,0.0000022307756
180971,0.2533881648744,3.8372947626169,0.0076721353259,0.0485790876681,0.0749351960656,0.0000022307756
181216,0.2533894881348,3.8373148019910,0.0076721353259,0.0485655712173,0.0749306523176,0.0000022307756
181402,0.2533780234552,3.8371411815889,0.0076721353259,0.0485575027074,0.0749253139898,0.0000022307756
181505,0.2533759632145,3.8371099814319,0.0076721353259,0.0485550938890,0.0749240122174,0.0000022307756
181541,0.2533872029152,3.8372801947668,0.0077189693461,0.0484770107616,0.0749186056165,0.0000022307756
181772,0.2533946090324,3.8373923525488,0.0077681503011,0.0484085309560,0.0749168131203,0.0000022307756
182135,0.2533906799502,3.8373328507697,0.0077960215290,0.0483763453130,0.0749164211136,0.0000022307756
183232,0.2533998652410,3.8374719522484,0.0077103363724,0.0484596730440,0.0749114270841,0.0000022307756
183577,0.2534041584259,3.8375369679759,0.0077571703926,0.0483980990641,0.0749104280681,0.0000022307756
183654,0.2534162575308,3.8377201960760,0.0077391662075,0.0483813180594,0.0748993114381,0.0000022307756
183700,0.2534174592721,3.8377383951717,0.0077391662075,0.0482454925473,0.0748510598427,0.0000022307756
184634,0.2534087231629,3.8376060960724,0.0077391662075,0.0482384294080,0.0748466652695,0.0000022307756
184714,0.2533925404898,3.8373610266673,0.0076832529653,0.0483097003208,0.0748446886332,0.0000022307756
184790,0.2533957460287,3.8374095711506,0.0076733859226,0.0483048901856,0.0748394288964,0.0000022307756
184982,0.2534015159922,3.8374969511234,0.0077012571505,0.0482652658821,0.0748384585921,0.0000022307756
185260,0.2534129875030,3.8376706749759,0.0077480911707,0.0481544422318,0.0748214086209,0.0000022307756
186007,0.2534114525086,3.8376474291150,0.0077949251910,0.0480430521508,0.0748013692447,0.0000021861601
186555,0.2534118596327,3.8376535945773,0.0077949251910,0.0480383509118,0.0747997774716,0.0000021861601
186562,0.2534082889391,3.8375995202142,0.0077480911707,0.0480956331992,0.0747993985599,0.0000021861601
186724,0.2534082503546,3.8375989358926,0.0077949251910,0.0480383509118,0.0747990040549,0.0000021861601
186919,0.2534080489319,3.8375958855592,0.0077480911707,0.0480167949761,0.0747711906215,0.0000021861601
187123,0.2534142832629,3.8376902978833,0.0076832529653,0.0480430836577,0.0747541275621,0.0000021861601
188346,0.2534067868105,3.8375767720701,0.0077230296535,0.0479922753664,0.0747514225132,0.0000021424369
188504,0.2534085036751,3.8376027721616,0.0077698636737,0.0479287254609,0.0747491657409,0.0000021424369
188619,0.2534062110844,3.8375680533103,0.0077419924458,0.0479609111039,0.0747482245320,0.0000021424369
188670,0.2534038492811,3.8375322863055,0.0076679042322,0.0479663572261,0.0747179113833,0.0000021424369
188689,0.2534038844078,3.8375328182631,0.0076957754601,0.0479203479972,0.0747134318550,0.0000021424369
190239,0.2534057104450,3.8375604716570,0.0077184900425,0.0478661534961,0.0747042027908,0.0000021424369
190500,0.2534053752762,3.8375553958814,0.0077653240628,0.0477749094549,0.0746916155343,0.0000021424369
190570,0.2534107366271,3.8376365878493,0.0078002526227,0.0477208087105,0.0746884120836,0.0000021424369
191136,0.2534115446258,3.8376488241318,0.0077736154638,0.0476929401762,0.0746672162530,0.0000021424369
191311,0.2534161331175,3.8377183119684,0.0077267814436,0.0477191422840,0.0746574856739,0.0000021424369
191322,0.2534125398706,3.8376638960578,0.0076401707352,0.0477981358330,0.0746478087991,0.0000021424369
191346,0.2534124490039,3.8376625199785,0.0076755620710,0.0476929401762,0.0746253871657,0.0000021424369
191433,0.2534092445344,3.8376139916899,0.0076635023522,0.0476615389944,0.0746083173349,0.0000021424369
191572,0.2534070562374,3.8375808522544,0.0076656950283,0.0476596332168,0.0746081074976,0.0000021424369
191842,0.2534118704784,3.8376537588242,0.0076656950283,0.0476133262139,0.0745926009053,0.0000021424369
192115,0.2534148355906,3.8376986623001,0.0076536353094,0.0475585302463,0.0745684978471,0.0000021424369
192556,0.2534167135794,3.8377271024473,0.0076492499571,0.0475624359131,0.0745684157176,0.0000021424369
192590,0.2534193297017,3.8377667208421,0.0076378238004,0.0474990446815,0.0745414396654,0.0000021424369
193173,0.2534106466333,3.8376352249900,0.0076198196153,0.0475185729604,0.0745388373138,0.0000021424369
193296,0.2534142549582,3.8376898692390,0.0076606926415,0.0474314854125,0.0745260248418,0.0000021424369
194264,0.2534071155461,3.8375817504217,0.0077490332502,0.0473247487152,0.0745242349797,0.0000021424369
194597,0.2534017535735,3.8375005490394,0.0077958672704,0.0472695860226,0.0745234567469,0.0000021424369
194714,0.2533942759273,3.8373873080259,0.0077958672704,0.0472610887327,0.0745188196477,0.0000021424369
194795,0.2534033480407,3.8375246955530,0.0077958672704,0.0471879425014,0.0744946400180,0.0000021424369
195192,0.2534150216937,3.8377014806345,0.0077958672704,0.0471145900499,0.0744709442110,0.0000020995882
195599,0.2534022995490,3.8375088172582,0.0077341638206,0.0471930347265,0.0744697896574,0.0000020995882
195695,0.2534068945097,3.8375784030599,0.0076907730733,0.0471238260072,0.0744274608575,0.0000020995882
196222,0.2534028487909,3.8375171349435,0.0077573246512,0.0470172811752,0.0744170642969,0.0000020995882
197140,0.2533841252457,3.8372335867290,0.0076118202037,0.0471840227874,0.0744102436355,0.0000020995882
197378,0.2533767440769,3.8371218067629,0.0076431512322,0.0470735595786,0.0743826383941,0.0000020995882
197681,0.2533581660207,3.8368404618239,0.0076088397067,0.0470849965559,0.0743680370773,0.0000020995882
197742,0.2533597898823,3.8368650534844,0.0076100903034,0.0470593463669,0.0743597602359,0.0000020995882
198953,0.2533527778767,3.8367588641033,0.0076569243237,0.0469946435228,0.0743552212276,0.0000020995882
199058,0.2533591204990,3.8368549163851,0.0076710224601,0.0469525783311,0.0743475991366,0.0000020995882
199125,0.2533596039544,3.8368622378036,0.0076437682667,0.0469190480281,0.0743240472574,0.0000020995882
199276,0.2533552117765,3.8367957229323,0.0076431512322,0.0468851967863,0.0743107519039,0.0000020995882
199511,0.2533509013297,3.8367304457916,0.0076470572809,0.0468510246056,0.0742992979073,0.0000020995882
199975,0.2533541693248,3.8367799361074,0.0076938913012,0.0467772597135,0.0742937253106,0.0000020995882
201296,0.2533534655964,3.8367692788887,0.0076938913012,0.0467460778981,0.0742824381491,0.0000020995882
201353,0.2533521504665,3.8367493626428,0.0077407253214,0.0466805006981,0.0742788076299,0.0000020995882
201477,0.2533559225056,3.8368064861695,0.0077281862989,0.0466897295035,0.0742775380591,0.0000020995882
202311,0.2533503581254,3.8367222195386,0.0077690593252,0.0466419846831,0.0742768109816,0.0000020575964
202691,0.2533502321012,3.8367203110358,0.0077336679893,0.0466679108263,0.0742708755979,0.0000020575964
203130,0.2533506941330,3.8367273080171,0.0077336679893,0.0466333845505,0.0742586437919,0.0000020575964
204274,0.2533539485903,3.8367765933178,0.0076830821790,0.0466663260802,0.0742494263747,0.0000020575964
204673,0.2533573674194,3.8368283678554,0.0076818315823,0.0466062599007,0.0742281708039,0.0000020575964
204693,0.2533644920139,3.8369362622758,0.0076818315823,0.0465748272364,0.0742184715512,0.0000020575964
204736,0.2533583580494,3.8368433698957,0.0076578664031,0.0465970772987,0.0742148327900,0.0000020575964
205150,0.2533634811942,3.8369209544840,0.0076681962217,0.0465194761080,0.0741926429609,0.0000020575964
205674,0.2533590946309,3.8368545246408,0.0076625768004,0.0465186244745,0.0741889905048,0.0000020575964
205804,0.2533556080654,3.8368017243070,0.0076904480283,0.0464841866450,0.0741878889708,0.0000020575964
205834,0.2533622133790,3.8369017547694,0.0076904480283,0.0464752633416,0.0741861175010,0.0000020575964
206118,0.2533589676510,3.8368526016637,0.0076251305193,0.0465465451465,0.0741828865572,0.0000020575964
206696,0.2533653868935,3.8369498142773,0.0076719645396,0.0464808971364,0.0741808881143,0.0000020575964
206955,0.2533691526098,3.8370068420529,0.0076589627412,0.0464375891863,0.0741606557291,0.0000020575964
207000,0.2533721124112,3.8370516651036,0.0077057967614,0.0463348377977,0.0741446647708,0.0000020575964
207754,0.2533746070513,3.8370894437790,0.0076965467532,0.0463258775750,0.0741380349677,0.0000020164445
208007,0.2533773391906,3.8371308191278,0.0076965467532,0.0462911188067,0.0741262065803,0.0000020164445
208067,0.2533825142195,3.8372091894474,0.0076965467532,0.0462560390994,0.0741147870482,0.0000020164445
208386,0.2533921809546,3.8373555818884,0.0077004528020,0.0461996650486,0.0740983989228,0.0000020164445
208495,0.2533972250973,3.8374319700751,0.0077324173926,0.0461336415173,0.0740895990882,0.0000020164445
208971,0.2533871738225,3.8372797541880,0.0077629606003,0.0460806864893,0.0740816226797,0.0000020164445
208984,0.2533894617430,3.8373144023157,0.0077629606003,0.0460687691083,0.0740778567409,0.0000020164445
209101,0.2533975706270,3.8374372027552,0.0078110452172,0.0459935791340,0.0740733484896,0.0000020164445
209588,0.2533927005948,3.8373634512876,0.0078050842232,0.0459445199891,0.0740522290764,0.0000019761156
209815,0.2533884735742,3.8372994375481,0.0077582502030,0.0459356038375,0.0740280672234,0.0000019761156
209997,0.2533897590018,3.8373189039849,0.0076714852360,0.0459463562599,0.0739949978372,0.0000019761156
210136,0.2533848524387,3.8372445992950,0.0076246512157,0.0460042570815,0.0739945535727,0.0000019761156
210419,0.2533812107517,3.8371894498115,0.0076714852360,0.0459463562599,0.0739931660693,0.0000019761156
211195,0.2533763776652,3.8371162578473,0.0076246512157,0.0460042570815,0.0739927375498,0.0000019761156
211316,0.2533785884824,3.8371497383268,0.0076306122097,0.0459869171738,0.0739895731839,0.0000019761156
211649,0.2533754479603,3.8371021784529,0.0075690464909,0.0460590199478,0.0739882658975,0.0000019761156
212060,0.2533719398129,3.8370490512854,0.0076099195171,0.0460077066115,0.0739867049713,0.0000019761156
212141,0.2533498834643,3.8367150313006,0.0075875299796,0.0460382358984,0.0739832864116,0.0000019761156
212466,0.2533545975545,3.8367864211914,0.0075875299796,0.0460246694766,0.0739794514232,0.0000019761156
212750,0.2533565818772,3.8368164716527,0.0075934909736,0.0460073295690,0.0739762385227,0.0000019761156
212817,0.2533673413714,3.8369794127697,0.0076343639998,0.0459457470581,0.0739740673860,0.0000019761156
212935,0.2533752650068,3.8370994078168,0.0076343639998,0.0459235392683,0.0739678339544,0.0000019761156
213205,0.2533686129854,3.8369986700150,0.0076011488125,0.0459145236667,0.0739489535832,0.0000019761156
214633,0.2533703784904,3.8370254067140,0.0076071098064,0.0458971837590,0.0739456937932,0.0000019761156
216585,0.2533729239235,3.8370639545953,0.0076334219204,0.0458104439328,0.0739265373541,0.0000019761156
217729,0.2533826223025,3.8372108262492,0.0076230755741,0.0457996294136,0.0739203191014,0.0000019365933
217740,0.2533868509837,3.8372748651374,0.0075980140568,0.0458008777444,0.0739109304296,0.0000019365933
217839,0.2533769707004,3.8371252387351,0.0075980140568,0.0457905455338,0.0739051231508,0.0000019365933
218127,0.2533776610730,3.8371356936951,0.0076409420283,0.0457032135070,0.0738924787803,0.0000019365933
218215,0.2533723945850,3.8370559383261,0.0076431347045,0.0456678128609,0.0738796468776,0.0000019365933
220468,0.2533817306371,3.8371973229239,0.0076899687247,0.0456008505264,0.0738778040637,0.0000019365933
220574,0.2533746159607,3.8370895787028,0.0076916820973,0.0455913965086,0.0738736373578,0.0000019365933
221254,0.2533737058997,3.8370757967952,0.0077325551235,0.0455413985605,0.0738731029459,0.0000019365933
221302,0.2533766261578,3.8371200210044,0.0077286490748,0.0454960521807,0.0738558595590,0.0000019365933
221420,0.2533759096612,3.8371091704238,0.0077286490748,0.0454960521807,0.0738557060240,0.0000019365933
221972,0.2533720285655,3.8370503953497,0.0077269357022,0.0454604191454,0.0738414139741,0.0000019365933
223635,0.2533796337666,3.8371655680461,0.0077519972195,0.0454043376277,0.0738337551968,0.0000019365933
223727,0.2533766446671,3.8371203013077,0.0077589002929,0.0453536529046,0.0738179714487,0.0000019365933
223761,0.2533776023641,3.8371348046117,0.0077120662727,0.0453756807423,0.0738059720314,0.0000019365933
224414,0.2533801731619,3.8371737366158,0.0076979681363,0.0453642034430,0.0737963818227,0.0000018978614
224729,0.2533855744164,3.8372555328810,0.0076207451670,0.0454381619376,0.0737908574242,0.0000018978614
225161,0.2533964232318,3.8374198266733,0.0076207451670,0.0454266445003,0.0737890687999,0.0000018978614
226046,0.2533938033441,3.8373801512550,0.0077144132075,0.0452884984233,0.0737793129567,0.0000018978614
226403,0.2533980163543,3.8374439528221,0.0077144132075,0.0452480610025,0.0737657738086,0.0000018978614
226798,0.2534068677291,3.8375779974965,0.0077144132075,0.0452363481528,0.0737634873711,0.0000018978614
227090,0.2534051967326,3.8375526920284,0.0077612472277,0.0451693394314,0.0737592693372,0.0000018978614
227170,0.2533977835042,3.8374404265544,0.0077144132075,0.0452172386446,0.0737547159272,0.0000018978614
227846,0.2533955842444,3.8374071210995,0.0076310915133,0.0452958445411,0.0737466088942,0.0000018978614
228022,0.2533970312802,3.8374290349207,0.0076196488289,0.0452731488807,0.0737339093727,0.0000018978614
228138,0.2533960277032,3.8374138368128,0.0076260725988,0.0452510752567,0.0737285639276,0.0000018978614
228678,0.2533965348589,3.8374215171472,0.0076729066190,0.0451685752604,0.0737192800424,0.0000018978614
228872,0.2533960521188,3.8374142065609,0.0076729066190,0.0451164249899,0.0737005515014,0.0000018978614
229156,0.2533947393226,3.8373943256565,0.0076854291138,0.0450491746050,0.0736816189768,0.0000018978614
229912,0.2533942153869,3.8373863912063,0.0076118202037,0.0450685464762,0.0736568785546,0.0000018978614
229955,0.2533909532726,3.8373369899481,0.0076385950935,0.0450126949477,0.0736477075084,0.0000018978614
231358,0.2533945072027,3.8373908104457,0.0076586542240,0.0449817010163,0.0736459965738,0.0000018599042
232155,0.2533928207400,3.8373652707595,0.0077054882442,0.0449140042236,0.0736415294860,0.0000018599042
233001,0.2533856952404,3.8372573626319,0.0076968717982,0.0448828571782,0.0736251858858,0.0000018599042
233250,0.2533876965512,3.8372876703595,0.0077322631340,0.0448149187221,0.0736165187192,0.0000018599042
233551,0.2533853003730,3.8372513827843,0.0077322631340,0.0447836185628,0.0736048266241,0.0000018599042
233675,0.2533870854882,3.8372784164592,0.0076854291138,0.0448332664034,0.0736028687975,0.0000018599042
234075,0.2533825455036,3.8372096632119,0.0076550401648,0.0447740178991,0.0735677119282,0.0000018599042
234795,0.2533862537114,3.8372658200825,0.0075898769144,0.0448294201930,0.0735603659704,0.0000018599042
234881,0.2533863520620,3.8372673094986,0.0076060134684,0.0447650862838,0.0735443263154,0.0000018599042
234962,0.2533914900612,3.8373451190407,0.0076174396250,0.0446839851700,0.0735213595560,0.0000018599042
235535,0.2533827535268,3.8372128135025,0.0076550401648,0.0446370249675,0.0735188304576,0.0000018599042
235638,0.2533824770612,3.8372086267237,0.0076082061445,0.0446612306503,0.0735073443787,0.0000018599042
235688,0.2533766720373,3.8371207157996,0.0076082061445,0.0446576802320,0.0735048324385,0.0000018599042
236165,0.2533698251645,3.8370170271796,0.0075967799878,0.0446665493166,0.0735016358574,0.0000018227061
236398,0.2533731123060,3.8370668074482,0.0076436140081,0.0446049840950,0.0735004243887,0.0000018227061
236774,0.2533727973607,3.8370620379367,0.0075967799878,0.0446524185296,0.0734972260470,0.0000018227061
236836,0.2533814088201,3.8371924493464,0.0075700050980,0.0446607639083,0.0734905768993,0.0000018227061
237818,0.2533818026983,3.8371984142149,0.0075814312547,0.0445818762005,0.0734673840447,0.0000018227061
238048,0.2533811801686,3.8371889866634,0.0075867586865,0.0445590948268,0.0734613976257,0.0000018227061
238166,0.2533928838244,3.8373662261059,0.0076335927067,0.0444817134323,0.0734563410625,0.0000018227061
238919,0.2533940386373,3.8373837145214,0.0076374987555,0.0444440605997,0.0734448151031,0.0000017862520
239304,0.2533963375307,3.8374185288201,0.0076790053439,0.0443833406588,0.0734414105678,0.0000017862520
240974,0.2533855786981,3.8372555977231,0.0076262103297,0.0443489673872,0.0734042025006,0.0000017862520
241217,0.2533832582919,3.8372204576334,0.0076492334294,0.0442979071429,0.0733953365119,0.0000017862520
242686,0.2533814798054,3.8371935243432,0.0076921614009,0.0442280521501,0.0733884048980,0.0000017862520
243053,0.2533850838302,3.8372481034730,0.0076453273807,0.0442366157327,0.0733721638884,0.0000017862520
244258,0.2533854022542,3.8372529256666,0.0075994354399,0.0442880525621,0.0733709344437,0.0000017862520
244571,0.2533818797703,3.8371995813878,0.0076462694601,0.0442101068219,0.0733624135844,0.0000017862520
246034,0.2533902460140,3.8373262792678,0.0076374987555,0.0441919570103,0.0733539654019,0.0000017505269
250785,0.2533915134588,3.8373454733731,0.0076843327757,0.0441218788136,0.0733492807928,0.0000017505269
250829,0.2533855565071,3.8372552616630,0.0076636566108,0.0441398292471,0.0733455539587,0.0000017505269
251018,0.2533869047251,3.8372756789942,0.0076357853829,0.0441623969761,0.0733419579538,0.0000017505269
251161,0.2533892317388,3.8373109191454,0.0076357853829,0.0441504795951,0.0733382003921,0.0000017505269
251625,0.2533804106044,3.8371773324294,0.0076804267270,0.0440937364132,0.0733351767315,0.0000017505269
252588,0.2533749701355,3.8370949423036,0.0076870047554,0.0440669435970,0.0733272612089,0.0000017505269
252784,0.2533710184781,3.8370350986483,0.0076891974316,0.0440584056259,0.0733243048681,0.0000017505269
253139,0.2533694521871,3.8370113788337,0.0077416674009,0.0439876578176,0.0733211892896,0.0000017155164
253450,0.2533664829790,3.8369664133288,0.0076948333806,0.0440396845951,0.0733190622997,0.0000017155164
253539,0.2533705468173,3.8370279558451,0.0076479993604,0.0440833556817,0.0733154582159,0.0000017155164
253730,0.2533654786031,3.8369512031219,0.0076801016820,0.0440211643042,0.0733059191016,0.0000017155164
254331,0.2533775248626,3.8371336309338,0.0076801016820,0.0440129321064,0.0733055603723,0.0000017155164
254529,0.2533703997400,3.8370257285156,0.0076801016820,0.0439813680754,0.0732927606921,0.0000017155164
255179,0.2533612826106,3.8368876592691,0.0076620974968,0.0439939456299,0.0732875829259,0.0000017155164
255348,0.2533598232886,3.8368655593879,0.0076299951752,0.0440168185759,0.0732816809855,0.0000017155164
255442,0.2533727831517,3.8370618227558,0.0076403249938,0.0439378016506,0.0732606648336,0.0000017155164
255493,0.2533689311296,3.8370034879701,0.0076724273154,0.0438754055289,0.0732513132090,0.0000017155164
256291,0.2533717904645,3.8370467895619,0.0076724273154,0.0438651646693,0.0732482684738,0.0000017155164
258723,0.2533664613649,3.8369660860053,0.0077192613357,0.0438026875573,0.0732448849925,0.0000017155164
258775,0.2533701894279,3.8370225435626,0.0077660953559,0.0437399247105,0.0732433402837,0.0000017155164
259923,0.2533688912664,3.8370028842849,0.0077557655373,0.0436685072907,0.0732131288197,0.0000017155164
260284,0.2533621610099,3.8369009616955,0.0077089315171,0.0436600390021,0.0731885905102,0.0000016812061
260643,0.2533580550939,3.8368387819561,0.0077089315171,0.0436197853991,0.0731733343843,0.0000016812061
260724,0.2533631634847,3.8369161431121,0.0077557655373,0.0435564083197,0.0731718660912,0.0000016812061
260734,0.2533626756130,3.8369087548119,0.0077357064069,0.0435334085971,0.0731549505904,0.0000016812061
261004,0.2533619504133,3.8368977724332,0.0077056425028,0.0435458881058,0.0731463676276,0.0000016812061
261098,0.2533617609008,3.8368949024669,0.0076768126678,0.0435416589438,0.0731324609591,0.0000016812061
261316,0.2533603926556,3.8368741818455,0.0076050713889,0.0435787802385,0.0731146791066,0.0000016812061
261647,0.2533573587535,3.8368282366202,0.0076519054091,0.0435128700653,0.0731105613601,0.0000016812061
262982,0.2533621380443,3.8369006139044,0.0076519054091,0.0434420415380,0.0730862895913,0.0000016812061
265570,0.2533608891433,3.8368817006250,0.0076479993604,0.0434184502604,0.0730759224924,0.0000016812061
266389,0.2533585902150,3.8368468857967,0.0076299951752,0.0433911577475,0.0730579664596,0.0000016812061
267707,0.2533601684664,3.8368707867393,0.0076631938349,0.0433188659718,0.0730467141620,0.0000016475820
268449,0.2533604065835,3.8368743927701,0.0076811980201,0.0432736804244,0.0730383435709,0.0000016475820
268952,0.2533489885046,3.8367014780859,0.0076811980201,0.0432800699241,0.0730381788039,0.0000016475820
269037,0.2533554003557,3.8367985787636,0.0076790053439,0.0432787329118,0.0730381355493,0.0000016475820
269577,0.2533459025590,3.8366547447159,0.0076790053439,0.0432833928943,0.0730377645866,0.0000016475820
270088,0.2533466481534,3.8366660359516,0.0075922403769,0.0432884124783,0.0730025320795,0.0000016475820
270132,0.2533496105349,3.8367108980741,0.0075629477660,0.0433201850022,0.0730019602294,0.0000016475820
270158,0.2533464723308,3.8366633733047,0.0075629477660,0.0433151654182,0.0729994950485,0.0000016475820
270590,0.2533480051110,3.8366865856340,0.0075939537495,0.0432501549214,0.0729898937455,0.0000016475820
270617,0.2533482955306,3.8366909837308,0.0075939537495,0.0432456996831,0.0729883648217,0.0000016475820
271069,0.2533514355734,3.8367385363453,0.0076091482240,0.0432219391289,0.0729870636935,0.0000016475820
271967,0.2533516992255,3.8367425290767,0.0076091482240,0.0432187652956,0.0729859866785,0.0000016475820
272142,0.2533536017920,3.8367713414261,0.0076559822442,0.0431536738084,0.0729832191345,0.0000016475820
273344,0.2533378496186,3.8365327914828,0.0076074348514,0.0431765417514,0.0729672047658,0.0000016475820
273490,0.2533320209394,3.8364445223230,0.0076074348514,0.0431729913331,0.0729646877566,0.0000016475820
274541,0.2533421045954,3.8365972285886,0.0076559822442,0.0430804565029,0.0729546064119,0.0000016475820
274934,0.2533434493210,3.8366175930305,0.0076545608612,0.0430172559641,0.0729317137822,0.0000016146303
275386,0.2533420921880,3.8365970406921,0.0076576956168,0.0429933407248,0.0729242252778,0.0000016146303
275650,0.2533480095227,3.8366866524442,0.0076451731220,0.0429950352742,0.0729207316908,0.0000015823377
275686,0.2533479170648,3.8366852522682,0.0076451731220,0.0429938423628,0.0729202858386,0.0000015823377
275911,0.2533536733197,3.8367724246367,0.0076920071423,0.0429012805306,0.0729085332475,0.0000015823377
276602,0.2533468935504,3.8366697522287,0.0076451731220,0.0429247688298,0.0728953973952,0.0000015823377
276852,0.2533451312965,3.8366430647635,0.0076920071423,0.0428506158964,0.0728886083018,0.0000015823377
276971,0.2533495281214,3.8367096500091,0.0077388411625,0.0427724486405,0.0728817053244,0.0000015823377
277612,0.2533444233002,3.8366323429114,0.0076611388897,0.0428279527646,0.0728671333615,0.0000015823377
277740,0.2533497638464,3.8367132198136,0.0076540980853,0.0427613898408,0.0728414878039,0.0000015823377
278869,0.2533463940771,3.8366621882361,0.0076580041340,0.0427186184024,0.0728271642177,0.0000015823377
279778,0.2533412719887,3.8365846196450,0.0076852583274,0.0426755260252,0.0728223568612,0.0000015823377
280062,0.2533412414807,3.8365841576324,0.0076891643762,0.0426708101893,0.0728223401175,0.0000015823377
280334,0.2533359175422,3.8365035322356,0.0077048381543,0.0426275130678,0.0728124533494,0.0000015823377
280349,0.2533399343665,3.8365643627764,0.0077048381543,0.0425600501767,0.0727892202078,0.0000015823377
280385,0.2533345795718,3.8364832700957,0.0076580041340,0.0426035520424,0.0727835374094,0.0000015823377
280411,0.2533279417347,3.8363827470982,0.0075963006843,0.0426557023129,0.0727742957767,0.0000015823377
280930,0.2533232265940,3.8363113412982,0.0076339012240,0.0426001981889,0.0727695770050,0.0000015823377
281712,0.2533212860754,3.8362819542046,0.0076431347045,0.0425249846150,0.0727462563949,0.0000015823377
282644,0.2533181198305,3.8362340047866,0.0076088397067,0.0425316938801,0.0727332762238,0.0000015506910
283283,0.2533209897794,3.8362774671152,0.0076387493522,0.0424638642640,0.0727224847694,0.0000015506910
283429,0.2533275657700,3.8363770535125,0.0075831446273,0.0424660503322,0.0727008440525,0.0000015506910
283609,0.2533329998155,3.8364593463627,0.0076299786475,0.0423957489132,0.0726969725641,0.0000015506910
283783,0.2533308412573,3.8364266572902,0.0076216872465,0.0423977302372,0.0726936641740,0.0000015506910
283921,0.2533311223890,3.8364309147311,0.0076216872465,0.0423465403939,0.0726754423296,0.0000015506910
284177,0.2533425187483,3.8366035004946,0.0076309207270,0.0422687312634,0.0726540526374,0.0000015506910
284868,0.2533422961949,3.8366001301598,0.0076631773072,0.0422215195124,0.0726509678564,0.0000015506910
285128,0.2533368288622,3.8365173332100,0.0076309207270,0.0422466638898,0.0726449521713,0.0000015506910
285135,0.2533428155535,3.8366079952945,0.0075712391670,0.0423092160103,0.0726429972653,0.0000015506910
285177,0.2533443038879,3.8366305345390,0.0075620056865,0.0422823251715,0.0726297551171,0.0000015506910
285313,0.2533433311454,3.8366158033870,0.0075620056865,0.0422740156845,0.0726265789984,0.0000015506910
285394,0.2533440333696,3.8366264378263,0.0076088397067,0.0421407045697,0.0725991900855,0.0000015506910
285674,0.2533393700702,3.8365558171079,0.0076147841730,0.0420714035170,0.0725759880595,0.0000015506910
285785,0.2533417856557,3.8365923985850,0.0076147841730,0.0419780896680,0.0725431793103,0.0000015506910
285966,0.2533374795549,3.8365271872611,0.0075679501528,0.0420331596883,0.0725418527159,0.0000015506910
287697,0.2533154449440,3.8361934964693,0.0076088397067,0.0419706885583,0.0725323439903,0.0000015506910
287881,0.2533174153017,3.8362233354462,0.0076147841730,0.0419510384168,0.0725282959305,0.0000015506910
289316,0.2533156257844,3.8361962351065,0.0076468864946,0.0418741130506,0.0725141972553,0.0000015196771
290204,0.2533200813779,3.8362637103389,0.0076468864946,0.0418240526509,0.0724972733111,0.0000015196771
290476,0.2533159550937,3.8362012221464,0.0076468864946,0.0417736640139,0.0724783931656,0.0000015196771
290753,0.2533141759738,3.8361742792635,0.0076949711115,0.0416961059553,0.0724709203120,0.0000015196771
290771,0.2533080022044,3.8360807840797,0.0076481370913,0.0417188289560,0.0724576409958,0.0000015196771
290928,0.2533071122776,3.8360673070829,0.0076349810343,0.0417333854663,0.0724570107407,0.0000015196771
291105,0.2533089854297,3.8360956739832,0.0076349810343,0.0416820543593,0.0724390795923,0.0000015196771
291165,0.2533079301539,3.8360796929510,0.0076310749856,0.0416768518496,0.0724353214016,0.0000015196771
291349,0.2533122541604,3.8361451754396,0.0076310749856,0.0416546440598,0.0724283166210,0.0000015196771
291376,0.2533110319252,3.8361266659851,0.0076349810343,0.0416082862470,0.0724131723726,0.0000015196771
291440,0.2533146033943,3.8361807520937,0.0076147841730,0.0416091314177,0.0724055837364,0.0000015196771
291701,0.2533111107778,3.8361278601248,0.0076316920201,0.0415423563879,0.0723882333138,0.0000015196771
292739,0.2533126105998,3.8361505733356,0.0076273066678,0.0415432177934,0.0723869829124,0.0000015196771
292987,0.2533025536594,3.8359982716493,0.0075765665988,0.0415756735935,0.0723746734670,0.0000015196771
293105,0.2532965962273,3.8359080526648,0.0076234006190,0.0415037921911,0.0723677966680,0.0000015196771
293163,0.2532964245963,3.8359054534960,0.0076597505620,0.0414514763723,0.0723646542159,0.0000015196771
293265,0.2532912897455,3.8358276916316,0.0076129165418,0.0415042441081,0.0723623277877,0.0000015196771
293266,0.2532930921793,3.8358549875781,0.0076597505620,0.0414459820849,0.0723619778811,0.0000015196771
293534,0.2532914257684,3.8358297515538,0.0076678877045,0.0413669538975,0.0723368837871,0.0000015196771
293696,0.2532940403807,3.8358693470812,0.0077023369609,0.0413196780860,0.0723353238098,0.0000015196771
293806,0.2532900112232,3.8358083297686,0.0077023369609,0.0413184471317,0.0723340207924,0.0000015196771
293814,0.2532847800198,3.8357291087469,0.0077147217247,0.0412463224232,0.0723124487517,0.0000015196771
293869,0.2532866120138,3.8357568523513,0.0076678877045,0.0412985320966,0.0723114159108,0.0000015196771
294204,0.2532853673894,3.8357380038357,0.0077147217247,0.0411911562114,0.0722928723981,0.0000015196771
294342,0.2532913372567,3.8358284111386,0.0077615557449,0.0411191128282,0.0722884935986,0.0000015196771
294470,0.2532957814104,3.8358957131285,0.0077562283132,0.0410656497951,0.0722680687918,0.0000015196771
294476,0.2532889749137,3.8357926359611,0.0077562283132,0.0410583993584,0.0722640208152,0.0000015196771
294701,0.2532881967784,3.8357808519282,0.0077618642622,0.0409841425692,0.0722397491967,0.0000015196771
294842,0.2532884599338,3.8357848371381,0.0077034498267,0.0410320326134,0.0722318744163,0.0000015196771
295541,0.2532742173656,3.8355691485622,0.0077217625291,0.0410084339967,0.0722282426611,0.0000015196771
295790,0.2532661270276,3.8354466289812,0.0076951253702,0.0410209430646,0.0722195606162,0.0000015196771
296259,0.2532714245175,3.8355268538427,0.0075898769144,0.0411024872097,0.0722047122205,0.0000014892836
296323,0.2532714436269,3.8355271432344,0.0075735861018,0.0410418833535,0.0721760903042,0.0000014892836
296512,0.2532708902181,3.8355187624444,0.0075620056865,0.0410489705708,0.0721735398305,0.0000014892836
296831,0.2532655838041,3.8354384024380,0.0076088397067,0.0409111409586,0.0721432496033,0.0000014892836
297561,0.2532616939190,3.8353794942584,0.0076088397067,0.0409052858547,0.0721403249479,0.0000014892836
298830,0.2532623457599,3.8353893656969,0.0075930116700,0.0408796914220,0.0721245403150,0.0000014892836
298919,0.2532638181698,3.8354116637811,0.0075930116700,0.0408252859189,0.0721054252946,0.0000014892836
298927,0.2532693652902,3.8354956690316,0.0076398456902,0.0407440290988,0.0720976653933,0.0000014892836
299429,0.2532746357178,3.8355754840612,0.0076196488289,0.0407558588373,0.0720943638795,0.0000014892836
299440,0.2532677110479,3.8354706172878,0.0076664828492,0.0406630659151,0.0720798114153,0.0000014594979
299636,0.2532622340701,3.8353876742723,0.0076938913012,0.0405814663911,0.0720612415695,0.0000014594979
300377,0.2532598052113,3.8353508917845,0.0076899852524,0.0405757699091,0.0720570126210,0.0000014594979
300866,0.2532576588969,3.8353183881312,0.0076970260568,0.0405435673768,0.0720480692797,0.0000014594979
307477,0.2532576488273,3.8353182356382,0.0076196488289,0.0405928666335,0.0720325123302,0.0000014303080
307797,0.2532573682317,3.8353139863166,0.0076196488289,0.0405896928003,0.0720313186907,0.0000014303080
308591,0.2532647452264,3.8354257030698,0.0076386116213,0.0405604132523,0.0720305694049,0.0000014303080
309689,0.2532682062820,3.8354781170815,0.0076664828492,0.0405112301902,0.0720256904923,0.0000014303080
310457,0.2532735719748,3.8355593748040,0.0076854456415,0.0404787583493,0.0720233701086,0.0000014303080
312538,0.2532674019443,3.8354659362410,0.0076674249286,0.0404860754727,0.0720169380548,0.0000014017018
326065,0.2532590250439,3.8353390769784,0.0076674249286,0.0404860754727,0.0720151430048,0.0000013461944
328384,0.2532492450322,3.8351909690834,0.0076843493034,0.0404713417759,0.0720150385569,0.0000013461944
332377,0.2532472053618,3.8351600804403,0.0076953126842,0.0404523131147,0.0720125041260,0.0000013192705
333082,0.2532475916402,3.8351659302160,0.0076834072239,0.0404461518542,0.0720052841097,0.0000013192705
335342,0.2532466120155,3.8351510948409,0.0076365732037,0.0404951025271,0.0720024848503,0.0000013192705
335857,0.2532464586609,3.8351487724476,0.0076763498919,0.0404397509060,0.0719997307046,0.0000013192705
336770,0.2532359680550,3.8349899033579,0.0076544231303,0.0404675292266,0.0719980063628,0.0000013192705
337188,0.2532329646941,3.8349444206452,0.0076196488289,0.0404741625640,0.0719848285626,0.0000013192705
338545,0.2532366484894,3.8350002078140,0.0076664828492,0.0404134107048,0.0719839925776,0.0000013192705
338899,0.2532333851939,3.8349507886689,0.0076196488289,0.0404590713498,0.0719795289503,0.0000013192705
341554,0.2532309661697,3.8349141551147,0.0076664828492,0.0403805349012,0.0719710335793,0.0000012928851
342380,0.2532277262802,3.8348650904286,0.0075897391835,0.0404501463694,0.0719623104135,0.0000012928851
343530,0.2532277514202,3.8348654711463,0.0075798721408,0.0404421444857,0.0719552292524,0.0000012928851
343584,0.2532353502530,3.8349805474022,0.0075631020246,0.0404460020431,0.0719510480801,0.0000012928851
344246,0.2532403008234,3.8350555185355,0.0075640441040,0.0404129731255,0.0719407166230,0.0000012928851
344688,0.2532320376028,3.8349303808319,0.0076108781243,0.0403400340313,0.0719329679793,0.0000012928851
347037,0.2532341503214,3.8349623757117,0.0076108781243,0.0403210053701,0.0719266247543,0.0000012670274
350625,0.2532339533370,3.8349593925929,0.0076108781243,0.0402624783756,0.0719056800453,0.0000012670274
352645,0.2532325850473,3.8349386712972,0.0076108781243,0.0402432067431,0.0718985041145,0.0000012670274
355758,0.2532314596066,3.8349216276931,0.0076108781243,0.0402362321203,0.0718957720119,0.0000012416869
356750,0.2532309519521,3.8349139398040,0.0076157262525,0.0402097886799,0.0718882969122,0.0000012416869
362062,0.2532220190894,3.8347786610817,0.0075732775846,0.0402649051371,0.0718878748901,0.0000012168531
362496,0.2532197022818,3.8347435754906,0.0076157262525,0.0402097886799,0.0718858862686,0.0000012168531
366909,0.2532166080840,3.8346967171491,0.0075579288514,0.0402542593775,0.0718763353034,0.0000012168531
371771,0.2532216838226,3.8347735838216,0.0076047628717,0.0401760441350,0.0718695606695,0.0000011925161
534664,0.2532112270706,3.8346152274148,0.0076047628717,0.0401760441350,0.0718673199369,0.0000007493142
650001,0.2532001817161,3.8344479572455,0.0076047628717,0.0401760441350,0.0718649530752,0.0000005534203
