0,0.2063240533919,3.124558757017,0.5553584234398,0.3201241934734,0.3965531191558,10
3,0.2063237567043,3.124554263998,0.5553584234398,0.3199807921775,0.3965018408314,10.0000000000000
5,0.2063113302402,3.1243660783910,0.5553584234398,0.3195747412757,0.3963541598384,10.0000000000000
6,0.2063120332502,3.1243767247304,0.5553115894196,0.3195943150405,0.3963412293908,10.0000000000000
7,0.2063187560011,3.1244785336564,0.5551939562000,0.3194181187524,0.3962293284975,10.0000000000000
10,0.2063270123081,3.1246035666614,0.5551471221798,0.3194634634309,0.3962272205112,10.0000000000000
11,0.2063309015329,3.1246624648428,0.5550294889601,0.3194566770006,0.3961752159545,10.0000000000000
12,0.2063322973924,3.1246836036520,0.5550294889601,0.3192585554060,0.3961047573548,10.0000000000000
13,0.2063415605573,3.1248238844513,0.5550294889601,0.3192249434449,0.3960947380469,10.0000000000000
14,0.2063477445619,3.1249175346359,0.5549826549399,0.3192566322773,0.3960873089080,10.0000000000000
15,0.2063503234506,3.1249565891681,0.5549826549399,0.3190116055468,0.3960003519804,10.0000000000000
16,0.2063550686995,3.1250284509252,0.5548650217203,0.3189482625462,0.3959283320822,10.0000000000000
17,0.2063587877736,3.1250847723542,0.5548650217203,0.3188410690042,0.3958908456188,10.0000000000000
18,0.2063640508754,3.1251644764437,0.5547473885007,0.3187785194558,0.3958192200649,10.0000000000000
19,0.2063630052378,3.1251486413715,0.5546297552810,0.3185256671873,0.3956782773812,10.0000000000000
20,0.2063686288754,3.1252338053928,0.5546297552810,0.3185152740150,0.3956757705991,10.0000000000000
21,0.2063688370274,3.1252369576350,0.5546297552810,0.3183518716724,0.3956174572236,10.0000000000000
23,0.2063719577556,3.1252842177503,0.5546297552810,0.3182693825271,0.3955886655420,10.0000000000000
30,0.2063815088307,3.1254288586438,0.5544652880412,0.3184417640564,0.3955817910729,10.0000000000000
31,0.2063806930566,3.1254165046111,0.5544652880412,0.3183434663176,0.3955465099289,10.0000000000000
32,0.2063855070767,3.1254894078340,0.5544652880412,0.3183253369831,0.3955410667423,10.0000000000000
40,0.2064159768561,3.1259508402969,0.5541363535615,0.3184001077095,0.3954333278918,10.0000000000000
41,0.2064231501845,3.1260594727397,0.5541363535615,0.3183157802477,0.3954047480829,10.0000000000000
44,0.2064465990423,3.1264145807986,0.5542539867811,0.3178210850558,0.3952835102209,10.0000000000000
48,0.2064464465836,3.1264122719741,0.5542071527609,0.3174193413463,0.3951199259320,10.0000000000000
49,0.2064423604094,3.1263503912028,0.5542539867811,0.3173398999368,0.3951107501142,10.0000000000000
50,0.2064356329107,3.1262485103773,0.5542539867811,0.3169865730146,0.3949831203208,10.0000000000000
51,0.2064402812400,3.1263189043895,0.5542071527609,0.3170235143777,0.3949772380124,10.0000000000000
52,0.2064475350162,3.1264287551297,0.5542071527609,0.3165698450947,0.3948167676491,10.0000000000000
53,0.2064526345354,3.1265059819348,0.5542071527609,0.3165159543142,0.3947986136959,10.0000000000000
55,0.2064468865953,3.1264189354840,0.5541363535615,0.3164073109089,0.3947282382642,10.0000000000000
56,0.2064484215740,3.1264421811067,0.5540895195412,0.3164165840010,0.3947118072839,10.0000000000000
57,0.2064468229652,3.1264179718727,0.5540895195412,0.3164004015246,0.3947056852690,10.0000000000000
58,0.2064416662739,3.1263398792580,0.5540426855210,0.3164454270631,0.3947005890902,10.0000000000000
59,0.2064465689003,3.1264141243303,0.5539250523014,0.3162904960686,0.3945958929180,10.0000000000000
61,0.2064566714684,3.1265671169992,0.5538074190818,0.3161874664841,0.3945108472369,10.0000000000000
63,0.2064646245891,3.1266875585685,0.5538542531020,0.3160785990472,0.3944937419725,10.0000000000000
65,0.2064633807392,3.1266687217831,0.5538542531020,0.3159008209738,0.3944299832642,10.0000000000000
66,0.2064605425698,3.1266257407206,0.5538542531020,0.3158353215924,0.3944059824488,10.0000000000000
67,0.2064662493963,3.1267121645488,0.5538074190818,0.3158734527941,0.3944007519036,10.0000000000000
69,0.2064642282034,3.1266815557290,0.5536897858621,0.3155180964774,0.3942229915836,10.0000000000000
70,0.2064756939361,3.1268551920784,0.5536897858621,0.3153507199441,0.3941656711930,10.0000000000000
72,0.2064755532183,3.1268530610571,0.5536897858621,0.3152437913547,0.3941274522572,10.0000000000000
73,0.2064756551356,3.1268546044867,0.5536429518419,0.3152434212583,0.3941072701964,10.0000000000000
74,0.2064712371836,3.1267876992937,0.5536429518419,0.3151870654912,0.3940861964327,10.0000000000000
75,0.2064742564531,3.1268334229249,0.5535961178217,0.3150642801459,0.3940229197871,10.0000000000000
76,0.2064819593963,3.1269500758212,0.5534784846021,0.3149153670074,0.3939209729170,10.0000000000000
77,0.2064802487712,3.1269241702213,0.5534784846021,0.3148385131471,0.3938931585472,10.0000000000000
78,0.2064812700105,3.1269396358056,0.5534784846021,0.3147870530087,0.3938749987634,10.0000000000000
79,0.2064801646421,3.1269228961752,0.5534784846021,0.3147141975936,0.3938487421076,10.0000000000000
80,0.2064756545324,3.1268545953517,0.5534784846021,0.3144520581342,0.3937541544200,10.0000000000000
81,0.2064720161587,3.1267994960443,0.5535253186223,0.3142749509105,0.3937101939116,10.0000000000000
82,0.2064806560191,3.1269303375576,0.5535253186223,0.3140874897584,0.3936450948988,10.0000000000000
83,0.2064688206086,3.1267511028299,0.5535253186223,0.3140756358597,0.3936383252041,10.0000000000000
84,0.2064674403907,3.1267302008952,0.5534784846021,0.3139993457845,0.3935907112648,10.0000000000000
85,0.2064708286111,3.1267815118956,0.5533608513824,0.3139703861766,0.3935306803579,10.0000000000000
86,0.2064785723028,3.1268987818865,0.5533140173622,0.3139851890344,0.3935175547324,9.8000000000000
87,0.2064839405294,3.1269800779793,0.5533140173622,0.3138557165524,0.3934724648945,9.8000000000000
90,0.2064894180617,3.1270630293918,0.5531963841426,0.3139418688240,0.3934539930829,9.8000000000000
91,0.2064859455334,3.1270104416364,0.5531963841426,0.3136050813496,0.3933329677288,9.8000000000000
92,0.2064897450621,3.1270679814650,0.5530787509230,0.3136054514460,0.3932834998538,9.8000000000000
95,0.2064977994795,3.1271899570666,0.5531255849432,0.3135306595163,0.3932785861199,9.8000000000000
96,0.2064997835198,3.1272200032506,0.5531255849432,0.3132503463952,0.3931788994425,9.8000000000000
97,0.2064959177634,3.1271614604729,0.5531255849432,0.3130894407480,0.3931206047635,9.8000000000000
98,0.2064995962920,3.1272171678840,0.5531255849432,0.3124515615214,0.3928935790102,9.8000000000000
99,0.2065017093799,3.1272491683574,0.5531255849432,0.3123239545941,0.3928484579121,9.8000000000000
100,0.2065067861631,3.1273260508488,0.5530079517236,0.3118447572859,0.3926279896615,9.8000000000000
61877,0.2442744062899,3.6992765639314,0.0790461023495,0.8578574628885,0.3925990819578,0.0000003702424
61878,0.2442701786227,3.6992125404005,0.0791637355692,0.8576995375989,0.3925921883770,0.0000003702424
61888,0.2442735002845,3.6992628434429,0.0791637355692,0.8575091895847,0.3925249187280,0.0000003628375
61906,0.2442747118282,3.6992811909861,0.0791637355692,0.8574897051590,0.3925182196210,0.0000003628375
61910,0.2442768709719,3.6993138889251,0.0791637355692,0.8566751497184,0.3922277696373,0.0000003628375
61911,0.2442759933053,3.6993005975955,0.0791637355692,0.8559497752262,0.3919685192473,0.0000003628375
61921,0.2442871014617,3.6994688188318,0.0791637355692,0.8558908449341,0.3919498530336,0.0000003628375
61926,0.2442917236120,3.6995388163910,0.0790461023495,0.8559830370329,0.3919333550070,0.0000003628375
61953,0.2442948559008,3.6995862515806,0.0789992683293,0.8560213738977,0.3919276462262,0.0000003628375
61978,0.2442985603675,3.6996423517956,0.0789992683293,0.8519429407938,0.3904718567891,0.0000003628375
61985,0.2443054233583,3.6997462845052,0.0789992683293,0.8518819815920,0.3904515562865,0.0000003628375
61993,0.2443169968525,3.6999215527898,0.0789992683293,0.8517985988361,0.3904242567653,0.0000003628375
62010,0.2443118964371,3.6998443124124,0.0789524343091,0.8518354318399,0.3904162467404,0.0000003628375
62019,0.2443189907820,3.6999517487353,0.0789056002888,0.8517629046368,0.3903717926616,0.0000003628375
62036,0.2443210602669,3.6999830888866,0.0789056002888,0.8517382302924,0.3903634238568,0.0000003628375
62038,0.2443202301905,3.6999705182609,0.0789056002888,0.8510966085105,0.3901340953469,0.0000003628375
62041,0.2443148656691,3.6998892782783,0.0789519550055,0.8510195585365,0.3901252942659,0.0000003628375
62043,0.2443203498422,3.6999723302580,0.0789519550055,0.8509729300883,0.3901098164286,0.0000003628375
62073,0.2443094019189,3.6998065355819,0.0789176434800,0.8509969941491,0.3901013598130,0.0000003555808
62076,0.2443102780818,3.6998198041388,0.0788708094598,0.8509603902557,0.3900684030202,0.0000003555808
62114,0.2443131245547,3.6998629109499,0.0788708094598,0.8508972012553,0.3900464454785,0.0000003555808
62143,0.2443308071371,3.7001306948886,0.0788708094598,0.8506955029364,0.3899781994894,0.0000003555808
62164,0.2443299033764,3.7001170083915,0.0788239754396,0.8507124616568,0.3899639907893,0.0000003555808
62174,0.2443289040533,3.7001018747041,0.0788239754396,0.8505645164034,0.3899109390582,0.0000003555808
62184,0.2443452223082,3.7003489973510,0.0788708094598,0.8496821672028,0.3896193828355,0.0000003555808
62185,0.2443506095363,3.7004305812030,0.0788708094598,0.8496743451040,0.3896177436348,0.0000003555808
62196,0.2443525752235,3.7004603494475,0.0788690960872,0.8496475450574,0.3896078591057,0.0000003555808
62215,0.2443470347814,3.7003764453337,0.0788227413706,0.8496550839535,0.3895894980239,0.0000003555808
62219,0.2443442005827,3.7003335244031,0.0788227413706,0.8496286427074,0.3895794473934,0.0000003555808
62220,0.2443481094020,3.7003927193218,0.0787961042117,0.8496537961733,0.3895778524530,0.0000003555808
62238,0.2443451654297,3.7003481359869,0.0787492701914,0.8495941240453,0.3895358384046,0.0000003484692
62293,0.2443487587527,3.7004025530492,0.0787492701914,0.8495288309397,0.3895132894361,0.0000003484692
62313,0.2443496820883,3.7004165359864,0.0787492701914,0.8494779835600,0.3894953275152,0.0000003484692
62361,0.2443426080218,3.7003094067597,0.0787492701914,0.8494328895756,0.3894777066494,0.0000003484692
62412,0.2443497082387,3.7004169320063,0.0787492701914,0.8484470059739,0.3891271268382,0.0000003414998
62423,0.2443557855906,3.7005089670498,0.0787492701914,0.8481746265148,0.3890311507496,0.0000003414998
62426,0.2443537373774,3.7004779490352,0.0786316369718,0.8481717644536,0.3889792754451,0.0000003414998
62430,0.2443621350561,3.7006051229648,0.0786316369718,0.8481511066589,0.3889736971638,0.0000003414998
62434,0.2443671708097,3.7006813841067,0.0786316369718,0.8481456464398,0.3889728261756,0.0000003414998
62452,0.2443637707360,3.7006298935999,0.0785848029516,0.8481295365470,0.3889462723323,0.0000003414998
62465,0.2443697884500,3.7007210254905,0.0785848029516,0.8481000960144,0.3889370473665,0.0000003414998
62499,0.2443700719723,3.7007253191348,0.0785848029516,0.8480971814571,0.3889360672080,0.0000003414998
62507,0.2443710974595,3.7007408490493,0.0785848029516,0.8479664325031,0.3888895909002,0.0000003414998
62518,0.2443673451921,3.7006840249431,0.0785379689313,0.8477800203568,0.3888021393535,0.0000003414998
62529,0.2443717750238,3.7007511100415,0.0784203357117,0.8478286404006,0.3887700386675,0.0000003414998
62542,0.2443718324568,3.7007519798034,0.0783735016915,0.8478090116217,0.3887429689734,0.0000003414998
62543,0.2443727669883,3.7007661322911,0.0783735016915,0.8469110702864,0.3884224758961,0.0000003414998
62583,0.2443745286043,3.7007928100950,0.0783735016915,0.8469052814834,0.3884207859556,0.0000003346698
62586,0.2443661118103,3.7006653466848,0.0783735016915,0.8461278962527,0.3881413447745,0.0000003346698
62590,0.2443699545746,3.7007235412706,0.0782558684719,0.8461627476084,0.3881042008998,0.0000003346698
62602,0.2443645682320,3.7006419708310,0.0782090344516,0.8462180507527,0.3881027260835,0.0000003346698
62606,0.2443659036579,3.7006621944383,0.0780914012320,0.8462251673283,0.3880551396434,0.0000003346698
62610,0.2443676227413,3.7006882281305,0.0780445672118,0.8462320221115,0.3880378844323,0.0000003346698
62613,0.2443707936638,3.7007362483861,0.0779977331916,0.8461816221140,0.3880004921936,0.0000003346698
62630,0.2443826290320,3.7009154824730,0.0779977331916,0.8460801080558,0.3879667733231,0.0000003346698
62631,0.2443870311210,3.7009821474382,0.0779977331916,0.8459196014134,0.3879103928271,0.0000003346698
62702,0.2443852294303,3.7009548627447,0.0779977331916,0.8459176412823,0.3879093067037,0.0000003346698
62703,0.2443847916057,3.7009482323559,0.0779508991713,0.8458987844683,0.3878824065847,0.0000003346698
62739,0.2443888985411,3.7010104275334,0.0779508991713,0.8458844830649,0.3878781789983,0.0000003279764
62753,0.2443897886394,3.7010239071269,0.0779508991713,0.8458232663257,0.3878565066125,0.0000003279764
62772,0.2443833106766,3.7009258052574,0.0778332659517,0.8458418571352,0.3878113438154,0.0000003279764
62791,0.2443820528279,3.7009067564734,0.0778332659517,0.8457878491456,0.3877917857087,0.0000003279764
62807,0.2443846070841,3.7009454379728,0.0778332659517,0.8418155756244,0.3863736639346,0.0000003279764
62812,0.2443797210182,3.7008714436905,0.0778332659517,0.8417961115225,0.3863656654555,0.0000003279764
62830,0.2443709756173,3.7007390038789,0.0777864319315,0.8417982874577,0.3863444968378,0.0000003279764
62864,0.2443706906172,3.7007346878551,0.0777395979112,0.8418236239297,0.3863334127834,0.0000003279764
62885,0.2443670405691,3.7006794117515,0.0776927638910,0.8417828752575,0.3862980058100,0.0000003279764
62889,0.2443669562974,3.7006781355456,0.0776366798625,0.8418287949683,0.3862903516364,0.0000003279764
62917,0.2443665185312,3.7006715060414,0.0776366798625,0.8418276215994,0.3862898387690,0.0000003214169
62962,0.2443659460038,3.7006628357218,0.0776366798625,0.8417771497382,0.3862716904198,0.0000003214169
62992,0.2443644732390,3.7006405322623,0.0776366798625,0.8417545414063,0.3862633004231,0.0000003214169
63002,0.2443728257076,3.7007670215323,0.0776709913880,0.8417073886089,0.3862629548925,0.0000003214169
63034,0.2443754356828,3.7008065468362,0.0776241573678,0.8416694603862,0.3862298966562,0.0000003214169
63044,0.2443742325806,3.7007883271303,0.0775065241482,0.8417464672883,0.3862067270766,0.0000003214169
63051,0.2443735547241,3.7007780617127,0.0774596901279,0.8416996119637,0.3861697760542,0.0000003214169
63065,0.2443714429139,3.7007460805893,0.0774596901279,0.8416945648754,0.3861675209919,0.0000003214169
63117,0.2443703359074,3.7007293161518,0.0774596901279,0.8416315161888,0.3861447663881,0.0000003149885
63152,0.2443638426543,3.7006309827263,0.0774596901279,0.8416139180260,0.3861370899186,0.0000003086887
63191,0.2443666519710,3.7006735268448,0.0774128561077,0.8415757690819,0.3861039955692,0.0000003086887
63201,0.2443669633615,3.7006782425235,0.0774128561077,0.8415659015580,0.3861005381800,0.0000003086887
63206,0.2443680964980,3.7006954026731,0.0772952228881,0.8416453077837,0.3860787261243,0.0000003086887
63211,0.2443758591044,3.7008129591070,0.0772952228881,0.8415943318259,0.3860621838408,0.0000003086887
63213,0.2443800213624,3.7008759920847,0.0772483888678,0.8415311021568,0.3860204220056,0.0000003086887
63240,0.2443742586301,3.7007887216217,0.0771307556482,0.8415362996418,0.3859706291420,0.0000003086887
63294,0.2443724806329,3.7007617957417,0.0771030221512,0.8415297476787,0.3859560223714,0.0000003025150
63307,0.2443726392449,3.7007641977521,0.0770981574953,0.8415086394649,0.3859464328593,0.0000003025150
63321,0.2443622578751,3.7006069829283,0.0770513234751,0.8414771923524,0.3859129054456,0.0000003025150
63343,0.2443616122185,3.7005972051441,0.0769637541595,0.8414692008740,0.3858723832845,0.0000003025150
63344,0.2443578202934,3.7005397804643,0.0769336902555,0.8414177208196,0.3858403004651,0.0000003025150
63345,0.2443599971702,3.7005727469520,0.0769336902555,0.8413957937063,0.3858329358268,0.0000003025150
63379,0.2443610702416,3.7005889974792,0.0769336902555,0.8413686880812,0.3858234851902,0.0000003025150
63398,0.2443506867115,3.7004317499387,0.0768868562352,0.8413364328438,0.3857896686975,0.0000003025150
63423,0.2443501013721,3.7004228855949,0.0768400222150,0.8413262353980,0.3857658295997,0.0000002964647
63434,0.2443433767423,3.7003210482153,0.0768232520988,0.8413503019819,0.3857657966235,0.0000002964647
63520,0.2443510599653,3.7004374024710,0.0768232520988,0.8413262353980,0.3857588478199,0.0000002964647
63556,0.2443538746703,3.7004800281910,0.0768232520988,0.8381712632163,0.3846326751918,0.0000002964647
63579,0.2443597725718,3.7005693456482,0.0767764180786,0.8379715144592,0.3845425284631,0.0000002964647
63596,0.2443490702450,3.7004072702698,0.0767764180786,0.8379472363223,0.3845315643441,0.0000002905354
63602,0.2443427818173,3.7003120387085,0.0767295840584,0.8379876703571,0.3845245858277,0.0000002905354
63634,0.2443373339298,3.7002295362358,0.0767295840584,0.8379100591313,0.3844957001283,0.0000002905354
63639,0.2443506919816,3.7004318297490,0.0767295840584,0.8371276774403,0.3842191405355,0.0000002905354
63649,0.2443510368994,3.7004370531622,0.0767295840584,0.8370965316627,0.3842080909544,0.0000002905354
63656,0.2443582590890,3.7005464255575,0.0766876146940,0.8369644578978,0.3841444824943,0.0000002905354
63672,0.2443570019623,3.7005273877084,0.0766876146940,0.8369290108990,0.3841315534676,0.0000002905354
63680,0.2443588221521,3.7005549525506,0.0766876146940,0.8368385282219,0.3840996282665,0.0000002905354
63789,0.2443656583625,3.7006584796988,0.0766876146940,0.8359650207411,0.3837891262112,0.0000002847247
63799,0.2443625172848,3.7006109114118,0.0766876146940,0.8321947651043,0.3824419332529,0.0000002847247
63800,0.2443555970756,3.7005061121904,0.0766407806738,0.8321963650854,0.3824209500498,0.0000002847247
63826,0.2443588237695,3.7005549770443,0.0765231474542,0.8322829883067,0.3824021641119,0.0000002847247
63915,0.2443585456947,3.7005507658957,0.0764763134340,0.8323031874458,0.3823892467798,0.0000002847247
63947,0.2443570168974,3.7005276138846,0.0764294794137,0.8322333440067,0.3823439033720,0.0000002790302
63964,0.2443576648943,3.7005374271092,0.0764529652893,0.8322015697714,0.3823427596625,0.0000002790302
63965,0.2443558710567,3.7005102613426,0.0764529652893,0.8321552084483,0.3823258176534,0.0000002790302
63985,0.2443570438941,3.7005280227203,0.0764529652893,0.8314750025375,0.3820831382933,0.0000002790302
63992,0.2443544007495,3.7004879951017,0.0764997993095,0.8311206031531,0.3819760724194,0.0000002790302
64002,0.2443605210847,3.7005806810808,0.0764997993095,0.8310314237823,0.3819455341445,0.0000002790302
64016,0.2443568448821,3.7005250088947,0.0764997993095,0.8309853872772,0.3819283047778,0.0000002790302
64078,0.2443583461811,3.7005477444741,0.0764318098208,0.8309975753339,0.3819038410098,0.0000002790302
64091,0.2443621832080,3.7006058521744,0.0764318098208,0.8309741857091,0.3818963097924,0.0000002734496
64112,0.2443548753819,3.7004951829056,0.0764318098208,0.8309565506270,0.3818884455861,0.0000002734496
64116,0.2443571597137,3.7005297766848,0.0764318098208,0.8309268104719,0.3818783136018,0.0000002734496
64161,0.2443621106001,3.7006047526037,0.0763849758006,0.8307253269903,0.3817873443968,0.0000002734496
64205,0.2443607392950,3.7005839856447,0.0763849758006,0.8298495921174,0.3814742880911,0.0000002734496
64259,0.2443534313852,3.7004733151085,0.0763849758006,0.8298447406783,0.3814709894536,0.0000002734496
64344,0.2443565450268,3.7005204679044,0.0763381417803,0.8298015446457,0.3814361577851,0.0000002679806
64356,0.2443676310916,3.7006883545869,0.0763381417803,0.8297543826887,0.3814216898143,0.0000002679806
64453,0.2443662879753,3.7006680145168,0.0763381417803,0.8297350533541,0.3814144986699,0.0000002626210
64460,0.2443663115344,3.7006683712949,0.0762864431042,0.8297803364419,0.3814085196741,0.0000002626210
64470,0.2443678573918,3.7006917816644,0.0762864431042,0.8261471637241,0.3801112892444,0.0000002626210
64472,0.2443671174588,3.7006805761635,0.0762396090840,0.8259529294791,0.3800216895911,0.0000002626210
64487,0.2443774174124,3.7008365580273,0.0762396090840,0.8257473589548,0.3799504786796,0.0000002626210
64500,0.2443783305212,3.7008503860906,0.0762396090840,0.8257404485973,0.3799482063610,0.0000002626210
64506,0.2443749047892,3.7007985070153,0.0761927750637,0.8257892880483,0.3799448432137,0.0000002626210
64511,0.2443714666022,3.7007464393230,0.0761927750637,0.8256969508529,0.3799111288895,0.0000002626210
64530,0.2443701010974,3.7007257602035,0.0761927750637,0.8252849156704,0.3797636808590,0.0000002626210
64536,0.2443637252228,3.7006292043510,0.0761927750637,0.8252621781211,0.3797541940469,0.0000002626210
64546,0.2443730979687,3.7007711446376,0.0760751418441,0.8253321138585,0.3797307653045,0.0000002626210
64551,0.2443779661823,3.7008448685644,0.0760516559685,0.8244606523656,0.3794105068704,0.0000002626210
64573,0.2443734770256,3.7007768850520,0.0760516559685,0.8239167111669,0.3792152801945,0.0000002626210
64580,0.2443742157858,3.7007880727915,0.0760048219483,0.8232867485495,0.3789703801282,0.0000002626210
64602,0.2443674063326,3.7006849508513,0.0759579879281,0.8226343450305,0.3787158479799,0.0000002573685
64603,0.2443645835576,3.7006422029197,0.0759111539078,0.8220036182307,0.3784699118052,0.0000002573685
64605,0.2443726397493,3.7007642053905,0.0759039588449,0.8219564200426,0.3784516980378,0.0000002573685
64616,0.2443813783085,3.7008965415941,0.0759039588449,0.8219097971203,0.3784369195426,0.0000002573685
64617,0.2443762751443,3.7008192595885,0.0759507928651,0.8217692291565,0.3784056948861,0.0000002573685
64638,0.2443764625196,3.7008220971887,0.0759507928651,0.8217218347549,0.3783888084660,0.0000002573685
64644,0.2443847931466,3.7009482556906,0.0759039588449,0.8214228412867,0.3782637384959,0.0000002573685
64663,0.2443792285043,3.7008639850909,0.0759039588449,0.8213557360865,0.3782385799296,0.0000002573685
64679,0.2443752925115,3.7008043786582,0.0758571248246,0.8212577832338,0.3781826816179,0.0000002573685
64695,0.2443801764944,3.7008783413949,0.0758571248246,0.8209839497604,0.3780859305166,0.0000002573685
64705,0.2443815577458,3.7008992589813,0.0758102908044,0.8209333665628,0.3780480893484,0.0000002573685
64752,0.2443808434260,3.7008884413661,0.0756926575848,0.8208406001637,0.3779643911861,0.0000002573685
64788,0.2443806811503,3.7008859838719,0.0756926575848,0.8208374308574,0.3779632245176,0.0000002522212
64792,0.2443804087404,3.7008818585134,0.0756458235645,0.8207877412954,0.3779253481490,0.0000002522212
64849,0.2443762761661,3.7008192750633,0.0756458235645,0.8207736141474,0.3779194171873,0.0000002522212
64850,0.2443738778666,3.7007829553634,0.0756458235645,0.8173169428497,0.3766843778025,0.0000002522212
64880,0.2443735583071,3.7007781159733,0.0756458235645,0.8172863058940,0.3766733675556,0.0000002522212
64882,0.2443707295456,3.7007352773839,0.0755516762205,0.8173120057782,0.3766415910608,0.0000002522212
64885,0.2443655353813,3.7006566172791,0.0755516762205,0.8172075717659,0.3766031801640,0.0000002522212
64888,0.2443586601376,3.7005524990128,0.0754340430009,0.8172849541220,0.3765789292163,0.0000002522212
64889,0.2443591216954,3.7005594888160,0.0754106948562,0.8164401974400,0.3762673229588,0.0000002522212
64890,0.2443587757587,3.7005542499714,0.0754106948562,0.8164381380148,0.3762665133205,0.0000002471768
64893,0.2443673791826,3.7006845396928,0.0753638608360,0.8162429549402,0.3761785769475,0.0000002471768
64906,0.2443661690839,3.7006662140334,0.0753170268157,0.8162011955195,0.3761433318388,0.0000002471768
64927,0.2443678611059,3.7006918379099,0.0752701927955,0.8160483417612,0.3760690320641,0.0000002471768
64952,0.2443691265061,3.7007110010530,0.0752305538383,0.8159025571062,0.3760002491485,0.0000002422332
64953,0.2443650551248,3.7006493443041,0.0751837198180,0.8159470281818,0.3759951875137,0.0000002422332
64955,0.2443708251360,3.7007367249997,0.0751368857978,0.8159798497170,0.3759880741986,0.0000002422332
65040,0.2443702251659,3.7007276390895,0.0751353101561,0.8159409151152,0.3759733651436,0.0000002422332
65044,0.2443670987647,3.7006802930612,0.0750466610302,0.8160106742930,0.3759596167100,0.0000002422332
65045,0.2443658595947,3.7006615271477,0.0750466610302,0.8159883318154,0.3759513717173,0.0000002422332
65048,0.2443706296599,3.7007337647203,0.0750466610302,0.8158427350529,0.3759003950304,0.0000002422332
65063,0.2443743601330,3.7007902587755,0.0749998270100,0.8158394760894,0.3758799587790,0.0000002422332
65070,0.2443845917816,3.7009452062320,0.0749529929897,0.8157688687735,0.3758368626536,0.0000002422332
65091,0.2443798381048,3.7008732168440,0.0749529929897,0.8157218149510,0.3758190390720,0.0000002422332
65093,0.2443801241269,3.7008775483442,0.0749529929897,0.8157186420077,0.3758179671684,0.0000002422332
65097,0.2443719545323,3.7007538285076,0.0749796301486,0.8150532753263,0.3755900015086,0.0000002422332
65104,0.2443817529297,3.7009022148343,0.0749796301486,0.8149949195480,0.3755712598158,0.0000002422332
65116,0.2443840101928,3.7009363986873,0.0749327961284,0.8150083722215,0.3755564763183,0.0000002373886
65145,0.2443812682671,3.7008948751330,0.0749327961284,0.8149939796162,0.3755507485466,0.0000002373886
65146,0.2443641124449,3.7006350684180,0.0749327961284,0.8149626011111,0.3755358656900,0.0000002373886
65178,0.2443632208827,3.7006215666557,0.0748897304260,0.8148665844152,0.3754829262343,0.0000002373886
65184,0.2443643457326,3.7006386013130,0.0748444720474,0.8146913500839,0.3754011871358,0.0000002373886
65189,0.2443603148175,3.7005775573828,0.0748913060677,0.8146325171540,0.3753993833306,0.0000002373886
65201,0.2443624822885,3.7006103814304,0.0750089392873,0.8144840384145,0.3753972339044,0.0000002373886
65219,0.2443688572843,3.7007069239743,0.0750089392873,0.8144523238315,0.3753872733382,0.0000002373886
65252,0.2443745087542,3.7007925094862,0.0749621052671,0.8144586634898,0.3753706768081,0.0000002373886
65263,0.2443755648444,3.7008085028515,0.0749152712468,0.8144988742330,0.3753651923699,0.0000002373886
65268,0.2443704852629,3.7007315779818,0.0748101770497,0.8145457460773,0.3753358034624,0.0000002373886
65274,0.2443736354854,3.7007792847575,0.0746925438301,0.8144820519530,0.3752633163715,0.0000002373886
65306,0.2443696600689,3.7007190812954,0.0746925438301,0.8144672029928,0.3752571612965,0.0000002326408
65324,0.2443717617243,3.7007509086343,0.0746457098098,0.8145061561559,0.3752514517722,0.0000002326408
65333,0.2443713578700,3.7007447926897,0.0746457098098,0.8108164718348,0.3739336208316,0.0000002326408
65336,0.2443725852720,3.7007633803909,0.0745280765902,0.8108960257376,0.3739118817175,0.0000002326408
65346,0.2443693529014,3.7007144295693,0.0744812425700,0.8109404968133,0.3739069998707,0.0000002326408
65356,0.2443588439831,3.7005552831581,0.0744344085497,0.8109079967329,0.3738730690652,0.0000002326408
65372,0.2443612905468,3.7005923337668,0.0743167753301,0.8110007110287,0.3738562913403,0.0000002326408
65386,0.2443583205674,3.7005473565817,0.0742699413099,0.8110486272813,0.3738526961406,0.0000002326408
65391,0.2443634763260,3.7006254350728,0.0741523080903,0.8111353612604,0.3738343631301,0.0000002326408
65394,0.2443672203752,3.7006821347236,0.0741991421105,0.8110742053886,0.3738333957666,0.0000002326408
65464,0.2443681876967,3.7006967837806,0.0741991421105,0.8110568892491,0.3738274187142,0.0000002279880
65468,0.2443609471004,3.7005871326368,0.0741523080903,0.8109804582593,0.3737784986528,0.0000002279880
65490,0.2443569851756,3.7005271334912,0.0741054740700,0.8110362777304,0.3737775134714,0.0000002279880
65539,0.2443563954922,3.7005182033613,0.0741054740700,0.8110264102066,0.3737738629950,0.0000002279880
65570,0.2443591117466,3.7005593381512,0.0741523080903,0.8109511903065,0.3737676525224,0.0000002279880
65602,0.2443654987765,3.7006560629382,0.0741523080903,0.8109427097303,0.3737659923945,0.0000002279880
65624,0.2443574639670,3.7005343842791,0.0741054740700,0.8109949270519,0.3737628479701,0.0000002234282
65676,0.2443565135230,3.7005199908139,0.0740929350476,0.8109805552879,0.3737521376638,0.0000002234282
65682,0.2443466074597,3.7003699740013,0.0740215188137,0.8109508173927,0.3737087873018,0.0000002234282
65705,0.2443362563569,3.7002132175375,0.0740215188137,0.8109187131575,0.3736951034100,0.0000002234282
65710,0.2443380360191,3.7002401686317,0.0739746847934,0.8108501550720,0.3736509280127,0.0000002234282
65714,0.2443335808136,3.7001726992739,0.0739731091518,0.8108040432178,0.3736328295315,0.0000002234282
65736,0.2443296109664,3.7001125801532,0.0738554759322,0.8107801186762,0.3735730201338,0.0000002234282
65742,0.2443364888850,3.7002167389287,0.0738554759322,0.8107558828390,0.3735658383173,0.0000002234282
65780,0.2443322795065,3.7001529923595,0.0737470927208,0.8106704877509,0.3734879881142,0.0000002234282
65789,0.2443349524435,3.7001934711527,0.0736294595011,0.8107375129202,0.3734620842099,0.0000002234282
65812,0.2443371238713,3.7002263551219,0.0736294595011,0.8107128456053,0.3734537397605,0.0000002189596
65816,0.2443312196913,3.7001369425836,0.0735951479757,0.8107283731802,0.3734433152021,0.0000002189596
65856,0.2443354081522,3.7002003723780,0.0735483139554,0.8106783531864,0.3734062767229,0.0000002189596
65879,0.2443370400131,3.7002250851781,0.0735390639472,0.8106573789281,0.3733951713116,0.0000002189596
65901,0.2443336750948,3.7001741270629,0.0735390639472,0.8106569595017,0.3733943004626,0.0000002189596
65914,0.2443294627721,3.7001103359076,0.0735155780716,0.8106749768621,0.3733897672183,0.0000002189596
65916,0.2443343519122,3.7001843767447,0.0735357749330,0.8106082314718,0.3733756330495,0.0000002189596
65938,0.2443372152735,3.7002277393108,0.0735357749330,0.8105284490774,0.3733477529146,0.0000002189596
65956,0.2443410927183,3.7002864590970,0.0734889409127,0.8105778503079,0.3733461553694,0.0000002189596
65973,0.2443250938249,3.7000441728408,0.0734421068925,0.8106302082687,0.3733413545838,0.0000002145805
66018,0.2443366072436,3.7002185313433,0.0734421068925,0.8105779909472,0.3733251727015,0.0000002145805
66024,0.2443301189353,3.7001202728023,0.0734421068925,0.8105570298395,0.3733162962399,0.0000002145805
66036,0.2443287159682,3.7000990263556,0.0734421068925,0.8105549601825,0.3733152564408,0.0000002145805
66066,0.2443245546981,3.7000360083376,0.0734421068925,0.8105524742280,0.3733134768993,0.0000002145805
66075,0.2443284834756,3.7000955055024,0.0734421068925,0.8104845228977,0.3732900504479,0.0000002145805
66105,0.2443301912365,3.7001213677283,0.0733952728723,0.8105141067487,0.3732809103348,0.0000002145805
66154,0.2443304896324,3.7001258866165,0.0733952728723,0.8104923339722,0.3732731982851,0.0000002102888
66177,0.2443258988786,3.7000563645241,0.0733952728723,0.8069736702104,0.3720155489229,0.0000002102888
66199,0.2443254217129,3.7000491383559,0.0732776396526,0.8070126643300,0.3719789589075,0.0000002102888
66203,0.2443300437983,3.7001191349319,0.0732308056324,0.8069612621555,0.3719415197119,0.0000002102888
66272,0.2443237901576,3.7000244301826,0.0732308056324,0.8036914966662,0.3707724062570,0.0000002102888
66279,0.2443182570625,3.6999406373312,0.0731839716122,0.8036689322645,0.3707430901559,0.0000002102888
66309,0.2443184006593,3.6999428119527,0.0731839716122,0.8036445029786,0.3707343961817,0.0000002060831
66315,0.2443208237006,3.6999795063407,0.0731839716122,0.8035520038024,0.3707018799848,0.0000002060831
66345,0.2443107414060,3.6998268206923,0.0732308056324,0.8034610993287,0.3706873253326,0.0000002060831
66347,0.2443145250865,3.6998841205172,0.0731839716122,0.8034902236965,0.3706784659582,0.0000002060831
66350,0.2443205580526,3.6999754833838,0.0731371375919,0.8035283306472,0.3706732966390,0.0000002060831
66358,0.2443226933490,3.7000078201815,0.0731561003843,0.8034971079989,0.3706707301677,0.0000002060831
66389,0.2443224405647,3.7000039920319,0.0731561003843,0.8034916477797,0.3706687259213,0.0000002060831
66398,0.2443302761478,3.7001226536193,0.0731561003843,0.8034639525019,0.3706605138042,0.0000002060831
66400,0.2443251460372,3.7000449635397,0.0731244608386,0.8034713753126,0.3706485056933,0.0000002019614
66415,0.2443321381966,3.7001508523710,0.0731244608386,0.8034572249303,0.3706449503052,0.0000002019614
66417,0.2443381525832,3.7002419338714,0.0731244608386,0.8034275929861,0.3706356562651,0.0000002019614
66418,0.2443363078763,3.7002139977440,0.0730068276189,0.8035029038633,0.3706117434756,0.0000002019614
66420,0.2443386887933,3.7002500542042,0.0730068276189,0.8034703122612,0.3706006138143,0.0000002019614
66475,0.2443310424944,3.7001342591256,0.0730068276189,0.8034040716361,0.3705753179555,0.0000001979222
66491,0.2443225710039,3.7000059673946,0.0728891943993,0.8033737200361,0.3705122485420,0.0000001979222
66494,0.2443285654065,3.7000967462590,0.0728891943993,0.8033658979373,0.3705107394501,0.0000001979222
66508,0.2443301973174,3.7001214598166,0.0728891943993,0.8033232558573,0.3704958598310,0.0000001979222
66557,0.2443302253209,3.7001218838998,0.0728891943993,0.8033051492952,0.3704893992025,0.0000001979222
66565,0.2443331820059,3.7001666597558,0.0728702316070,0.8032895486990,0.3704763342253,0.0000001979222
66605,0.2443357432615,3.7002054472530,0.0728556541670,0.8032996989587,0.3704742606843,0.0000001979222
66610,0.2443328123194,3.7001610612460,0.0727854720021,0.8032934681978,0.3704413292828,0.0000001979222
66611,0.2443384150092,3.7002459080354,0.0727386379818,0.8032998078561,0.3704247222999,0.0000001979222
66646,0.2443492336966,3.7004097455704,0.0727386379818,0.8032109305571,0.3703952986976,0.0000001939637
66668,0.2443603972889,3.7005788063247,0.0726918039616,0.8032446999809,0.3703896796815,0.0000001939637
66687,0.2443610280103,3.7005883579303,0.0726918039616,0.8031989620535,0.3703734798620,0.0000001939637
66709,0.2443679145647,3.7006926474867,0.0726449699414,0.8032296628879,0.3703658484130,0.0000001939637
66710,0.2443769595245,3.7008296238008,0.0726449699414,0.8032029009591,0.3703582287869,0.0000001939637
66713,0.2443908283979,3.7010396531646,0.0726355822022,0.8031299111801,0.3703311095934,0.0000001939637
66720,0.2444052159017,3.7012575366360,0.0725936128379,0.8030827969584,0.3702993792517,0.0000001939637
66732,0.2444043027789,3.7012437083609,0.0725936128379,0.8030545972925,0.3702891122733,0.0000001939637
66750,0.2444035205068,3.7012318616804,0.0725467788177,0.8031093977737,0.3702884445211,0.0000001939637
66767,0.2444152035778,3.7014087893885,0.0725461617832,0.8030472092036,0.3702684733893,0.0000001939637
66791,0.2444179727390,3.7014507253943,0.0725369117750,0.8030553398406,0.3702680062907,0.0000001939637
66793,0.2444204930482,3.7014888928021,0.0725079276813,0.8030077006345,0.3702391106003,0.0000001939637
66796,0.2444222813435,3.7015159746362,0.0725079276813,0.8029720709501,0.3702267689192,0.0000001939637
66801,0.2444167684090,3.7014324870950,0.0724610936610,0.8030089354103,0.3702186817318,0.0000001939637
66810,0.2444154352087,3.7014122971927,0.0724610936610,0.8029765890282,0.3702068437667,0.0000001939637
66820,0.2444193108136,3.7014709891141,0.0724142596408,0.8029514476197,0.3701786234560,0.0000001900845
66827,0.2444161701007,3.7014234263520,0.0723674256206,0.8029994041846,0.3701750060677,0.0000001900845
66829,0.2444169334002,3.7014349857117,0.0724142596408,0.8028279274704,0.3701339996712,0.0000001900845
66855,0.2444274522112,3.7015942819381,0.0723091654437,0.8028160026435,0.3700869544652,0.0000001900845
66869,0.2444250362925,3.7015576954138,0.0722623314234,0.8028558478622,0.3700805954806,0.0000001900845
66927,0.2444299465876,3.7016320566201,0.0722623314234,0.8028346635020,0.3700740818438,0.0000001900845
66935,0.2444312629303,3.7016519912333,0.0722154974032,0.8028740552682,0.3700683606822,0.0000001900845
66941,0.2444248164003,3.7015543653806,0.0722154974032,0.8027827326217,0.3700343640520,0.0000001900845
66944,0.2444305072321,3.7016405469866,0.0721686633830,0.8028064045091,0.3700239660385,0.0000001900845
67019,0.2444246677599,3.7015521143791,0.0721218293627,0.8028309123894,0.3700113958145,0.0000001862828
67083,0.2444252138438,3.7015603842402,0.0721310793710,0.8027628592345,0.3699911724235,0.0000001862828
67171,0.2444406447087,3.7017940683074,0.0720134461513,0.8027394252888,0.3699356955341,0.0000001825571
67186,0.2444420517439,3.7018153763626,0.0719666121311,0.8027496888407,0.3699195908730,0.0000001825571
67241,0.2444487481674,3.7019167865865,0.0719666121311,0.8026943379943,0.3699012576614,0.0000001825571
67252,0.2444413632940,3.7018049505186,0.0719666121311,0.8026472103333,0.3698828438811,0.0000001825571
67330,0.2444447108544,3.7018556457684,0.0719666121311,0.8026235857724,0.3698751238723,0.0000001789060
67343,0.2444463241720,3.7018800777497,0.0719666121311,0.8026003337496,0.3698671652893,0.0000001789060
67369,0.2444503812059,3.7019415172220,0.0720134461513,0.6877239939032,0.3288608421459,0.0000001789060
67404,0.2444390267083,3.7017695654088,0.0720140631858,0.6876935213163,0.3288477904158,0.0000001789060
67418,0.2444403056051,3.7017889329444,0.0718964299662,0.6877731490577,0.3288260887072,0.0000001789060
67452,0.2444458641149,3.7018731106744,0.0718495959460,0.6878222835421,0.3288247561236,0.0000001789060
67467,0.2444471615608,3.7018927591144,0.0718489789115,0.6877727097174,0.3288070647670,0.0000001789060
67495,0.2444457428211,3.7018712738082,0.0718021448912,0.6876930819760,0.3287582505494,0.0000001753279
67505,0.2444493988806,3.7019266409483,0.0717559279055,0.6877174117602,0.3287479159197,0.0000001753279
67520,0.2444531473554,3.7019834076192,0.0717559279055,0.6876939945883,0.3287403558886,0.0000001753279
67543,0.2444546288678,3.7020058435525,0.0717553108710,0.6876869948838,0.3287379090177,0.0000001753279
67558,0.2444498639184,3.7019336834523,0.0717503084842,0.6876052329721,0.3287055433944,0.0000001753279
67567,0.2444581412063,3.7020590341905,0.0717503084842,0.6875578990908,0.3286904121413,0.0000001753279
67603,0.2444700110121,3.7022387897974,0.0717040914985,0.6875708494518,0.3286777735204,0.0000001753279
67604,0.2444814586448,3.7024121520430,0.0716572574782,0.6875839710875,0.3286648411601,0.0000001753279
67622,0.2444761906654,3.7023323740870,0.0716104234580,0.6875622564233,0.3286358853472,0.0000001753279
67662,0.2444779456529,3.7023589515100,0.0715635894378,0.6875354154220,0.3286066036211,0.0000001718213
67677,0.2444830340321,3.7024360096099,0.0715433925764,0.6874676613391,0.3285748403036,0.0000001718213
67683,0.2444900404677,3.7025421146400,0.0714257593568,0.6875129621762,0.3285421063161,0.0000001718213
67757,0.2444915238957,3.7025645795816,0.0714257593568,0.6874944141711,0.3285357999060,0.0000001718213
67803,0.2444901026582,3.7025430564483,0.0714257593568,0.6874708764897,0.3285270890403,0.0000001718213
67810,0.2444850375994,3.7024663515104,0.0713789253366,0.6874720719758,0.3285063589069,0.0000001718213
67855,0.2444844533765,3.7024575040744,0.0713320913163,0.6875272598373,0.3285058719439,0.0000001683849
67901,0.2444911732955,3.7025592701144,0.0713075091027,0.6874639075059,0.3284741508594,0.0000001683849
67906,0.2444892205301,3.7025296975552,0.0712656774693,0.6873473335603,0.3284141710148,0.0000001683849
67935,0.2444885404036,3.7025193977615,0.0712656774693,0.6873167501298,0.3284031026197,0.0000001683849
67943,0.2444921657535,3.7025742998369,0.0712656774693,0.6841374094217,0.3272684006560,0.0000001683849
67946,0.2444954393645,3.7026238752012,0.0712847779925,0.6840522538012,0.3272468753610,0.0000001683849
67956,0.2445007603835,3.7027044563848,0.0712379439723,0.6839995084804,0.3272091062419,0.0000001683849
67960,0.2444987564302,3.7026741086397,0.0711831105405,0.6840449197365,0.3272013950869,0.0000001683849
67968,0.2444884615735,3.7025182039635,0.0711831105405,0.6839864946891,0.3271783229578,0.0000001683849
67981,0.2444837971936,3.7024475668817,0.0711362765203,0.6840266917235,0.3271716078086,0.0000001683849
68038,0.2444851012390,3.7024673152643,0.0711362765203,0.6840187274488,0.3271690428630,0.0000001650172
68057,0.2444867562535,3.7024923787026,0.0711362765203,0.6840152484309,0.3271681550026,0.0000001650172
68119,0.2444887537370,3.7025226284698,0.0710186433007,0.6840853689435,0.3271432118380,0.0000001650172
68126,0.2444900834636,3.7025427657664,0.0710186433007,0.6840690944245,0.3271376844512,0.0000001650172
68143,0.2444884020582,3.7025173026679,0.0710061042782,0.6840189177753,0.3271140300515,0.0000001650172
68153,0.2444814942245,3.7024126908597,0.0709815220646,0.6838387185631,0.3270376577054,0.0000001650172
68216,0.2444772573445,3.7023485278091,0.0709815220646,0.6838045137364,0.3270245337931,0.0000001617168
68258,0.2444818202770,3.7024176285787,0.0708764278674,0.6838510100595,0.3269970770238,0.0000001617168
68279,0.2444823853300,3.7024261857064,0.0708764278674,0.6838323029753,0.3269905170051,0.0000001617168
68281,0.2444798301908,3.7023874908357,0.0708295938472,0.6838075660580,0.3269610631390,0.0000001584825
68304,0.2444810407555,3.7024058235520,0.0708295938472,0.6837886382523,0.3269545626151,0.0000001584825
68318,0.2444857066129,3.7024764830096,0.0708073420406,0.6838008298040,0.3269503800787,0.0000001584825
68356,0.2444844201147,3.7024570003608,0.0708073420406,0.6837796931357,0.3269425555904,0.0000001553128
68391,0.2444777399275,3.7023558360162,0.0707605080204,0.6837056663857,0.3268946142738,0.0000001553128
68395,0.2444664243877,3.7021844741791,0.0707818012198,0.6836807775290,0.3268924262948,0.0000001553128
68440,0.2444712258438,3.7022571871344,0.0706641680002,0.6836907162356,0.3268465904793,0.0000001553128
68453,0.2444626658460,3.7021275550542,0.0706593033443,0.6836553066183,0.3268300250496,0.0000001553128
68495,0.2444566106883,3.7020358561190,0.0706124693240,0.6836830950222,0.3268185802229,0.0000001553128
68498,0.2444608510932,3.7021000725506,0.0704948361044,0.6836180715955,0.3267458519917,0.0000001553128
68707,0.2444622434207,3.7021211578721,0.0703772028848,0.6836427348070,0.3267045444004,0.0000001491625
68738,0.2444545492216,3.7020046373946,0.0703549510782,0.6836655403051,0.3267015039757,0.0000001491625
68745,0.2444583494892,3.7020621884135,0.0702373178586,0.6836582570011,0.3266493029018,0.0000001491625
68759,0.2444512567539,3.7019547764661,0.0702373178586,0.6836152277694,0.3266324154471,0.0000001491625
68786,0.2444472933412,3.7018947547892,0.0701904838383,0.6835712261302,0.3265957795503,0.0000001491625
68805,0.2444457239455,3.7018709879572,0.0701904838383,0.6834771897056,0.3265618588139,0.0000001491625
68946,0.2444492171356,3.7019238886133,0.0702182173353,0.6834087141298,0.3265500375763,0.0000001461792
68980,0.2444428194072,3.7018270018083,0.0701295682094,0.6835066333640,0.3265456453070,0.0000001461792
69015,0.2444380681241,3.7017550486700,0.0701170457146,0.6835202566376,0.3265441258463,0.0000001461792
69040,0.2444404350534,3.7017908933010,0.0700880616209,0.6835514273640,0.3265433436933,0.0000001432556
69073,0.2444476687359,3.7019004397434,0.0699798161405,0.6835582399602,0.3265009359180,0.0000001432556
69080,0.2444513040969,3.7019554934263,0.0699798161405,0.6835512936355,0.3264992340936,0.0000001432556
69085,0.2444510189691,3.7019511754679,0.0699585229411,0.6834926808275,0.3264691141922,0.0000001432556
69097,0.2444494288148,3.7019270942702,0.0699116889208,0.6835167241749,0.3264572886317,0.0000001432556
69161,0.2444535612638,3.7019896758229,0.0697940557012,0.6835603888979,0.3264233544635,0.0000001432556
69182,0.2444508565005,3.7019487150543,0.0696764224816,0.6836112555137,0.3263905272828,0.0000001432556
69192,0.2444532176243,3.7019844717674,0.0696764224816,0.6835864956269,0.3263821904212,0.0000001403905
69200,0.2444562941660,3.7020310627247,0.0696764224816,0.6835198178418,0.3263590361854,0.0000001403905
69202,0.2444561678072,3.7020291491548,0.0696747091090,0.6834685293725,0.3263399574956,0.0000001403905
69203,0.2444567577075,3.7020380825685,0.0696534159096,0.6834718826353,0.3263321558397,0.0000001403905
69204,0.2444646691422,3.7021578928490,0.0696267787507,0.6834868486339,0.3263277802215,0.0000001403905
69237,0.2444647445517,3.7021590348456,0.0696142397282,0.6834796938655,0.3263198672394,0.0000001403905
69268,0.2444689445747,3.7022226397357,0.0696142397282,0.6834742319161,0.3263188165481,0.0000001403905
69385,0.2444734996190,3.7022916210465,0.0695674057080,0.6803619615130,0.3251881957622,0.0000001375827
69511,0.2444727598333,3.7022804177763,0.0695581556998,0.6803657897117,0.3251854401612,0.0000001375827
69518,0.2444794118072,3.7023811548592,0.0695956019808,0.6803096108071,0.3251828500958,0.0000001375827
69542,0.2444833891943,3.7024413881650,0.0695956019808,0.6802562940170,0.3251646606824,0.0000001348310
69546,0.2444831043903,3.7024370751107,0.0696157988422,0.6802047771978,0.3251548565866,0.0000001348310
69603,0.2444868670892,3.7024940571920,0.0696157988422,0.6801589022489,0.3251392789690,0.0000001348310
69646,0.2444863293265,3.7024859133459,0.0696157988422,0.6800420359474,0.3250974257693,0.0000001348310
69655,0.2444922055113,3.7025749019263,0.0696157988422,0.6799792578715,0.3250762642103,0.0000001348310
69693,0.2444847737419,3.7024623556689,0.0695979489156,0.6799335155078,0.3250506851613,0.0000001348310
69707,0.2444886684543,3.7025213369527,0.0695020881990,0.5757018291345,0.2877848343021,0.0000001321344
69741,0.2444952939355,3.7026216728330,0.0694818913377,0.5753433049051,0.2876495538827,0.0000001321344
69757,0.2444934880044,3.7025943239236,0.0694818913377,0.5753261598048,0.2876430436474,0.0000001321344
69763,0.2444923424401,3.7025769755678,0.0694350573174,0.5753322220818,0.2876248915453,0.0000001321344
69768,0.2444939451357,3.7026012466912,0.0693174240978,0.5754151980712,0.2876044550250,0.0000001321344
69779,0.2444908293266,3.7025540610708,0.0692798400858,0.5753244882164,0.2875552835412,0.0000001321344
69844,0.2444944416721,3.7026087662077,0.0691835000656,0.5753950455089,0.2875399680682,0.0000001321344
69909,0.2444948017442,3.7026142191177,0.0691835000656,0.5753679363851,0.2875303633966,0.0000001294917
69954,0.2444946287256,3.7026115989348,0.0691383794180,0.5753551818229,0.2875064336999,0.0000001294917
69956,0.2444965509057,3.7026407083124,0.0691383794180,0.5753376075844,0.2875005690819,0.0000001294917
69963,0.2444969158153,3.7026462344803,0.0691383794180,0.5726727754261,0.2865489215060,0.0000001294917
70075,0.2444958385387,3.7026299202701,0.0691383794180,0.5724095012779,0.2864546641795,0.0000001269019
70093,0.2444957025283,3.7026278605368,0.0691009331369,0.5724351998824,0.2864477647013,0.0000001269019
70097,0.2444946576025,3.7026120362450,0.0690731996399,0.5724277976482,0.2864330113491,0.0000001269019
70102,0.2444976649858,3.7026575798726,0.0690835459862,0.5724027288602,0.2864291367983,0.0000001269019
70142,0.2444972621984,3.7026514800848,0.0690569088273,0.5723511318171,0.2863992070460,0.0000001269019
70189,0.2444981775054,3.7026653414371,0.0689654334630,0.5723511444892,0.2863602039814,0.0000001269019
70204,0.2445021342118,3.7027252615550,0.0689364493693,0.5722508882527,0.2863128242939,0.0000001269019
70279,0.2445022999542,3.7027277715486,0.0689364493693,0.5722484229630,0.2863119793495,0.0000001243639
70288,0.2445014676942,3.7027151678536,0.0689364493693,0.5722332260263,0.2863063735307,0.0000001243639
70325,0.2445001403433,3.7026950665342,0.0688896153491,0.5722713893272,0.2862996471257,0.0000001243639
70330,0.2444943158367,3.7026068605651,0.0688896153491,0.5722741402754,0.2862993814987,0.0000001243639
70358,0.2444959626672,3.7026318000644,0.0688896153491,0.5722680779984,0.2862975692920,0.0000001243639
70378,0.2444981156592,3.7026644048433,0.0687719821294,0.5722423606859,0.2862384316560,0.0000001243639
70445,0.2444985202960,3.7026705326380,0.0687251481092,0.5721593662369,0.2861888057663,0.0000001218766
70464,0.2444911593928,3.7025590595722,0.0688324349825,0.5719611345082,0.2861624114725,0.0000001218766
70627,0.2444895906714,3.7025353029524,0.0688324349825,0.5719002866109,0.2861403439260,0.0000001194391
70785,0.2444786514183,3.7023696395774,0.0688574964998,0.4779410849851,0.2525918827271,0.0000001170503
70886,0.2444748463134,3.7023120153032,0.0688106624795,0.4779844589244,0.2525864863171,0.0000001170503
70901,0.2444757529474,3.7023257453119,0.0688106624795,0.4757169204098,0.2517768454120,0.0000001147093
70928,0.2444754726573,3.7023215006158,0.0688106624795,0.4757151253994,0.2517761442747,0.0000001147093
70934,0.2444742817310,3.7023034653018,0.0687638284593,0.4757530839560,0.2517693739806,0.0000001147093
70946,0.2444681886114,3.7022111914731,0.0687169944391,0.4756735960591,0.2517196080546,0.0000001147093
70962,0.2444696097247,3.7022327127269,0.0687169944391,0.4756535954668,0.2517127695102,0.0000001147093
70991,0.2444634993531,3.7021401776346,0.0687169944391,0.4756552745055,0.2517120598015,0.0000001147093
71012,0.2444709016675,3.7022522778290,0.0686701604188,0.4756907449511,0.2517062423051,0.0000001147093
71018,0.2444780579442,3.7023606520423,0.0685525271992,0.4757265643539,0.2516701541998,0.0000001147093
71020,0.2444823795967,3.7024260988813,0.0685993612194,0.4756422167898,0.2516610278611,0.0000001147093
71091,0.2444865499172,3.7024892539581,0.0685525271992,0.4735131828846,0.2508814805264,0.0000001124151
71124,0.2444816402637,3.7024149024680,0.0685993612194,0.4734266523103,0.2508695964042,0.0000001124151
71197,0.2444777429733,3.7023558821420,0.0684817279998,0.4726837734356,0.2505530331498,0.0000001124151
71285,0.2444790488038,3.7023756575584,0.0684817279998,0.4726761097689,0.2505505759468,0.0000001101668
71293,0.2444778991436,3.7023582471751,0.0684817279998,0.4726546690287,0.2505426721838,0.0000001101668
71331,0.2444756124628,3.7023236178225,0.0684817279998,0.4702659943774,0.2496890840910,0.0000001079634
71342,0.2444872880514,3.7025004322166,0.0685285620201,0.4701815001839,0.2496814812281,0.0000001079634
71354,0.2444939077466,3.7026006804733,0.0685285620201,0.4701505466135,0.2496718448877,0.0000001079634
71397,0.2444940007761,3.7026020893064,0.0684817279998,0.4701130417552,0.2496383985074,0.0000001079634
71458,0.2445027626705,3.7027347788955,0.0684092154279,0.4701440198751,0.2496202628539,0.0000001058042
71502,0.2444995990997,3.7026868699739,0.0684092154279,0.4701427715443,0.2496191391134,0.0000001058042
71560,0.2445009335436,3.7027070787103,0.0683640947802,0.4701693230964,0.2496095703424,0.0000001058042
71587,0.2445026715645,3.7027333991921,0.0683907319391,0.4701281112045,0.2496066401679,0.0000001036881
71599,0.2445042129935,3.7027567424972,0.0683907319391,0.4697228186032,0.2494622231165,0.0000001036881
71716,0.2445081063615,3.7028157034223,0.0683907319391,0.4694550283633,0.2493674180383,0.0000001036881
71745,0.2445034185920,3.7027447121302,0.0683438979189,0.4694113584882,0.2493307454093,0.0000001016143
71759,0.2445004251800,3.7026993800839,0.0682970638986,0.4693478594615,0.2492873540171,0.0000001016143
71763,0.2444878194855,3.7025084802225,0.0682970638986,0.4693493625479,0.2492851896134,0.0000001016143
71767,0.2444823635699,3.7024258561717,0.0682502298784,0.4693844426106,0.2492764773595,0.0000001016143
71783,0.2444843300953,3.7024556371123,0.0681325966588,0.4695053219700,0.2492696557206,0.0000001016143
71810,0.2444844174557,3.7024569600923,0.0680857626386,0.4695395286525,0.2492618193901,0.0000001016143
71835,0.2444938104879,3.7025992075939,0.0680857626386,0.4693220036826,0.2491861446934,0.0000001016143
71837,0.2444919973811,3.7025717500153,0.0680857626386,0.4691861643981,0.2491372421403,0.0000001016143
71839,0.2444977101907,3.7026582644529,0.0680857626386,0.4691320129023,0.2491191264939,0.0000001016143
71845,0.2444962495015,3.7026361438652,0.0680763748994,0.4690589123655,0.2490886828378,0.0000001016143
71853,0.2444978657583,3.7026606203584,0.0680763748994,0.4689528918377,0.2490511647043,0.0000001016143
71865,0.2444999285977,3.7026918598723,0.0680763748994,0.4688795428285,0.2490254106666,0.0000001016143
71892,0.2444995573619,3.7026862378997,0.0680763748994,0.4688059638066,0.2489990528939,0.0000001016143
71965,0.2444996849776,3.7026881705039,0.0680295408792,0.4687802630224,0.2489698296657,0.0000000995820
72167,0.2444993084109,3.7026824678011,0.0680295408792,0.4687780511787,0.2489689590286,0.0000000975904
72323,0.2444970335244,3.7026480170596,0.0680082476798,0.4687304003193,0.2489423277320,0.0000000956386
72324,0.2444919280616,3.7025707002450,0.0679614136595,0.4687875692629,0.2489415794612,0.0000000956386
72329,0.2444892707067,3.7025304574266,0.0679363521423,0.3852592549483,0.2190987285511,0.0000000956386
72359,0.2444925850016,3.7025806489041,0.0678187189227,0.3853230669947,0.2190718145367,0.0000000956386
72474,0.2444956346840,3.7026268331072,0.0678138542668,0.3853191819565,0.2190689956739,0.0000000937258
72479,0.2444877906790,3.7025080439777,0.0677670202465,0.3853706648786,0.2190656298507,0.0000000937258
72505,0.2444873469852,3.7025013247075,0.0677670202465,0.3852616607691,0.2190266047343,0.0000000937258
72535,0.2444893406179,3.7025315161580,0.0677201862263,0.3851391275875,0.2189631983678,0.0000000937258
72553,0.2445011129492,3.7027097956172,0.0676858747008,0.3851595062522,0.2189582941652,0.0000000937258
72582,0.2444918428852,3.7025694103399,0.0676858747008,0.3850674193568,0.2189234195460,0.0000000937258
72585,0.2444947224407,3.7026130181506,0.0676858747008,0.3850385414764,0.2189137230649,0.0000000937258
72666,0.2444943447488,3.7026072984073,0.0676858747008,0.3850355515149,0.2189125742876,0.0000000918513
72709,0.2444881777084,3.7025139051281,0.0676858747008,0.3849077131626,0.2188655962245,0.0000000918513
72724,0.2444850922845,3.7024671796585,0.0676603338800,0.3849121530900,0.2188555746845,0.0000000918513
72731,0.2444889322086,3.7025253312328,0.0676336967211,0.3849333335684,0.2188525460568,0.0000000918513
72736,0.2444904767058,3.7025487210029,0.0676336967211,0.3824504876480,0.2179661463346,0.0000000918513
72769,0.2444941854824,3.7026048864872,0.0676336967211,0.3824293071696,0.2179593766158,0.0000000900143
72785,0.2444968388569,3.7026450690270,0.0675160635015,0.3824928615752,0.2179322289611,0.0000000900143
72818,0.2444992722471,3.7026819201390,0.0675160635015,0.3824874013561,0.2179308003236,0.0000000900143
72857,0.2444974095205,3.7026537111214,0.0675160635015,0.3824849023729,0.2179295086739,0.0000000900143
72868,0.2444929852880,3.7025867108167,0.0674692294813,0.3798834065490,0.2169793832498,0.0000000900143
72894,0.2444980602100,3.7026635651238,0.0674223954610,0.3799314926978,0.2169775726347,0.0000000900143
72900,0.2445014623861,3.7027150874693,0.0674021985997,0.3799124859013,0.2169628577331,0.0000000900143
