0,0.2063240533919,3.124558757017,0.5553584234398,0.3201241934734,0.3965531191558,100000
4,0.2063489122389,3.124935217865,0.5551231570006,0.320217471076,0.3964909310072,100000.0000000000000
5,0.2063539234190,3.1250111068673,0.5551231570006,0.3200441043298,0.3964300881364,100000.0000000000000
6,0.2063493776834,3.1249422665272,0.5550763229804,0.3200993515361,0.3964287734724,100000.0000000000000
7,0.2063528607270,3.1249950135254,0.5550763229804,0.3200758438424,0.3964211242339,100000.0000000000000
8,0.2063583249324,3.1250777631155,0.5549586897607,0.3200828442385,0.3963743810396,100000.0000000000000
9,0.2063595812769,3.1250967891186,0.5549586897607,0.3199420336078,0.3963243607453,100000.0000000000000
15,0.2063908329328,3.1255700622718,0.5548410565411,0.3200560488877,0.3963213630346,100000.0000000000000
16,0.2063914044119,3.1255787167154,0.5548410565411,0.3200429264551,0.3963167989113,100000.0000000000000
17,0.2063968079240,3.1256605471705,0.5548410565411,0.3200004944971,0.3963028025360,100000.0000000000000
18,0.2064101533522,3.1258626495126,0.5547234233215,0.3197217860389,0.3961557092986,100000.0000000000000
19,0.2064205744053,3.1260204652985,0.5546057901019,0.3194288992494,0.3960029257196,100000.0000000000000
20,0.2064300753428,3.1261643469116,0.5546057901019,0.3193879811759,0.3959903480371,100000.0000000000000
41,0.2064595617760,3.1266108876399,0.5546297552810,0.3193153203300,0.3959809870475,100000.0000000000000
42,0.2064618647072,3.1266457630872,0.5546297552810,0.3192381876828,0.3959539331587,100000.0000000000000
43,0.2064665383023,3.1267165397236,0.5545829212608,0.3192063449898,0.3959234905300,100000.0000000000000
44,0.2064634977922,3.1266704944258,0.5545829212608,0.3191617066435,0.3959068967256,100000.0000000000000
45,0.2064672201357,3.1267268653674,0.5544652880412,0.3191682318767,0.3958596105741,100000.0000000000000
48,0.2064717052636,3.1267947878679,0.5544184540209,0.3189985151127,0.3957798868200,100000.0000000000000
49,0.2064700540511,3.1267697820075,0.5544652880412,0.3189324606088,0.3957760138174,100000.0000000000000
53,0.2064871382454,3.1270285039940,0.5544652880412,0.3187443445140,0.3957124903967,100000.0000000000000
54,0.2064926533072,3.1271120237496,0.5544652880412,0.3183542055496,0.3955743368512,100000.0000000000000
55,0.2065006411333,3.1272329908965,0.5544652880412,0.3183167803465,0.3955626823842,100000.0000000000000
56,0.2065024287565,3.1272600625515,0.5544652880412,0.3179943041087,0.3954478953614,100000.0000000000000
57,0.2065047531436,3.1272952629265,0.5544652880412,0.3178735368083,0.3954052622656,100000.0000000000000
61,0.2065020081835,3.1272536934201,0.5544652880412,0.3176324232656,0.3953185620804,100000.0000000000000
65,0.2064943561131,3.1271378109373,0.5544652880412,0.3175944369441,0.3953033558076,100000.0000000000000
66,0.2064957604433,3.1271590780273,0.5544184540209,0.3175472581307,0.3952667354364,100000.0000000000000
68,0.2065023226966,3.1272584563871,0.5545360872406,0.3173629711200,0.3952527390810,100000.0000000000000
69,0.2064964378326,3.1271693363691,0.5545360872406,0.3169230139151,0.3950943504655,100000.0000000000000
70,0.2064998189733,3.1272205401562,0.5545829212608,0.3165916009637,0.3949967849502,100000.0000000000000
71,0.2064906462046,3.1270816283123,0.5545829212608,0.3164436377408,0.3949419753488,100000.0000000000000
72,0.2064864087567,3.1270174566617,0.5545360872406,0.3164891422587,0.3949372472148,100000.0000000000000
73,0.2064898947746,3.1270702487023,0.5545829212608,0.3163651401810,0.3949137794853,100000.0000000000000
151195,0.2549401246489,3.8607975458561,0.0072464145778,0.8622252626395,0.3656732267579,0.0000021424369
151530,0.2549323254284,3.8606794349413,0.0071923854946,0.8622534221555,0.3656584571450,0.0000021424369
151556,0.2549348984997,3.8607184013753,0.0072392195148,0.7368503717488,0.3208922765237,0.0000021424369
151623,0.2549390597470,3.8607814190477,0.0072392195148,0.7368446424839,0.3208911220535,0.0000021424369
151669,0.2549293445668,3.8606342929565,0.0071243960059,0.7360783967958,0.3205661709796,0.0000021424369
151740,0.2549243770130,3.8605590646288,0.0071527465373,0.7359956393002,0.3205477004831,0.0000020995882
151866,0.2549275674826,3.8606073809029,0.0071477441505,0.7359888008738,0.3205437979800,0.0000020995882
151908,0.2549249569690,3.8605678474457,0.0070432669879,0.7360873299557,0.3205336516152,0.0000020995882
152017,0.2549225082614,3.8605307643686,0.0070182054706,0.7360861664983,0.3205219707214,0.0000020995882
152638,0.2549107974304,3.8603534162658,0.0070349755868,0.7360619653903,0.3205180051974,0.0000020995882
152857,0.2549086548695,3.8603209694550,0.0070349755868,0.7360084136795,0.3204984204662,0.0000020995882
153020,0.2549148976724,3.8604155100780,0.0070650394909,0.7358762777299,0.3204654513294,0.0000020995882
153128,0.2549178282097,3.8604598899551,0.0070650394909,0.7357777117287,0.3204308771584,0.0000020995882
153200,0.2549160104237,3.8604323615155,0.0070896217045,0.7356981612245,0.3204126119729,0.0000020995882
153211,0.2549156000933,3.8604261474971,0.0070896217045,0.7356796289059,0.3204059053598,0.0000020995882
153307,0.2549142810212,3.8604061715499,0.0070924314152,0.7356292838975,0.3203888465030,0.0000020995882
154748,0.2549378931394,3.8607637520137,0.0072105439384,0.7354698718662,0.3203875930271,0.0000020995882
155309,0.2549319652834,3.8606739809286,0.0071637099182,0.7355165195432,0.3203829109340,0.0000020995882
155568,0.2549357307902,3.8607310055306,0.0072105439384,0.7354475297993,0.3203791503570,0.0000020995882
155570,0.2549375048912,3.8607578724068,0.0072105439384,0.7354317987517,0.3203739122902,0.0000020995882
155861,0.2549342518167,3.8607086080478,0.0071359764212,0.7355042250543,0.3203671242320,0.0000020995882
155998,0.2549411437363,3.8608129788537,0.0071359764212,0.7354973934518,0.3203661612139,0.0000020995882
156292,0.2549467176992,3.8608973906043,0.0071583659587,0.7354570833748,0.3203625546945,0.0000020995882
156304,0.2549529199703,3.8609913174154,0.0071583659587,0.7354498741113,0.3203613090157,0.0000020995882
156321,0.2549561970150,3.8610409447786,0.0071359764212,0.7354092451288,0.3203379053726,0.0000020995882
157261,0.2549552109322,3.8610260116017,0.0071134326251,0.7354319574028,0.3203361439686,0.0000020995882
157449,0.2549448238861,3.8608687108158,0.0071450721708,0.7353621490900,0.3203225464381,0.0000020995882
157531,0.2549508021250,3.8609592448977,0.0071450721708,0.7353332702056,0.3203135136020,0.0000020995882
157671,0.2549426226321,3.8608353751608,0.0071256466026,0.7351772044681,0.3202476978466,0.0000020995882
157908,0.2549425435929,3.8608341781957,0.0071942531258,0.6203696814589,0.2792743969163,0.0000020995882
157937,0.2549383187805,3.8607701978969,0.0071654232907,0.6202278144227,0.2792104691571,0.0000020995882
157942,0.2549455945703,3.8608803820090,0.0070999515231,0.6202498012152,0.2791918213518,0.0000020995882
158093,0.2549552576013,3.8610267183553,0.0070989929160,0.6202391558172,0.2791896792418,0.0000020995882
158098,0.2549574061038,3.8610592551457,0.0070667363357,0.6202605168629,0.2791839443315,0.0000020995882
158166,0.2549579787216,3.8610679268346,0.0070454431363,0.6202758112442,0.2791804036574,0.0000020995882
158234,0.2549581258022,3.8610701542133,0.0070454431363,0.6202521140056,0.2791719718752,0.0000020995882
158396,0.2549468215080,3.8608989626791,0.0070454431363,0.6202175729629,0.2791572134398,0.0000020995882
158683,0.2549376460310,3.8607600098205,0.0069986091161,0.5158730845826,0.2418692868359,0.0000020995882
158791,0.2549386876697,3.8607757843320,0.0069986091161,0.5158652624838,0.2418667164375,0.0000020995882
158877,0.2549323987442,3.8606805452320,0.0070153792323,0.5158334005214,0.2418611767309,0.0000020995882
159016,0.2549309941515,3.8606592741663,0.0070153792323,0.5158012824344,0.2418494050015,0.0000020575964
159050,0.2549431192909,3.8608428965309,0.0070622132525,0.5157259153007,0.2418451581351,0.0000020575964
159128,0.2549487125765,3.8609276009032,0.0071184350119,0.5155418545402,0.2418047157501,0.0000020575964
159583,0.2549396009475,3.8607896149553,0.0071184350119,0.5154710137865,0.2417774629890,0.0000020575964
159597,0.2549390908411,3.8607818899349,0.0071212447225,0.5154094569203,0.2417565732472,0.0000020575964
159604,0.2549464646766,3.8608935588459,0.0071044746064,0.5153458167756,0.2417282375390,0.0000020575964
159801,0.2549447435357,3.8608674939943,0.0070820850689,0.5153485677239,0.2417192556886,0.0000020575964
160114,0.2549505029712,3.8609547145305,0.0070939905291,0.5152911529802,0.2417050869278,0.0000020575964
160505,0.2549522491670,3.8609811588114,0.0070939905291,0.5152850907032,0.2417032960137,0.0000020575964
160915,0.2549528274582,3.8609899164180,0.0070939905291,0.5152527040242,0.2416918532622,0.0000020575964
162217,0.2549428378130,3.8608386338460,0.0071190520464,0.4218479106076,0.2083415984825,0.0000020575964
162327,0.2549513007981,3.8609667967719,0.0071658860666,0.4217766790291,0.2083380438528,0.0000020575964
162503,0.2549521500342,3.8609796575514,0.0071190520464,0.4212933752141,0.2081455456037,0.0000020575964
162506,0.2549498772908,3.8609452392648,0.0071658860666,0.4210204331591,0.2080676510048,0.0000020575964
163017,0.2549417794622,3.8608226062477,0.0072131993904,0.4209596633085,0.2080644893766,0.0000020575964
163271,0.2549477462017,3.8609129661826,0.0072465523087,0.4208881993983,0.2080545392464,0.0000020575964
163289,0.2549518684699,3.8609753935578,0.0071997182885,0.4209263299828,0.2080489689325,0.0000020575964
163386,0.2549507023486,3.8609577338888,0.0071997182885,0.4209128135320,0.2080438917455,0.0000020575964
164042,0.2549565871862,3.8610468535077,0.0072520339991,0.4208408006788,0.2080418549248,0.0000020575964
164190,0.2549656170616,3.8611836013849,0.0072366852660,0.4208300586224,0.2080333754209,0.0000020164445
164247,0.2549588166869,3.8610806169288,0.0072835192862,0.3374229250959,0.1782637279470,0.0000020164445
164552,0.2549728332057,3.8612928822263,0.0072186810808,0.3374461568363,0.1782472407345,0.0000020164445
164578,0.2549712176261,3.8612684159881,0.0072186810808,0.3373566432585,0.1782149254040,0.0000020164445
164673,0.2549696348872,3.8612444470872,0.0072186810808,0.2644308360217,0.1521696550896,0.0000020164445
164970,0.2549674723874,3.8612116983247,0.0072307407997,0.2643987985999,0.1521629182115,0.0000020164445
164971,0.2549647181812,3.8611699887956,0.0072662863942,0.2643552542785,0.1521620103072,0.0000020164445
165022,0.2549620840132,3.8611300971171,0.0072307407997,0.2643293405840,0.1521369571256,0.0000020164445
165066,0.2549657067804,3.8611849600805,0.0072307407997,0.2642709822100,0.1521168911564,0.0000020164445
165202,0.2549700248613,3.8612503528322,0.0072028695718,0.2642893657184,0.1521124371862,0.0000020164445
165285,0.2549668986240,3.8612030092860,0.0070852363522,0.2640939749830,0.1519915706357,0.0000020164445
165407,0.2549631479905,3.8611462099241,0.0070585991933,0.2641177147106,0.1519878294775,0.0000020164445
165430,0.2549547069075,3.8610183786821,0.0070384023320,0.2641365558204,0.1519840938440,0.0000020164445
165461,0.2549548405302,3.8610204022571,0.0070384023320,0.2640877559782,0.1519666939624,0.0000020164445
165520,0.2549517888224,3.8609741873809,0.0070852363522,0.2640080471653,0.1519576443148,0.0000020164445
165869,0.2549448489489,3.8608690903647,0.0070824266415,0.2639786386134,0.1519444499831,0.0000020164445
165960,0.2549485150001,3.8609246088180,0.0070600205763,0.2013367392545,0.1295635260522,0.0000020164445
165984,0.2549466763346,3.8608967641814,0.0070557894826,0.2013148163663,0.1295534891237,0.0000020164445
166081,0.2549506485426,3.8609569190541,0.0071145289631,0.2011725720528,0.1295287128336,0.0000020164445
166183,0.2549549755994,3.8610224477356,0.0070927564601,0.2011738106355,0.1295207513383,0.0000019761156
166214,0.2549544125504,3.8610139209577,0.0070955661708,0.2011499972022,0.1295133300491,0.0000019761156
166270,0.2549590871507,3.8610847128159,0.0070955661708,0.2010965668571,0.1294952494830,0.0000019761156
166663,0.2549538190201,3.8610049325702,0.0071419208875,0.2010330005510,0.1294912846528,0.0000019761156
166747,0.2549561078492,3.8610395944580,0.0070955661708,0.2010864124364,0.1294909844825,0.0000019761156
167677,0.2549444340596,3.8608628073067,0.0071419208875,0.2010148048031,0.1294827751085,0.0000019761156
167974,0.2549426234766,3.8608353879488,0.0071887549077,0.2009458516886,0.1294778327371,0.0000019761156
167978,0.2549390061162,3.8607806068661,0.0071185892705,0.2010066973079,0.1294687171794,0.0000019761156
168002,0.2549485491605,3.8609251261408,0.0071185892705,0.2009886157994,0.1294643044358,0.0000019761156
168021,0.2549421426880,3.8608281069169,0.0070946240913,0.2009596076975,0.1294423007928,0.0000019761156
168241,0.2549429120914,3.8608397587140,0.0070911808185,0.2009305790563,0.1294306226047,0.0000019761156
168808,0.2549447474524,3.8608675533087,0.0070911808185,0.2008584042222,0.1294052391700,0.0000019761156
169638,0.2549426875370,3.8608363580755,0.0070885088387,0.2008426623863,0.1293980305410,0.0000019761156
170724,0.2549558815005,3.8610361666461,0.0071108983762,0.2007705384004,0.1293846947686,0.0000019761156
170763,0.2549662684150,3.8611934654400,0.0071577323965,0.2006982005424,0.1293811573097,0.0000019761156
171054,0.2549753255607,3.8613306262967,0.0072039493822,0.2005974022526,0.1293669060170,0.0000019761156
171507,0.2549733443492,3.8613006229514,0.0072039493822,0.2005974022526,0.1293664814717,0.0000019761156
171542,0.2549802946697,3.8614058781776,0.0072507834024,0.1485628177457,0.1108042623680,0.0000019761156
171702,0.2549800051900,3.8614014943148,0.0072507834024,0.1484568779496,0.1107663646952,0.0000019761156
171802,0.2549832002293,3.8614498797930,0.0072507834024,0.1484127934180,0.1107513048709,0.0000019761156
172085,0.2549732768982,3.8612996014780,0.0072507834024,0.1483887780893,0.1107406015397,0.0000019761156
172108,0.2549687050234,3.8612303652875,0.0072976174227,0.1483348756453,0.1107404427023,0.0000019761156
172148,0.2549652377647,3.8611778573351,0.0071882756041,0.1482529614516,0.1106635838698,0.0000019761156
172188,0.2549725919931,3.8612892293172,0.0071882756041,0.1482203204752,0.1106535022843,0.0000019761156
172206,0.2549770589227,3.8613568762246,0.0071882756041,0.1482173866889,0.1106534117027,0.0000019761156
172245,0.2549810745817,3.8614176891168,0.0071882756041,0.1482114951587,0.1106521680831,0.0000019761156
172305,0.2549807793674,3.8614132184093,0.0071519256611,0.1482296660850,0.1106430158924,0.0000019761156
172324,0.2549793813293,3.8613920466067,0.0071317287998,0.1482388207426,0.1106373300357,0.0000019761156
172414,0.2549838331009,3.8614594639617,0.0071317287998,0.1482256892159,0.1106335941558,0.0000019761156
172521,0.2549835251024,3.8614547996519,0.0071317287998,0.1482254915344,0.1106334575556,0.0000019761156
172607,0.2549852891978,3.8614815150039,0.0070848947795,0.1482606358004,0.1106263153766,0.0000019761156
172719,0.2549851766237,3.8614798101879,0.0070380607593,0.1482865730606,0.1106154828378,0.0000019761156
172930,0.2549829693462,3.8614463833143,0.0070706423845,0.1481244422572,0.1105710695451,0.0000019761156
172942,0.2549947088856,3.8616241661761,0.0071124740179,0.1480621550262,0.1105692675640,0.0000019761156
173101,0.2549913157914,3.8615727813664,0.0071593080381,0.1480058387193,0.1105684992285,0.0000019761156
173123,0.2549836533405,3.8614567416812,0.0071859451970,0.1479148283524,0.1105457694975,0.0000019761156
173170,0.2549764357837,3.8613474394461,0.0071391111768,0.1479282038077,0.1105289281036,0.0000019761156
173510,0.2549773208158,3.8613608423167,0.0070922771566,0.1479528930370,0.1105178636123,0.0000019365933
173695,0.2549800354911,3.8614019531926,0.0070388651078,0.1479397823198,0.1104908720514,0.0000019365933
173718,0.2549733060497,3.8613000429469,0.0070388651078,0.1479265503856,0.1104847043375,0.0000019365933
173814,0.2549902323584,3.8615563739226,0.0070388651078,0.1479146117704,0.1104840676124,0.0000019365933
173920,0.2549973382797,3.8616639855576,0.0069948407983,0.1479442233782,0.1104772983228,0.0000019365933
173940,0.2549964449705,3.8616504573375,0.0070025151648,0.1478514204437,0.1104472520085,0.0000019365933
173947,0.2549819429081,3.8614308389981,0.0070493491851,0.1477777808938,0.1104379163074,0.0000019365933
174321,0.2549796503813,3.8613961211135,0.0070493491851,0.1477579406737,0.1104303392588,0.0000019365933
174365,0.2549851753382,3.8614797907204,0.0070291523237,0.1477750787731,0.1104289881302,0.0000019365933
174441,0.2549850220090,3.8614774687123,0.0070192852810,0.1477671292857,0.1104218874387,0.0000019365933
174488,0.2549752917933,3.8613301149256,0.0070416748185,0.1477094985529,0.1104088155040,0.0000019365933
175039,0.2549726173707,3.8612896136340,0.0070416748185,0.1477062361826,0.1104070772812,0.0000019365933
175512,0.2549673446986,3.8612097646125,0.0071129533215,0.1476227648367,0.1104066841577,0.0000018978614
175591,0.2549631343086,3.8611460027258,0.0071129533215,0.1475930978500,0.1103951865789,0.0000018978614
175611,0.2549668791047,3.8612027136869,0.0071597873417,0.1475305121005,0.1103937087048,0.0000018978614
175827,0.2549631901599,3.8611468485341,0.0071129533215,0.1475632962089,0.1103845551038,0.0000018978614
176006,0.2549532575778,3.8609964301231,0.0070661193012,0.1476205041693,0.1103827863848,0.0000018978614
176456,0.2549601989888,3.8611015504241,0.0070661193012,0.1475874469539,0.1103724676817,0.0000018978614
176540,0.2549581265813,3.8610701660126,0.0070798923927,0.1474885553513,0.1103426079183,0.0000018978614
176843,0.2549621568124,3.8611311995832,0.0070319620344,0.1057472799100,0.0954153315853,0.0000018978614
176919,0.2549588348436,3.8610808918930,0.0070319620344,0.1057378469736,0.0954112508289,0.0000018978614
177081,0.2549674628106,3.8612115532929,0.0070521588957,0.1056556946983,0.0953924153784,0.0000018978614
177087,0.2549842623232,3.8614659640784,0.0070521588957,0.1055259435202,0.0953496755675,0.0000018978614
177145,0.2549879626826,3.8615220020931,0.0070277144130,0.1055406453697,0.0953452429553,0.0000018978614
177155,0.2549908751715,3.8615661086457,0.0069987468470,0.1055665856977,0.0953427167918,0.0000018978614
177214,0.2549908838222,3.8615662396506,0.0070253840059,0.1054887888054,0.0953263499663,0.0000018978614
177342,0.2549890423031,3.8615383517992,0.0069898384114,0.1055131627663,0.0953194265150,0.0000018978614
177414,0.2549857569569,3.8614885987190,0.0069430043912,0.1055624427431,0.0953162507810,0.0000018978614
177437,0.2549818183607,3.8614289528608,0.0069430043912,0.1055505041278,0.0953111430049,0.0000018978614
177484,0.2549702511634,3.8612537799374,0.0069898384114,0.1054878629994,0.0953063642111,0.0000018978614
177833,0.2549726327328,3.8612898462775,0.0069004179924,0.1055799115517,0.0953014259937,0.0000018978614
177891,0.2549773177690,3.8613607961762,0.0069271928822,0.1055350597192,0.0952978863712,0.0000018978614
177920,0.2549831794816,3.8614495655912,0.0068690704362,0.1055983098159,0.0952968221530,0.0000018978614
178033,0.2549911468354,3.8615702227071,0.0068588948762,0.1055778864238,0.0952868744202,0.0000018978614
178064,0.2549889735186,3.8615373101315,0.0068120608560,0.1056299874257,0.0952849444872,0.0000018978614
178155,0.2549829534293,3.8614461422688,0.0067852859662,0.1056625391449,0.0952838051292,0.0000018978614
178189,0.2549866907830,3.8615027405232,0.0068156749152,0.1055869562871,0.0952706359483,0.0000018978614
178215,0.2549768684786,3.8613539921501,0.0068156749152,0.1055798609458,0.0952659971183,0.0000018978614
178361,0.2549849964317,3.8614770813713,0.0068625089354,0.1054605118824,0.0952451858800,0.0000018978614
178403,0.2549807297397,3.8614124668510,0.0068768990614,0.1054444313449,0.0952446957366,0.0000018978614
178454,0.2549797282947,3.8613973010298,0.0068648393425,0.1053941043702,0.0952213387707,0.0000018978614
178924,0.2549867633856,3.8615038400123,0.0069207525846,0.1052841139174,0.0952075268037,0.0000018978614
179050,0.2549816843562,3.8614269235043,0.0069257549715,0.1052708443938,0.0952038432048,0.0000018978614
179121,0.2549827404058,3.8614429162548,0.0068789209512,0.1053000971297,0.0951944451838,0.0000018978614
179236,0.2549810393089,3.8614171549474,0.0068555893343,0.1052844561744,0.0951784953432,0.0000018978614
179695,0.2549738073420,3.8613076344870,0.0068707838088,0.1051986358742,0.0951528074464,0.0000018978614
179815,0.2549537282901,3.8610035585617,0.0068707838088,0.1052034579139,0.0951502269495,0.0000018978614
180099,0.2549561739539,3.8610405955427,0.0069176178290,0.1051113624010,0.0951379314886,0.0000018978614
180280,0.2549613550037,3.8611190570418,0.0069378146903,0.1050488862393,0.0951253845964,0.0000018978614
180516,0.2549672413881,3.8612082000849,0.0069176178290,0.1050640702147,0.0951234130151,0.0000018978614
180602,0.2549738580398,3.8613084022508,0.0069644518493,0.1050011222378,0.0951224211717,0.0000018978614
180967,0.2549808080608,3.8614136529412,0.0069644518493,0.1049876503283,0.0951190990657,0.0000018599042
181418,0.2549797508274,3.8613976422629,0.0069644518493,0.1049876503283,0.0951188725157,0.0000018599042
181583,0.2549759761207,3.8613404783368,0.0069149458493,0.1049332072509,0.0950774028366,0.0000018599042
181650,0.2549725962178,3.8612892932957,0.0068681118290,0.1049646444282,0.0950678344120,0.0000018599042
181749,0.2549661352583,3.8611914489228,0.0069198105052,0.1049020433833,0.0950662489802,0.0000018599042
181756,0.2549669759983,3.8612041810383,0.0069132324767,0.1048407189064,0.0950417083848,0.0000018599042
181763,0.2549691356112,3.8612368860830,0.0069132324767,0.1047640482287,0.0950147887741,0.0000018599042
181913,0.2549595068430,3.8610910686109,0.0069019440509,0.1047808750534,0.0950138971501,0.0000018599042
181948,0.2549712428643,3.8612687981945,0.0068970793950,0.1047178615679,0.0949918223431,0.0000018599042
182004,0.2549744356386,3.8613171493715,0.0068757861956,0.1046930249273,0.0949745106233,0.0000018599042
182083,0.2549804273018,3.8614078867492,0.0068366265419,0.1047229503490,0.0949696994930,0.0000018599042
182438,0.2549922869040,3.8615874878355,0.0068947489879,0.1046003295591,0.0949533573168,0.0000018599042
182651,0.2550000465134,3.8617049988825,0.0069580115517,0.1045012433044,0.0949467446694,0.0000018599042
182672,0.2549911068261,3.8615696168078,0.0069290439857,0.1045302298694,0.0949427666957,0.0000018599042
182927,0.2549848867653,3.8614754205908,0.0069077507863,0.1045524315744,0.0949402373490,0.0000018599042
182986,0.2549752478082,3.8613294488184,0.0068518375442,0.1046171464359,0.0949373214907,0.0000018599042
183285,0.2549875895526,3.8615163514342,0.0068407199047,0.1044888163699,0.0948893692811,0.0000018599042
183289,0.2549844497136,3.8614688019066,0.0068875539250,0.1043966100992,0.0948758373705,0.0000018599042
183388,0.2549760516998,3.8613416229031,0.0068875539250,0.1043996051548,0.0948751074588,0.0000018599042
183483,0.2549751934534,3.8613286256721,0.0068407199047,0.1043833773765,0.0948490561908,0.0000018599042
184405,0.2549681945637,3.8612226349169,0.0067987505404,0.1043957494686,0.0948339881626,0.0000018599042
185278,0.2549686758466,3.8612299234355,0.0068288144445,0.1043192978054,0.0948196716595,0.0000018599042
185506,0.2549757693894,3.8613373476113,0.0068288144445,0.1042552107857,0.0947983034831,0.0000018599042
186034,0.2549702555418,3.8612538462435,0.0067819804242,0.1043030700271,0.0947941428076,0.0000018599042
186077,0.2549840504350,3.8614627552557,0.0067999846094,0.1042255438613,0.0947771270191,0.0000018599042
186643,0.2549726805281,3.8612905700862,0.0067462640434,0.1042630318372,0.0947650560736,0.0000018599042
186795,0.2549753998426,3.8613317512171,0.0067462640434,0.1042400654730,0.0947574365110,0.0000018599042
187809,0.2549772284840,3.8613594440494,0.0067462640434,0.1042340031960,0.0947556632637,0.0000018599042
188448,0.2549794075875,3.8613924442586,0.0067893297458,0.1041694443611,0.0947515302173,0.0000018227061
189824,0.2549771143708,3.8613577159275,0.0067893297458,0.1041706845984,0.0947514817557,0.0000017862520
190443,0.2549791990701,3.8613892864847,0.0067893297458,0.0728908463890,0.0835805576879,0.0000017862520
190674,0.2549618065352,3.8611258950074,0.0068007724302,0.0728467811345,0.0835659971328,0.0000017862520
190704,0.2549550373941,3.8610233835511,0.0068024858028,0.0728344176847,0.0835608653873,0.0000017862520
190795,0.2549514986671,3.8609697932875,0.0068024858028,0.0728273011091,0.0835575654546,0.0000017862520
190890,0.2549517874561,3.8609741666908,0.0068024858028,0.0728020988364,0.0835486265262,0.0000017862520
190927,0.2549419222138,3.8608247680681,0.0068493198230,0.0726801052257,0.0835230151220,0.0000017862520
191054,0.2549386862155,3.8607757623097,0.0068961538433,0.0726175289602,0.0835200447505,0.0000017862520
191362,0.2549398274146,3.8607930445590,0.0068721886641,0.0725917589550,0.0835008149288,0.0000017862520
191482,0.2549434759778,3.8608482981752,0.0068737643058,0.0725661202240,0.0834931153492,0.0000017862520
191509,0.2549529664788,3.8609920217375,0.0068508954647,0.0518496444757,0.0760866067574,0.0000017862520
191582,0.2549534522701,3.8609993785318,0.0068508954647,0.0517829039486,0.0760628749530,0.0000017862520
191770,0.2549540231125,3.8610080233334,0.0067332622451,0.0517742773420,0.0760095021084,0.0000017862520
191929,0.2549483818604,3.8609225925593,0.0067332622451,0.0517304445260,0.0759926386916,0.0000017862520
192498,0.2549517457477,3.8609735350608,0.0067370305629,0.0517189682614,0.0759908758520,0.0000017862520
192599,0.2549484065497,3.8609229664515,0.0067370305629,0.0517166500053,0.0759893323609,0.0000017862520
192777,0.2549503026352,3.8609516806542,0.0067287391618,0.0517098684097,0.0759837632089,0.0000017862520
192781,0.2549515130714,3.8609700114261,0.0067287391618,0.0516835951108,0.0759746392671,0.0000017862520
193124,0.2549431433214,3.8608432604477,0.0067370305629,0.0515583767909,0.0759316783783,0.0000017862520
193649,0.2549473971230,3.8609076797562,0.0066901965427,0.0515919565705,0.0759245109627,0.0000017862520
195959,0.2549658141004,3.8611865853272,0.0066449216364,0.0516287505322,0.0759221946272,0.0000017505269
196260,0.2549615578564,3.8611221290302,0.0066427289602,0.0516153185379,0.0759155457157,0.0000017505269
197216,0.2549673822130,3.8612103327288,0.0066594990764,0.0515834565755,0.0759126017125,0.0000017505269
198156,0.2549663247117,3.8611943179947,0.0066655978013,0.0515489331139,0.0759026590366,0.0000017505269
198744,0.2549590394761,3.8610839908346,0.0066547886791,0.0514859944354,0.0758739873343,0.0000017505269
198923,0.2549527834011,3.8609892492205,0.0066062412863,0.0515441191404,0.0758725995445,0.0000017505269
199263,0.2549354821536,3.8607272401941,0.0066062412863,0.0515348103932,0.0758655675818,0.0000017505269
200020,0.2549398037442,3.8607926860951,0.0066471143126,0.0514790433173,0.0758640938353,0.0000017505269
200136,0.2549340988708,3.8607062918444,0.0066878496079,0.0514149433516,0.0758574365013,0.0000017505269
200545,0.2549361050952,3.8607366739824,0.0067309153103,0.0513501891043,0.0758531966192,0.0000017505269
201530,0.2549357240287,3.8607309031353,0.0067930980637,0.0512697401453,0.0758510329425,0.0000017505269
201570,0.2549367005606,3.8607456916744,0.0067462640434,0.0513205225229,0.0758493070398,0.0000017505269
201678,0.2549322774631,3.8606787085584,0.0067462640434,0.0513183091169,0.0758475687310,0.0000017505269
201747,0.2549376045016,3.8607593809012,0.0066994300232,0.0512671221030,0.0758103574399,0.0000017505269
201938,0.2549363176721,3.8607398932350,0.0066525960030,0.0512931484159,0.0757993050795,0.0000017505269
202003,0.2549412883435,3.8608151687762,0.0066716965262,0.0512281511974,0.0757853428696,0.0000017505269
202679,0.2549357391617,3.8607311323079,0.0066884666424,0.0511934448540,0.0757789458292,0.0000017155164
203142,0.2549327429733,3.8606857582154,0.0067053744895,0.0511376223992,0.0757656134180,0.0000017155164
203531,0.2549435801910,3.8608498763739,0.0067522085097,0.0510727160120,0.0757648265494,0.0000017155164
203772,0.2549458732076,3.8608846016752,0.0067053744895,0.0511231772150,0.0757632680453,0.0000017155164
203884,0.2549446824158,3.8608665683982,0.0066829849520,0.0511490800348,0.0757626683667,0.0000017155164
204054,0.2549392231853,3.8607838941480,0.0067244915404,0.0510685880890,0.0757505399460,0.0000017155164
204359,0.2549378255831,3.8607627289452,0.0067244915404,0.0510127102553,0.0757302840906,0.0000017155164
204578,0.2549329214213,3.8606884606216,0.0067642682286,0.0509566240616,0.0757262495674,0.0000017155164
204791,0.2549333125247,3.8606943834680,0.0066814093103,0.0509808768327,0.0756994841142,0.0000017155164
204877,0.2549307306155,3.8606552831939,0.0067058537931,0.0509243923787,0.0756892340356,0.0000017155164
205354,0.2549341320263,3.8607067939494,0.0067407823530,0.0508724801021,0.0756863921934,0.0000017155164
205734,0.2549289945256,3.8606289919546,0.0066939483328,0.0509202720582,0.0756822881332,0.0000017155164
205818,0.2549280811979,3.8606151605769,0.0066939483328,0.0509033113513,0.0756760350248,0.0000017155164
205962,0.2549382040239,3.8607684600293,0.0067631718905,0.0507961868992,0.0756696127079,0.0000017155164
206064,0.2549362969301,3.8607395791184,0.0067163378703,0.0507791945065,0.0756430636103,0.0000017155164
206353,0.2549326086603,3.8606837241888,0.0066911386221,0.0508090455911,0.0756421346907,0.0000017155164
206836,0.2549370215354,3.8607505524969,0.0067331079865,0.0507356559011,0.0756348565736,0.0000017155164
207208,0.2549347027516,3.8607154369785,0.0067135281596,0.0507526550957,0.0756320394780,0.0000017155164
208880,0.2549272380142,3.8606023914539,0.0067483024610,0.0507001243267,0.0756265821744,0.0000017155164
209324,0.2549253131259,3.8605732410643,0.0067511121716,0.0506736522887,0.0756179195608,0.0000017155164
209839,0.2549132636169,3.8603907640423,0.0067353006626,0.0506918203882,0.0756150497691,0.0000016812061
209866,0.2549132971723,3.8603912722039,0.0067353006626,0.0506916475905,0.0756149952461,0.0000016812061
209992,0.2549141833362,3.8604046922150,0.0066884666424,0.0507182358232,0.0756046092128,0.0000016812061
210161,0.2549079543612,3.8603103610011,0.0066579234347,0.0506878164915,0.0755793204393,0.0000016812061
210821,0.2549155690997,3.8604256781323,0.0066776575202,0.0506224143210,0.0755660517161,0.0000016812061
210836,0.2549114383239,3.8603631219172,0.0067244915404,0.0505566276739,0.0755617430417,0.0000016812061
211644,0.2549055373712,3.8602737582539,0.0066776575202,0.0505695338106,0.0755450161634,0.0000016812061
213573,0.2548991214647,3.8601765961604,0.0066956617054,0.0505163845491,0.0755323755265,0.0000016812061
214424,0.2549028457665,3.8602329967576,0.0066928519947,0.0504803638812,0.0755191049053,0.0000016812061
214489,0.2548973756050,3.8601501569689,0.0067396860149,0.0504140139521,0.0755143080475,0.0000016812061
214825,0.2549030382046,3.8602359110278,0.0067768072511,0.0503602204183,0.0755122185866,0.0000016812061
214973,0.2548974713098,3.8601516063161,0.0067299732308,0.0504066980500,0.0755075531117,0.0000016812061
215567,0.2549063289453,3.8602857458029,0.0067299732308,0.0503943245395,0.0755050320656,0.0000016475820
215620,0.2549093755223,3.8603318829770,0.0067299732308,0.0503740976716,0.0754984610221,0.0000016475820
215905,0.2549162244468,3.8604356026687,0.0066831392106,0.0504041229775,0.0754905802494,0.0000016475820
216785,0.2549230021643,3.8605382440042,0.0066673277016,0.0504167676834,0.0754897722228,0.0000016146303
216919,0.2549316849743,3.8606697359437,0.0066590363005,0.0503797635838,0.0754748636175,0.0000016146303
217421,0.2549282935446,3.8606183763425,0.0066847148523,0.0503424555289,0.0754718176708,0.0000016146303
217689,0.2549254187616,3.8605748408047,0.0066847148523,0.0503424555289,0.0754712016459,0.0000016146303
218090,0.2549204470713,3.8604995498339,0.0066847148523,0.0503289537969,0.0754653142366,0.0000016146303
218292,0.2549140130696,3.8604021137075,0.0066748478095,0.0502991793398,0.0754490730546,0.0000016146303
218884,0.2549197410523,3.8604888579251,0.0066590363005,0.0503117430553,0.0754480111598,0.0000016146303
220397,0.2549191308378,3.8604796168739,0.0067005263613,0.0502177237268,0.0754320835225,0.0000016146303
222166,0.2549215767969,3.8605166583290,0.0067071043898,0.0501801117166,0.0754219939509,0.0000016146303
222314,0.2549261482588,3.8605858882650,0.0066748478095,0.0501421957512,0.0753956078850,0.0000016146303
222847,0.2549234592843,3.8605451666013,0.0066765611821,0.0501410787996,0.0753953670674,0.0000016146303
224833,0.2549288356901,3.8606265865593,0.0067174342084,0.0500859157308,0.0753943350696,0.0000015823377
226032,0.2549344046258,3.8607109221784,0.0067642682286,0.0500180637166,0.0753913672737,0.0000015823377
226065,0.2549334705670,3.8606967768502,0.0067233952024,0.0500361238163,0.0753801001426,0.0000015823377
227241,0.2549411755206,3.8608134601928,0.0066701374123,0.0499111090290,0.0753142782986,0.0000015823377
228052,0.2549414495252,3.8608176097011,0.0066684240397,0.0498833276333,0.0753036807843,0.0000015823377
228666,0.2549474208908,3.8609080396941,0.0066999093268,0.0498276012826,0.0752985517890,0.0000015823377
229321,0.2549534942731,3.8610000146221,0.0066999093268,0.0497883979301,0.0752858520307,0.0000015823377
229340,0.2549609398458,3.8611127699160,0.0066999093268,0.0497488906223,0.0752733377578,0.0000015823377
231151,0.2549696920569,3.8612453128625,0.0066999093268,0.0497090793593,0.0752609949234,0.0000015823377
232297,0.2549770836895,3.8613572512909,0.0066999093268,0.0496689641410,0.0752482519810,0.0000015506910
232991,0.2549821098116,3.8614333665746,0.0066999093268,0.0496285449675,0.0752348935881,0.0000015506910
235349,0.2549880257586,3.8615229573122,0.0066590363005,0.0496629068961,0.0752309163971,0.0000015506910
235775,0.2549888935685,3.8615360993713,0.0066590363005,0.0496238028276,0.0752171366176,0.0000015506910
236311,0.2549858644585,3.8614902267165,0.0066944276364,0.0495160990329,0.0751931895970,0.0000015506910
236897,0.2549882619089,3.8615265335567,0.0066944276364,0.0494875467637,0.0751835060974,0.0000015506910
236991,0.2549891152329,3.8615394562440,0.0066950446709,0.0494857399428,0.0751833081027,0.0000015506910
237209,0.2549924287931,3.8615896365949,0.0066950446709,0.0494464481136,0.0751699853552,0.0000015506910
237449,0.2549873192518,3.8615122580162,0.0066677904775,0.0494549200301,0.0751602357693,0.0000015506910
237713,0.2549838551557,3.8614597979578,0.0066970830884,0.0493951500863,0.0751507010306,0.0000015506910
237902,0.2549816986711,3.8614271402886,0.0066801752413,0.0494133296641,0.0751494854130,0.0000015506910
237929,0.2549838910696,3.8614603418365,0.0066970830884,0.0493680985430,0.0751410474610,0.0000015506910
238050,0.2549748476995,3.8613233895961,0.0066502490682,0.0494272818120,0.0751401747548,0.0000015506910
238361,0.2549782392607,3.8613747511899,0.0066889294183,0.0493683069608,0.0751364163640,0.0000015506910
238583,0.2549772654067,3.8613600032046,0.0066187637811,0.0494510722515,0.0751356957260,0.0000015196771
238704,0.2549827896948,3.8614436626838,0.0066754648440,0.0493767916671,0.0751346511774,0.0000015196771
238705,0.2549855637644,3.8614856730236,0.0066754648440,0.0493104986022,0.0751115695263,0.0000015196771
238950,0.2549697391436,3.8612460259407,0.0066978543815,0.0492870646565,0.0751094047859,0.0000015196771
238953,0.2549631147523,3.8611457065670,0.0066978543815,0.0492744509890,0.0751034803922,0.0000015196771
239363,0.2549691752492,3.8612374863585,0.0067424957256,0.0491727498001,0.0750875892216,0.0000015196771
239603,0.2549669293106,3.8612034740020,0.0067446884018,0.0491708440226,0.0750873670325,0.0000015196771
239698,0.2549641774083,3.8611617993640,0.0068084302691,0.0490653878939,0.0750764323792,0.0000015196771
239767,0.2549602849549,3.8611028522888,0.0068552642893,0.0490070466597,0.0750748338499,0.0000015196771
240060,0.2549588520980,3.8610811531927,0.0069091556416,0.0489364335962,0.0750724041518,0.0000015196771
240419,0.2549556781392,3.8610330869556,0.0068628009250,0.0489843851025,0.0750689832485,0.0000015196771
240746,0.2549539798208,3.8610073677261,0.0068327370209,0.0490118348457,0.0750655382726,0.0000015196771
241079,0.2549482320729,3.8609203241864,0.0068725137091,0.0489546406594,0.0750609272693,0.0000015196771
241153,0.2549408953494,3.8608092172973,0.0068725137091,0.0489425587304,0.0750550401396,0.0000015196771
241304,0.2549405787173,3.8608044222409,0.0069193477293,0.0488706279084,0.0750493544336,0.0000015196771
242096,0.2549355828405,3.8607287649893,0.0068725137091,0.0489295942225,0.0750492715635,0.0000015196771
242180,0.2549366439656,3.8607448346035,0.0069162129737,0.0488591536430,0.0750430698539,0.0000015196771
242518,0.2549338632251,3.8607027232397,0.0069162129737,0.0488171877558,0.0750274861640,0.0000015196771
242649,0.2549330676249,3.8606906747202,0.0068693789535,0.0488461559922,0.0750175897540,0.0000015196771
243119,0.2549400651565,3.8607966449080,0.0068577985381,0.0488339285446,0.0750097592444,0.0000015196771
243696,0.2549388323935,3.8607779760202,0.0068577985381,0.0488172670303,0.0750035445400,0.0000015196771
244010,0.2549443497449,3.8608615304504,0.0069046325584,0.0487294026412,0.0749934184137,0.0000015196771
244073,0.2549457412892,3.8608826039121,0.0068300650412,0.0488125418636,0.0749914516738,0.0000015196771
244297,0.2549388069831,3.8607775912072,0.0067948114362,0.0487700126945,0.0749596680742,0.0000015196771
244491,0.2549241248225,3.8605552454704,0.0067479774160,0.0487864790338,0.0749423310094,0.0000015196771
244759,0.2549276083756,3.8606080001848,0.0067011433958,0.0488164030943,0.0749336929266,0.0000015196771
245161,0.2549298629058,3.8606421426512,0.0067011433958,0.0487285389127,0.0749027959754,0.0000015196771
245374,0.2549322529806,3.8606783377960,0.0067119525180,0.0486875572378,0.0748933043027,0.0000015196771
245647,0.2549324352261,3.8606810977108,0.0066695038501,0.0485576704598,0.0748287629341,0.0000015196771
246584,0.2549374185142,3.8607565643189,0.0067163378703,0.0484976735232,0.0748284750272,0.0000014594979
246863,0.2549336105979,3.8606988974701,0.0067075671656,0.0484670511355,0.0748129636047,0.0000014594979
247278,0.2549323809714,3.8606802760813,0.0067544011859,0.0484067854479,0.0748112483764,0.0000014594979
247719,0.2549211301212,3.8605098938987,0.0067544011859,0.0484014596415,0.0748069354061,0.0000014594979
248219,0.2549204181873,3.8604991124161,0.0066917556566,0.0484757245638,0.0748064579515,0.0000014594979
248299,0.2549204443730,3.8604995089701,0.0066911386221,0.0484585419029,0.0748000624547,0.0000014594979
248300,0.2549254705416,3.8605756249586,0.0067373556079,0.0483996916506,0.0747999288232,0.0000014594979
248594,0.2549193775825,3.8604833535605,0.0067379726424,0.0483861498785,0.0747940512853,0.0000014594979
248697,0.2549183331036,3.8604675360370,0.0067212025262,0.0483887591051,0.0747875721424,0.0000014594979
248804,0.2549163957692,3.8604381971633,0.0066620002698,0.0484512446287,0.0747841008621,0.0000014594979
248843,0.2549142913191,3.8604063275006,0.0066620002698,0.0483923759167,0.0747626253686,0.0000014594979
248860,0.2549164324996,3.8604387534076,0.0066620002698,0.0483810612681,0.0747590432470,0.0000014594979
248869,0.2549175494598,3.8604556685835,0.0067083549865,0.0482879699150,0.0747459019910,0.0000014594979
248900,0.2549163429992,3.8604373980179,0.0067432835464,0.0481442357684,0.0747092792227,0.0000014594979
249187,0.2549192192641,3.8604809559963,0.0067901175667,0.0480714313034,0.0747039656935,0.0000014594979
249218,0.2549212179881,3.8605112245495,0.0067432835464,0.0481051327510,0.0746963584998,0.0000014594979
249356,0.2549243678181,3.8605589253817,0.0067439005809,0.0480610299308,0.0746815468996,0.0000014594979
249524,0.2549320980397,3.8606759913807,0.0067432835464,0.0480166231553,0.0746670793696,0.0000014594979
249590,0.2549263202372,3.8605884926957,0.0067432835464,0.0479970246220,0.0746588417929,0.0000014594979
249619,0.2549223345748,3.8605281340708,0.0066964495262,0.0480388456562,0.0746528520831,0.0000014594979
249624,0.2549227356144,3.8605342073885,0.0066500948096,0.0480368064461,0.0746323434236,0.0000014594979
249739,0.2549230831204,3.8605394699991,0.0066255125959,0.0480582107120,0.0746295270355,0.0000014594979
250036,0.2549305994537,3.8606532968878,0.0066255125959,0.0480438389480,0.0746260049055,0.0000014594979
250267,0.2549307146584,3.8606550415399,0.0066641929460,0.0479746035635,0.0746178799620,0.0000014594979
250328,0.2549252009488,3.8605715422614,0.0067110269662,0.0478994320847,0.0746099232191,0.0000014594979
251919,0.2549258131026,3.8605808126803,0.0067110269662,0.0478971531869,0.0746092405028,0.0000014594979
252038,0.2549304658371,3.8606512734058,0.0066641929460,0.0479279729062,0.0746011728370,0.0000014594979
253796,0.2549265483418,3.8605919470981,0.0066641929460,0.0479164281426,0.0745962102439,0.0000014303080
254014,0.2549236414172,3.8605479248110,0.0066723466161,0.0479047839289,0.0745949231138,0.0000014303080
254151,0.2549212385423,3.8605115358212,0.0066958324917,0.0478735617828,0.0745933228208,0.0000014303080
254674,0.2549141061955,3.8604035240008,0.0067191806364,0.0478451002366,0.0745916359706,0.0000014303080
254707,0.2549205263404,3.8605007502803,0.0067426665119,0.0478003448773,0.0745870930342,0.0000014303080
255139,0.2549172572536,3.8604512434300,0.0066680989947,0.0478714790051,0.0745798400539,0.0000014303080
255233,0.2549202539198,3.8604966247593,0.0066914471394,0.0477718648715,0.0745549120681,0.0000014303080
255775,0.2549243876595,3.8605592258590,0.0067382811596,0.0477119543596,0.0745544729810,0.0000014303080
255831,0.2549261949085,3.8605865947253,0.0067399945322,0.0476803524129,0.0745443081416,0.0000014303080
255908,0.2549278621352,3.8606118431043,0.0067868285524,0.0476068923678,0.0745385013971,0.0000014303080
255992,0.2549228521693,3.8605359724896,0.0067868285524,0.0475465651360,0.0745158823930,0.0000014303080
256094,0.2549295268575,3.8606370535561,0.0068255089025,0.0474846353825,0.0745117722072,0.0000014303080
256153,0.2549301171349,3.8606459926802,0.0068255089025,0.0474357737719,0.0744944481199,0.0000014303080
256425,0.2549248799499,3.8605666810743,0.0068255089025,0.0473903389360,0.0744770991389,0.0000014303080
256576,0.2549267509015,3.8605950146493,0.0067399945322,0.0473734942770,0.0744348350916,0.0000014303080
257032,0.2549243165009,3.8605581482368,0.0066931605120,0.0473412064346,0.0744027103391,0.0000014303080
258366,0.2549192884945,3.8604820044180,0.0067143159805,0.0472802910421,0.0743889440412,0.0000014303080
259301,0.2549224699705,3.8605301844942,0.0066713880090,0.0473295524605,0.0743888214477,0.0000014303080
259353,0.2549284927422,3.8606213929783,0.0066566728380,0.0473180035409,0.0743796809257,0.0000014303080
260106,0.2549338497032,3.8607025184647,0.0066713880090,0.0472554552950,0.0743647966884,0.0000014017018
260123,0.2549239033792,3.8605518919477,0.0066474228298,0.0472599842381,0.0743540120219,0.0000014017018
260814,0.2549207235158,3.8605037362918,0.0066320740967,0.0472757052593,0.0743523672446,0.0000014017018
260962,0.2549281118885,3.8606156253533,0.0066320740967,0.0472295193808,0.0743374555107,0.0000014017018
261774,0.2549206618581,3.8605028025508,0.0066789081169,0.0471323649166,0.0743212327756,0.0000014017018
261835,0.2549314656398,3.8606664143564,0.0066507118441,0.0471464957036,0.0743165104644,0.0000014017018
262094,0.2549301916801,3.8606471215891,0.0066283223066,0.0471563632274,0.0743101660726,0.0000014017018
262244,0.2549336470062,3.8606994488349,0.0066751563268,0.0470748865004,0.0743018793915,0.0000014017018
262447,0.2549317455234,3.8606706528960,0.0066283223066,0.0470917769456,0.0742874325098,0.0000014017018
262474,0.2549273150347,3.8606035578480,0.0066637136424,0.0469916972541,0.0742659080878,0.0000014017018
262711,0.2549236978744,3.8605487797956,0.0067105476626,0.0469168121268,0.0742584600166,0.0000014017018
262727,0.2549236378333,3.8605478705367,0.0067105476626,0.0469139449574,0.0742574231616,0.0000014017018
263907,0.2549185915830,3.8604714504322,0.0067107019213,0.0468558715690,0.0742356674372,0.0000014017018
263908,0.2549169206717,3.8604461462548,0.0067215110434,0.0468416001514,0.0742348449309,0.0000014017018
264547,0.2549178328059,3.8604599595597,0.0067215110434,0.0468389726697,0.0742341020019,0.0000014017018
264727,0.2549179368404,3.8604615350519,0.0067215110434,0.0468192502593,0.0742270805770,0.0000014017018
264804,0.2549109660935,3.8603559704890,0.0067107019213,0.0468335216769,0.0742260512995,0.0000014017018
264958,0.2549125693534,3.8603802501588,0.0067107019213,0.0467836854133,0.0742085961896,0.0000014017018
265409,0.2549062602547,3.8602847055571,0.0066986422024,0.0468011671701,0.0742083192735,0.0000014017018
265467,0.2549074056924,3.8603020519951,0.0066986422024,0.0467505954806,0.0741905034067,0.0000014017018
265924,0.2549152129828,3.8604202851198,0.0066837727728,0.0467622541304,0.0741899675884,0.0000014017018
265931,0.2549068480273,3.8602936067492,0.0066494612473,0.0468002917116,0.0741870550089,0.0000014017018
265981,0.2549097645942,3.8603377750582,0.0066494612473,0.0467559895707,0.0741718577943,0.0000014017018
266191,0.2549112133747,3.8603597153011,0.0066369387526,0.0467352438461,0.0741593922764,0.0000014017018
266193,0.2549154568592,3.8604239783691,0.0066809630622,0.0466734765541,0.0741571094086,0.0000014017018
266430,0.2549089893753,3.8603260351912,0.0066717130539,0.0466620967671,0.0741476950204,0.0000014017018
266582,0.2549104192364,3.8603476889194,0.0067185470742,0.0465751220898,0.0741370107574,0.0000014017018
266739,0.2549170651763,3.8604483346231,0.0067185470742,0.0465272940765,0.0741213534540,0.0000014017018
267118,0.2549106125381,3.8603506162684,0.0066718673125,0.0464630007743,0.0740770032401,0.0000014017018
267573,0.2549214010420,3.8605139967066,0.0067187013328,0.0463871030053,0.0740722804392,0.0000013736678
268025,0.2549189985666,3.8604776137670,0.0067562853448,0.0463223531914,0.0740647481232,0.0000013736678
268243,0.2549172710002,3.8604514516076,0.0067458012676,0.0463277413135,0.0740618090838,0.0000013736678
268967,0.2549127716934,3.8603833143826,0.0066566728380,0.0462512618029,0.0739953329374,0.0000013736678
269296,0.2549185438619,3.8604707277474,0.0066870617871,0.0462028497343,0.0739923036414,0.0000013461944
269503,0.2549180111070,3.8604626597398,0.0066750020682,0.0461745760720,0.0739769232922,0.0000013461944
269792,0.2549106287790,3.8603508622191,0.0066554222413,0.0461773150629,0.0739679282214,0.0000013461944
270257,0.2549105245913,3.8603492844074,0.0066479021334,0.0461041693850,0.0739385595357,0.0000013461944
270407,0.2549126531137,3.8603815186195,0.0066479021334,0.0460842465061,0.0739319003337,0.0000013461944
270494,0.2549101772056,3.8603440236201,0.0066615209662,0.0460333266795,0.0739190207723,0.0000013461944
270551,0.2549134788473,3.8603940234786,0.0066615209662,0.0459875867211,0.0739033925675,0.0000013461944
270721,0.2549095961551,3.8603352242266,0.0067083549865,0.0459105070093,0.0738951038165,0.0000013461944
270931,0.2549145395621,3.8604100868784,0.0067551890067,0.0458482306992,0.0738939933016,0.0000013461944
271302,0.2549090650735,3.8603271815603,0.0066959702226,0.0459070563903,0.0738884498934,0.0000013461944
271484,0.2549129919750,3.8603866503134,0.0067324744243,0.0458482306992,0.0738839268547,0.0000013461944
271515,0.2549178936993,3.8604608817257,0.0067793084445,0.0457820303599,0.0738814059689,0.0000013461944
272010,0.2549208063998,3.8605049914819,0.0067793084445,0.0457478747309,0.0738698316800,0.0000013461944
272274,0.2549231857266,3.8605410238599,0.0067793084445,0.0457040608824,0.0738546937327,0.0000013461944
275366,0.2549224202042,3.8605294308367,0.0067793084445,0.0456722047448,0.0738431525002,0.0000013192705
275465,0.2549245703816,3.8605619929907,0.0067324744243,0.0456917956322,0.0738305382751,0.0000013192705
275736,0.2549314656580,3.8606664146318,0.0067324744243,0.0456767902897,0.0738266567834,0.0000013192705
276179,0.2549305644449,3.8606527667168,0.0066272259685,0.0457273256811,0.0737994055394,0.0000013192705
276467,0.2549270025564,3.8605988256955,0.0066375557871,0.0456965072482,0.0737920627595,0.0000013192705
277460,0.2549202803054,3.8604970243416,0.0066375557871,0.0456929568299,0.0737893542706,0.0000013192705
277624,0.2549271354762,3.8606008386246,0.0066843898073,0.0456263809694,0.0737871178657,0.0000013192705
284553,0.2549298716980,3.8606422757992,0.0067215110434,0.0455747294609,0.0737851663328,0.0000012928851
284656,0.2549367929223,3.8607470903939,0.0066643472046,0.0456242642610,0.0737798416642,0.0000012928851
284752,0.2549407892781,3.8608076109598,0.0066746770232,0.0455958190252,0.0737749660785,0.0000012928851
285260,0.2549365169354,3.8607429108648,0.0066746770232,0.0455946261138,0.0737736245367,0.0000012928851
285339,0.2549368623479,3.8607481417707,0.0066278430030,0.0456247194549,0.0737643744526,0.0000012928851
285891,0.2549298497547,3.8606419434919,0.0066278430030,0.0456092516556,0.0737573475400,0.0000012928851
286235,0.2549343633465,3.8607102970478,0.0066707709745,0.0455459889245,0.0737541186078,0.0000012928851
286467,0.2549386035163,3.8607745099175,0.0067176049947,0.0454825178334,0.0737524306917,0.0000012928851
286673,0.2549502095123,3.8609502704075,0.0067644390149,0.0454047825415,0.0737472268096,0.0000012928851
286938,0.2549468505387,3.8608994023169,0.0067644390149,0.0453857485849,0.0737397091879,0.0000012928851
287287,0.2549479946866,3.8609167292230,0.0068009266889,0.0453153793349,0.0737304600620,0.0000012928851
287516,0.2549467140837,3.8608973358516,0.0068009266889,0.0452825736956,0.0737184693473,0.0000012928851
287621,0.2549436193861,3.8608504699421,0.0068009266889,0.0452802004985,0.0737169586274,0.0000012928851
287735,0.2549459396275,3.8608856075344,0.0067644390149,0.0452271666168,0.0736828775754,0.0000012928851
288040,0.2549458510729,3.8608842664688,0.0067644390149,0.0452094204814,0.0736765206940,0.0000012928851
288529,0.2549454653980,3.8608784258320,0.0067644390149,0.0451762350415,0.0736645861065,0.0000012928851
288980,0.2549524485147,3.8609841777212,0.0067176049947,0.0452047356561,0.0736561895566,0.0000012928851
289432,0.2549570784147,3.8610542926419,0.0067644390149,0.0451404865040,0.0736543072753,0.0000012670274
289875,0.2549559006673,3.8610364569074,0.0067769615097,0.0451226593783,0.0736530548537,0.0000012670274
290048,0.2549545032460,3.8610152944454,0.0067769615097,0.0450867209405,0.0736399202499,0.0000012670274
290177,0.2549469549401,3.8609009833659,0.0067752481371,0.0450562466846,0.0736266847904,0.0000012670274
290450,0.2549515566402,3.8609706712294,0.0067061623103,0.0449678471735,0.0735664914036,0.0000012670274
291022,0.2549512703019,3.8609663349386,0.0066734264265,0.0449819107242,0.0735574230776,0.0000012670274
291142,0.2549549019904,3.8610213330062,0.0066444588605,0.0450038528845,0.0735536231112,0.0000012670274
292627,0.2549537816175,3.8610043661477,0.0066912928808,0.0449166751511,0.0735423198495,0.0000012670274
294428,0.2549602115396,3.8611017404917,0.0067044489377,0.0448857459604,0.0735382898605,0.0000012670274
295345,0.2549653431018,3.8611794525546,0.0067136824182,0.0448571715072,0.0735331415251,0.0000012670274
296781,0.2549677708898,3.8612162188263,0.0067605164385,0.0447780069048,0.0735254604160,0.0000012416869
297262,0.2549750956528,3.8613271445857,0.0067605164385,0.0447673036484,0.0735232074165,0.0000012416869
297655,0.2549684584514,3.8612266312165,0.0067448591881,0.0447196130025,0.0734980425354,0.0000012416869
297744,0.2549606538299,3.8611084385098,0.0066980251679,0.0447676880018,0.0734934680362,0.0000012416869
299126,0.2549520206581,3.8609776982865,0.0067133739010,0.0447494540988,0.0734916839910,0.0000012416869
299539,0.2549494055784,3.8609380956809,0.0067128945974,0.0447122600644,0.0734776346173,0.0000012416869
299655,0.2549506872422,3.8609575051188,0.0067124152938,0.0446776125075,0.0734653297162,0.0000012416869
301088,0.2549448552728,3.8608691861332,0.0066660605772,0.0447242270014,0.0734608617349,0.0000012416869
301402,0.2549360146822,3.8607353047740,0.0066905050599,0.0446979363474,0.0734600540102,0.0000012416869
301418,0.2549281776225,3.8606166208248,0.0066436710397,0.0447319179583,0.0734504392069,0.0000012416869
301557,0.2549280970230,3.8606154002312,0.0066900257563,0.0446627190895,0.0734455743610,0.0000012416869
301666,0.2549319282520,3.8606734201261,0.0066900257563,0.0445957640568,0.0734224828270,0.0000012416869
301887,0.2549322016672,3.8606775607094,0.0066436710397,0.0445927952897,0.0734016148349,0.0000012416869
302588,0.2549344014629,3.8607108742809,0.0066136071356,0.0446194704246,0.0733987285233,0.0000012416869
302816,0.2549317605830,3.8606708809584,0.0066457094572,0.0445261196563,0.0733785811982,0.0000012416869
302937,0.2549315609936,3.8606678583875,0.0066680989947,0.0444728697823,0.0733691161329,0.0000012416869
303308,0.2549246221991,3.8605627777114,0.0067096055832,0.0444230541320,0.0733676264826,0.0000012416869
303836,0.2549180975513,3.8604639688472,0.0066775032616,0.0444510052560,0.0733624527502,0.0000012168531
308587,0.2549135820986,3.8603955871094,0.0067096055832,0.0443841397224,0.0733513627433,0.0000012168531
310021,0.2549127103414,3.8603823852729,0.0067096055832,0.0443668477836,0.0733450002458,0.0000012168531
310478,0.2549143222441,3.8604067958273,0.0067096055832,0.0443460340103,0.0733379121631,0.0000012168531
311805,0.2549168470232,3.8604450309274,0.0067096055832,0.0443424696732,0.0733371802096,0.0000011925161
312368,0.2549093860155,3.8603320418851,0.0067315323448,0.0442789601167,0.0733222966213,0.0000011925161
313064,0.2549110665414,3.8603574916666,0.0067315323448,0.0442753957796,0.0733213837565,0.0000011925161
313582,0.2549080555215,3.8603118929669,0.0067202439190,0.0442889659519,0.0733207471313,0.0000011686657
313948,0.2549006756750,3.8602001330252,0.0066846983246,0.0443221842109,0.0733157955733,0.0000011686657
314801,0.2548985996587,3.8601686939619,0.0066442880742,0.0443684282257,0.0733145477535,0.0000011686657
314884,0.2548990928544,3.8601761628873,0.0066442880742,0.0443320896684,0.0733016753821,0.0000011686657
316548,0.2548945244027,3.8601069785366,0.0066442880742,0.0443214745542,0.0732969053160,0.0000011686657
317028,0.2548919925449,3.8600686362378,0.0066370930112,0.0442818742490,0.0732791362105,0.0000011686657
318741,0.2548959057264,3.8601278972184,0.0066452301536,0.0442539839406,0.0732735012717,0.0000011452924
318988,0.2548974421369,3.8601511645239,0.0066217442781,0.0442500564227,0.0732623624423,0.0000011452924
319356,0.2548937532673,3.8600953005104,0.0066685782983,0.0441823574492,0.0732574654884,0.0000011452924
320204,0.2548854021617,3.8599688318802,0.0066452301536,0.0441569568945,0.0732365979914,0.0000011452924
320552,0.2548898564486,3.8600362873270,0.0066806214895,0.0440897588906,0.0732287209097,0.0000011452924
320695,0.2548852585771,3.8599666574450,0.0067274555097,0.0440216801164,0.0732234935265,0.0000011452924
321119,0.2548858818950,3.8599760969328,0.0067274555097,0.0440118020831,0.0732200992256,0.0000011452924
322290,0.2548839070208,3.8599461895597,0.0066920641739,0.0440446020894,0.0732162226109,0.0000011452924
322378,0.2548829477128,3.8599316618574,0.0066920641739,0.0440371479157,0.0732133548400,0.0000011452924
322536,0.2548800266129,3.8598874249013,0.0067373225524,0.0439715158822,0.0732086853260,0.0000011452924
322562,0.2548845200547,3.8599554733060,0.0066920641739,0.0440216801164,0.0732081675564,0.0000011452924
322770,0.2548794275191,3.8598783522606,0.0067388981941,0.0439533929822,0.0732027597595,0.0000011452924
324492,0.2548836659671,3.8599425390560,0.0067388981941,0.0439437048492,0.0732002079508,0.0000011452924
325518,0.2548875141966,3.8600008164069,0.0067857322143,0.0438753992553,0.0731967094395,0.0000011223866
326754,0.2548830994706,3.8599339600679,0.0067841565727,0.0438474351085,0.0731851009564,0.0000011223866
329815,0.2548821676865,3.8599198491871,0.0068075047173,0.0438155249840,0.0731835111631,0.0000011223866
331146,0.2548876731427,3.8600032234773,0.0067606706971,0.0438654568290,0.0731824519826,0.0000011223866
331218,0.2548842012195,3.8599506448867,0.0067138366769,0.0439188228977,0.0731806955863,0.0000011223866
331289,0.2548899608394,3.8600378682146,0.0067373225524,0.0438727023760,0.0731755235509,0.0000011223866
331450,0.2548926481743,3.8600785650491,0.0067570566379,0.0438147338537,0.0731638538299,0.0000011223866
332102,0.2548898372901,3.8600359971920,0.0067815011206,0.0437863842036,0.0731636028294,0.0000011223866
332120,0.2548933678662,3.8600894640195,0.0067570566379,0.0437459930802,0.0731394577734,0.0000011223866
333535,0.2548878326683,3.8600056393238,0.0067570566379,0.0437176249705,0.0731281401918,0.0000010999388
333929,0.2548901292095,3.8600404180009,0.0067102226177,0.0437672082316,0.0731262688923,0.0000010999388
334727,0.2548841150395,3.8599493397820,0.0067335707623,0.0437352427283,0.0731235702381,0.0000010999388
334965,0.2548849917703,3.8599626169381,0.0067335707623,0.0436641445647,0.0730983659077,0.0000010999388
335541,0.2548839595552,3.8599469851367,0.0066981628988,0.0436459828954,0.0730764836097,0.0000010999388
335640,0.2548827741067,3.8599290327783,0.0067133573733,0.0436089808056,0.0730695264706,0.0000010999388
335871,0.2548770947446,3.8598430248678,0.0066670026566,0.0436677371997,0.0730694275837,0.0000010999388
336051,0.2548754219391,3.8598176920041,0.0067138366769,0.0436089560052,0.0730681475646,0.0000010999388
336209,0.2548775819075,3.8598504024335,0.0067606706971,0.0435499039199,0.0730675921075,0.0000010999388
336496,0.2548824977092,3.8599248470304,0.0068070254138,0.0434911475259,0.0730675273742,0.0000010999388
336842,0.2548773831254,3.8598473920888,0.0068538594340,0.0434215917721,0.0730616617743,0.0000010999388
336895,0.2548757729267,3.8598230073390,0.0068543387376,0.0433928196997,0.0730512464074,0.0000010999388
337345,0.2548776848834,3.8598519618941,0.0068663984565,0.0433741826699,0.0730501684813,0.0000010999388
337382,0.2548727437654,3.8597771339071,0.0068195644362,0.0434327066748,0.0730499393777,0.0000010999388
338259,0.2548680856687,3.8597065919778,0.0068696874707,0.0433390484605,0.0730369731524,0.0000010999388
338610,0.2548635797616,3.8596383547985,0.0068223741469,0.0433072745644,0.0730043826420,0.0000010999388
338822,0.2548638042191,3.8596417539686,0.0068098351244,0.0432855658818,0.0729913037724,0.0000010999388
339336,0.2548687109098,3.8597160605902,0.0068566691446,0.0432155749485,0.0729874301671,0.0000010999388
339832,0.2548636503401,3.8596394236346,0.0069035031649,0.0431453756552,0.0729813463061,0.0000010779401
339852,0.2548654380501,3.8596664966049,0.0069035031649,0.0431263442554,0.0729749324583,0.0000010779401
339965,0.2548701812824,3.8597383278219,0.0069503371851,0.0430582295773,0.0729716939175,0.0000010779401
340090,0.2548678739776,3.8597033861402,0.0069736853298,0.0430261533161,0.0729697500351,0.0000010779401
340509,0.2548606898655,3.8595945903887,0.0069736853298,0.0430160527518,0.0729646032381,0.0000010779401
341431,0.2548590008399,3.8595690118901,0.0069503371851,0.0430379659178,0.0729620610871,0.0000010779401
341435,0.2548626148565,3.8596237423350,0.0069268513095,0.0429967527594,0.0729380511589,0.0000010779401
341698,0.2548557990223,3.8595205237608,0.0068800172893,0.0430258495193,0.0729269106000,0.0000010779401
341781,0.2548556139526,3.8595177210766,0.0068800172893,0.0429842140713,0.0729120011393,0.0000010779401
341868,0.2548539262829,3.8594921631116,0.0067747523058,0.0431073773601,0.0729105128203,0.0000010779401
341961,0.2548441969981,3.8593448234208,0.0067464017743,0.0431161237014,0.0728994014391,0.0000010779401
341968,0.2548441900117,3.8593447176193,0.0067932357946,0.0430578612546,0.0728986636482,0.0000010779401
342063,0.2548375473252,3.8592441211843,0.0067932357946,0.0430614323289,0.0728985155991,0.0000010779401
342194,0.2548378959193,3.8592494002711,0.0067932357946,0.0429741614020,0.0728674221097,0.0000010779401
342660,0.2548360392058,3.8592212823173,0.0067464017743,0.0429929604125,0.0728536664519,0.0000010779401
342713,0.2548329716364,3.8591748272351,0.0067598828763,0.0429219645986,0.0728334310829,0.0000010779401
343044,0.2548281564515,3.8591019063710,0.0067598828763,0.0429241780046,0.0728331897596,0.0000010779401
343703,0.2548289552913,3.8591140039526,0.0067598828763,0.0428712767144,0.0728144676217,0.0000010779401
344274,0.2548267656690,3.8590808444467,0.0067598828763,0.0428288391762,0.0727988421533,0.0000010779401
345220,0.2548255900437,3.8590630408492,0.0067598828763,0.0427860955430,0.0727833246502,0.0000010779401
346901,0.2548279651493,3.8590990093028,0.0067822724138,0.0427430458148,0.0727780542146,0.0000010563813
348400,0.2548374819157,3.8592431306274,0.0067337250210,0.0427601514015,0.0727653966343,0.0000010563813
348688,0.2548374956462,3.8592433385602,0.0067337250210,0.0427495056420,0.0727615975196,0.0000010563813
348800,0.2548348745386,3.8592036446681,0.0067805590412,0.0426877418811,0.0727590490906,0.0000010563813
348977,0.2548285994887,3.8591086156994,0.0068039071858,0.0426556287006,0.0727562417917,0.0000010563813
350687,0.2548264427055,3.8590759535078,0.0068507412061,0.0425935940490,0.0727536961141,0.0000010563813
351210,0.2548260756760,3.8590703952354,0.0068273930614,0.0425713954091,0.0727356830316,0.0000010563813
351606,0.2548232024870,3.8590268838383,0.0068169089842,0.0425826963453,0.0727346102209,0.0000010563813
351656,0.2548227770698,3.8590204413459,0.0068169089842,0.0425787542305,0.0727331111619,0.0000010563813
352110,0.2548234857168,3.8590311730528,0.0067700749640,0.0426321202991,0.0727322506021,0.0000010563813
352369,0.2548244188895,3.8590453049626,0.0068169089842,0.0425602932219,0.0727268697631,0.0000010563813
352470,0.2548170149581,3.8589331802812,0.0067700749640,0.0426099055090,0.0727229301574,0.0000010563813
352835,0.2548145372908,3.8588956586407,0.0068169089842,0.0425472480855,0.0727200933004,0.0000010563813
353082,0.2548238346649,3.8590364575019,0.0068523168477,0.0424983256388,0.0727197880911,0.0000010352536
353104,0.2548304563020,3.8591367351653,0.0068523168477,0.0424442038015,0.0727018777857,0.0000010352536
353249,0.2548263060358,3.8590738837902,0.0068054828275,0.0424535980243,0.0726842717996,0.0000010352536
353913,0.2548281778254,3.8591022300557,0.0067185470742,0.0425180939143,0.0726704489638,0.0000010352536
353918,0.2548213628720,3.8589990248221,0.0067653810944,0.0424535980243,0.0726660260931,0.0000010352536
354031,0.2548272768812,3.8590885862131,0.0067653810944,0.0423838223723,0.0726423735051,0.0000010145486
354117,0.2548329327182,3.8591742378601,0.0067758651716,0.0423295843404,0.0726287079204,0.0000010145486
354387,0.2548264931592,3.8590767175749,0.0067758651716,0.0423273709344,0.0726265375128,0.0000010145486
354505,0.2548252322953,3.8590576231293,0.0067649017908,0.0422868749097,0.0726071058700,0.0000010145486
354662,0.2548251461411,3.8590563184158,0.0067627091146,0.0422855378974,0.0726056701856,0.0000010145486
354790,0.2548274438450,3.8590911147020,0.0067620920801,0.0422808840180,0.0726042360076,0.0000010145486
355081,0.2548210358861,3.8589940729669,0.0067077379520,0.0422529122851,0.0725695783425,0.0000010145486
355633,0.2548266320780,3.8590788213527,0.0067409366116,0.0421843926550,0.0725605342270,0.0000010145486
355726,0.2548271302842,3.8590863661568,0.0067901175667,0.0421207326589,0.0725589828248,0.0000010145486
355819,0.2548251163441,3.8590558671721,0.0067720968538,0.0420472127616,0.0725245709974,0.0000010145486
355960,0.2548071853653,3.8587843215337,0.0067720968538,0.0420472127616,0.0725207286448,0.0000010145486
355973,0.2548114899714,3.8588495102232,0.0067833852796,0.0419734845043,0.0725001574367,0.0000010145486
356064,0.2548174927784,3.8589404163625,0.0067371682938,0.0420061470360,0.0724933016627,0.0000010145486
357491,0.2548136230159,3.8588818129184,0.0067415536461,0.0419964585754,0.0724908917001,0.0000010145486
357886,0.2548071029408,3.8587830733023,0.0066962952676,0.0419683152690,0.0724600469123,0.0000010145486
358226,0.2548032844752,3.8587252466936,0.0067011433958,0.0419400373083,0.0724512071672,0.0000010145486
358981,0.2548045586296,3.8587445424101,0.0066679447361,0.0419585088988,0.0724438492000,0.0000010145486
364391,0.2547996000616,3.8586694501622,0.0067147787563,0.0418845353623,0.0724364392525,0.0000009942576
364785,0.2547981028144,3.8586467759426,0.0067616127766,0.0418103534658,0.0724296966023,0.0000009942576
365024,0.2547968671320,3.8586280628440,0.0067479774160,0.0418201967553,0.0724271035477,0.0000009942576
365458,0.2547992875200,3.8586647170512,0.0067948114362,0.0417555872575,0.0724246191046,0.0000009942576
367036,0.2548016606035,3.8587006548816,0.0067147787563,0.0416907068690,0.0723676563352,0.0000009942576
367158,0.2548012678897,3.8586947076476,0.0067233952024,0.0416675708171,0.0723630020692,0.0000009942576
367379,0.2548061381837,3.8587684630805,0.0067702292226,0.0415928192196,0.0723574204275,0.0000009942576
367670,0.2547998043518,3.8586725439189,0.0067877706319,0.0415644858799,0.0723534618747,0.0000009942576
367733,0.2547971989664,3.8586330881243,0.0067508036544,0.0415773128239,0.0723416416389,0.0000009942576
367808,0.2547902118939,3.8585272763281,0.0067141617218,0.0415805443453,0.0723255948385,0.0000009942576
368077,0.2547851198138,3.8584501621808,0.0067418786911,0.0415051861275,0.0723094687304,0.0000009942576
368089,0.2547860309524,3.8584639604077,0.0067424957256,0.0414501540558,0.0722902741064,0.0000009942576
368525,0.2547765843079,3.8583209010046,0.0066978543815,0.0415025645130,0.0722878358413,0.0000009743724
368568,0.2547729860468,3.8582664091612,0.0066978543815,0.0414739618649,0.0722768495539,0.0000009743724
368711,0.2547754819712,3.8583042072861,0.0067446884018,0.0414079699939,0.0722738875924,0.0000009743724
368942,0.2547822294673,3.8584063909511,0.0067915224220,0.0413379038118,0.0722703815709,0.0000009743724
369219,0.2547878487477,3.8584914889874,0.0067413993875,0.0413405656322,0.0722510550521,0.0000009743724
370016,0.2547874316440,3.8584851723949,0.0067276262961,0.0413428497916,0.0722458786905,0.0000009743724
370641,0.2547844565224,3.8584401173367,0.0067744603163,0.0412646007941,0.0722373668168,0.0000009743724
371062,0.2547843060326,3.8584378383276,0.0066801587136,0.0413577954464,0.0722302034008,0.0000009743724
372030,0.2547907562048,3.8585355193394,0.0066801587136,0.0412550701584,0.0721948979777,0.0000009743724
373574,0.2547839614664,3.8584326202395,0.0066801587136,0.0412584937780,0.0721946646837,0.0000009743724
374255,0.2547780751057,3.8583434775557,0.0066801587136,0.0412550701584,0.0721921805994,0.0000009743724
374412,0.2547696779432,3.8582163114441,0.0066801587136,0.0412584937780,0.0721916039287,0.0000009743724
375403,0.2547696712959,3.8582162107769,0.0066801587136,0.0412571644175,0.0721911277326,0.0000009743724
375486,0.2547672795884,3.8581799909058,0.0067381103733,0.0411773537278,0.0721869478317,0.0000009743724
377211,0.2547681920849,3.8581938096960,0.0067849443935,0.0411086169063,0.0721826662248,0.0000009548850
377333,0.2547654005583,3.8581515349893,0.0067843273590,0.0410757513186,0.0721700658873,0.0000009548850
377991,0.2547753360129,3.8583019969031,0.0067843273590,0.0410404617586,0.0721595914990,0.0000009548850
378295,0.2547682137973,3.8581941385079,0.0067885584527,0.0410116321580,0.0721495823499,0.0000009548850
380295,0.2547715218003,3.8582442347020,0.0068353924729,0.0409353666617,0.0721431252534,0.0000009548850
380300,0.2547676630476,3.8581857979887,0.0068822264932,0.0408588928054,0.0721350580092,0.0000009548850
380725,0.2547584275505,3.8580459361887,0.0068205230434,0.0408621320367,0.0721077915068,0.0000009548850
380838,0.2547611839455,3.8580876788647,0.0067097763695,0.0409875187157,0.0721057002594,0.0000009548850
381214,0.2547647621727,3.8581418673173,0.0067364135284,0.0409313373929,0.0720978181895,0.0000009548850
381315,0.2547695117751,3.8582137950038,0.0067364135284,0.0408844973242,0.0720821073655,0.0000009548850
381450,0.2547699184036,3.8582199529602,0.0067097763695,0.0408056321149,0.0720426124287,0.0000009548850
381696,0.2547770409565,3.8583278164627,0.0067097763695,0.0407958728118,0.0720406532247,0.0000009548850
382979,0.2547735935277,3.8582756088135,0.0067097763695,0.0407975851305,0.0720405260323,0.0000009357873
383888,0.2547727934772,3.8582634928982,0.0067321659070,0.0407494080931,0.0720327440242,0.0000009357873
384446,0.2547701369118,3.8582232620349,0.0067789999272,0.0406707867385,0.0720241674280,0.0000009357873
385205,0.2547668461067,3.8581734262854,0.0068258339475,0.0406032756648,0.0720194228806,0.0000009357873
385471,0.2547643849233,3.8581361542756,0.0068153498702,0.0406084920802,0.0720162653137,0.0000009357873
385486,0.2547685226165,3.8581988152474,0.0068621838905,0.0405308049833,0.0720094782935,0.0000009357873
385853,0.2547692907458,3.8582104477503,0.0068524711064,0.0405414934617,0.0720092975846,0.0000009357873
385987,0.2547624261105,3.8581064901352,0.0068769155891,0.0405125346436,0.0720079603631,0.0000009357873
386316,0.2547575509668,3.8580326612596,0.0068769155891,0.0405027015019,0.0720034038532,0.0000009357873
386347,0.2547561015240,3.8580107109866,0.0069237496093,0.0404190956341,0.0719933057427,0.0000009357873
386620,0.2547471155079,3.8578746273126,0.0069237496093,0.0404211954634,0.0719921301069,0.0000009357873
386812,0.2547379892140,3.8577364192805,0.0068684534017,0.0404754348000,0.0719858472895,0.0000009357873
387202,0.2547330185762,3.8576611442479,0.0069152874219,0.0403920835314,0.0719750855655,0.0000009357873
387783,0.2547308061925,3.8576276400450,0.0068690704362,0.0404153005737,0.0719630960045,0.0000009357873
388667,0.2547386189768,3.8577459563691,0.0068690704362,0.0403643803003,0.0719465843606,0.0000009357873
388733,0.2547369204173,3.8577202334890,0.0068607790351,0.0403705350513,0.0719448650514,0.0000009357873
388889,0.2547388332980,3.8577492020358,0.0068363345524,0.0403895981969,0.0719416070138,0.0000009357873
389024,0.2547317379009,3.8576417497797,0.0068363345524,0.0403913182255,0.0719407008675,0.0000009170716
389036,0.2547308311422,3.8576280178818,0.0068155041289,0.0403623040285,0.0719212170244,0.0000009170716
389173,0.2547245784315,3.8575333272161,0.0068623381491,0.0402822349038,0.0719113527649,0.0000009170716
389455,0.2547253987468,3.8575457500201,0.0068378936664,0.0403012170590,0.0719078316810,0.0000009170716
389929,0.2547283563377,3.8575905395949,0.0068847276866,0.0402269536137,0.0719020145144,0.0000009170716
390187,0.2547209693088,3.8574786708839,0.0068847276866,0.0402284837420,0.0719009780540,0.0000008987301
390602,0.2547175090237,3.8574262685388,0.0068847276866,0.0402184147809,0.0718966405068,0.0000008987301
392266,0.2546992404740,3.8571496107480,0.0069315617068,0.0401672621183,0.0718945287324,0.0000008987301
392362,0.2547020704211,3.8571924672926,0.0068380479250,0.0402321385517,0.0718782279694,0.0000008987301
392502,0.2547020423885,3.8571920427684,0.0068540136926,0.0401533542761,0.0718569271930,0.0000008987301
392531,0.2546920052485,3.8570400409383,0.0069699335397,0.0400095221262,0.0718530876867,0.0000008987301
392570,0.2546923555274,3.8570453455404,0.0069230995194,0.0400126959595,0.0718342245354,0.0000008987301
392761,0.2546917241899,3.8570357846041,0.0069230995194,0.0400104825535,0.0718332987467,0.0000008987301
394091,0.2546944202315,3.8570766132927,0.0069047702893,0.0399404639302,0.0718010144344,0.0000008987301
394402,0.2546932741512,3.8570592571225,0.0068671697496,0.0399215169793,0.0717778875605,0.0000008987301
395539,0.2546948752296,3.8570835037561,0.0068579362691,0.0399114736297,0.0717706865323,0.0000008987301
396096,0.2547006686969,3.8571712396671,0.0068573192346,0.0398782757685,0.0717598071672,0.0000008987301
397149,0.2546938643171,3.8570681945594,0.0068353924729,0.0398491323541,0.0717385435400,0.0000008987301
398310,0.2546960100352,3.8571006891820,0.0068446259535,0.0398258728091,0.0717346535623,0.0000008807555
403467,0.2546975045788,3.8571233224586,0.0068599746866,0.0398024087807,0.0717331718400,0.0000008807555
404130,0.2547013045511,3.8571808690040,0.0068577820104,0.0397979653952,0.0717314594780,0.0000008807555
404434,0.2547029033143,3.8572050805757,0.0068577820104,0.0397741733902,0.0717233049255,0.0000008807555
406514,0.2547005812621,3.8571699155605,0.0068822264932,0.0397450115161,0.0717228685947,0.0000008631404
407020,0.2547005266530,3.8571690885634,0.0068822264932,0.0397255892047,0.0717159203530,0.0000008631404
410631,0.2546982119056,3.8571340341715,0.0068353924729,0.0397593179573,0.0717073985958,0.0000008631404
420784,0.2546967904352,3.8571125075113,0.0068353924729,0.0397548672734,0.0717055044650,0.0000008289600
421963,0.2546975131973,3.8571234529767,0.0067503408785,0.0398507203680,0.0717034419073,0.0000008289600
424398,0.2547006305280,3.8571706616400,0.0067971748987,0.0397662772038,0.0716940233568,0.0000008289600
425793,0.2547038066307,3.8572187603437,0.0067824432001,0.0397760519707,0.0716918813533,0.0000008289600
428205,0.2547019947290,3.8571913210158,0.0068292772203,0.0397065078323,0.0716867276193,0.0000008123808
428596,0.2547025130810,3.8571991709069,0.0068048327376,0.0397259759299,0.0716833153799,0.0000008123808
468335,0.2546957221777,3.8570963298858,0.0068292772203,0.0396968140558,0.0716819214381,0.0000007343279
468891,0.2546964061821,3.8571066884063,0.0067434378051,0.0397508687961,0.0716645849541,0.0000007343279
470001,0.2547015791268,3.8571850271617,0.0067885584527,0.0396626963643,0.0716535407084,0.0000007196414
471080,0.2547084704068,3.8572893882817,0.0067564561311,0.0396528846781,0.0716377550998,0.0000007196414
471639,0.2547063063153,3.8572566154140,0.0067797877481,0.0396186065742,0.0716350484504,0.0000007196414
479171,0.2547110255852,3.8573280837457,0.0067479939437,0.0396384267419,0.0716295124377,0.0000007052486
480447,0.2546937532938,3.8570665132292,0.0067736724955,0.0395940351232,0.0716209621764,0.0000007052486
483604,0.2547001722335,3.8571637212569,0.0067948279640,0.0395594915735,0.0716190673109,0.0000007052486
484817,0.2546997775898,3.8571577447969,0.0068178510637,0.0395301212066,0.0716183603703,0.0000006911436
485121,0.2546957599694,3.8570969022013,0.0067710170434,0.0395854283128,0.0716171802666,0.0000006911436
485202,0.2546883490889,3.8569846722822,0.0067710170434,0.0395006161854,0.0715853021753,0.0000006911436
488210,0.2546893122657,3.8569992585729,0.0067246623268,0.0395535174756,0.0715845355811,0.0000006911436
490403,0.2546914910521,3.8570322539803,0.0067714963470,0.0394807995039,0.0715791034827,0.0000006911436
492444,0.2546910150571,3.8570250455408,0.0066925600052,0.0395593407516,0.0715732220686,0.0000006773207
493991,0.2546901327705,3.8570116842471,0.0067127568665,0.0394607856374,0.0715464905498,0.0000006773207
497732,0.2546921290762,3.8570419161784,0.0067127568665,0.0394558190859,0.0715451445612,0.0000006773207
500372,0.2546932995590,3.8570596418969,0.0067208940089,0.0394357242290,0.0715417059911,0.0000006637743
501326,0.2546897167614,3.8570053842315,0.0067208940089,0.0394306341844,0.0715391203757,0.0000006637743
504824,0.2546893345884,3.8569995966262,0.0066620002698,0.0394759923363,0.0715299976475,0.0000006637743
504857,0.2546861792087,3.8569518117514,0.0066620002698,0.0394746553240,0.0715288439904,0.0000006637743
505209,0.2546892400740,3.8569981653057,0.0067258963958,0.0393956647767,0.0715286730343,0.0000006637743
507608,0.2546843058929,3.8569234423718,0.0067177592533,0.0394052447995,0.0715275497997,0.0000006504988
508033,0.2546781319123,3.8568299439903,0.0066620002698,0.0394746553240,0.0715271195697,0.0000006504988
513227,0.2546709112183,3.8567205942441,0.0067082007278,0.0393956647767,0.0715171615647,0.0000006374888
