0,0.2063240533919,3.124558757017,0.5553584234398,0.3201241934734,0.3965531191558,1000
2,0.2063121482261,3.124378465919,0.5553584234398,0.3199710064435,0.3964958583954,1000.0000000000000
4,0.2063227833260,3.1245395232168,0.5552407902202,0.3199588853317,0.3964433941398,980.0000000000000
5,0.2063220956656,3.1245291093296,0.5552876242404,0.3194711195528,0.3962891164431,960.4000000000000
7,0.2063259550574,3.1245875557225,0.5552407902202,0.3193285583641,0.3962189570224,941.1920000000000
8,0.2063275891956,3.1246123030105,0.5551939562000,0.3192900336982,0.3961854766627,941.1920000000000
10,0.2063284550614,3.1246254156285,0.5551939562000,0.3192878572320,0.3961848848960,922.3681600000000
11,0.2063245894853,3.1245668755827,0.5551939562000,0.3192053114127,0.3961545759085,903.9207967999999
12,0.2063282037009,3.1246216090408,0.5550763229804,0.3190220941864,0.3960395014226,903.9207967999999
13,0.2063267269202,3.1245992447638,0.5550763229804,0.3189947277296,0.3960294112350,885.8423808639999
14,0.2063362180589,3.1247429779843,0.5550763229804,0.3187420236547,0.3959411935952,885.8423808639999
15,0.2063339816278,3.1247091096095,0.5550763229804,0.3183747209015,0.3958095348052,868.1255332467199
16,0.2063422434894,3.1248342267322,0.5550763229804,0.3183627667972,0.3958070358811,868.1255332467199
17,0.2063446103752,3.1248700707051,0.5550763229804,0.3183391083433,0.3957990936232,850.7630225817854
18,0.2063493701776,3.1249421528595,0.5549586897607,0.3183944577376,0.3957694669846,850.7630225817854
19,0.2063519556628,3.1249813072880,0.5549586897607,0.3181116948854,0.3956690342843,833.7477621301497
20,0.2063483516339,3.1249267280969,0.5549586897607,0.3180812781830,0.3956573988844,833.7477621301497
21,0.2063505348616,3.1249597907624,0.5550055237810,0.3176645719647,0.3955291147924,817.0728068875467
22,0.2063465042428,3.1248987513197,0.5549586897607,0.3176723874839,0.3955109706223,817.0728068875467
23,0.2063499262769,3.1249505743941,0.5549586897607,0.3176483617235,0.3955031232866,817.0728068875467
24,0.2063546462073,3.1250220527295,0.5549586897607,0.3175860402937,0.3954818770468,800.7313507497958
28,0.2063641631290,3.1251661764052,0.5548410565411,0.3176225565246,0.3954465436612,784.7167237347999
29,0.2063674265106,3.1252155968551,0.5547942225209,0.3175655331462,0.3954068057420,784.7167237347999
30,0.2063664244809,3.1252004221794,0.5546765893013,0.3174746751293,0.3953237274926,769.0223892601039
33,0.2063593177307,3.1250927979915,0.5545121220614,0.3176581550758,0.3953172472100,753.6419414749017
34,0.2063674574458,3.1252160653358,0.5544652880412,0.3176756223455,0.3953051580223,753.6419414749017
35,0.2063752429379,3.1253339683478,0.5544652880412,0.3176611205073,0.3953016471141,753.6419414749017
36,0.2063812278944,3.1254246041607,0.5544652880412,0.3173700926841,0.3951989910965,738.5691026454036
37,0.2063782558830,3.1253795962030,0.5544652880412,0.3172405955242,0.3951521052512,738.5691026454036
38,0.2063738911714,3.1253134972798,0.5543476548216,0.3170427245370,0.3950300875092,738.5691026454036
39,0.2063793486844,3.1253961455200,0.5543008208013,0.3170402640142,0.3950103064951,723.7977205924956
40,0.2063797806658,3.1254026874199,0.5543008208013,0.3169545099663,0.3949797726169,723.7977205924956
41,0.2063870394757,3.1255126143900,0.5543476548216,0.3167735696086,0.3949367782428,723.7977205924956
44,0.2063909522273,3.1255718688592,0.5542300216019,0.3168542124725,0.3949160034754,709.3217661806457
45,0.2063983111274,3.1256833115902,0.5542300216019,0.3167541083622,0.3948818289146,695.1353308570327
47,0.2064061150475,3.1258014936754,0.5541123883823,0.3167196192123,0.3948207693927,695.1353308570327
48,0.2064061384740,3.1258018484438,0.5541123883823,0.3164778193333,0.3947344173130,681.2326242398921
52,0.2064212554105,3.1260307783999,0.5539947551627,0.3165476908999,0.3947121965505,667.6079717550942
53,0.2064195316731,3.1260046742270,0.5539947551627,0.3163891633723,0.3946552102041,667.6079717550942
54,0.2064275028851,3.1261253897705,0.5538771219431,0.3160674027867,0.3944915895891,654.2558123199923
55,0.2064216327319,3.1260364925323,0.5538771219431,0.3158905522120,0.3944271707796,654.2558123199923
56,0.2064259610735,3.1261020406696,0.5538771219431,0.3154588948040,0.3942739349213,654.2558123199923
58,0.2064365818243,3.1262628806656,0.5538771219431,0.3154145493298,0.3942603731272,641.1706960735925
59,0.2064417071523,3.1263404983176,0.5538771219431,0.3153080294396,0.3942234285938,641.1706960735925
60,0.2064466541136,3.1264154147953,0.5537594887235,0.3151254276787,0.3941088595054,641.1706960735925
61,0.2064489922496,3.1264508233820,0.5537594887235,0.3150077527332,0.3940673337682,641.1706960735925
66,0.2064712325225,3.1267876287050,0.5538771219431,0.3147207433281,0.3940200104190,615.7803365090781
72,0.2065017427709,3.1272496740280,0.5538302879228,0.3146257109616,0.3939725364756,603.4647297788965
73,0.2065057744503,3.1273107295327,0.5537834539026,0.3146118673336,0.3939483845310,603.4647297788965
74,0.2065071833667,3.1273320660755,0.5536658206830,0.3146563794111,0.3939141693752,591.3954351833186
75,0.2065010862065,3.1272397310581,0.5536658206830,0.3146552832646,0.3939124713600,591.3954351833186
76,0.2064984349425,3.1271995804787,0.5536658206830,0.3146518729259,0.3939106852539,591.3954351833186
82,0.2065226486759,3.1275662717656,0.5535013534431,0.3146755975910,0.3938538610458,567.9761759500592
83,0.2065251321780,3.1276038817693,0.5533837202235,0.3133227655338,0.3933208246817,567.9761759500592
84,0.2065245681972,3.1275953408782,0.5532660870039,0.3133239685662,0.3932707192461,567.9761759500592
85,0.2065292922345,3.1276668814089,0.5532660870039,0.3132175663492,0.3932337307481,567.9761759500592
86,0.2065401464547,3.1278312570501,0.5532660870039,0.3130900902420,0.3931905294712,556.6166524310580
87,0.2065387169106,3.1278096081233,0.5532192529837,0.3130618672148,0.3931600717648,556.6166524310580
88,0.2065347848924,3.1277500618808,0.5532660870039,0.3128736448892,0.3931120786533,556.6166524310580
91,0.2065489825801,3.1279650707898,0.5532192529837,0.3128685972023,0.3930932465467,545.4843193824369
92,0.2065459297907,3.1279188395348,0.5532660870039,0.3127507387934,0.3930705718116,545.4843193824369
93,0.2065461824894,3.1279226663889,0.5532660870039,0.3126770396484,0.3930443048381,545.4843193824369
65467,0.2441513774481,3.6974134227293,0.0743640886539,0.7970721616400,0.3688571051763,0.0000001217490
65502,0.2441499583683,3.6973919322728,0.0743172546337,0.7969932033133,0.3688085299624,0.0000001217490
65505,0.2441411891463,3.6972591317141,0.0743172546337,0.7969965146421,0.3688078334608,0.0000001217490
65515,0.2441450185806,3.6973171244311,0.0743172546337,0.7969608964865,0.3687959332840,0.0000001217490
65519,0.2441360228037,3.6971808929407,0.0742704206135,0.7970179975452,0.3687943271299,0.0000001217490
65557,0.2441460175185,3.6973322522851,0.0742704206135,0.7970042797714,0.3687915696495,0.0000001217490
65561,0.2441467835731,3.6973438533690,0.0742235865932,0.7969972210676,0.3687691411155,0.0000001217490
65592,0.2441419158302,3.6972701365707,0.0742235865932,0.7969365312989,0.3687464231103,0.0000001193141
65599,0.2441461371653,3.6973340642091,0.0742235865932,0.7969264290862,0.3687437197490,0.0000001193141
65626,0.2441548492945,3.6974660001570,0.0741767525730,0.7969717863911,0.3687417139484,0.0000001193141
65634,0.2441547623123,3.6974646829048,0.0740591193534,0.7940939184197,0.3676634710826,0.0000001193141
65643,0.2441510727777,3.6974088088195,0.0740182463271,0.7941370711247,0.3676605751371,0.0000001193141
65650,0.2441499502663,3.6973918095767,0.0740166706855,0.7941196896341,0.3676534516487,0.0000001193141
65652,0.2441497662644,3.6973890230623,0.0738990374658,0.7941922168372,0.3676289005553,0.0000001193141
65658,0.2441560643381,3.6974844007029,0.0738522034456,0.7942336293608,0.3676249686066,0.0000001193141
65665,0.2441585507979,3.6975220554963,0.0738053694254,0.7942810493109,0.3676223653929,0.0000001193141
65684,0.2441619896591,3.6975741333996,0.0738462424516,0.7942252992457,0.3676207085654,0.0000001193141
65705,0.2441627513006,3.6975856676510,0.0738462424516,0.7941980236536,0.3676111304914,0.0000001169278
65724,0.2441598423160,3.6975416141674,0.0739638756713,0.7938191835001,0.3675256213197,0.0000001169278
65735,0.2441621346886,3.6975763297169,0.0739638756713,0.6787379676374,0.3264256783057,0.0000001169278
65746,0.2441580079179,3.6975138341558,0.0739170416510,0.6787945628231,0.3264249348411,0.0000001169278
65796,0.2441554341204,3.6974748567242,0.0738702076308,0.5741307792656,0.2890243888910,0.0000001169278
65801,0.2441539967231,3.6974530888688,0.0739170416510,0.5740590290617,0.2890185275274,0.0000001169278
65808,0.2441555346423,3.6974763790227,0.0739170416510,0.5740530672046,0.2890167278469,0.0000001145892
65810,0.2441514147453,3.6974139875551,0.0738702076308,0.5740832028620,0.2890065360236,0.0000001145892
65893,0.2441533959498,3.6974439907940,0.0738717832725,0.5740603457074,0.2889994725729,0.0000001145892
65901,0.2441498827777,3.6973907875331,0.0738717832725,0.5739945974793,0.2889752382403,0.0000001145892
65914,0.2441534208730,3.6974443682297,0.0737541500528,0.5740767152062,0.2889549099262,0.0000001145892
65921,0.2441544572369,3.6974600628616,0.0737541500528,0.5740362997188,0.2889406979016,0.0000001122974
65941,0.2441609471611,3.6975583458743,0.0737073160326,0.5740151919402,0.2889144783843,0.0000001122974
65945,0.2441630233360,3.6975897873384,0.0737073160326,0.5739819421128,0.2889030483406,0.0000001122974
65970,0.2441666220756,3.6976442864285,0.0735896828130,0.5740039241754,0.2888612559987,0.0000001122974
65971,0.2441700444563,3.6976961147523,0.0735488097867,0.5740211135259,0.2888506114085,0.0000001122974
65979,0.2441677324590,3.6976611020069,0.0735488097867,0.5739760027415,0.2888340049860,0.0000001122974
66018,0.2441646017967,3.6976136914503,0.0734311765671,0.5740205093308,0.2887988151033,0.0000001122974
66057,0.2441659081342,3.6976334745442,0.0734780105873,0.5739535559746,0.2887952548428,0.0000001100515
66142,0.2441667563483,3.6976463198462,0.0734311765671,0.5739285078350,0.2887664191159,0.0000001100515
66174,0.2441747046956,3.6977666891280,0.0733843425469,0.5738805480832,0.2887309221274,0.0000001078505
66197,0.2441740757847,3.6977571649403,0.0733992119764,0.5738460166982,0.2887248273360,0.0000001078505
66263,0.2441674290723,3.6976565075374,0.0734460459967,0.5710769085089,0.2877545075529,0.0000001056934
66293,0.2441720712602,3.6977268085446,0.0733992119764,0.5710354092278,0.2877206094127,0.0000001056934
66358,0.2441691781057,3.6976829947924,0.0733992119764,0.5708812856243,0.2876649453070,0.0000001056934
66366,0.2441691518508,3.6976825971896,0.0733992119764,0.5708221292520,0.2876438124051,0.0000001056934
66393,0.2441680443070,3.6976658246133,0.0733724370866,0.5708402939100,0.2876385874993,0.0000001035796
66436,0.2441642356047,3.6976081458608,0.0733724370866,0.5707984916028,0.2876228419534,0.0000001035796
66437,0.2441629008699,3.6975879327196,0.0733724370866,0.5707736847558,0.2876136963506,0.0000001035796
66468,0.2441626575467,3.6975842478470,0.0733724370866,0.5707714758520,0.2876128553157,0.0000001035796
66471,0.2441654262679,3.6976261771907,0.0733724370866,0.5706930374768,0.2875854349077,0.0000001035796
66492,0.2441622596931,3.6975782227769,0.0733588182538,0.5706203309984,0.2875529531138,0.0000001015080
66537,0.2441641803968,3.6976073097956,0.0733256030664,0.5706317472537,0.2875432068469,0.0000001015080
66539,0.2441650044839,3.6976197897199,0.0733256030664,0.5705864160805,0.2875271937323,0.0000001015080
66543,0.2441632837021,3.6975937303071,0.0732787690461,0.5705899150291,0.2875080028949,0.0000001015080
66578,0.2441685948491,3.6976741619891,0.0732787690461,0.5705703424316,0.2875021507844,0.0000001015080
66583,0.2441677596792,3.6976615142285,0.0732319350259,0.5705638706138,0.2874795887330,0.0000001015080
66658,0.2441659696419,3.6976344060138,0.0731143018063,0.5679816170191,0.2865065574899,0.0000000994778
66691,0.2441584850802,3.6975210602726,0.0731611358265,0.5679189624370,0.2865026487418,0.0000000994778
66697,0.2441519110410,3.6974215034266,0.0731143018063,0.5678132638949,0.2864434188168,0.0000000994778
66707,0.2441493777426,3.6973831393127,0.0730674677861,0.5678167544559,0.2864240508731,0.0000000994778
66728,0.2441455037020,3.6973244710807,0.0729498345664,0.5678671544534,0.2863908064837,0.0000000974883
66729,0.2441558018450,3.6974804255231,0.0729498345664,0.4739801824129,0.2528619517856,0.0000000974883
66759,0.2441548916868,3.6974666421443,0.0729030005462,0.4736941079789,0.2527395155880,0.0000000974883
66771,0.2441592791383,3.6975330854388,0.0729030005462,0.4736527889788,0.2527256989704,0.0000000974883
66775,0.2441591593520,3.6975312714027,0.0728561665260,0.4736963652440,0.2527211645308,0.0000000974883
66794,0.2441584953623,3.6975212159837,0.0728561665260,0.4736766579922,0.2527139839431,0.0000000974883
66819,0.2441611046674,3.6975607311400,0.0728361073956,0.4736903735210,0.2527108447129,0.0000000974883
66829,0.2441714850930,3.6977179316652,0.0728361073956,0.4736310811458,0.2526918932415,0.0000000974883
66843,0.2441718125216,3.6977228902244,0.0728224885627,0.4735779288053,0.2526671437834,0.0000000955385
66855,0.2441739039632,3.6977545628863,0.0728011953633,0.4735998273736,0.2526662872098,0.0000000955385
66870,0.2441658372824,3.6976324015697,0.0727543613431,0.4736168376936,0.2526505620267,0.0000000955385
66872,0.2441649156854,3.6976184449613,0.0727075273228,0.4736536314638,0.2526434334509,0.0000000955385
66874,0.2441667598456,3.6976463728094,0.0727075273228,0.4736492993067,0.2526422814291,0.0000000955385
66914,0.2441575454886,3.6975068311553,0.0727075273228,0.4736156187258,0.2526282781451,0.0000000955385
66931,0.2441563699234,3.6974890284675,0.0727275864533,0.4734646751769,0.2525827145982,0.0000000955385
66948,0.2441597856489,3.6975407560039,0.0726807524330,0.4733185829447,0.2525111990192,0.0000000955385
66952,0.2441612450584,3.6975628572114,0.0726339184128,0.4733238535898,0.2524933224001,0.0000000955385
66995,0.2441704902474,3.6977028657843,0.0726071435230,0.4733447674809,0.2524912978060,0.0000000936277
67008,0.2441702327626,3.6976989664512,0.0725543485088,0.4733358075005,0.2524654162031,0.0000000936277
67014,0.2441732390874,3.6977444940492,0.0725543485088,0.4733162164434,0.2524590636094,0.0000000936277
67028,0.2441693128607,3.6976850355135,0.0725342893783,0.4733027067242,0.2524448006052,0.0000000936277
67079,0.2441653199587,3.6976245672512,0.0725811233986,0.4732333785571,0.2524392566466,0.0000000917552
67095,0.2441554417275,3.6974749719257,0.0724725859286,0.4731705619943,0.2523681893375,0.0000000917552
67122,0.2441602777150,3.6975482078226,0.0724725859286,0.4730915439077,0.2523410048753,0.0000000917552
67129,0.2441545433856,3.6974613674911,0.0723549527089,0.4731018745103,0.2522930513544,0.0000000917552
67163,0.2441562632550,3.6974874130878,0.0723081186887,0.4731535703622,0.2522918109791,0.0000000917552
