0,0.2063240533919,3.124558757017,0.5553584234398,0.3201241934734,0.3965531191558,1000
2,0.2063175304299,3.124459973682,0.5553115894196,0.3199878161966,0.396482943485,1000.0000000000000
3,0.2063171464381,3.1244541585338,0.5553115894196,0.3185930989667,0.3959847479047,1000.0000000000000
4,0.2063178397283,3.1244646576780,0.5552647553994,0.3186130427121,0.3959719475101,1000.0000000000000
5,0.2063154570277,3.1244285742064,0.5551471221798,0.3186420441375,0.3959313803463,1000.0000000000000
11,0.2063432951512,3.1248501530350,0.5547713536798,0.3184604363487,0.3957114420911,1000.0000000000000
12,0.2063475701349,3.1249148931245,0.5548181877000,0.3178894542079,0.3955285076889,1000.0000000000000
13,0.2063490597433,3.1249374516624,0.5548181877000,0.3177707775376,0.3954864423656,1000.0000000000000
14,0.2063564882226,3.1250499480954,0.5548181877000,0.3176031170437,0.3954281554347,1000.0000000000000
22,0.2063672816755,3.1252134034805,0.5543955851799,0.3179034417910,0.3953566117901,1000.0000000000000
34,0.2064100082527,3.1258604521353,0.5543716200007,0.3176204670089,0.3952544342719,1000.0000000000000
37,0.2064212710965,3.1260310159478,0.5542539867811,0.3177167766060,0.3952408297861,1000.0000000000000
38,0.2064311397992,3.1261804669737,0.5542539867811,0.3175567387065,0.3951857881155,1000.0000000000000
40,0.2064465856352,3.1264143777629,0.5542539867811,0.3172701596477,0.3950867482736,1000.0000000000000
41,0.2064519432258,3.1264955127838,0.5541363535615,0.3170892192901,0.3949728605355,1000.0000000000000
42,0.2064671670662,3.1267260616851,0.5541363535615,0.3170424195604,0.3949594085978,1000.0000000000000
44,0.2064714224929,3.1267905056055,0.5541831875817,0.3164424165286,0.3947661054009,1000.0000000000000
45,0.2064688927052,3.1267521946565,0.5541363535615,0.3164942318097,0.3947639970381,1000.0000000000000
46,0.2064716604736,3.1267941095706,0.5541363535615,0.3163610695934,0.3947170321969,1000.0000000000000
55,0.2065158647200,3.1274635359562,0.5537366198824,0.3166115068092,0.3946446319643,1000.0000000000000
56,0.2065050374812,3.1272995689177,0.5537366198824,0.3164558125067,0.3945867067337,1000.0000000000000
57,0.2065126610505,3.1274150197820,0.5536189866628,0.3159636144913,0.3943621411132,1000.0000000000000
58,0.2065176104329,3.1274899729243,0.5536189866628,0.3158466573097,0.3943214312731,1000.0000000000000
63,0.2065312233943,3.1276961267732,0.5535013534431,0.3157986370336,0.3942567840007,1000.0000000000000
64,0.2065288665703,3.1276604351765,0.5535013534431,0.3157816005318,0.3942501945021,1000.0000000000000
65,0.2065306972093,3.1276881582597,0.5535013534431,0.3157059274461,0.3942235606798,1000.0000000000000
66,0.2065326454814,3.1277176627730,0.5535013534431,0.3156411624179,0.3942008477995,1000.0000000000000
67,0.2065342109855,3.1277413706700,0.5535013534431,0.3154987596157,0.3941503251210,1000.0000000000000
104,0.2065901727300,3.1285888518823,0.5532192529837,0.3155834345353,0.3940716577692,980.0000000000000
105,0.2065836277434,3.1284897350092,0.5532192529837,0.3155845732006,0.3940706619382,980.0000000000000
106,0.2065822780266,3.1284692949808,0.5532192529837,0.3152801719481,0.3939616579802,980.0000000000000
107,0.2065886716553,3.1285661197000,0.5532192529837,0.3152270203969,0.3939440453466,980.0000000000000
108,0.2065817146150,3.1284607627099,0.5532192529837,0.3146334651887,0.3937305705493,980.0000000000000
109,0.2065865214477,3.1285335570878,0.5531016197640,0.3145833397732,0.3936632844138,980.0000000000000
110,0.2065799149753,3.1284335090765,0.5529839865444,0.3144977151959,0.3935808742980,980.0000000000000
112,0.2065871489185,3.1285430594667,0.5530308205646,0.3142789080543,0.3935243507439,980.0000000000000
136,0.2066740974593,3.1298598028137,0.5529131873450,0.3143163012824,0.3935059230614,980.0000000000000
139,0.2066830032487,3.1299946715403,0.5527955541254,0.3143268615198,0.3934611887213,980.0000000000000
140,0.2066707967436,3.1298098169787,0.5527955541254,0.3142706536082,0.3934384987875,980.0000000000000
141,0.2066777333357,3.1299148643028,0.5527955541254,0.3142434989034,0.3934302870912,980.0000000000000
142,0.2066817170557,3.1299751935120,0.5526779209058,0.3142292803288,0.3933756484461,980.0000000000000
143,0.2066896371385,3.1300951347583,0.5526779209058,0.3140190874503,0.3933022767216,980.0000000000000
144,0.2066948867053,3.1301746338751,0.5527247549260,0.3139581789163,0.3933017203038,980.0000000000000
112379,0.2532572031313,3.8353114860462,0.0101104683473,0.8896335985407,0.3763287437272,0.0000027888413
112428,0.2532495861781,3.8351961353759,0.0100636343270,0.8896874159055,0.3763262602874,0.0000027888413
112463,0.2532432201603,3.8350997287935,0.0100168003068,0.8897322204897,0.3763208260550,0.0000027888413
112468,0.2532398900857,3.8350492983487,0.0100636343270,0.8896536621493,0.3763121276404,0.0000027888413
112668,0.2532437058582,3.8351070841726,0.0100636343270,0.8896488073875,0.3763112114624,0.0000027888413
112712,0.2532303891322,3.8349054164942,0.0101054659604,0.8895970526555,0.3763078018883,0.0000027888413
112860,0.2532324301054,3.8349363248673,0.0099610578510,0.8897258441668,0.3762923470183,0.0000027888413
112870,0.2532289300172,3.8348833197474,0.0099420950587,0.8897142636219,0.3762793341795,0.0000027888413
112944,0.2532414376460,3.8350727345076,0.0099610578510,0.8896504405539,0.3762673473438,0.0000027888413
112974,0.2532406452213,3.8350607340765,0.0099288012708,0.8896861671827,0.3762661128002,0.0000027888413
113081,0.2532287598995,3.8348807434945,0.0099288012708,0.8896737936723,0.3762591468346,0.0000027888413
113169,0.2532248826677,3.8348220269352,0.0099288012708,0.8895246608609,0.3762050542809,0.0000027888413
113422,0.2532290304988,3.8348848414348,0.0100224693112,0.8893979002115,0.3762008148872,0.0000027888413
113562,0.2532284237967,3.8348756535745,0.0099288012708,0.8886255892343,0.3758847160847,0.0000027888413
113656,0.2532374616349,3.8350125220395,0.0099288012708,0.7634258687876,0.3311724668905,0.0000027888413
113700,0.2532364514381,3.8349972236823,0.0099288012708,0.7633705870269,0.3311525069338,0.0000027888413
113805,0.2532347851433,3.8349719894158,0.0098550215744,0.7632926516830,0.3310926959494,0.0000027888413
113898,0.2532411296976,3.8350680709552,0.0098550215744,0.7632737679109,0.3310873112924,0.0000027888413
113985,0.2532386296530,3.8350302104339,0.0099018555946,0.7631602026680,0.3310662882762,0.0000027888413
113991,0.2532526736845,3.8352428923827,0.0099018555946,0.7629280882760,0.3309863997144,0.0000027888413
114022,0.2532424995962,3.8350888166159,0.0099018555946,0.7604552921327,0.3301010780729,0.0000027888413
114029,0.2532484632234,3.8351791294190,0.0099068579814,0.7603253147366,0.3300580793744,0.0000027888413
114122,0.2532402927054,3.8350553955971,0.0099536920017,0.7602682064474,0.3300560044545,0.0000027888413
114141,0.2532407885077,3.8350629039972,0.0099804668915,0.7602178664915,0.3300496070950,0.0000027330645
114147,0.2532407964316,3.8350630239965,0.0099374011891,0.7602253751795,0.3300338337376,0.0000027330645
114195,0.2532378040077,3.8350177069128,0.0099374011891,0.7601314876531,0.3299996612445,0.0000027330645
114242,0.2532261540163,3.8348412801597,0.0098247703563,0.7602332784225,0.3299852483071,0.0000027330645
114277,0.2532204604665,3.8347550573936,0.0098247703563,0.7600794593670,0.3299290928837,0.0000027330645
114281,0.2532279195959,3.8348680179894,0.0097162163586,0.7602027761802,0.3299282098457,0.0000027330645
114301,0.2532291504641,3.8348866581816,0.0096828469126,0.7601666754006,0.3299012792765,0.0000027330645
114353,0.2532253719353,3.8348294363746,0.0097296809328,0.7600905726991,0.3298933617784,0.0000027330645
114372,0.2532299629406,3.8348989622748,0.0097313943054,0.7592033333552,0.3295782086736,0.0000027330645
114385,0.2532262834730,3.8348432406449,0.0097313943054,0.7591872781055,0.3295716861985,0.0000027330645
114403,0.2532273601872,3.8348595463378,0.0097782283256,0.7591136360814,0.3295656879230,0.0000027330645
114479,0.2532228805757,3.8347917073776,0.0097782283256,0.7568451079769,0.3287545393975,0.0000027330645
114488,0.2532156409690,3.8346820712191,0.0097782283256,0.7568460148771,0.3287533119461,0.0000027330645
114664,0.2532099221407,3.8345954656365,0.0097815173398,0.7568386517997,0.3287508663900,0.0000027330645
114683,0.2532051296025,3.8345228877325,0.0096638841202,0.7567620953455,0.3286720835897,0.0000027330645
114686,0.2532073754217,3.8345568982803,0.0095897959066,0.7567652646518,0.3286419446403,0.0000027330645
114696,0.2532123421920,3.8346321147441,0.0095630210168,0.7558090202819,0.3282900181490,0.0000027330645
114731,0.2532114598552,3.8346187526894,0.0095630210168,0.7555681467945,0.3282038028313,0.0000027330645
114752,0.2532048465159,3.8345186006874,0.0095494021839,0.7546868081556,0.3278817852450,0.0000027330645
114858,0.2531981582729,3.8344173143468,0.0095494021839,0.7544311756731,0.3277890547349,0.0000027330645
114884,0.2532074864380,3.8345585795041,0.0095063364815,0.7542841020291,0.3277200705963,0.0000027330645
114916,0.2531988902455,3.8344283992948,0.0094928719073,0.7542277640129,0.3276923373032,0.0000027330645
115028,0.2531964068423,3.8343907907894,0.0095981368908,0.7540559063818,0.3276755409843,0.0000027330645
115110,0.2532037191015,3.8345015271918,0.0096249117806,0.7540138057974,0.3276735469268,0.0000027330645
115448,0.2532165825904,3.8346963310754,0.0095780777604,0.7536659925260,0.3275320126402,0.0000027330645
115593,0.2532182748232,3.8347219581447,0.0095885618376,0.7536091058201,0.3275165517568,0.0000027330645
115697,0.2532287941215,3.8348812617505,0.0095445375280,0.7536374180842,0.3275100498538,0.0000027330645
115784,0.2532261563538,3.8348413155599,0.0095445375280,0.7534351335288,0.3274372401338,0.0000027330645
115912,0.2532334338196,3.8349515250526,0.0095038022327,0.7534575973376,0.3274293643959,0.0000027330645
115993,0.2532372183239,3.8350088373529,0.0094792200190,0.7534142520125,0.3274041596535,0.0000027330645
116108,0.2532410768971,3.8350672713484,0.0095260540393,0.6384609292557,0.2863703000861,0.0000027330645
116248,0.2532416322464,3.8350756815234,0.0095260540393,0.6384027236216,0.2863496313630,0.0000027330645
116381,0.2532367441925,3.8350016571366,0.0094269043084,0.6384623297112,0.2863273790703,0.0000027330645
116539,0.2532345219889,3.8349680042220,0.0094737383286,0.5340848890003,0.2490693172100,0.0000027330645
116573,0.2532252727765,3.8348279347191,0.0094200177627,0.5341532218572,0.2490687167280,0.0000027330645
116591,0.2532306471866,3.8349093244554,0.0093954355490,0.5341098765321,0.2490438526796,0.0000027330645
116684,0.2532148262527,3.8346697332060,0.0094422695692,0.5340401325249,0.2490356256284,0.0000027330645
116703,0.2532203685130,3.8347536648551,0.0094422695692,0.5339851203637,0.2490171660552,0.0000027330645
116708,0.2532227487962,3.8347897117168,0.0094689067281,0.5339268470748,0.2490082801522,0.0000027330645
116722,0.2532214859175,3.8347705867600,0.0094756390152,0.5337564122344,0.2489500252154,0.0000027330645
116775,0.2532273651160,3.8348596209803,0.0094468091802,0.5337723544011,0.2489446230311,0.0000027330645
116783,0.2532200214066,3.8347484082975,0.0094936432004,0.5336902245332,0.2489337890063,0.0000027330645
116785,0.2532139882569,3.8346570426497,0.0094991248908,0.5336860957042,0.2489333709026,0.0000027330645
116786,0.2532160416288,3.8346881387865,0.0094991248908,0.5334405879348,0.2488461295647,0.0000027330645
116864,0.2532107790856,3.8346084431570,0.0094991248908,0.5333512963126,0.2488131120118,0.0000027330645
116934,0.2532060351212,3.8345366008521,0.0095174706487,0.5333234752559,0.2488100218239,0.0000027330645
116962,0.2531990916478,3.8344314493186,0.0095069865714,0.5333170609355,0.2488017499321,0.0000027330645
117030,0.2532026496631,3.8344853316829,0.0095069865714,0.5332722781937,0.2487865185276,0.0000027330645
117090,0.2532024858106,3.8344828503114,0.0095314310542,0.5331871092287,0.2487665421357,0.0000027330645
117126,0.2532077897904,3.8345631734541,0.0094656342416,0.5332003877938,0.2487442224136,0.0000027330645
117186,0.2532071857759,3.8345540262961,0.0093713326389,0.5332966836654,0.2487380693920,0.0000027330645
117258,0.2532096500305,3.8345913448153,0.0093935679178,0.5332505600742,0.2487316541407,0.0000027330645
117292,0.2532174138046,3.8347089189330,0.0093592563923,0.5332834213677,0.2487303490433,0.0000027330645
117300,0.2532171075512,3.8347042810507,0.0093592563923,0.5332748700391,0.2487272293717,0.0000027330645
117335,0.2532237956424,3.8348055650917,0.0093495436082,0.5332619479814,0.2487198848917,0.0000027330645
117466,0.2532205673834,3.8347566765352,0.0092749760910,0.4392309406355,0.2151047329910,0.0000027330645
117497,0.2532176867114,3.8347130518159,0.0092281420708,0.4372214764844,0.2143663782129,0.0000027330645
117516,0.2532248086965,3.8348209067204,0.0092281420708,0.4372154071273,0.2143657367251,0.0000027330645
117562,0.2532303204359,3.8349043761624,0.0091980781667,0.4372021560577,0.2143493007569,0.0000027330645
117576,0.2532331274441,3.8349468853216,0.0091897867657,0.4350259659851,0.2135691380608,0.0000027330645
117587,0.2532337840007,3.8349568281739,0.0092366207859,0.4348778345755,0.2135364463996,0.0000027330645
117614,0.2532347235194,3.8349710561868,0.0092366207859,0.4348321216629,0.2135203216848,0.0000027330645
117627,0.2532299541423,3.8348988290351,0.0092366207859,0.4346204610419,0.2134437065965,0.0000027330645
117880,0.2532345668205,3.8349686831491,0.0092392927656,0.4324541944541,0.2126721735233,0.0000027330645
117958,0.2532312705881,3.8349187652081,0.0092288086884,0.4324558176936,0.2126675537402,0.0000027330645
118170,0.2532328886138,3.8349432684908,0.0092288086884,0.4324371988944,0.2126612508889,0.0000027330645
118254,0.2532412700563,3.8350701965388,0.0092320977027,0.4323092327135,0.2126187542823,0.0000027330645
118296,0.2532445495113,3.8351198604031,0.0092349074133,0.4322757227988,0.2126086933577,0.0000027330645
118347,0.2532469581504,3.8351563366863,0.0092349074133,0.4322624886326,0.2126044830067,0.0000027330645
118459,0.2532458772130,3.8351399670363,0.0092817414335,0.4321207375877,0.2125736977271,0.0000027330645
118487,0.2532429965649,3.8350963426795,0.0092817414335,0.4320428383351,0.2125452592837,0.0000026784032
118492,0.2532469901937,3.8351568219472,0.0092789317229,0.4320175932590,0.2125358948010,0.0000026784032
118520,0.2532473200746,3.8351618176429,0.0092789317229,0.4320071512385,0.2125322361967,0.0000026784032
118984,0.2532395497695,3.8350441446219,0.0093089956269,0.4319720060070,0.2125309037932,0.0000026784032
118990,0.2532288796507,3.8348825569994,0.0093061859163,0.4319438815036,0.2125173687120,0.0000026784032
119008,0.2532313847362,3.8349204938597,0.0092021715295,0.4320649127196,0.2125165533560,0.0000026248351
119040,0.2532260297770,3.8348393986888,0.0092021715295,0.4320397319111,0.2125064127188,0.0000026248351
119075,0.2532220868854,3.8347796877807,0.0091929215213,0.4319954739610,0.2124857971135,0.0000026248351
119229,0.2532129150526,3.8346407901095,0.0091929215213,0.4319944384102,0.2124834618812,0.0000026248351
119371,0.2532127739724,3.8346386536004,0.0091929215213,0.4319754202973,0.2124766394665,0.0000026248351
119426,0.2532118035586,3.8346239577134,0.0091929215213,0.4319282270034,0.2124595767729,0.0000026248351
119457,0.2532104375859,3.8346032715070,0.0091990202462,0.4318434121037,0.2124316067681,0.0000026248351
119532,0.2532024923533,3.8344829493929,0.0092691858834,0.3482933739817,0.1826206758763,0.0000026248351
119617,0.2531977207675,3.8344106887915,0.0093160199036,0.3482245958721,0.1826151615060,0.0000026248351
119619,0.2532038650691,3.8345037377167,0.0092626078549,0.3482347912920,0.1825972284855,0.0000026248351
119625,0.2532025783559,3.8344842518117,0.0092882864066,0.3481968595005,0.1825944107864,0.0000026248351
119673,0.2531982793608,3.8344191480944,0.0092741882702,0.3482062106763,0.1825907872203,0.0000026248351
119695,0.2531974700316,3.8344068916622,0.0092508566532,0.3481905697210,0.1825750284728,0.0000026248351
119697,0.2531898792705,3.8342919376448,0.0092204677042,0.3481699617403,0.1825530180527,0.0000026248351
119740,0.2531849201773,3.8342168374415,0.0091947891525,0.3481952017743,0.1825499645941,0.0000026248351
119750,0.2531867412398,3.8342444155008,0.0092165616555,0.3480953992141,0.1825240421231,0.0000026248351
119773,0.2531826377972,3.8341822732187,0.0092633956757,0.3479219016562,0.1824812711233,0.0000026248351
119940,0.2531794655968,3.8341342336117,0.0092289464193,0.3479141324013,0.1824630526652,0.0000026248351
119941,0.2531753308521,3.8340716172915,0.0092546249711,0.3478680367103,0.1824567089953,0.0000026248351
119962,0.2531740231805,3.8340518139939,0.0092474299081,0.3478617341474,0.1824510942662,0.0000026248351
120005,0.2531728695276,3.8340343431454,0.0092474299081,0.3478621436935,0.1824509933213,0.0000026248351
120168,0.2531693410936,3.8339809087584,0.0092474299081,0.3478460884437,0.1824445032106,0.0000026248351
120279,0.2531686430031,3.8339703369181,0.0092610487409,0.3477867485041,0.1824289974268,0.0000026248351
120288,0.2531628360271,3.8338823964316,0.0093078827612,0.3477304537921,0.1824277195435,0.0000026248351
120368,0.2531638675949,3.8338980184306,0.0093547167814,0.3476547231938,0.1824209656744,0.0000026248351
120436,0.2531665868532,3.8339391987114,0.0093547167814,0.3475992515327,0.1824017370651,0.0000026248351
120763,0.2531672067163,3.8339485858798,0.0093725667079,0.3456653123320,0.1817188272898,0.0000026248351
120838,0.2531670578117,3.8339463308784,0.0093725667079,0.3456553206029,0.1817152269070,0.0000026248351
120973,0.2531649529366,3.8339144547789,0.0093425028039,0.3456687831191,0.1817066993735,0.0000026248351
121065,0.2531688971731,3.8339741860528,0.0093071114680,0.3456912276971,0.1817003927723,0.0000026248351
121119,0.2531653021900,3.8339197438506,0.0093539454883,0.3455928225080,0.1816845494314,0.0000026248351
121182,0.2531656435693,3.8339249136779,0.0093539454883,0.3454966558539,0.1816502773505,0.0000026248351
121211,0.2531803177855,3.8341471391045,0.0093539454883,0.3438150125235,0.1810528349217,0.0000026248351
121279,0.2531750993184,3.8340681109606,0.0094765810947,0.3436612758688,0.1810493688477,0.0000026248351
121323,0.2531751903520,3.8340694895674,0.0094765810947,0.3436529220691,0.1810464048550,0.0000026248351
121447,0.2531822006887,3.8341756536749,0.0094715787079,0.3436013028342,0.1810273277489,0.0000026248351
121462,0.2531806494020,3.8341521610844,0.0094715787079,0.3435961941178,0.1810251707888,0.0000026248351
121493,0.2531760613171,3.8340826794083,0.0094715787079,0.3435753384608,0.1810167391787,0.0000026248351
121565,0.2531730499637,3.8340370756587,0.0094765810947,0.3435628465002,0.1810137763543,0.0000026248351
121811,0.2531696044827,3.8339848975057,0.0095234151149,0.3434819064205,0.1810042025886,0.0000026248351
122020,0.2531705066902,3.8339985604811,0.0094977365632,0.3434640146699,0.1809870009142,0.0000026248351
122118,0.2531750294101,3.8340670522734,0.0094977365632,0.3434208018949,0.1809725369346,0.0000026248351
122152,0.2531731815514,3.8340390684152,0.0096153697828,0.3418056125684,0.1804457018710,0.0000026248351
122180,0.2531745392437,3.8340596292235,0.0095838844957,0.3416549987808,0.1803787084721,0.0000026248351
122193,0.2531731962452,3.8340392909362,0.0095838844957,0.3400327072650,0.1797990308596,0.0000026248351
122207,0.2531753952096,3.8340725919179,0.0095572473368,0.3398991070240,0.1797403717693,0.0000026248351
122287,0.2531780676385,3.8341130630165,0.0095104133166,0.3398049997156,0.1796872629566,0.0000026248351
122298,0.2531793683495,3.8341327609038,0.0095104133166,0.3383059979195,0.1791521838961,0.0000026248351
122309,0.2531786476075,3.8341218460320,0.0094988329013,0.3383130851368,0.1791495975653,0.0000026248351
122526,0.2531896100699,3.8342878608863,0.0093990661359,0.3384048039368,0.1791419461935,0.0000026248351
122534,0.2531869995835,3.8342483278418,0.0094280337019,0.3383138529215,0.1791213189692,0.0000026248351
122598,0.2531864403228,3.8342398584327,0.0094280337019,0.3382878885480,0.1791119261371,0.0000026248351
122644,0.2531833016035,3.8341923258597,0.0093811996817,0.3382977917158,0.1790947186771,0.0000026248351
122708,0.2531740227325,3.8340518072086,0.0093818167162,0.3382755198328,0.1790850405470,0.0000026248351
122709,0.2531766648271,3.8340918189271,0.0093818167162,0.3382195343097,0.1790656118805,0.0000026248351
122802,0.2531772869018,3.8341012395881,0.0093818167162,0.3380776670703,0.1790150783110,0.0000026248351
122856,0.2531819191356,3.8341713898512,0.0093703740318,0.3380695871110,0.1790082812252,0.0000026248351
122953,0.2531809091896,3.8341560952916,0.0093960525835,0.3380216450739,0.1790019477457,0.0000026248351
123485,0.2531932558540,3.8343430724162,0.0093457918181,0.3378581266841,0.1789246537065,0.0000026248351
123638,0.2532018203147,3.8344727720827,0.0093730460115,0.3377293493132,0.1788921773985,0.0000026248351
123817,0.2532037398100,3.8345018408008,0.0093730460115,0.3376441454867,0.1788621587809,0.0000026248351
124053,0.2532095344818,3.8345895949532,0.0093680436247,0.3375922832807,0.1788427343998,0.0000026248351
124125,0.2532040084112,3.8345059084808,0.0093212096045,0.3376180598934,0.1788306844520,0.0000026248351
124197,0.2532058218670,3.8345333713431,0.0093075907716,0.3376117399076,0.1788229792692,0.0000026248351
124356,0.2532192797720,3.8347371770288,0.0093544247918,0.3375465705848,0.1788226600708,0.0000026248351
124798,0.2532196037830,3.8347420838303,0.0093544247918,0.3375352823518,0.1788186979899,0.0000026248351
124906,0.2532148664390,3.8346703417842,0.0093025883848,0.3375222331782,0.1787908068226,0.0000026248351
124908,0.2532173181071,3.8347074696952,0.0093238815842,0.3374659767645,0.1787803662606,0.0000026248351
124914,0.2532159191997,3.8346862847288,0.0093375004170,0.3374029576211,0.1787633963005,0.0000025723384
125467,0.2532277254393,3.8348650776941,0.0092576054681,0.3374246662222,0.1787394385884,0.0000025723384
125535,0.2532299698543,3.8348990669761,0.0092363122686,0.3374115985889,0.1787261268657,0.0000025723384
125584,0.2532225324438,3.8347864352896,0.0092007666742,0.3374448168480,0.1787211629726,0.0000025723384
125599,0.2532185248315,3.8347257442554,0.0092286379021,0.3373752844410,0.1787074160080,0.0000025723384
125625,0.2532162822560,3.8346917828300,0.0092754719223,0.3373055436740,0.1787020997623,0.0000025723384
125649,0.2532163840377,3.8346933242068,0.0092837633234,0.3372938484756,0.1787014981737,0.0000025723384
125758,0.2532155995591,3.8346814441110,0.0093050565228,0.3372499104379,0.1786947635717,0.0000025723384
125788,0.2532251539829,3.8348261357169,0.0093518905430,0.3371848442292,0.1786936447395,0.0000025723384
125850,0.2532204490015,3.8347548837669,0.0093518905430,0.3371301051297,0.1786730868508,0.0000025723384
125923,0.2532148642970,3.8346703093461,0.0092342573234,0.3371822822146,0.1786401105646,0.0000025723384
125977,0.2532150393289,3.8346729600193,0.0092342573234,0.3371437743180,0.1786263952512,0.0000025723384
126372,0.2532177614917,3.8347141842845,0.0091672264418,0.3371764231626,0.1786099113528,0.0000025723384
126395,0.2532228826434,3.8347917386907,0.0091589350408,0.3371819123438,0.1786094157067,0.0000025723384
126413,0.2532199482095,3.8347472998037,0.0091589350408,0.3371786499734,0.1786076217672,0.0000025723384
126523,0.2532269696836,3.8348536325750,0.0091846135925,0.3371187905554,0.1785987530988,0.0000025723384
126542,0.2532258486808,3.8348366561778,0.0092314476127,0.3370414209484,0.1785909526043,0.0000025723384
127142,0.2532267946225,3.8348509814619,0.0092358329651,0.3369933554182,0.1785758684821,0.0000025723384
127272,0.2532332777285,3.8349491612187,0.0092358329651,0.3369471816528,0.1785607670886,0.0000025723384
127330,0.2532294572101,3.8348913035232,0.0092206384906,0.3369620975005,0.1785587635769,0.0000025723384
127402,0.2532339036416,3.8349586400094,0.0092206384906,0.2638826729191,0.1524599218903,0.0000025723384
127406,0.2532203779797,3.8347538082179,0.0091642459448,0.2639274030646,0.1524488303522,0.0000025723384
127408,0.2532263477205,3.8348442136046,0.0091642459448,0.2639074119472,0.1524429698976,0.0000025723384
127433,0.2532256218780,3.8348332214910,0.0091319893646,0.2639280380553,0.1524363565785,0.0000025723384
127435,0.2532292946053,3.8348888410474,0.0091319893646,0.2639082448014,0.1524300745722,0.0000025723384
127438,0.2532242269029,3.8348120960736,0.0091319893646,0.2638751783407,0.1524171791857,0.0000025723384
127440,0.2532311905279,3.8349175527815,0.0091337027372,0.2638282464229,0.1524026442944,0.0000025723384
127469,0.2532353584117,3.8349806709571,0.0091337027372,0.2637021285505,0.1523584953151,0.0000025723384
127541,0.2532451506003,3.8351289632589,0.0091337027372,0.2636950119749,0.1523580520071,0.0000025723384
127579,0.2532421025034,3.8350828030668,0.0091805367574,0.2636379324654,0.1523570850273,0.0000025723384
127741,0.2532369782918,3.8350052023212,0.0092273707777,0.2635792285431,0.1523550930183,0.0000025723384
127763,0.2532358679414,3.8349883872439,0.0091097375580,0.2637174340379,0.1523537999544,0.0000025723384
127772,0.2532356744646,3.8349854572424,0.0091097375580,0.2636947392476,0.1523456532128,0.0000025723384
127776,0.2532345657822,3.8349686674253,0.0091097375580,0.2636576679107,0.1523321758749,0.0000025723384
127826,0.2532475965415,3.8351660044417,0.0091565715783,0.2635921554983,0.1523316426133,0.0000025723384
127834,0.2532469823443,3.8351567030775,0.0091565715783,0.2635525903324,0.1523173805832,0.0000025723384
127870,0.2532507612715,3.8352139309174,0.0091369917514,0.2635083025533,0.1522939819350,0.0000025723384
127932,0.2532569332305,3.8353073986850,0.0091369917514,0.2633797938982,0.1522494085494,0.0000025723384
127987,0.2532570355048,3.8353089475207,0.0090901577312,0.2634003880527,0.1522367137975,0.0000025723384
128107,0.2532524699165,3.8352398065329,0.0090901577312,0.2634016282900,0.1522361783991,0.0000025723384
128148,0.2532401674509,3.8350534987510,0.0090901577312,0.2633931523503,0.1522305150351,0.0000025723384
128455,0.2532415482003,3.8350744087345,0.0090629035378,0.2634107505972,0.1522254156295,0.0000025723384
128563,0.2532413579469,3.8350715275494,0.0091097375580,0.2633459734464,0.1522223118872,0.0000025723384
128629,0.2532414988470,3.8350736613317,0.0091097375580,0.2633333997541,0.1522178514757,0.0000025723384
128663,0.2532479031631,3.8351706479006,0.0091565715783,0.2632681185067,0.1522159808209,0.0000025723384
128702,0.2532452374777,3.8351302789243,0.0091488972117,0.2631769275161,0.1521795523774,0.0000025723384
128763,0.2532599315197,3.8353528045913,0.0091756721015,0.2630983813860,0.1521661238642,0.0000025723384
128777,0.2532525035267,3.8352403155223,0.0092092123339,0.2630551823434,0.1521634783072,0.0000025723384
128857,0.2532562643371,3.8352972690036,0.0092092123339,0.2630357263226,0.1521573356162,0.0000025723384
128909,0.2532508567717,3.8352153771661,0.0091499935498,0.2630964348968,0.1521524790070,0.0000025723384
129658,0.2532628769281,3.8353974096751,0.0091941555903,0.2629155835127,0.1521093915635,0.0000025723384
129773,0.2532562056738,3.8352963806101,0.0091490349426,0.2629602468131,0.1521045757673,0.0000025723384
129775,0.2532570219933,3.8353087429030,0.0091669013969,0.2629139211706,0.1520958628724,0.0000025723384
130060,0.2532534477169,3.8352546142815,0.0091669013969,0.2629151851260,0.1520955483687,0.0000025723384
130095,0.2532615912168,3.8353779389424,0.0091669013969,0.2628945424595,0.1520899210235,0.0000025723384
130158,0.2532619945099,3.8353840463881,0.0090519401570,0.2629795629391,0.1520711027976,0.0000025723384
130177,0.2532659349289,3.8354437198506,0.0090519401570,0.2629310792835,0.1520546315819,0.0000025723384
130316,0.2532710140143,3.8355206372070,0.0090721370183,0.2627798503537,0.1520103654230,0.0000025723384
130334,0.2532699754339,3.8355049090093,0.0089822372957,0.2627916674615,0.1519758348131,0.0000025723384
130369,0.2532699220265,3.8355041002112,0.0089822372957,0.2627797500805,0.1519715671612,0.0000025723384
130371,0.2532666587264,3.8354546809954,0.0090290713159,0.2627000723464,0.1519624832719,0.0000025723384
130387,0.2532674829481,3.8354671629580,0.0090154524831,0.2626890058672,0.1519528709342,0.0000025723384
131077,0.2533015362403,3.8359828639176,0.0090967357597,0.2625400962037,0.1519418217355,0.0000025723384
131250,0.2533010266592,3.8359751468530,0.0090967357597,0.2624868519836,0.1519226967467,0.0000025723384
131579,0.2533022416763,3.8359935469972,0.0090605731307,0.2625178310020,0.1519185227731,0.0000025723384
131732,0.2532969767583,3.8359138154027,0.0089869642207,0.2625900868264,0.1519116535522,0.0000025723384
131879,0.2533027348771,3.8360010160002,0.0090702859148,0.1999337787054,0.1295713438320,0.0000025723384
131926,0.2532973351002,3.8359192421110,0.0090702859148,0.1998544493518,0.1295418548249,0.0000025723384
132273,0.2532793112919,3.8356462906675,0.0090676139351,0.1998620828147,0.1295395736828,0.0000025723384
132494,0.2532793444393,3.8356467926501,0.0090480341083,0.1998796770466,0.1295374730857,0.0000025208916
132510,0.2532750565277,3.8355818567804,0.0090497474808,0.1998581016073,0.1295295830360,0.0000025208916
132590,0.2532674449642,3.8354665877320,0.0090602315581,0.1997974728710,0.1295107920426,0.0000025208916
132752,0.2532733108140,3.8355554198002,0.0090824833646,0.1997669134517,0.1295106714206,0.0000025208916
133430,0.2532771034770,3.8356128556559,0.0090824833646,0.1997553748956,0.1295073632212,0.0000025208916
133751,0.2532830172285,3.8357024131441,0.0090807699921,0.1997166125886,0.1294940524701,0.0000025208916
133816,0.2532879996444,3.8357778665432,0.0090807699921,0.1996812815060,0.1294825018868,0.0000025208916
134556,0.2532766407270,3.8356058477984,0.0089888153242,0.1997872154983,0.1294784922584,0.0000025208916
134642,0.2532822750031,3.8356911729276,0.0090133975378,0.1997517609226,0.1294775724892,0.0000025208916
134725,0.2532810847033,3.8356731471012,0.0090124554584,0.1997245476608,0.1294671946546,0.0000025208916
134779,0.2532880407487,3.8357784890247,0.0089656214381,0.1997576649598,0.1294604411196,0.0000025208916
134878,0.2532833031565,3.8357067432202,0.0090477090633,0.1996564450657,0.1294584563698,0.0000025208916
134918,0.2532769545813,3.8356106007876,0.0090477090633,0.1996261326325,0.1294462700919,0.0000025208916
134997,0.2532751913370,3.8355838983244,0.0090918711038,0.1995682229548,0.1294441368148,0.0000025208916
136359,0.2532660740082,3.8354458260587,0.0090193585318,0.1996415914320,0.1294373093125,0.0000025208916
136383,0.2532692723434,3.8354942614500,0.0090193585318,0.1996163221382,0.1294289699223,0.0000025208916
136396,0.2532674094609,3.8354660500722,0.0090116841653,0.1996101781735,0.1294230874458,0.0000025208916
136568,0.2532714647120,3.8355274625451,0.0090220305116,0.1995910153576,0.1294215467138,0.0000025208916
138751,0.2532801483734,3.8356589673793,0.0090807699921,0.1995086885102,0.1294191791160,0.0000025208916
138797,0.2532760354522,3.8355966815532,0.0090215512080,0.1995693232459,0.1294145735596,0.0000025208916
139081,0.2532717692560,3.8355320745403,0.0089755050086,0.1996240146183,0.1294134579222,0.0000025208916
139086,0.2532741284841,3.8355678025454,0.0090223390288,0.1995579267848,0.1294104323964,0.0000025208916
139283,0.2532698329793,3.8355027516853,0.0090691730490,0.1993714805324,0.1293629957067,0.0000025208916
139372,0.2532664612667,3.8354516906776,0.0090795193954,0.1993522438779,0.1293598371116,0.0000025208916
139686,0.2532635626162,3.8354077936927,0.0090060482162,0.1993392489232,0.1293230872687,0.0000025208916
139715,0.2532562136723,3.8352965017397,0.0089618861757,0.1993922977308,0.1293215319090,0.0000025208916
140721,0.2532650152545,3.8354297923575,0.0089864683894,0.1993568431551,0.1293212908482,0.0000025208916
140934,0.2532627366638,3.8353952855216,0.0089864683894,0.1993568431551,0.1293208025788,0.0000025208916
142731,0.2532703532506,3.8355106306417,0.0090585016578,0.1992563384715,0.1293174115754,0.0000025208916
142806,0.2532747589185,3.8355773498064,0.0090697900835,0.1991849545883,0.1292976992999,0.0000024704738
143765,0.2532690545722,3.8354909635366,0.0090452078699,0.1992030012734,0.1292923869502,0.0000024704738
143896,0.2532689804786,3.8354898414682,0.0090452078699,0.1991493996601,0.1292732276397,0.0000024704738
144417,0.2532628867577,3.8353975585337,0.0090185707110,0.1991622510938,0.1292650957148,0.0000024704738
144454,0.2532651961901,3.8354325324362,0.0090185707110,0.1991263337739,0.1292527629790,0.0000024704738
145126,0.2532657877474,3.8354414909425,0.0090185707110,0.1991214894400,0.1292511596220,0.0000024704738
145173,0.2532653898841,3.8354354657252,0.0090185707110,0.1990854486271,0.1292382026467,0.0000024704738
145738,0.2532756696251,3.8355911414900,0.0091225850978,0.1989289997351,0.1292291084384,0.0000024704738
145937,0.2532748599626,3.8355788800113,0.0090480175805,0.1990140827271,0.1292273642148,0.0000024704738
145990,0.2532766487824,3.8356059697888,0.0090948516008,0.1988695736229,0.1291962088619,0.0000024704738
146073,0.2532758530710,3.8355939195838,0.0090948516008,0.1466851906038,0.1105587587026,0.0000024704738
146150,0.2532882643874,3.8357818757946,0.0091313392747,0.1464760100336,0.1105023484984,0.0000024704738
146189,0.2532944961433,3.8358762491219,0.0091313392747,0.1464387451725,0.1104903749958,0.0000024704738
146319,0.2532966332993,3.8359086140808,0.0090137060551,0.1465628103501,0.1104847277128,0.0000024704738
146472,0.2533030477201,3.8360057536751,0.0090151109104,0.1464634104732,0.1104512043564,0.0000024704738
146606,0.2533140297401,3.8361720647098,0.0090133975378,0.1463953131368,0.1104285028665,0.0000024704738
146822,0.2533152434805,3.8361904455198,0.0090422273729,0.1463151923936,0.1104125040462,0.0000024704738
146826,0.2533101978126,3.8361140342352,0.0090422273729,0.1462565032054,0.1103904624073,0.0000024704738
146973,0.2533202811109,3.8362667350833,0.0090422273729,0.1043771506792,0.0954357114976,0.0000024704738
146993,0.2533185596663,3.8362406656320,0.0090096457477,0.1044169711094,0.0954356006451,0.0000024704738
147073,0.2533090855536,3.8360971902533,0.0089991616705,0.1044248461295,0.0954318898094,0.0000024704738
147143,0.2533146925968,3.8361821029701,0.0089969689943,0.1043959302766,0.0954218245100,0.0000024704738
147436,0.2533157669704,3.8361983732175,0.0090379962792,0.1042443319138,0.0953854955825,0.0000024704738
147578,0.2533192682428,3.8362513962720,0.0090373792447,0.0728510360590,0.0841740900351,0.0000024704738
147613,0.2533121735241,3.8361439542883,0.0089905452245,0.0728997806040,0.0841699067814,0.0000024704738
147813,0.2533102025206,3.8361141055331,0.0089780227297,0.0521228163926,0.0767437732788,0.0000024704738
147973,0.2533131059723,3.8361580752262,0.0089780227297,0.0520993096627,0.0767360001863,0.0000024704738
148016,0.2533140734230,3.8361727262402,0.0089697313286,0.0520818500728,0.0767264184718,0.0000024704738
148073,0.2533152728109,3.8361908896966,0.0089780227297,0.0519515389431,0.0766836892519,0.0000024704738
148284,0.2533088780753,3.8360940482155,0.0090026049434,0.0519209184205,0.0766819182849,0.0000024704738
148845,0.2533120086192,3.8361414569782,0.0089127052207,0.0519816422900,0.0766657477594,0.0000024704738
148878,0.2533128859641,3.8361547434362,0.0088726034876,0.0519978278041,0.0766545298456,0.0000024210643
149011,0.2533045955730,3.8360291942638,0.0088726034876,0.0519638135826,0.0766406053970,0.0000024210643
149346,0.2533034246950,3.8360114625596,0.0088754131983,0.0519441703484,0.0766345432155,0.0000024210643
149347,0.2532949579125,3.8358832421266,0.0089194375078,0.0518848624994,0.0766304150915,0.0000024210643
149455,0.2532880399275,3.8357784765874,0.0089222472185,0.0518711934240,0.0766252550152,0.0000024210643
149887,0.2532924481027,3.8358452337210,0.0090311097335,0.0516822833260,0.0766053870956,0.0000024210643
150016,0.2532994411968,3.8359511367085,0.0090311097335,0.0516259986751,0.0765867839548,0.0000024210643
150110,0.2532954866490,3.8358912492793,0.0090779437537,0.0515467086889,0.0765776904224,0.0000024210643
150173,0.2532975294259,3.8359221849669,0.0091247777739,0.0514792550932,0.0765741093134,0.0000024210643
150280,0.2532951970348,3.8358868633808,0.0090936175318,0.0514834746054,0.0765617620945,0.0000024210643
150299,0.2532953700125,3.8358894829440,0.0091181997454,0.0514412601563,0.0765572578065,0.0000024210643
150606,0.2532939371059,3.8358677830941,0.0091181997454,0.0513872083545,0.0765376465402,0.0000024210643
150639,0.2532989786004,3.8359441311773,0.0091188167799,0.0513680564122,0.0765321513244,0.0000024210643
150855,0.2533000418521,3.8359602329950,0.0090376712342,0.0513608595723,0.0764950322017,0.0000024210643
151406,0.2532919841282,3.8358382073199,0.0090311097335,0.0513712015185,0.0764941870270,0.0000024210643
151633,0.2532873911116,3.8357686509607,0.0090088579269,0.0513405255846,0.0764727106299,0.0000024210643
151695,0.2532851896336,3.8357353119132,0.0089842757132,0.0513591301891,0.0764683481518,0.0000024210643
151765,0.2532975172386,3.8359220004032,0.0090096622754,0.0513141058271,0.0764657896074,0.0000024210643
152340,0.2532983669130,3.8359348678197,0.0090516316397,0.0512524036790,0.0764619220695,0.0000024210643
152646,0.2532989183227,3.8359432183352,0.0090151439658,0.0512710249882,0.0764530531217,0.0000024210643
153326,0.2533007018390,3.8359702277964,0.0090516316397,0.0512089927420,0.0764469185047,0.0000024210643
153408,0.2533003588088,3.8359650329683,0.0090544413504,0.0511867002112,0.0764400875418,0.0000024210643
153571,0.2533042951783,3.8360246451044,0.0090179536765,0.0511370778392,0.0764075711993,0.0000024210643
153908,0.2533040436968,3.8360208366852,0.0090179536765,0.0511318151023,0.0764056377615,0.0000024210643
154240,0.2533138924095,3.8361699849831,0.0090647876967,0.0510627884391,0.0764031675432,0.0000024210643
154351,0.2533212523820,3.8362814439535,0.0090647876967,0.0510127552251,0.0763868756751,0.0000024210643
154851,0.2533203050506,3.8362670976255,0.0090773101915,0.0509574478266,0.0763722868167,0.0000024210643
154870,0.2533177426996,3.8362282935395,0.0090654047312,0.0509688409943,0.0763707043898,0.0000024210643
155061,0.2533206839831,3.8362728361550,0.0090779272260,0.0509133436955,0.0763568809845,0.0000024210643
155619,0.2533237654360,3.8363195014890,0.0089877024584,0.0509384534998,0.0763278413255,0.0000024210643
155678,0.2533224049763,3.8362988987705,0.0090196670491,0.0508824602056,0.0763212513037,0.0000024210643
155883,0.2533175866298,3.8362259300276,0.0090430151937,0.0508230600584,0.0763090108103,0.0000024210643
155983,0.2533223058108,3.8362973970148,0.0090665010693,0.0507478834724,0.0762932386579,0.0000024210643
156142,0.2533201044491,3.8362640597278,0.0091133350895,0.0506770793941,0.0762875514896,0.0000024210643
156307,0.2533203435412,3.8362676805239,0.0091133350895,0.0506725762585,0.0762859944609,0.0000024210643
157064,0.2533200085451,3.8362626073646,0.0091028510123,0.0506831295399,0.0762851985292,0.0000024210643
157157,0.2533265153229,3.8363611456064,0.0091028510123,0.0506422841748,0.0762720052083,0.0000024210643
157202,0.2533335900862,3.8364682853866,0.0091028510123,0.0506235047128,0.0762668142783,0.0000024210643
157300,0.2533399348240,3.8365643697044,0.0090560169921,0.0506636171744,0.0762624280212,0.0000024210643
157424,0.2533411665738,3.8365830232479,0.0091033303159,0.0506035983663,0.0762615338177,0.0000024210643
157851,0.2533447545545,3.8366373594058,0.0090061859471,0.0506995825473,0.0762549494345,0.0000024210643
157931,0.2533341763752,3.8364771641111,0.0089913165176,0.0506430510598,0.0762261202522,0.0000024210643
158178,0.2533336494895,3.8364691849857,0.0089913165176,0.0506361218134,0.0762235326172,0.0000024210643
158201,0.2533334320304,3.8364658917988,0.0089913165176,0.0506170878569,0.0762166881772,0.0000024210643
158262,0.2533329298442,3.8364582867215,0.0089444824974,0.0506552563645,0.0762101404528,0.0000024210643
158395,0.2533359549253,3.8365040983642,0.0089391550656,0.0506394911182,0.0762028750543,0.0000024210643
158447,0.2533297369390,3.8364099335625,0.0089242856360,0.0506447075336,0.0761970330215,0.0000024210643
158720,0.2533250569791,3.8363390605382,0.0089319600026,0.0505999102084,0.0761833201425,0.0000024210643
158727,0.2533252800707,3.8363424390231,0.0089787940228,0.0505201899218,0.0761749681398,0.0000024210643
158850,0.2533187140226,3.8362430031944,0.0089787940228,0.0505205017481,0.0761736724961,0.0000024210643
159242,0.2533220790541,3.8362939630248,0.0089200545423,0.0505089996842,0.0761451116312,0.0000024210643
159258,0.2533226960285,3.8363033064473,0.0088906076728,0.0505021056420,0.0761301615951,0.0000024210643
159582,0.2533214583593,3.8362845632607,0.0089374416930,0.0504325783132,0.0761251369144,0.0000024210643
159657,0.2533197261539,3.8362583308484,0.0089374416930,0.0504210762493,0.0761206578476,0.0000024210643
159796,0.2533185059541,3.8362398522185,0.0089086118579,0.0504141012168,0.0761055496496,0.0000024210643
159871,0.2533130547405,3.8361572993756,0.0089081325543,0.0503950339866,0.0760973663915,0.0000024210643
160018,0.2533167571822,3.8362133689248,0.0089344446683,0.0503386608918,0.0760893031440,0.0000024210643
160109,0.2533137018966,3.8361670998672,0.0089311556540,0.0503421663461,0.0760884908103,0.0000024210643
160138,0.2533105083196,3.8361187365342,0.0089136142448,0.0503558563263,0.0760851780042,0.0000024210643
160240,0.2533179720673,3.8362317670703,0.0089604482650,0.0502876859523,0.0760825025395,0.0000024210643
160665,0.2533195451322,3.8362555894671,0.0089604482650,0.0502263600481,0.0760609375162,0.0000024210643
161137,0.2533226392675,3.8363024468628,0.0089363453549,0.0502271599613,0.0760515564099,0.0000024210643
161142,0.2533152607798,3.8361907074994,0.0089363453549,0.0501760757315,0.0760317309376,0.0000024210643
161185,0.2533111359790,3.8361282417701,0.0089996244464,0.0501002371463,0.0760308814533,0.0000024210643
161211,0.2533121271760,3.8361432523955,0.0089751799636,0.0501131471132,0.0760252283483,0.0000023726430
161473,0.2533131373708,3.8361585507242,0.0089751799636,0.0500674002864,0.0760091066661,0.0000023726430
161479,0.2533060801772,3.8360516770185,0.0089592141960,0.0500897979765,0.0760087511136,0.0000023726430
161514,0.2533083069101,3.8360853985247,0.0090060482162,0.0500200477439,0.0760043891962,0.0000023726430
161539,0.2533037374031,3.8360161981918,0.0089592141960,0.0500595137151,0.0759974332829,0.0000023726430
161682,0.2533018258592,3.8359872498886,0.0089548288437,0.0500634193819,0.0759965391106,0.0000023726430
162046,0.2533076900282,3.8360760565023,0.0090016628639,0.0499763648968,0.0759867765537,0.0000023726430
162253,0.2533081937521,3.8360836848662,0.0090484968841,0.0499114372112,0.0759837677584,0.0000023726430
162608,0.2533152414743,3.8361904151377,0.0089720617357,0.0499806934617,0.0759772544390,0.0000023726430
162788,0.2533128272330,3.8361538540158,0.0090035470228,0.0499386053381,0.0759751993233,0.0000023726430
162927,0.2533174082956,3.8362232293462,0.0090035470228,0.0499283361636,0.0759725134173,0.0000023726430
163078,0.2533177457430,3.8362283396285,0.0090035470228,0.0498795363214,0.0759551572123,0.0000023726430
163364,0.2533166997950,3.8362124998559,0.0090074530716,0.0498704240206,0.0759533527084,0.0000023726430
163499,0.2533144113451,3.8361778437125,0.0090674431488,0.0497276503012,0.0759275817453,0.0000023726430
163828,0.2533114106207,3.8361324009260,0.0090206091285,0.0497789821781,0.0759251998231,0.0000023726430
163984,0.2533084753346,3.8360879491339,0.0090206091285,0.0496971602825,0.0758953487277,0.0000023726430
164235,0.2533078131108,3.8360779204587,0.0090505353017,0.0496290695481,0.0758837142059,0.0000023726430
164285,0.2533132599628,3.8361604072495,0.0089596769719,0.0497066726106,0.0758736574838,0.0000023726430
164394,0.2533259277393,3.8363522472770,0.0089695440146,0.0496364842891,0.0758555334822,0.0000023726430
164411,0.2533330709847,3.8364604241453,0.0089526361675,0.0496249829207,0.0758457103259,0.0000023726430
164599,0.2533225295731,3.8363007856568,0.0089203795873,0.0496415219268,0.0758355339912,0.0000023726430
164775,0.2533276918623,3.8363789630463,0.0089672136075,0.0495143334039,0.0758112874465,0.0000023726430
165581,0.2533277804063,3.8363803039511,0.0089665965730,0.0494836460536,0.0758000822089,0.0000023726430
165657,0.2533409677450,3.8365800121968,0.0090118549516,0.0494130115283,0.0757970778990,0.0000023726430
165843,0.2533483353382,3.8366915865737,0.0090287627987,0.0493537198783,0.0757847272998,0.0000023726430
165959,0.2533561498819,3.8368099295429,0.0090287627987,0.0493486559531,0.0757845933002,0.0000023726430
166039,0.2533570038580,3.8368228621046,0.0090293798332,0.0492974475693,0.0757667520300,0.0000023726430
166085,0.2533624691209,3.8369056277085,0.0090572510611,0.0492549839244,0.0757647023822,0.0000023726430
166938,0.2533603184004,3.8368730573293,0.0090365748962,0.0492671037224,0.0757597087993,0.0000023251902
166954,0.2533537070382,3.8367729352681,0.0090365748962,0.0492709366933,0.0757596609970,0.0000023251902
167078,0.2533625318686,3.8369065779561,0.0090365748962,0.0492026902434,0.0757371783000,0.0000023251902
167654,0.2533662633662,3.8369630875265,0.0090359578617,0.0491905999080,0.0757333954863,0.0000023251902
167706,0.2533701749943,3.8370223249813,0.0089913165176,0.0492213057179,0.0757260680484,0.0000023251902
168445,0.2533698348707,3.8370171741701,0.0089654837072,0.0491889991598,0.0757033859039,0.0000023251902
169226,0.2533693996877,3.8370105837863,0.0090101250513,0.0491344580335,0.0757029456813,0.0000023251902
169459,0.2533744458984,3.8370870032891,0.0090569590715,0.0490743037435,0.0757026150601,0.0000023251902
169471,0.2533742863125,3.8370845865312,0.0091022174501,0.0489938975864,0.0756932608264,0.0000023251902
169548,0.2533736849768,3.8370754799399,0.0090384755828,0.0490687294415,0.0756925396882,0.0000023251902
170156,0.2533706855042,3.8370300561116,0.0091371460101,0.0489435868633,0.0756894904921,0.0000023251902
170424,0.2533741638649,3.8370827321912,0.0090903119898,0.0489806288071,0.0756833933978,0.0000023251902
170473,0.2533640066256,3.8369289115854,0.0090434779696,0.0490055443750,0.0756700435407,0.0000023251902
170668,0.2533717841657,3.8370466941738,0.0090903119898,0.0489368331466,0.0756672421549,0.0000023251902
170755,0.2533783067566,3.8371454718881,0.0090450536113,0.0489481284630,0.0756532774466,0.0000023251902
170835,0.2533928525165,3.8373657519807,0.0090450536113,0.0488763214633,0.0756307490381,0.0000023251902
171412,0.2533911020742,3.8373392433902,0.0089982195910,0.0488659164787,0.0756065861545,0.0000023251902
171516,0.2533851592665,3.8372492458759,0.0089982195910,0.0488390021565,0.0755957004377,0.0000023251902
171975,0.2533765899759,3.8371194730676,0.0089982195910,0.0488395255359,0.0755940510824,0.0000023251902
172124,0.2533806980400,3.8371816853376,0.0090087036683,0.0487703337049,0.0755747131896,0.0000023251902
172598,0.2533812352653,3.8371898210445,0.0089219387012,0.0488358283233,0.0755610342586,0.0000023251902
172821,0.2533671148558,3.8369759824327,0.0089219387012,0.0487637889919,0.0755322801239,0.0000023251902
172838,0.2533633549881,3.8369190432278,0.0089426148662,0.0487330278031,0.0755293495126,0.0000023251902
173196,0.2533655489727,3.8369522687949,0.0089416727867,0.0486790968692,0.0755101548560,0.0000023251902
173213,0.2533750240959,3.8370957594770,0.0088948387665,0.0486865864100,0.0754947883526,0.0000023251902
173314,0.2533731712223,3.8370676996733,0.0088948387665,0.0486739078029,0.0754898632343,0.0000023251902
173413,0.2533773866044,3.8371315371601,0.0089416727867,0.0485971250199,0.0754834158309,0.0000023251902
173646,0.2533723958756,3.8370559578710,0.0089885068069,0.0485171499440,0.0754738555849,0.0000023251902
173980,0.2533790319186,3.8371564536973,0.0090232811083,0.0484661139583,0.0754719537284,0.0000023251902
174322,0.2533818868901,3.8371996892099,0.0089173990903,0.0485882308950,0.0754708006919,0.0000023251902
174668,0.2533757831854,3.8371072550817,0.0089537490333,0.0483934145512,0.0754154940366,0.0000023251902
174792,0.2533701525122,3.8370219845128,0.0089783312469,0.0483623325376,0.0754137219790,0.0000023251902
175234,0.2533685654486,3.8369979501194,0.0090251652672,0.0483006818116,0.0754114355005,0.0000023251902
175314,0.2533743627066,3.8370857434385,0.0089139723451,0.0484062717187,0.0754027343417,0.0000023251902
176013,0.2533866030782,3.8372711108711,0.0089083198684,0.0483847139770,0.0753952355950,0.0000023251902
176026,0.2533807457787,3.8371824082881,0.0089083198684,0.0483700570997,0.0753887458604,0.0000023251902
176123,0.2533856006799,3.8372559306129,0.0089241313774,0.0483185903822,0.0753781815868,0.0000023251902
176251,0.2533823010097,3.8372059606113,0.0089365161412,0.0482563058601,0.0753605377984,0.0000023251902
176461,0.2533849522989,3.8372461115721,0.0089365161412,0.0482360789922,0.0753538820504,0.0000023251902
176670,0.2533874041684,3.8372832425325,0.0089365161412,0.0481625979355,0.0753281642164,0.0000023251902
176726,0.2533948169480,3.8373955012107,0.0089833501615,0.0480998415982,0.0753274114146,0.0000023251902
176918,0.2533883100921,3.8372969617856,0.0089833501615,0.0480823968929,0.0753197868364,0.0000023251902
177381,0.2533859258014,3.8372608542332,0.0090275122020,0.0480198296030,0.0753158570451,0.0000023251902
177610,0.2533925688602,3.8373614563075,0.0090275122020,0.0479768977824,0.0753019477646,0.0000023251902
178645,0.2533908470504,3.8373353813257,0.0089997787050,0.0480078155938,0.0753007350964,0.0000023251902
179011,0.2533847760512,3.8372434424868,0.0089892946278,0.0480142652148,0.0752972444281,0.0000022786864
179526,0.2533784972235,3.8371483563070,0.0089892946278,0.0479964848907,0.0752895488493,0.0000022786864
180089,0.2533818946625,3.8371998069150,0.0089892946278,0.0479924726026,0.0752888439119,0.0000022786864
180197,0.2533775417964,3.8371338873788,0.0090361286480,0.0479335840657,0.0752869512576,0.0000022786864
180334,0.2533825014075,3.8372089954232,0.0090829626682,0.0478637443115,0.0752831429849,0.0000022786864
180440,0.2533827263739,3.8372124023002,0.0090829626682,0.0478605704782,0.0752820576801,0.0000022786864
180798,0.2533828096587,3.8372136635597,0.0090398969658,0.0477136644250,0.0752111523497,0.0000022786864
180811,0.2533785527272,3.8371491968525,0.0090398969658,0.0476993935529,0.0752051434101,0.0000022786864
180873,0.2533906853195,3.8373329320823,0.0090867309860,0.0476242938180,0.0752009936404,0.0000022786864
180917,0.2533956676836,3.8374083846972,0.0090693438354,0.0476323099556,0.0751974725601,0.0000022786864
181518,0.2533955956125,3.8374072932572,0.0090566670820,0.0476373916898,0.0751938391270,0.0000022786864
181745,0.2533995918777,3.8374678124516,0.0090909620797,0.0475799063558,0.0751888628493,0.0000022786864
181924,0.2533941347255,3.8373851696753,0.0090909620797,0.0475722810431,0.0751849701336,0.0000022786864
182065,0.2534093726346,3.8376159316315,0.0090933090145,0.0475156732113,0.0751690241462,0.0000022786864
182146,0.2534142959273,3.8376904896724,0.0090768639433,0.0475307175392,0.0751684042241,0.0000022786864
182158,0.2534105465963,3.8376337100353,0.0090566670820,0.0475386792854,0.0751617884791,0.0000022786864
182208,0.2534178774633,3.8377447282329,0.0090572841165,0.0474932790229,0.0751474094431,0.0000022786864
182233,0.2534182560932,3.8377504621808,0.0090566670820,0.0474803753250,0.0751426176712,0.0000022786864
182403,0.2534211397088,3.8377941314776,0.0090566670820,0.0474684968579,0.0751389932791,0.0000022786864
182514,0.2534203708526,3.8377824879680,0.0091035011022,0.0474024853730,0.0751353247169,0.0000022786864
183278,0.2534170321459,3.8377319267989,0.0090622865033,0.0474082471378,0.0751190036533,0.0000022786864
183363,0.2534150689652,3.8377021965115,0.0089446532837,0.0474877390970,0.0750965587202,0.0000022786864
183540,0.2534210284584,3.8377924467091,0.0089741001532,0.0474348644396,0.0750915720352,0.0000022786864
183543,0.2534145789281,3.8376947754195,0.0090209341735,0.0473686575423,0.0750866163955,0.0000022786864
183640,0.2534139066868,3.8376845950387,0.0090677681937,0.0472991791866,0.0750817303683,0.0000022786864
183856,0.2534153049996,3.8377057710009,0.0090780980123,0.0472399773820,0.0750653135702,0.0000022786864
184602,0.2534179198700,3.8377453704381,0.0090480341083,0.0472460393955,0.0750551543741,0.0000022786864
184662,0.2534235653118,3.8378308646604,0.0090397427072,0.0472506750424,0.0750544662422,0.0000022786864
184953,0.2534334298752,3.8379802530008,0.0090502267844,0.0472007277091,0.0750432349198,0.0000022786864
185028,0.2534262267837,3.8378711698278,0.0090600938271,0.0471173795050,0.0750161529171,0.0000022786864
185179,0.2534202442948,3.8377805713842,0.0090579011510,0.0471158714684,0.0750133926523,0.0000022786864
185312,0.2534295162813,3.8379209857757,0.0090110671308,0.0471044805159,0.0749912395863,0.0000022786864
185405,0.2534260456258,3.8378684263836,0.0090163945625,0.0470882595087,0.0749869858426,0.0000022786864
185461,0.2534256913485,3.8378630612290,0.0090632285828,0.0470291202870,0.0749858604984,0.0000022786864
185665,0.2534207933739,3.8377888866047,0.0090582261959,0.0469972053061,0.0749712688448,0.0000022786864
185702,0.2534102431478,3.8376291146295,0.0090333189373,0.0470160534814,0.0749650650339,0.0000022786864
185748,0.2534063069540,3.8375695051538,0.0090333189373,0.0469533754337,0.0749418365468,0.0000022786864
185816,0.2534045094020,3.8375422831358,0.0090763846397,0.0468538626663,0.0749243678126,0.0000022786864
186352,0.2534148060996,3.8376982156915,0.0090317432957,0.0468769747149,0.0749156965463,0.0000022786864
186359,0.2534143768110,3.8376917145703,0.0090317432957,0.0468698094141,0.0749130455198,0.0000022786864
186640,0.2534204542914,3.8377837515598,0.0090328396337,0.0467435402721,0.0748697215741,0.0000022786864
186815,0.2534100011945,3.8376254505035,0.0090328396337,0.0467425798449,0.0748671386150,0.0000022786864
186936,0.2534090499117,3.8376110443353,0.0089860056135,0.0467623872605,0.0748539371228,0.0000022786864
187246,0.2534036963927,3.8375299709744,0.0089429399111,0.0467927340401,0.0748451713461,0.0000022786864
187578,0.2534106751191,3.8376356563760,0.0088321932372,0.0468977407142,0.0748367063108,0.0000022786864
188014,0.2534097881925,3.8376222248148,0.0088790272575,0.0468313552014,0.0748328788664,0.0000022786864
188266,0.2534064767762,3.8375720769303,0.0088752589396,0.0468207733348,0.0748267750458,0.0000022786864
188441,0.2534051179856,3.8375514994893,0.0089058021473,0.0467347585586,0.0748088542595,0.0000022786864
188511,0.2534053655315,3.8375552483090,0.0088954723287,0.0467469139997,0.0748088214689,0.0000022786864
188963,0.2534101197091,3.8376272452821,0.0089373039621,0.0466838942506,0.0748052610109,0.0000022786864
189082,0.2534078065116,3.8375922143608,0.0089423063489,0.0466014731328,0.0747774730923,0.0000022786864
189709,0.2534023021518,3.8375088566756,0.0089216301840,0.0466240218995,0.0747754855040,0.0000022786864
190154,0.2534036870315,3.8375298292087,0.0089707946113,0.0465636609985,0.0747752952682,0.0000022786864
190371,0.2534101023467,3.8376269823464,0.0089646958864,0.0465178984744,0.0747577124807,0.0000022786864
190510,0.2534057120908,3.8375604965809,0.0089499807155,0.0465071802385,0.0747466372684,0.0000022331127
190556,0.2534043168880,3.8375393677162,0.0089275911780,0.0465099311867,0.0747377252618,0.0000022331127
190663,0.2534029563393,3.8375187636511,0.0089423063489,0.0464904942503,0.0747367984545,0.0000022331127
190873,0.2533951748680,3.8374009215281,0.0089484050738,0.0464622587278,0.0747276606204,0.0000022331127
191809,0.2533924772820,3.8373600694521,0.0089336899029,0.0464515220323,0.0747169415303,0.0000022331127
192775,0.2534040841368,3.8375358429458,0.0089275911780,0.0463876066630,0.0746939880566,0.0000022331127
194943,0.2534020531020,3.8375050850813,0.0089379209966,0.0463753277289,0.0746935945664,0.0000022331127
195476,0.2534006858948,3.8374843801788,0.0089423063489,0.0463680462334,0.0746925804961,0.0000022331127
196334,0.2534076980718,3.8375905721562,0.0089275911780,0.0463572726186,0.0746839288840,0.0000022331127
198044,0.2534145434456,3.8376942380745,0.0089423063489,0.0463039246438,0.0746726494035,0.0000022331127
198838,0.2534111677465,3.8376431166953,0.0089526361675,0.0462915222167,0.0746719236663,0.0000022331127
199568,0.2534145336788,3.8376940901668,0.0089841214546,0.0462434726458,0.0746689780709,0.0000022331127
199860,0.2534189771621,3.8377613820043,0.0089841214546,0.0462092453117,0.0746577061980,0.0000022331127
200101,0.2534351444389,3.8380062182480,0.0089421520903,0.0462359006030,0.0746527034910,0.0000022331127
200957,0.2534234706539,3.8378294311668,0.0089297838541,0.0462275305836,0.0746419120003,0.0000021884504
201275,0.2534398294836,3.8380771682761,0.0089341692065,0.0461931897033,0.0746350323004,0.0000021884504
201303,0.2534380088995,3.8380495974633,0.0089369789171,0.0461868825832,0.0746335937941,0.0000021884504
201332,0.2534372500333,3.8380381052410,0.0089058186750,0.0462206946731,0.0746321525368,0.0000021884504
201367,0.2534410142331,3.8380951100499,0.0089030089643,0.0462119105789,0.0746286178128,0.0000021884504
201384,0.2534379937849,3.8380493685689,0.0089449783286,0.0461122685941,0.0746103710212,0.0000021884504
201711,0.2534510117388,3.8382465116601,0.0089449783286,0.0460629440329,0.0745955446680,0.0000021884504
202590,0.2534530147760,3.8382768455323,0.0089537490333,0.0460432641252,0.0745927042253,0.0000021884504
202661,0.2534647516160,3.8384545875156,0.0090005830535,0.0459772280100,0.0745917066585,0.0000021884504
202725,0.2534626959452,3.8384234565622,0.0090005830535,0.0459648328813,0.0745868393259,0.0000021884504
202837,0.2534789311611,3.8386693216728,0.0090005830535,0.0459434847655,0.0745826939737,0.0000021884504
202883,0.2534840891974,3.8387474346560,0.0089134930415,0.0460103732995,0.0745703637385,0.0000021884504
202950,0.2534876428295,3.8388012506424,0.0089430941697,0.0459511178833,0.0745626487802,0.0000021884504
203344,0.2534835907535,3.8387398862530,0.0089430941697,0.0458537164329,0.0745269942460,0.0000021884504
203950,0.2534772228598,3.8386434512636,0.0089430941697,0.0458054237633,0.0745083823153,0.0000021884504
204162,0.2534881809153,3.8388093993809,0.0089610983549,0.0457391629682,0.0744947819797,0.0000021884504
204271,0.2534899533747,3.8388362413967,0.0089459038804,0.0457032457884,0.0744758223106,0.0000021884504
204673,0.2535013583609,3.8390089578044,0.0089844464996,0.0456365910123,0.0744709792244,0.0000021884504
205933,0.2534969397768,3.8389420430391,0.0089927379006,0.0456229015197,0.0744686967380,0.0000021884504
207498,0.2535005280914,3.8389963842548,0.0090220305116,0.0455808138065,0.0744669883126,0.0000021884504
207732,0.2534941452719,3.8388997232296,0.0089766013467,0.0456345315165,0.0744653358199,0.0000021884504
207778,0.2534961355159,3.8389298633618,0.0089766013467,0.0455667886951,0.0744415684359,0.0000021884504
207851,0.2534992630907,3.8389772271625,0.0089297673264,0.0455972150376,0.0744330334585,0.0000021884504
210571,0.2534988019462,3.8389702436185,0.0088921833144,0.0456169759357,0.0744238846717,0.0000021884504
210867,0.2534949374530,3.8389117199707,0.0089390173347,0.0455501333990,0.0744192559544,0.0000021884504
211727,0.2535005954033,3.8389974036217,0.0089712739149,0.0454936450531,0.0744141182117,0.0000021884504
212131,0.2535025007305,3.8390262577798,0.0089712739149,0.0454863071895,0.0744119058306,0.0000021884504
212234,0.2535082889721,3.8391139145545,0.0089244398946,0.0454966871601,0.0743967815775,0.0000021884504
212274,0.2535032332884,3.8390373515924,0.0089064357095,0.0455144675250,0.0743943322677,0.0000021884504
212720,0.2535029403314,3.8390329150686,0.0088741791293,0.0455466276923,0.0743919310165,0.0000021884504
213086,0.2535086531920,3.8391194302786,0.0088741791293,0.0455253803297,0.0743855668572,0.0000021884504
213830,0.2535094133190,3.8391309415946,0.0088921833144,0.0454579929708,0.0743693789070,0.0000021884504
217239,0.2535036714919,3.8390439877188,0.0089526361675,0.0453327854989,0.0743493399268,0.0000021446814
218127,0.2535072170622,3.8390976816163,0.0089319600026,0.0453486107980,0.0743468903709,0.0000021446814
218755,0.2535055330743,3.8390721794077,0.0089183246420,0.0453560754381,0.0743433517333,0.0000021446814
219233,0.2535034968491,3.8390413429390,0.0089183246420,0.0453528130678,0.0743417502670,0.0000021446814
219721,0.2534995812328,3.8389820450869,0.0089319600026,0.0453329170319,0.0743396492052,0.0000021446814
220790,0.2535048851661,3.8390623675261,0.0089694062837,0.0452751659212,0.0743362087719,0.0000021446814
224022,0.2535117740083,3.8391666917276,0.0090494389636,0.0451566978267,0.0743296746386,0.0000021446814
224047,0.2535096700137,3.8391348289631,0.0090630743241,0.0451389967372,0.0743287456908,0.0000021446814
224289,0.2535038204625,3.8390462437201,0.0090162403039,0.0451970165989,0.0743281418718,0.0000021446814
224493,0.2534967002084,3.8389384150301,0.0090085659373,0.0451791808551,0.0743169571803,0.0000021446814
224629,0.2534936568144,3.8388923260595,0.0089662715281,0.0451288228185,0.0742801938360,0.0000021446814
226064,0.2534948184318,3.8389099175218,0.0089526361675,0.0451362874586,0.0742772649710,0.0000021446814
226279,0.2534979381427,3.8389571622320,0.0089603105341,0.0451185494498,0.0742748874915,0.0000021446814
226893,0.2534999975370,3.8389883495720,0.0089319600026,0.0451283356907,0.0742666736486,0.0000021446814
227126,0.2534922947029,3.8388716983262,0.0089800446195,0.0450604228178,0.0742613761368,0.0000021446814
227489,0.2534882741223,3.8388108109016,0.0089466917012,0.0450841520850,0.0742546952142,0.0000021446814
227619,0.2534938279365,3.8388949175214,0.0089798903609,0.0450331145719,0.0742518856310,0.0000021446814
228001,0.2534868157594,3.8387887255440,0.0089390173347,0.0450433069502,0.0742365061455,0.0000021446814
228117,0.2534838858483,3.8387443551497,0.0089390173347,0.0449611013096,0.0742065191500,0.0000021446814
228121,0.2534810368454,3.8387012100257,0.0089466917012,0.0449433633008,0.0742028626605,0.0000021446814
229365,0.2534814363608,3.8387072602620,0.0089631367724,0.0448743815585,0.0741853598221,0.0000021446814
229421,0.2534759517149,3.8386242011226,0.0089631367724,0.0448439864109,0.0741733291310,0.0000021446814
230151,0.2534816577649,3.8387106131921,0.0089495014119,0.0447925733765,0.0741503463320,0.0000021446814
231356,0.2534760078093,3.8386250506134,0.0089664092590,0.0447620362762,0.0741454757402,0.0000021446814
231667,0.2534804040962,3.8386916277117,0.0089167655281,0.0447908450286,0.0741354307572,0.0000021446814
231804,0.2534770156860,3.8386403138350,0.0089499641878,0.0447313572231,0.0741276870214,0.0000021446814
234165,0.2534811295965,3.8387026146434,0.0088992241188,0.0447897263005,0.0741276689289,0.0000021446814
234319,0.2534753466458,3.8386150379941,0.0088992241188,0.0447587633420,0.0741153715257,0.0000021446814
234539,0.2534762126505,3.8386281527153,0.0088627364449,0.0447795851452,0.0741073558819,0.0000021446814
235560,0.2534752197893,3.8386131168869,0.0089335356443,0.0446478148427,0.0740904248176,0.0000021446814
235667,0.2534785634021,3.8386637523527,0.0089047058092,0.0446715722646,0.0740872704560,0.0000021017878
235745,0.2534841364535,3.8387481503008,0.0088702565528,0.0446820698264,0.0740774498435,0.0000021017878
235983,0.2534812186181,3.8387039627803,0.0088757382432,0.0446193267869,0.0740567656606,0.0000021017878
236471,0.2534767026864,3.8386355737888,0.0089225722634,0.0445565489535,0.0740534490291,0.0000021017878
236579,0.2534755176286,3.8386176273464,0.0088425395835,0.0446369932516,0.0740476254746,0.0000021017878
236835,0.2534742966471,3.8385991368780,0.0088823162717,0.0445506092826,0.0740335595703,0.0000021017878
237228,0.2534816508755,3.8387105088601,0.0088915497522,0.0444979088612,0.0740202711033,0.0000021017878
237596,0.2534865227952,3.8387842889126,0.0089280374261,0.0444376616517,0.0740154358001,0.0000021017878
237745,0.2534927923530,3.8388792347097,0.0089031301675,0.0443771456911,0.0739844918943,0.0000021017878
237748,0.2534936146060,3.8388916868579,0.0088796442920,0.0443562854003,0.0739671526122,0.0000021017878
238371,0.2534936428805,3.8388921150454,0.0089097081960,0.0442834783051,0.0739540406674,0.0000020597520
238504,0.2534988101408,3.8389703677176,0.0088981277807,0.0442226935935,0.0739284760767,0.0000020597520
240202,0.2534878266500,3.8388040344091,0.0089407307072,0.0440979496082,0.0738998294453,0.0000020597520
240266,0.2534825487160,3.8387241057015,0.0089051851128,0.0441129879495,0.0738888354694,0.0000020597520
240341,0.2534709942218,3.8385491251534,0.0089051851128,0.0440414176419,0.0738607986823,0.0000020597520
240422,0.2534729056696,3.8385780720002,0.0089286709883,0.0439858915980,0.0738514429235,0.0000020597520
240423,0.2534715514733,3.8385575641350,0.0088943594629,0.0439784057940,0.0738337742976,0.0000020597520
241641,0.2534676011600,3.8384977408335,0.0088976484771,0.0439684337713,0.0738307759428,0.0000020597520
241817,0.2534656969677,3.8384689038629,0.0089009374914,0.0439608317726,0.0738290624796,0.0000020597520
244592,0.2534633866908,3.8384339171720,0.0089242856360,0.0439299000091,0.0738275267096,0.0000020597520
246012,0.2534589452375,3.8383666560767,0.0088948387665,0.0439438585312,0.0738189400691,0.0000020597520
246105,0.2534647100676,3.8384539583087,0.0088948387665,0.0439031188004,0.0738056254860,0.0000020597520
246173,0.2534649538086,3.8384576495079,0.0088948387665,0.0438999449672,0.0738045442043,0.0000020597520
246921,0.2534744759622,3.8386018524154,0.0089651586623,0.0438045483441,0.0738026515415,0.0000020597520
247355,0.2534720445016,3.8385650305246,0.0089416727867,0.0437629983452,0.0737772258536,0.0000020597520
247473,0.2534749320859,3.8386087599242,0.0089885068069,0.0437003618071,0.0737755461525,0.0000020597520
247776,0.2534787307390,3.8386662864924,0.0089584429029,0.0437114930903,0.0737674510776,0.0000020597520
247881,0.2534890581105,3.8388226835707,0.0089971232529,0.0436385161601,0.0737601781893,0.0000020597520
247905,0.2534856711801,3.8387713921051,0.0089502892327,0.0436936128412,0.0737590580816,0.0000020597520
247907,0.2534863754658,3.8387820577647,0.0089502892327,0.0436468687483,0.0737425146811,0.0000020597520
248439,0.2534898210524,3.8388342375163,0.0090107586135,0.0435548172725,0.0737362929429,0.0000020597520
248887,0.2534855033719,3.8387688508286,0.0089971232529,0.0435728321759,0.0737359578938,0.0000020597520
249422,0.2534945976584,3.8389065741426,0.0089639245933,0.0435854523955,0.0737281858937,0.0000020597520
249958,0.2535014483246,3.8390103202094,0.0089639245933,0.0435755500554,0.0737261173436,0.0000020597520
249971,0.2534956370848,3.8389223151523,0.0090107586135,0.0435025362059,0.0737188674261,0.0000020597520
250121,0.2535001065938,3.8389900011211,0.0090575926337,0.0434392553955,0.0737172966115,0.0000020597520
250170,0.2535084487758,3.8391163346112,0.0090713657252,0.0433838993877,0.0737052169727,0.0000020597520
250520,0.2535033081893,3.8390384858863,0.0089936634524,0.0434400495991,0.0736908680913,0.0000020597520
250781,0.2534974866800,3.8389503253073,0.0089798903609,0.0433843896361,0.0736638393133,0.0000020597520
250801,0.2534931370603,3.8388844549350,0.0089798903609,0.0433744319171,0.0736593509237,0.0000020597520
250808,0.2534932077145,3.8388855249180,0.0089330563407,0.0433822311008,0.0736420797637,0.0000020597520
250812,0.2534927556234,3.8388786784776,0.0089422898212,0.0433692622974,0.0736413083774,0.0000020597520
253490,0.2534808272924,3.8386980365686,0.0088986070843,0.0433509688842,0.0736134977717,0.0000020597520
253910,0.2534826363887,3.8387254334112,0.0088642955588,0.0433301510960,0.0735917455713,0.0000020597520
254314,0.2534893580535,3.8388272258886,0.0089111295791,0.0432663879941,0.0735904851146,0.0000020597520
255266,0.2534883728739,3.8388123063898,0.0088996868947,0.0432513606031,0.0735800030718,0.0000020597520
258572,0.2534942399563,3.8389011571241,0.0089465209149,0.0431875975012,0.0735785594903,0.0000020597520
261192,0.2534922244775,3.8388706348376,0.0088996868947,0.0431775218725,0.0735544574402,0.0000020597520
262690,0.2534873258694,3.8387964506177,0.0089139392897,0.0431344697885,0.0735441401635,0.0000020185570
263029,0.2534869070700,3.8387901083457,0.0088762010191,0.0431410243770,0.0735302178007,0.0000020185570
263201,0.2534887167297,3.8388175137216,0.0089465209149,0.0430469050928,0.0735271286531,0.0000020185570
263480,0.2535004106453,3.8389946056584,0.0089465209149,0.0429724661611,0.0735030491593,0.0000020185570
263953,0.2534934618455,3.8388893734616,0.0088996868947,0.0430292257505,0.0735017596898,0.0000020185570
264148,0.2534981369570,3.8389601730623,0.0089465209149,0.0429648993667,0.0734998595138,0.0000020185570
264826,0.2534961658350,3.8389303225132,0.0089372874344,0.0429470853700,0.0734891177830,0.0000020185570
265061,0.2535024494785,3.8390254816232,0.0089274203916,0.0429159136311,0.0734751027815,0.0000020185570
265488,0.2535015472710,3.8390118186478,0.0089040722470,0.0429369359028,0.0734724110578,0.0000020185570
266003,0.2535060188989,3.8390795367052,0.0089509062672,0.0428752392317,0.0734714064613,0.0000020185570
266078,0.2535041190136,3.8390507649594,0.0089133057275,0.0428829222207,0.0734576287507,0.0000020185570
266180,0.2535024882008,3.8390260680317,0.0089007832327,0.0428180325550,0.0734287376267,0.0000020185570
267085,0.2534992607017,3.8389771909839,0.0089476172530,0.0427403452497,0.0734203722765,0.0000020185570
267376,0.2534999820218,3.8389881146098,0.0089383837725,0.0427325812702,0.0734137967894,0.0000019781858
267423,0.2535000068896,3.8389884912076,0.0089383837725,0.0427246201058,0.0734109588452,0.0000019781858
267956,0.2534970163795,3.8389432031064,0.0089852177927,0.0426493562929,0.0734035098114,0.0000019781858
268071,0.2535025576317,3.8390271194886,0.0090240524014,0.0425838481347,0.0733979448555,0.0000019781858
268082,0.2535059681413,3.8390787680361,0.0090005665258,0.0425706250467,0.0733838877723,0.0000019781858
268252,0.2535043598640,3.8390544123837,0.0090005665258,0.0425491553204,0.0733758753821,0.0000019781858
268565,0.2535023053589,3.8390232990838,0.0089363453549,0.0426203079079,0.0733733234104,0.0000019781858
269027,0.2535050056744,3.8390641924962,0.0088975107462,0.0426445821285,0.0733659280102,0.0000019781858
269277,0.2535056065299,3.8390732918148,0.0089443447664,0.0425554255112,0.0733542868389,0.0000019781858
269306,0.2535073020134,3.8390989681123,0.0089443447664,0.0425419554371,0.0733498394160,0.0000019781858
269461,0.2535128502604,3.8391829904235,0.0089443447664,0.0424975839866,0.0733351813795,0.0000019781858
270056,0.2535140838001,3.8392016710726,0.0089443447664,0.0424785500300,0.0733286478678,0.0000019781858
270602,0.2535041093988,3.8390506193540,0.0089808324404,0.0424024982553,0.0733149867225,0.0000019781858
270862,0.2535077992166,3.8391064977274,0.0089808324404,0.0423360770738,0.0732920555472,0.0000019781858
271386,0.2535035008817,3.8390414040089,0.0089808324404,0.0423314000917,0.0732894641247,0.0000019781858
272531,0.2535011569255,3.8390059072797,0.0089557709231,0.0423411374551,0.0732816988279,0.0000019781858
274516,0.2534948726678,3.8389107388684,0.0089231892979,0.0423529097785,0.0732705930488,0.0000019781858
275285,0.2534958624533,3.8389257281182,0.0089072235303,0.0423542251667,0.0732644324554,0.0000019781858
275538,0.2534966298490,3.8389373495125,0.0089072235303,0.0423078515530,0.0732480348924,0.0000019781858
275692,0.2535010356436,3.8390040705943,0.0089307094059,0.0422624820739,0.0732428409811,0.0000019781858
276803,0.2535049760029,3.8390637431528,0.0089307094059,0.0422522128993,0.0732400177815,0.0000019781858
277728,0.2535092744362,3.8391288383617,0.0089671970798,0.0421744702152,0.0732288112045,0.0000019781858
279347,0.2535110108762,3.8391551349024,0.0089529446848,0.0421611309325,0.0732183111000,0.0000019781858
279508,0.2535182397644,3.8392646087396,0.0089997787050,0.0420482394879,0.0731996134973,0.0000019781858
279610,0.2535232113683,3.8393398984032,0.0090466127252,0.0419888512496,0.0731995404789,0.0000019781858
280472,0.2535172503989,3.8392496258500,0.0090934467454,0.0419114666908,0.0731906975088,0.0000019781858
281890,0.2535147181999,3.8392112783845,0.0090271871570,0.0419669982021,0.0731815906109,0.0000019781858
282279,0.2535245761156,3.8393605660521,0.0090118384239,0.0419777091375,0.0731809503270,0.0000019781858
282304,0.2535264464893,3.8393888908769,0.0090118384239,0.0419694944199,0.0731784172936,0.0000019781858
282600,0.2535271460518,3.8393994850077,0.0089650044036,0.0419910411217,0.0731661907275,0.0000019781858
282612,0.2535193956163,3.8392821128901,0.0089650044036,0.0419151053827,0.0731374100132,0.0000019781858
283214,0.2535156777510,3.8392258097671,0.0089557709231,0.0419281976792,0.0731373319420,0.0000019781858
283405,0.2535101917798,3.8391427305568,0.0089568672612,0.0419184049369,0.0731331288279,0.0000019781858
288929,0.2535082331602,3.8391130693422,0.0089661007417,0.0419053126404,0.0731319905095,0.0000019386221
292176,0.2535080367861,3.8391100954649,0.0089682934179,0.0418971437090,0.0731299706722,0.0000019386221
293070,0.2535045069094,3.8390566392301,0.0089018795708,0.0419588555230,0.0731227911263,0.0000019386221
293121,0.2535062013328,3.8390822994729,0.0089018795708,0.0419527932459,0.0731209891181,0.0000019386221
294057,0.2535107140658,3.8391506400245,0.0089405764486,0.0418540078027,0.0731032599931,0.0000019386221
297235,0.2535098406123,3.8391374124984,0.0089405764486,0.0418321331244,0.0730952604393,0.0000019386221
298485,0.2535131805225,3.8391879918925,0.0089498099291,0.0418185468557,0.0730950811015,0.0000019386221
306701,0.2535082479150,3.8391132927884,0.0089379044689,0.0417868569605,0.0730776039543,0.0000019386221
309455,0.2535113597907,3.8391604188415,0.0089286709883,0.0417688583675,0.0730678855100,0.0000018998497
309459,0.2535170992257,3.8392473364920,0.0089286709883,0.0417592532175,0.0730656849782,0.0000018998497
311107,0.2535155186293,3.8392234000377,0.0089286709883,0.0417507251202,0.0730623005299,0.0000018998497
317313,0.2535160615108,3.8392316214010,0.0089280539538,0.0417370080599,0.0730572534682,0.0000018998497
319025,0.2535196001903,3.8392852109454,0.0089372874344,0.0417230513120,0.0730569844098,0.0000018998497
327083,0.2535141012413,3.8392019352003,0.0089372874344,0.0417230513120,0.0730558060636,0.0000018998497
333560,0.2535132759515,3.8391894370628,0.0088882607380,0.0417778363975,0.0730541838764,0.0000018618527
334852,0.2535189734354,3.8392757194080,0.0089350947582,0.0417088548764,0.0730508402312,0.0000018618527
335697,0.2535245060828,3.8393595054794,0.0089459038804,0.0416766156300,0.0730451442629,0.0000018618527
337414,0.2535264187377,3.8393884706077,0.0089333648579,0.0416682389316,0.0730371885728,0.0000018618527
351075,0.2535119302069,3.8391690571896,0.0088636785243,0.0417209335245,0.0730230378135,0.0000018618527
351320,0.2535110043911,3.8391550366925,0.0088845089479,0.0416406054211,0.0730030781404,0.0000018618527
359686,0.2535093887259,3.8391305691576,0.0089051685851,0.0416165992054,0.0730030124082,0.0000018246156
360616,0.2535085094704,3.8391172537667,0.0088959351045,0.0416081873028,0.0729958625394,0.0000018246156
364499,0.2535049350834,3.8390631234706,0.0089051685851,0.0415937365826,0.0729938928338,0.0000018246156
365167,0.2535032003970,3.8390368534860,0.0089068819576,0.0415706694763,0.0729860171656,0.0000018246156
370787,0.2535050686973,3.8390651469115,0.0088976484771,0.0415620955928,0.0729793982085,0.0000018246156
371643,0.2535085268607,3.8391175171250,0.0089051685851,0.0415473978865,0.0729781129661,0.0000018246156
374608,0.2535107261217,3.8391508225976,0.0089051685851,0.0415239218132,0.0729701999244,0.0000018246156
376005,0.2535182873407,3.8392653292328,0.0088794735056,0.0415002412565,0.0729523506670,0.0000018246156
378134,0.2535181016869,3.8392625177022,0.0088794735056,0.0415002412565,0.0729523108841,0.0000018246156
386298,0.2535176163311,3.8392551675040,0.0088794735056,0.0415002412565,0.0729522068793,0.0000017881233
388758,0.2535194763097,3.8392833349066,0.0089006289741,0.0414670637202,0.0729498229553,0.0000017881233
403049,0.2535065783751,3.8390880093793,0.0089006289741,0.0414670637202,0.0729470591122,0.0000017881233
406838,0.2534935871170,3.8388912705655,0.0088959351045,0.0414576717739,0.0729389093463,0.0000017523608
408464,0.2534935479843,3.8388906779422,0.0089062649231,0.0414337442311,0.0729347824748,0.0000017523608
410654,0.2534920081304,3.8388673584900,0.0088970314426,0.0414155979609,0.0729240144894,0.0000017523608
417513,0.2534931319879,3.8388843781198,0.0089062649231,0.0414002827893,0.0729227428178,0.0000017173136
418795,0.2534931468523,3.8388846032241,0.0088987448152,0.0413760272699,0.0729108604141,0.0000017173136
432951,0.2534947761880,3.8389092777839,0.0088895113347,0.0413671294249,0.0729040745497,0.0000016829674
433180,0.2534969894975,3.8389427960064,0.0088867016240,0.0413425884316,0.0728945800282,0.0000016829674
433204,0.2535007159879,3.8389992297474,0.0088959351045,0.0413269027808,0.0728937337496,0.0000016829674
434406,0.2535013915184,3.8390094599402,0.0088588138684,0.0413705534411,0.0728935589265,0.0000016829674
435187,0.2534969581762,3.8389423216787,0.0088588138684,0.0413709300262,0.0728927434193,0.0000016829674
436636,0.2534960656088,3.8389288046929,0.0088920125281,0.0413020338110,0.0728821743607,0.0000016829674
440937,0.2535034029921,3.8390399215736,0.0088931088662,0.0412929289071,0.0728809647649,0.0000016829674
444189,0.2535095871365,3.8391335738759,0.0089131679966,0.0412588130807,0.0728787024852,0.0000016829674
446089,0.2535124744515,3.8391772991967,0.0088995326360,0.0412679364442,0.0728767358137,0.0000016829674
468044,0.2535025186461,3.8390265290930,0.0089188039456,0.0412245553016,0.0728673682943,0.0000016493080
468422,0.2535095188783,3.8391325401782,0.0089199002837,0.0412063351929,0.0728628310215,0.0000016493080
471536,0.2535040104236,3.8390491204793,0.0088838753857,0.0412496153741,0.0728616686039,0.0000016493080
471876,0.2535076784766,3.8391046692484,0.0088931088662,0.0411901555698,0.0728451761768,0.0000016493080
471979,0.2535089419910,3.8391238038327,0.0088462748459,0.0412336888429,0.0728409228045,0.0000016493080
472438,0.2535069571220,3.8390937450982,0.0088794735056,0.0411647926277,0.0728301196813,0.0000016493080
506797,0.2535093538783,3.8391300414280,0.0088937424284,0.0411209302480,0.0728210833889,0.0000015839954
508580,0.2535040172089,3.8390492232357,0.0088845089479,0.0411026547604,0.0728094556511,0.0000015839954
515739,0.2535071272511,3.8390963215227,0.0088937424284,0.0410861046581,0.0728081685439,0.0000015839954
518621,0.2534993820346,3.8389790284416,0.0088599102065,0.0411302278793,0.0728077676242,0.0000015839954
519099,0.2534987721825,3.8389697928786,0.0088652376383,0.0411043709650,0.0728006855144,0.0000015839954
519546,0.2535052581910,3.8390680165922,0.0089120716585,0.0410344333322,0.0727971693704,0.0000015839954
520833,0.2535085101685,3.8391172643388,0.0088491010843,0.0410986862510,0.0727938263047,0.0000015839954
521445,0.2535066937300,3.8390897563056,0.0088959351045,0.0410082909440,0.0727812247527,0.0000015839954
524306,0.2535084978905,3.8391170784011,0.0088959351045,0.0409989881470,0.0727782889310,0.0000015523155
524594,0.2535115467064,3.8391632494818,0.0089051685851,0.0409819440724,0.0727768122851,0.0000015523155
527281,0.2535093372381,3.8391297894294,0.0089009374914,0.0409646603101,0.0727683527295,0.0000015523155
527411,0.2535075500285,3.8391027240377,0.0088917040108,0.0409737307179,0.0727672519814,0.0000015523155
528185,0.2535085595913,3.8391180127941,0.0088959351045,0.0409471368601,0.0727597838358,0.0000015523155
529269,0.2535100032501,3.8391398754753,0.0088867016240,0.0409560910733,0.0727593339186,0.0000015523155
542684,0.2535111909428,3.8391578618196,0.0088959351045,0.0409293737224,0.0727540037191,0.0000015523155
551613,0.2535053509815,3.8390694218060,0.0088610065446,0.0409712954799,0.0727527549722,0.0000015212692
552150,0.2535049718166,3.8390636797553,0.0088788729988,0.0409442501525,0.0727506717290,0.0000015212692
552459,0.2535049028855,3.8390626358677,0.0089078405648,0.0409024518882,0.0727481436776,0.0000015212692
555265,0.2534839407168,3.8387451860750,0.0089078405648,0.0409024518882,0.0727436517843,0.0000015212692
556127,0.2534806319304,3.8386950780177,0.0088942052043,0.0408935417284,0.0727339168327,0.0000015212692
556976,0.2534808176144,3.8386978900057,0.0088973399599,0.0408754154099,0.0727288264037,0.0000015212692
563081,0.2534739604374,3.8385940453383,0.0089120716585,0.0408575677816,0.0727272964408,0.0000015212692
565320,0.2534709034275,3.8385477501702,0.0088491010843,0.0409127116405,0.0727193482136,0.0000015212692
566230,0.2534650819717,3.8384595904010,0.0088867016240,0.0408485397121,0.0727112967300,0.0000015212692
572067,0.2534579705727,3.8383518958125,0.0088959351045,0.0408305389698,0.0727073012282,0.0000014908438
579986,0.2534426440120,3.8381197913219,0.0089051685851,0.0408214685620,0.0727047347398,0.0000014908438
580221,0.2534351341864,3.8380060629852,0.0088505059396,0.0408810445610,0.0727009757858,0.0000014908438
582638,0.2534314017994,3.8379495399460,0.0088505059396,0.0408810445610,0.0727001759886,0.0000014908438
584653,0.2534333204627,3.8379785960660,0.0088794735056,0.0408392462966,0.0726980738503,0.0000014908438
589886,0.2534331966376,3.8379767208655,0.0088794735056,0.0408392462966,0.0726980473164,0.0000014908438
593934,0.2534298479427,3.8379260084357,0.0088794735056,0.0408392462966,0.0726973297389,0.0000014908438
595636,0.2534353220899,3.8380089085837,0.0088973399599,0.0408032169709,0.0726932922059,0.0000014610269
617919,0.2534209480927,3.8377912296557,0.0088561418887,0.0408596501150,0.0726927104418,0.0000014610269
618053,0.2534267540427,3.8378791546047,0.0088561418887,0.0408234603769,0.0726810296675,0.0000014610269
619635,0.2534217078320,3.8378027351018,0.0088937424284,0.0407579437844,0.0726726640706,0.0000014318064
620366,0.2534163401812,3.8377214477281,0.0089258447500,0.0407216120937,0.0726722963937,0.0000014318064
621918,0.2534104962531,3.8376329476409,0.0088937424284,0.0407579437844,0.0726702615894,0.0000014318064
622949,0.2534093524370,3.8376156257603,0.0088937424284,0.0407486409874,0.0726666940584,0.0000014318064
626430,0.2534038965240,3.8375330017505,0.0089258447500,0.0407123092966,0.0726663074682,0.0000014318064
627859,0.2534022919698,3.8375087024797,0.0089319434749,0.0406942772775,0.0726621373676,0.0000014318064
628202,0.2533953274010,3.8374032314783,0.0088702400251,0.0407550740941,0.0726559137732,0.0000014318064
629451,0.2533949415146,3.8373973876387,0.0089170740453,0.0406848934901,0.0726508383047,0.0000014318064
629585,0.2533924452442,3.8373595842733,0.0089202088009,0.0406667379779,0.0726451627448,0.0000014318064
629638,0.2533880433066,3.8372929216021,0.0089202088009,0.0406576801410,0.0726409845307,0.0000014318064
630029,0.2533907555304,3.8373339953524,0.0088794735056,0.0406942772775,0.0726371781438,0.0000014318064
