0,0.2063240533919,3.124558757017,0.5553584234398,0.3201241934734,0.3965531191558,1000
4,0.2063299832327,3.12464855816,0.5554520914803,0.3200078686128,0.3965529886888,1000.0000000000000
5,0.2063285259072,3.1246264885122,0.5554520914803,0.3199985574724,0.3965493509975,1000.0000000000000
6,0.2063210237476,3.1245128762703,0.5554520914803,0.3199949618701,0.3965464592482,1000.0000000000000
7,0.2063200614237,3.1244983028955,0.5554520914803,0.3199282176778,0.3965224158244,1000.0000000000000
9,0.2063162790263,3.1244410225022,0.5554989255005,0.3195884283727,0.3964203237104,1000.0000000000000
13,0.2063180129561,3.1244672810282,0.5555457595208,0.3195306621214,0.3964201361857,1000.0000000000000
14,0.2063220688211,3.1245287027983,0.5554281263011,0.3193915489930,0.3963209078025,1000.0000000000000
15,0.2063257372190,3.1245842567898,0.5553812922809,0.3194288941323,0.3963149597146,1000.0000000000000
16,0.2063258012169,3.1245852259708,0.5553812922809,0.3190644490395,0.3961848144667,1000.0000000000000
17,0.2063242952885,3.1245624202838,0.5553812922809,0.3189120829848,0.3961300753196,1000.0000000000000
19,0.2063325014539,3.1246866939468,0.5553344582607,0.3189509043756,0.3961256268431,1000.0000000000000
21,0.2063341207924,3.1247112171090,0.5554989255005,0.3187421333666,0.3961218987295,1000.0000000000000
22,0.2063347358612,3.1247205316744,0.5554989255005,0.3187108557761,0.3961108599620,1000.0000000000000
23,0.2063296119398,3.1246429353231,0.5554989255005,0.3186195307721,0.3960771459059,1000.0000000000000
25,0.2063337721320,3.1247059370176,0.5553812922809,0.3185870508669,0.3960160231725,1000.0000000000000
26,0.2063412164265,3.1248186729561,0.5553812922809,0.3185357057181,0.3959992808254,1000.0000000000000
27,0.2063436754584,3.1248559123832,0.5554281263011,0.3184757529891,0.3959984677948,1000.0000000000000
33,0.2063631156155,3.1251503129244,0.5553812922809,0.3184199063042,0.3959626165752,1000.0000000000000
36,0.2063676371989,3.1252187875050,0.5553344582607,0.3181580915958,0.3958500085100,1000.0000000000000
38,0.2063735179835,3.1253078457456,0.5553344582607,0.3181313384855,0.3958417139959,1000.0000000000000
42,0.2063941320389,3.1256200237310,0.5553344582607,0.3180107797130,0.3958030745890,1000.0000000000000
43,0.2063916767528,3.1255828410299,0.5553344582607,0.3178517504473,0.3957457522900,1000.0000000000000
44,0.2064002807035,3.1257131387283,0.5552876242404,0.3178556056327,0.3957289011226,1000.0000000000000
48,0.2064243597371,3.1260777901306,0.5552876242404,0.3177949325317,0.3957123919509,1000.0000000000000
49,0.2064287058974,3.1261436081150,0.5552407902202,0.3177568931013,0.3956796660371,1000.0000000000000
114704,0.2519988670099,3.8162553213251,0.0064791376890,0.8670818667440,0.3664486257774,0.0000032780471
114768,0.2519946548676,3.8161915329002,0.0064786583854,0.8670847813013,0.3664485586730,0.0000032780471
114792,0.2519933604196,3.8161719298601,0.0064791376890,0.8670804301843,0.3664469327367,0.0000032780471
114832,0.2519933343643,3.8161715352809,0.0064791376890,0.8669753277118,0.3664093905562,0.0000032780471
114859,0.2519923414371,3.8161564984518,0.0063915683734,0.8669839827225,0.3663747391546,0.0000032780471
114896,0.2519807461088,3.8159808995136,0.0063320575998,0.8670301754655,0.3663632472323,0.0000032780471
114930,0.2519870441445,3.8160762765783,0.0063806049926,0.8669599190197,0.3663603112491,0.0000032780471
115008,0.2519938284223,3.8161790172647,0.0064274390129,0.8668971968867,0.3663594359841,0.0000032780471
115047,0.2519964035135,3.8162180142861,0.0064274390129,0.8668894624165,0.3663572254786,0.0000032780471
115080,0.2520048560565,3.8163460190773,0.0065450722325,0.8667264744146,0.3663512409741,0.0000032780471
115088,0.2520005315378,3.8162805288324,0.0065912892182,0.8666677842755,0.3663491608072,0.0000032780471
115215,0.2519938262315,3.8161789840862,0.0065444551980,0.8667178424541,0.3663455301538,0.0000032780471
115290,0.2519839700867,3.8160297232368,0.0065444551980,0.8667075505349,0.3663397424373,0.0000032780471
115294,0.2519862153977,3.8160637260892,0.0064860242347,0.8666624758782,0.3662990836423,0.0000032780471
115476,0.2519878221182,3.8160880581650,0.0064822559169,0.8666441969022,0.3662912847405,0.0000032780471
115575,0.2519886109860,3.8161000047303,0.0064822559169,0.8665809548073,0.3662688673211,0.0000032780471
115697,0.2519959928654,3.8162117954568,0.0064822559169,0.8665158893997,0.3662472115069,0.0000032124862
115902,0.2519960809196,3.8162131289451,0.0064376145728,0.8665120504993,0.3662267273352,0.0000032124862
115937,0.2520003514803,3.8162778020531,0.0064772535301,0.8664487406079,0.3662220199044,0.0000032124862
116054,0.2520068731961,3.8163765665153,0.0064376145728,0.8664746288747,0.3662156750999,0.0000032124862
116060,0.2520135312545,3.8164773957413,0.0064369975383,0.8664309108990,0.3662012238206,0.0000032124862
116064,0.2520112474986,3.8164428106828,0.0064168006770,0.8663564346130,0.3661654799731,0.0000032124862
116075,0.2520115658492,3.8164476317643,0.0064174177115,0.8663523841595,0.3661643660439,0.0000032124862
116158,0.2520210218918,3.8165908334916,0.0063917391598,0.8663606381897,0.3661583351131,0.0000032124862
116608,0.2520284958446,3.8167040185716,0.0063317490826,0.8664027791202,0.3661492769736,0.0000032124862
116687,0.2520291588348,3.8167140588557,0.0063541386201,0.8663495292461,0.3661399967468,0.0000032124862
116721,0.2520290675634,3.8167126766466,0.0063345587932,0.8663392940541,0.3661279304086,0.0000032124862
116755,0.2520204767530,3.8165825779427,0.0063345587932,0.8663290021349,0.3661224138352,0.0000032124862
117419,0.2520308168695,3.8167391680305,0.0063633886283,0.8662523639788,0.3661096144480,0.0000032124862
117613,0.2520350802535,3.8168037324554,0.0063677739806,0.8662383411906,0.3661073993284,0.0000032124862
118222,0.2520320596208,3.8167579881799,0.0063677739806,0.8662383411906,0.3661067520499,0.0000032124862
118277,0.2520307461529,3.8167380971022,0.0064146080008,0.8661798479707,0.3661056518798,0.0000032124862
119197,0.2520174761928,3.8165371376440,0.0064440548704,0.8661017788104,0.3660875465609,0.0000032124862
119198,0.2520289849960,3.8167114262505,0.0064908888906,0.8660376440379,0.3660871791801,0.0000032124862
119617,0.2520268474501,3.8166790553876,0.0064174177115,0.8660919648237,0.3660746337670,0.0000032124862
119948,0.2520230706219,3.8166218593336,0.0063885878764,0.8660913376951,0.3660612448285,0.0000032124862
119968,0.2520176162784,3.8165392590912,0.0064326121860,0.7405947028799,0.3212587168822,0.0000032124862
120075,0.2520239671546,3.8166354363704,0.0063885878764,0.7406095869011,0.3212465259449,0.0000032124862
120327,0.2520348229991,3.8167998366101,0.0063525629784,0.7405465609169,0.3212109036751,0.0000032124862
120400,0.2520432807093,3.8169279196523,0.0063401782145,0.7404833049199,0.3211848168582,0.0000032124862
120544,0.2520391907195,3.8168659810988,0.0062933441943,0.7405281936001,0.3211799003803,0.0000032124862
120555,0.2520349309155,3.8168014708892,0.0063401782145,0.7404171872151,0.3211594141506,0.0000031482365
120679,0.2520378319049,3.8168454032941,0.0063043075751,0.7404286848566,0.3211487689606,0.0000031482365
120719,0.2520490800111,3.8170157439226,0.0063511415954,0.7403645131649,0.3211483325307,0.0000031482365
120721,0.2520537905575,3.8170870801468,0.0063712007258,0.7403130306660,0.3211395520969,0.0000031482365
120791,0.2520456322873,3.8169635318054,0.0063979756156,0.6255625084447,0.2801669494842,0.0000031482365
120832,0.2520439887826,3.8169386426715,0.0063979756156,0.6254895181561,0.2801405293444,0.0000031482365
120840,0.2520497220531,3.8170254669660,0.0063713384567,0.6255058531034,0.2801361758869,0.0000031482365
120864,0.2520484666016,3.8170064544864,0.0064181724769,0.6254215366139,0.2801258655526,0.0000031482365
120940,0.2520542575381,3.8170941520724,0.0064181724769,0.6252702185773,0.2800730643116,0.0000031482365
121022,0.2520518179635,3.8170572073046,0.0063979756156,0.6252793732349,0.2800671552685,0.0000031482365
121035,0.2520464847583,3.8169764415729,0.0063755860781,0.6251833423244,0.2800221201689,0.0000031482365
121051,0.2520376733658,3.8168430023886,0.0063412745526,0.6252069474796,0.2800139574865,0.0000031482365
121260,0.2520345171486,3.8167952048290,0.0063243667055,0.6252096651513,0.2800070055311,0.0000031482365
121801,0.2520389441337,3.8168622468196,0.0063368892003,0.6251548557758,0.2799937461773,0.0000031482365
121803,0.2520416927075,3.8169038710512,0.0063688537910,0.6250959827553,0.2799870081889,0.0000031482365
121826,0.2520464534225,3.8169759670255,0.0063932982737,0.6250575366835,0.2799847738091,0.0000031482365
121951,0.2520419310515,3.8169074805177,0.0064296316890,0.5206926100173,0.2427261880982,0.0000031482365
121956,0.2520494823506,3.8170218369263,0.0064540761718,0.5206540477509,0.2427245102026,0.0000031482365
122127,0.2520506198938,3.8170390638112,0.0064540761718,0.5205960307487,0.2427040336040,0.0000031482365
122142,0.2520623078837,3.8172160660104,0.0064683285668,0.5205654148725,0.2427017121010,0.0000031482365
122299,0.2520649882932,3.8172566579657,0.0064738102572,0.5205158328395,0.2426869279014,0.0000031482365
122311,0.2520633085160,3.8172312195237,0.0064976211778,0.5204224925144,0.2426634367991,0.0000031482365
122370,0.2520585921341,3.8171597949267,0.0064507871575,0.5204422248716,0.2426494016932,0.0000031482365
122590,0.2520579980447,3.8171507980736,0.0064598663794,0.5203041317113,0.2426038464977,0.0000031482365
122848,0.2520546036208,3.8170993931276,0.0064152250353,0.5203192984929,0.2425894038242,0.0000030852717
122986,0.2520514291697,3.8170513194347,0.0064033195751,0.5203266890145,0.2425862607166,0.0000030852717
123573,0.2520567158559,3.8171313806853,0.0063494282228,0.5203244504160,0.2425634977846,0.0000030852717
123601,0.2520601370739,3.8171831913997,0.0063226533330,0.5203365339736,0.2425570715063,0.0000030852717
123661,0.2520644040564,3.8172478103204,0.0063510038644,0.5202625572641,0.2425437158340,0.0000030852717
123690,0.2520594580501,3.8171729083058,0.0063265593817,0.5202760369321,0.2425369939358,0.0000030852717
123762,0.2520609244721,3.8171951157098,0.0063221740294,0.5202799425989,0.2425368236133,0.0000030852717
124126,0.2520546687983,3.8171003801714,0.0062709546568,0.5203327151298,0.2425323792846,0.0000030852717
124164,0.2520618303147,3.8172088337342,0.0062681449462,0.5203177018911,0.2425273478626,0.0000030852717
124226,0.2520566320894,3.8171301121311,0.0062626632558,0.5203231621103,0.2425258347396,0.0000030852717
124694,0.2520516101114,3.8170540596056,0.0062938234979,0.5202322132034,0.2425056312385,0.0000030852717
124782,0.2520513768266,3.8170505267541,0.0062894381456,0.5202361281217,0.2425050999973,0.0000030852717
124786,0.2520473062279,3.8169888818586,0.0063227910639,0.5201615447918,0.2424918849304,0.0000030852717
125197,0.2520541680909,3.8170927974889,0.0063890671800,0.5200511321785,0.2424823263032,0.0000030852717
125253,0.2520586177662,3.8171601830971,0.0064014519439,0.5199727869114,0.2424606071085,0.0000030852717
125359,0.2520563244737,3.8171254536171,0.0064482859641,0.5198979583023,0.2424534629084,0.0000030852717
125381,0.2520518225222,3.8170572763407,0.0064467103224,0.5198729661572,0.2424428971634,0.0000030852717
125436,0.2520487709221,3.8170110630979,0.0064836772999,0.5198090655383,0.2424352645898,0.0000030852717
125511,0.2520513399656,3.8170499685338,0.0064489029986,0.5198475091921,0.2424346417035,0.0000030852717
125513,0.2520571528235,3.8171379980960,0.0064957370188,0.5197648281887,0.2424264301091,0.0000030852717
125517,0.2520577399284,3.8171468891761,0.0064064543307,0.5198571772834,0.2424212737276,0.0000030852717
125529,0.2520580349299,3.8171513566611,0.0064064543307,0.5198522644768,0.2424195823684,0.0000030852717
125547,0.2520558576372,3.8171183838739,0.0063781037992,0.5198796219139,0.2424167360912,0.0000030852717
125552,0.2520536591838,3.8170850906310,0.0064069336343,0.5197206022618,0.2423718279047,0.0000030852717
125656,0.2520636286083,3.8172360669822,0.0064069336343,0.5197093916628,0.2423699604246,0.0000030852717
125742,0.2520654972613,3.8172643657482,0.0063579069379,0.5197427174683,0.2423612514823,0.0000030852717
125880,0.2520595499930,3.8171743006828,0.0063823514206,0.5196850008486,0.2423498401961,0.0000030852717
125931,0.2520696899471,3.8173278595240,0.0063600996140,0.5196477834542,0.2423291846283,0.0000030852717
125993,0.2520646443557,3.8172514493975,0.0063923561943,0.5195726911062,0.2423151089831,0.0000030852717
126039,0.2520608349609,3.8171937601579,0.0063187472842,0.5195819099437,0.2422860384505,0.0000030852717
126055,0.2520685852785,3.8173111304907,0.0063187472842,0.5194995685974,0.2422582916091,0.0000030852717
126276,0.2520732916499,3.8173824034883,0.0063655813045,0.5194349779403,0.2422563037484,0.0000030852717
126599,0.2520705476060,3.8173408478574,0.0063655813045,0.5194150490519,0.2422485982789,0.0000030852717
126844,0.2520749017338,3.8174067864996,0.0062975918157,0.4254636581773,0.2086663247845,0.0000030852717
126955,0.2520714213624,3.8173540799706,0.0063198436223,0.4254040126082,0.2086538134902,0.0000030852717
127031,0.2520657624210,3.8172683813092,0.0063575984206,0.3418756982936,0.1788372406611,0.0000030852717
127075,0.2520672289524,3.8172905903717,0.0063270552130,0.3418829060046,0.1788270391542,0.0000030852717
127112,0.2520703022510,3.8173371322162,0.0063738892332,0.3418229342103,0.1788263509431,0.0000030235663
127119,0.2520712964249,3.8173521879245,0.0063270552130,0.3418770509007,0.1788258196469,0.0000030235663
127127,0.2520674376968,3.8172937515841,0.0063110894454,0.3418862697382,0.1788214427467,0.0000030235663
127132,0.2520667294199,3.8172830254822,0.0063201686673,0.3418338103156,0.1788064465601,0.0000030235663
127237,0.2520755756132,3.8174169916877,0.0062619084903,0.3418903703077,0.1788035735229,0.0000030235663
127260,0.2520694421575,3.8173241070136,0.0062701998914,0.3418766808151,0.1788009235641,0.0000030235663
127324,0.2520600474077,3.8171818335008,0.0062611206695,0.3418614398231,0.1787895760969,0.0000030235663
127454,0.2520485521926,3.8170077506706,0.0062774114821,0.3418015803820,0.1787727162414,0.0000030235663
127488,0.2520360616784,3.8168185950930,0.0062864907040,0.3417487215137,0.1787550526305,0.0000030235663
127518,0.2520314924196,3.8167493985193,0.0062271176613,0.2686366045388,0.1526171575657,0.0000030235663
127839,0.2520354540567,3.8168093933073,0.0061752812542,0.2686904657312,0.1526150270251,0.0000030235663
127862,0.2520292447986,3.8167153606855,0.0061802836411,0.2686246468490,0.1525923336062,0.0000030235663
127918,0.2520194072608,3.8165663816194,0.0062091134761,0.2684711185138,0.1525477496577,0.0000030235663
127977,0.2520177029655,3.8165405718764,0.0061873409731,0.2684496137831,0.1525303731179,0.0000030235663
128021,0.2520200343855,3.8165758787571,0.0062341749934,0.2683857237650,0.1525281265673,0.0000030235663
128039,0.2520241977617,3.8166389286694,0.0062438877775,0.2683454200603,0.1525187871608,0.0000030235663
128402,0.2520224997447,3.8166132140053,0.0062438877775,0.2682786159724,0.1524945646972,0.0000030235663
128520,0.2520197615516,3.8165717469763,0.0061970537572,0.2683306271772,0.1524924816488,0.0000030235663
128815,0.2520255898037,3.8166600096683,0.0061970537572,0.2683174018536,0.1524890072302,0.0000030235663
129268,0.2520100083215,3.8164240446614,0.0062216359709,0.2682846784044,0.1524845166294,0.0000030235663
129643,0.2520029840537,3.8163176695824,0.0063174966875,0.2681493613344,0.1524757670684,0.0000030235663
130088,0.2520023339931,3.8163078251042,0.0062706626673,0.2681729527845,0.1524639815647,0.0000029630950
130093,0.2520035935388,3.8163268995863,0.0062429291703,0.2681960538318,0.1524606160569,0.0000029630950
130145,0.2520006147297,3.8162817886847,0.0062429291703,0.2055414531967,0.1300833346567,0.0000029630950
130289,0.2519898074119,3.8161181233298,0.0062789540683,0.2054908413182,0.1300783823740,0.0000029630950
131055,0.2520020338476,3.8163032797197,0.0063250333232,0.2053890499650,0.1300643965219,0.0000029630950
131087,0.2520013658363,3.8162931633979,0.0063718673434,0.1530851429207,0.1114043582981,0.0000029630950
131111,0.2520057298552,3.8163592518305,0.0063861197385,0.1530444044692,0.1113968521673,0.0000029630950
131206,0.2520060581851,3.8163642240390,0.0063861197385,0.1530018658478,0.1113817301589,0.0000029630950
131269,0.2519897227400,3.8161168410647,0.0063392857182,0.1530222751604,0.1113654470237,0.0000029630950
131280,0.2519842059269,3.8160332947871,0.0063392857182,0.1529786149455,0.1113486719156,0.0000029630950
131365,0.2519946996666,3.8161922113347,0.0063272259993,0.1529595095265,0.1113389287592,0.0000029630950
131536,0.2520045332476,3.8163411304792,0.0063070291380,0.1529659464804,0.1113346790695,0.0000029630950
131636,0.2520191983418,3.8165632177627,0.0062493859956,0.1529778850956,0.1113173811769,0.0000029630950
131644,0.2520228857342,3.8166190594066,0.0062962200158,0.1528665464371,0.1112984792488,0.0000029630950
131672,0.2520225999036,3.8166147308054,0.0063316113517,0.1527178421962,0.1112604770573,0.0000029630950
131802,0.2520296206171,3.8167210520580,0.0063768697302,0.1526450935871,0.1112553962977,0.0000029630950
131844,0.2520231967737,3.8166237697694,0.0063865825143,0.1526207005238,0.1112494705733,0.0000029630950
131856,0.2520280530179,3.8166973124323,0.0063724843779,0.1525956399769,0.1112355189433,0.0000029630950
132078,0.2520279338861,3.8166955083068,0.0063724843779,0.1525922165405,0.1112342707591,0.0000029630950
132151,0.2520311385517,3.8167440395663,0.0062548511583,0.1527288133401,0.1112333278075,0.0000029630950
132183,0.2520288972221,3.8167100970082,0.0062498322437,0.1525895359335,0.1111809546283,0.0000029630950
132476,0.2520285411707,3.8167047049880,0.0062498322437,0.1525895359335,0.1111808783316,0.0000029630950
132531,0.2520343435580,3.8167925759832,0.0062335414312,0.1525992984106,0.1111786265224,0.0000029630950
133278,0.2520378263817,3.8168453196510,0.0062390231216,0.1525590085186,0.1111673328905,0.0000029630950
133432,0.2520404592823,3.8168851921362,0.0062230573539,0.1525519266484,0.1111585253723,0.0000029630950
134202,0.2520418458318,3.8169061899567,0.0062639303802,0.1525006133121,0.1111580133098,0.0000029630950
134747,0.2520396019000,3.8168722079913,0.0062918016081,0.1524567934466,0.1111538273272,0.0000029630950
134791,0.2520367803836,3.8168294791207,0.0062639303802,0.1524642699613,0.1111439480885,0.0000029630950
135026,0.2520276354313,3.8166909885265,0.0062639303802,0.1524558921050,0.1111389963643,0.0000029630950
135048,0.2520221749511,3.8166082953509,0.0063107644004,0.1523770799864,0.1111297507991,0.0000029630950
135157,0.2520257595717,3.8166625806232,0.0061931311808,0.1108545756678,0.0962506388671,0.0000029630950
135302,0.2520300195198,3.8167270930160,0.0061931311808,0.1108518780773,0.0962505882879,0.0000029630950
135352,0.2520332458755,3.8167759527479,0.0062172506186,0.1106475157166,0.0961886299944,0.0000029630950
135598,0.2520216234625,3.8165999436411,0.0061813799791,0.1106837859169,0.0961837199891,0.0000029630950
135652,0.2520223122808,3.8166103750627,0.0061813799791,0.1106165525381,0.0961598556720,0.0000029630950
135770,0.2520206975653,3.8165859219109,0.0061405069529,0.1104979172245,0.0960996228954,0.0000029630950
135946,0.2520210997058,3.8165920119010,0.0062903967527,0.1103003148354,0.0960933752722,0.0000029630950
136491,0.2520380934154,3.8168493635927,0.0062979168607,0.1102337254015,0.0960764577441,0.0000029038331
136519,0.2520339585442,3.8167867453581,0.0062919558667,0.1101892743472,0.0960571416120,0.0000029038331
136705,0.2520390880801,3.8168644267337,0.0062451218465,0.1101835924014,0.0960361398090,0.0000029038331
136707,0.2520284552303,3.8167034035118,0.0062401194596,0.1101747957248,0.0960285757909,0.0000029038331
137157,0.2520313353413,3.8167470197347,0.0061231032745,0.1101689882837,0.0959769690778,0.0000029038331
137158,0.2520309453683,3.8167411140078,0.0061231032745,0.1101658144505,0.0959757520003,0.0000029038331
137161,0.2520196077064,3.8165694171542,0.0061231032745,0.1101658682269,0.0959733417072,0.0000029038331
137380,0.2520244779069,3.8166431711709,0.0061302983375,0.1100902114819,0.0959504486539,0.0000028457564
137978,0.2520233418367,3.8166259665941,0.0061362593315,0.1100805656621,0.0959493149864,0.0000028457564
138204,0.2520235547721,3.8166291912744,0.0060894253113,0.1100901425183,0.0959327091982,0.0000028457564
138313,0.2520196498181,3.8165700548921,0.0060585570587,0.1101118486702,0.0959263953684,0.0000028457564
138834,0.2520106525476,3.8164338007812,0.0060117230384,0.1101570119774,0.0959205254114,0.0000028457564
139088,0.2520121901907,3.8164570867541,0.0060432083255,0.1101148999759,0.0959193086004,0.0000028457564
139123,0.2519966521059,3.8162217789553,0.0060655978630,0.1100914660303,0.0959172052605,0.0000028457564
139146,0.2520017523040,3.8162990160407,0.0060776575819,0.1100539148392,0.0959100554714,0.0000028457564
139148,0.2520041506376,3.8163353362575,0.0061021020646,0.1099901377438,0.0958982680729,0.0000028457564
139380,0.2520060634546,3.8163643038397,0.0060911386838,0.1099965905374,0.0958962839396,0.0000028457564
139561,0.2520075826141,3.8163873098969,0.0061373556696,0.1099335082455,0.0958938873634,0.0000028457564
139598,0.2520080816450,3.8163948671913,0.0061841896898,0.1098670221076,0.0958903209723,0.0000028457564
139671,0.2520056138888,3.8163574956422,0.0061885750421,0.1097881361504,0.0958634980479,0.0000028457564
139736,0.2520052822934,3.8163524739830,0.0061639928285,0.1097947736631,0.0958552622976,0.0000028457564
139913,0.2520177499043,3.8165412827142,0.0062408907528,0.1096857038578,0.0958519366799,0.0000028457564
140181,0.2520087582348,3.8164051134258,0.0062576608689,0.1095666950616,0.0958146939447,0.0000028457564
140454,0.2520222862721,3.8166099811885,0.0062213109259,0.1095758402214,0.0958052803913,0.0000028457564
140467,0.2520241498877,3.8166382036685,0.0061923433600,0.1095818835265,0.0957954233897,0.0000028457564
140470,0.2520282888568,3.8167008839612,0.0061710501605,0.1095570054268,0.0957782996191,0.0000028457564
140477,0.2520231575553,3.8166231758483,0.0061307941688,0.1095748601776,0.0957663241833,0.0000028457564
140481,0.2520186322394,3.8165546447420,0.0060900588735,0.1095895065436,0.0957531273341,0.0000028457564
140503,0.2520182731173,3.8165492062201,0.0061368928937,0.1095049037151,0.0957429068064,0.0000028457564
140553,0.2520195149543,3.8165680125226,0.0061837269139,0.1094345916603,0.0957381331891,0.0000028457564
140614,0.2520151534598,3.8165019623192,0.0062103640728,0.1093685383082,0.0957250240255,0.0000028457564
140771,0.2520138807862,3.8164826890272,0.0061848232520,0.1093579474086,0.0957100227796,0.0000028457564
140808,0.2520253813980,3.8166568535850,0.0061379892318,0.1093811883838,0.0957007158217,0.0000028457564
140998,0.2520201777016,3.8165780491276,0.0060578022932,0.1094728704724,0.0956979785162,0.0000028457564
141012,0.2520149215197,3.8164984498316,0.0060654766598,0.1094279358247,0.0956840931173,0.0000028457564
141047,0.2520139316349,3.8164834590781,0.0061123106800,0.1093431393847,0.0956736682792,0.0000028457564
141055,0.2520254598968,3.8166580423661,0.0061123106800,0.1093299605320,0.0956714318879,0.0000028457564
141145,0.2520328355533,3.8167697388534,0.0060856735211,0.1093498403923,0.0956686964106,0.0000028457564
141207,0.2520326008843,3.8167661850399,0.0060856735211,0.1093400791093,0.0956651599519,0.0000028457564
141365,0.2520299798834,3.8167264927646,0.0060847149140,0.1092697448022,0.0956390680818,0.0000028457564
141601,0.2520329103015,3.8167708708351,0.0060847149140,0.1092232853149,0.0956231033545,0.0000028457564
141794,0.2520323168898,3.8167618842447,0.0061138532663,0.0780108198000,0.0844881549476,0.0000028457564
141838,0.2520242813770,3.8166401949351,0.0061212191156,0.0778201916339,0.0844215083567,0.0000028457564
141867,0.2520157376017,3.8165108085268,0.0060989673090,0.0777600552981,0.0843886637964,0.0000028457564
141874,0.2520159305644,3.8165137307430,0.0060521332888,0.0777738990751,0.0843735776287,0.0000028457564
141898,0.2520165684117,3.8165233902623,0.0060521332888,0.0777694805308,0.0843721362587,0.0000028457564
141910,0.2520102912627,3.8164283295046,0.0060070126411,0.0778229874214,0.0843705633387,0.0000028457564
141995,0.2520169764861,3.8165295701159,0.0060516539852,0.0777340916742,0.0843593794100,0.0000028457564
142021,0.2520276479355,3.8166911778886,0.0060048199650,0.0777666920526,0.0843532374185,0.0000028457564
142082,0.2520295013724,3.8167192462230,0.0059913388630,0.0777136972465,0.0843289302520,0.0000028457564
142088,0.2520284026917,3.8167026078698,0.0060364595107,0.0776601093655,0.0843288937119,0.0000028457564
142104,0.2520266947229,3.8166767424968,0.0060364595107,0.0776458125726,0.0843234217211,0.0000028457564
142163,0.2520305157502,3.8167346078983,0.0060673277633,0.0775701611314,0.0843104513920,0.0000028457564
142368,0.2520395447163,3.8168713420049,0.0060521332888,0.0775626992929,0.0843032093104,0.0000028457564
142405,0.2520435701701,3.8169323032295,0.0060989673090,0.0774868394918,0.0842970508445,0.0000028457564
142416,0.2520560157702,3.8171207786299,0.0060989673090,0.0774264154455,0.0842781377423,0.0000028457564
142456,0.2520620061760,3.8172114969663,0.0060989673090,0.0773731518883,0.0842603987017,0.0000028457564
142530,0.2520766120944,3.8174326880951,0.0060538466614,0.0773049818227,0.0842198446689,0.0000028457564
142588,0.2520751267762,3.8174101945290,0.0060538466614,0.0772620509960,0.0842041939484,0.0000028457564
142611,0.2520825156422,3.8175220910604,0.0060538466614,0.0772184443053,0.0841902034587,0.0000028457564
142799,0.2520895714749,3.8176289441553,0.0060538466614,0.0771824651202,0.0841788657139,0.0000028457564
142829,0.2520993537545,3.8177770863960,0.0060750021299,0.0771138534888,0.0841655243919,0.0000028457564
142857,0.2521070996001,3.8178943890050,0.0060750021299,0.0770931704913,0.0841597974312,0.0000028457564
143031,0.2521032039019,3.8178353927910,0.0059972998570,0.0771509266913,0.0841462888789,0.0000028457564
143107,0.2521087560358,3.8179194739646,0.0060413241666,0.0770907884154,0.0841448682274,0.0000028457564
143244,0.2521152553930,3.8180178998304,0.0060881581868,0.0769637374444,0.0841209573230,0.0000028457564
143245,0.2521169975894,3.8180442835444,0.0060881581868,0.0769533683521,0.0841176274036,0.0000028457564
143695,0.2521184954299,3.8180669667497,0.0061349922071,0.0768623250387,0.0841055046233,0.0000028457564
144108,0.2520907174874,3.8176462992993,0.0061866743555,0.0767955201811,0.0840978428215,0.0000027888413
144164,0.2520927293593,3.8176767669624,0.0061822890032,0.0767994258478,0.0840977893812,0.0000027888413
144190,0.2520965463024,3.8177345705141,0.0061697665084,0.0767867486331,0.0840887129374,0.0000027888413
144358,0.2520939204916,3.8176948053976,0.0061642848180,0.0767928943685,0.0840879958732,0.0000027888413
144467,0.2520995050325,3.8177793773400,0.0061517623232,0.0767945889178,0.0840844309733,0.0000027888413
144480,0.2521017836705,3.8178138848936,0.0061881122663,0.0767264684501,0.0840761690614,0.0000027888413
144672,0.2520971252150,3.8177433375308,0.0062349462865,0.0766656322043,0.0840735153132,0.0000027330645
144992,0.2520809102756,3.8174977794871,0.0062227157813,0.0766809801659,0.0840702804531,0.0000027330645
145056,0.2520701158891,3.8173343099633,0.0062679906875,0.0558684716716,0.0766543321536,0.0000027330645
145074,0.2520570352585,3.8171362176991,0.0062538925511,0.0558305910084,0.0766319582946,0.0000027330645
145086,0.2520742334808,3.8173966665175,0.0062070585309,0.0558730341092,0.0766307301553,0.0000027330645
145151,0.2520740417149,3.8173937624272,0.0061602245106,0.0558825868938,0.0766140290484,0.0000027330645
145168,0.2520798726364,3.8174820655434,0.0062070585309,0.0557987720247,0.0766054163727,0.0000027330645
145272,0.2520676989705,3.8172977082958,0.0061812091928,0.0558029775146,0.0765932314030,0.0000027330645
145410,0.2520733678320,3.8173835571864,0.0061567812378,0.0557827432007,0.0765767504947,0.0000027330645
145517,0.2520767001852,3.8174340221373,0.0061862281073,0.0557235445033,0.0765689422654,0.0000027330645
145568,0.2520783336977,3.8174587599502,0.0061862281073,0.0556298912923,0.0765358447285,0.0000027330645
145894,0.2520883004973,3.8176096965487,0.0062230573539,0.0555731427464,0.0765334970962,0.0000027330645
145922,0.2520972167612,3.8177447239013,0.0062258670646,0.0555309111986,0.0765215291903,0.0000027330645
145932,0.2520899870910,3.8176352382198,0.0062258670646,0.0555164738804,0.0765148237902,0.0000027330645
146034,0.2520922197263,3.8176690491122,0.0061790330444,0.0555156575727,0.0764949389506,0.0000027330645
146487,0.2520826539253,3.8175241852113,0.0060925600669,0.0555426446483,0.0764654675299,0.0000027330645
146527,0.2520813014808,3.8175037038752,0.0060648265699,0.0555608318341,0.0764597873594,0.0000027330645
146542,0.2520875628977,3.8175985263864,0.0060336663278,0.0555862165098,0.0764568406577,0.0000027330645
146638,0.2520850925956,3.8175611162841,0.0060364760384,0.0555715999027,0.0764522952522,0.0000027330645
146733,0.2520959719555,3.8177258726405,0.0060833100586,0.0555032362955,0.0764502826926,0.0000027330645
147029,0.2521019380810,3.8178162232768,0.0061202770361,0.0554525625153,0.0764493063597,0.0000027330645
147143,0.2520996560390,3.8177816641731,0.0060679613255,0.0554600740045,0.0764290790066,0.0000027330645
147343,0.2520988751641,3.8177698386516,0.0060679613255,0.0554600740045,0.0764289116763,0.0000027330645
147393,0.2520947476656,3.8177073320695,0.0060679613255,0.0554454377862,0.0764227999915,0.0000027330645
147460,0.2520929430985,3.8176800038156,0.0061017935474,0.0553841075682,0.0764150091729,0.0000027330645
147723,0.2520989038303,3.8177702727718,0.0061017935474,0.0553094750045,0.0763896319856,0.0000027330645
148366,0.2520769925059,3.8174384490248,0.0062088049589,0.0551709430028,0.0763813230204,0.0000027330645
148580,0.2520800612888,3.8174849224830,0.0061773031441,0.0551879381949,0.0763745495504,0.0000027330645
148638,0.2520767685749,3.8174350578270,0.0061621086696,0.0551728178146,0.0763619319154,0.0000027330645
148782,0.2520749415729,3.8174073898213,0.0061343751726,0.0551063724187,0.0763259241320,0.0000027330645
148900,0.2520657308592,3.8172679033407,0.0060875411523,0.0551233749592,0.0763099510206,0.0000027330645
149362,0.2520620800371,3.8172126155153,0.0060563809102,0.0551623260567,0.0763097254183,0.0000027330645
149464,0.2520603016876,3.8171856842996,0.0059786786374,0.0552345707978,0.0763018450626,0.0000027330645
149524,0.2520667330040,3.8172830797593,0.0059896420182,0.0552110008288,0.0762995039475,0.0000027330645
150037,0.2520676872011,3.8172975300612,0.0059608121831,0.0552332809915,0.0762953099757,0.0000027330645
150261,0.2520628265830,3.8172239211602,0.0060016852094,0.0551845899868,0.0762943957814,0.0000027330645
150557,0.2520722320626,3.8173663571638,0.0060507119058,0.0550560362260,0.0762715106252,0.0000027330645
150574,0.2520713966951,3.8173537064102,0.0060305150444,0.0550346542145,0.0762550393875,0.0000027330645
151306,0.2520733954349,3.8173839752020,0.0061224697123,0.0548883557599,0.0762426273841,0.0000027330645
151357,0.2520818252547,3.8175116358737,0.0061693037325,0.0548011111720,0.0762333467156,0.0000027330645
151438,0.2520790656651,3.8174698448198,0.0061426665736,0.0548101519662,0.0762245683049,0.0000027330645
151476,0.2520818964762,3.8175127144476,0.0061693037325,0.0547443193517,0.0762130791845,0.0000027330645
151594,0.2520898536961,3.8176332180971,0.0062036152580,0.0546610061206,0.0761997345171,0.0000027330645
151775,0.2520888685475,3.8176182990667,0.0061567812378,0.0546984727124,0.0761928326165,0.0000026784032
152143,0.2520836780119,3.8175396939158,0.0062036152580,0.0546099956214,0.0761801931208,0.0000026784032
152822,0.2520941016896,3.8176975494475,0.0062695498015,0.0545085873668,0.0761744671937,0.0000026784032
152964,0.2520840313921,3.8175450454835,0.0062227157813,0.0545705593069,0.0761743703856,0.0000026784032
153079,0.2520843142958,3.8175493297590,0.0062227157813,0.0545607000755,0.0761709098537,0.0000026248351
153173,0.2520780745963,3.8174548361346,0.0061758817610,0.0546016623047,0.0761641304199,0.0000026248351
153195,0.2520865465108,3.8175831342865,0.0061843439484,0.0545658880930,0.0761567959777,0.0000026248351
153385,0.2520861711982,3.8175774505751,0.0061500324230,0.0546028530469,0.0761552123834,0.0000026248351
153421,0.2520799620064,3.8174834189562,0.0061500324230,0.0545792092393,0.0761454376253,0.0000026248351
153502,0.2520789520002,3.8174681234847,0.0061500324230,0.0545175211697,0.0761231897419,0.0000026248351
153614,0.2520842577507,3.8175484734432,0.0061375099282,0.0544894010583,0.0761089170080,0.0000026248351
153633,0.2520858447143,3.8175725063229,0.0061760525474,0.0544155484330,0.0760993993994,0.0000026248351
153719,0.2520914334473,3.8176571417505,0.0061636677835,0.0543702596270,0.0760791146556,0.0000026248351
153762,0.2521006510200,3.8177967321044,0.0062105018037,0.0542599387791,0.0760617612699,0.0000026248351
153778,0.2520987637071,3.8177681507540,0.0062573358240,0.0541858260307,0.0760549597299,0.0000026248351
153824,0.2521001279602,3.8177888109193,0.0061996926816,0.0542028656654,0.0760366334498,0.0000026248351
153856,0.2521171136562,3.8180460412528,0.0061528586613,0.0542200830472,0.0760263505838,0.0000026248351
153933,0.2521183383471,3.8180645878963,0.0061979793090,0.0541487751389,0.0760204833278,0.0000026248351
153970,0.2521153320890,3.8180190613089,0.0061979793090,0.0541011152763,0.0760028177502,0.0000026248351
154008,0.2520943064433,3.8177006502264,0.0061979793090,0.0541136597054,0.0760027924079,0.0000026248351
154229,0.2520926486362,3.8176755444978,0.0061865366246,0.0541249920386,0.0760015804178,0.0000026248351
154269,0.2520996225578,3.8177811571365,0.0061598994657,0.0541459985288,0.0759991612223,0.0000026248351
154289,0.2520969825787,3.8177411774560,0.0061245081298,0.0541343975141,0.0759792845776,0.0000026248351
154399,0.2520995023645,3.8177793369368,0.0061479940054,0.0540726284540,0.0759678295283,0.0000026248351
154506,0.2521061287938,3.8178796871738,0.0061479940054,0.0540504206642,0.0759613181239,0.0000026248351
154552,0.2520991333963,3.8177737493041,0.0061277971441,0.0540461908588,0.0759496526677,0.0000026248351
154741,0.2520961673457,3.8177288316165,0.0061423745841,0.0539864506107,0.0759339287568,0.0000026248351
154820,0.2520949867972,3.8177109534632,0.0061325075414,0.0539167204643,0.0759045434258,0.0000026248351
154888,0.2520917405222,3.8176617920739,0.0061793415616,0.0538403991722,0.0758966619141,0.0000026248351
154920,0.2520923176559,3.8176705321523,0.0061505117265,0.0538609869101,0.0758917827055,0.0000026248351
155107,0.2520928646340,3.8176788155542,0.0061575690586,0.0538441290315,0.0758889038151,0.0000026248351
155172,0.2520941273609,3.8176979382133,0.0061107350384,0.0538643558995,0.0758763265579,0.0000026248351
155188,0.2520982863870,3.8177609222486,0.0061107350384,0.0538162232490,0.0758600275455,0.0000026248351
155210,0.2521046211307,3.8178568552161,0.0061107350384,0.0538017150881,0.0758562035045,0.0000026248351
155249,0.2521016095685,3.8178112483033,0.0061107350384,0.0538032540202,0.0758561077883,0.0000026248351
155336,0.2521060608976,3.8178786589582,0.0061395648734,0.0537348405434,0.0758449839036,0.0000026248351
155464,0.2521169398550,3.8180434092182,0.0061793415616,0.0536726465175,0.0758421501087,0.0000026248351
155737,0.2521241869138,3.8181531582305,0.0061325075414,0.0536914448776,0.0758303450270,0.0000026248351
155750,0.2521250461322,3.8181661701804,0.0061793415616,0.0536214531320,0.0758256038162,0.0000026248351
155797,0.2521254119999,3.8181717108591,0.0062261755818,0.0535362023804,0.0758153072423,0.0000026248351
155952,0.2521322097098,3.8182746549590,0.0062266548854,0.0534679224450,0.0757925836191,0.0000026248351
156060,0.2521363685893,3.8183376367743,0.0062153664597,0.0534734154226,0.0757905986885,0.0000026248351
156065,0.2521365113806,3.8183397991966,0.0061685324394,0.0534865041472,0.0757752321082,0.0000026248351
156125,0.2521313529251,3.8182616798644,0.0060949235294,0.0535576261061,0.0757679807487,0.0000026248351
156448,0.2521275165098,3.8182035814266,0.0061264088165,0.0535155640348,0.0757656301859,0.0000026248351
156601,0.2521211863452,3.8181077178046,0.0060955405639,0.0535077817569,0.0757482650860,0.0000026248351
156809,0.2521290032743,3.8182260968974,0.0060491858472,0.0535041214664,0.0757287665885,0.0000026248351
156826,0.2521308826613,3.8182545582188,0.0060338371141,0.0534922040854,0.0757183350783,0.0000026248351
156925,0.2521267098963,3.8181913661228,0.0060806711343,0.0533923897940,0.0757018646761,0.0000026248351
157253,0.2521329931953,3.8182865200145,0.0061726258022,0.0532634565956,0.0756965726698,0.0000026248351
157263,0.2521326235505,3.8182809221370,0.0061721464986,0.0532537883479,0.0756928350988,0.0000026248351
157269,0.2521298955861,3.8182396100121,0.0062189805189,0.0531815980978,0.0756865400257,0.0000026248351
157799,0.2521209772981,3.8181045520083,0.0062189805189,0.0531831995463,0.0756852009099,0.0000026248351
157895,0.2521114975594,3.8179609914298,0.0062189805189,0.0531888112068,0.0756851737018,0.0000026248351
158007,0.2521284200383,3.8182172644080,0.0062277512235,0.0530637997394,0.0756479118681,0.0000026248351
158016,0.2521314655606,3.8182633856091,0.0062233658712,0.0530629542380,0.0756463830785,0.0000026248351
158159,0.2521293878581,3.8182319210112,0.0062233658712,0.0530582414727,0.0756442547261,0.0000026248351
158415,0.2521274108219,3.8182019808962,0.0062542341238,0.0529960953802,0.0756348652935,0.0000026248351
158616,0.2521342304711,3.8183052572442,0.0063010681440,0.0529211653431,0.0756296376423,0.0000026248351
158653,0.2521254026587,3.8181715693971,0.0063027815166,0.0529119235969,0.0756251796472,0.0000026248351
158655,0.2521154911306,3.8180214698256,0.0062136530871,0.0529499240827,0.0755984294520,0.0000025723384
158766,0.2521254840523,3.8181728020154,0.0062604871073,0.0528517328878,0.0755855742314,0.0000025723384
159036,0.2521248072350,3.8181625523361,0.0062604871073,0.0528517328878,0.0755854291991,0.0000025208916
159273,0.2521296384926,3.8182357166048,0.0062543883824,0.0527954974029,0.0755637666276,0.0000025208916
159333,0.2521290836996,3.8182273148532,0.0062745852437,0.0527437946374,0.0755538382677,0.0000025208916
159506,0.2521313146356,3.8182611000098,0.0063214192640,0.0526711554115,0.0755484454677,0.0000025208916
159534,0.2521285128851,3.8182186704733,0.0063214192640,0.0526669253829,0.0755463343681,0.0000025208916
159798,0.2521323756254,3.8182771675746,0.0063214192640,0.0526287829219,0.0755335397907,0.0000025208916
159833,0.2521313729260,3.8182619827567,0.0063090345001,0.0525729373286,0.0755080723158,0.0000025208916
159841,0.2521356492556,3.8183267432282,0.0062214651846,0.0525120309697,0.0754497066945,0.0000025208916
159906,0.2521408482716,3.8184054768070,0.0062382353007,0.0524606157784,0.0754396453936,0.0000025208916
159921,0.2521455538226,3.8184767373814,0.0062382353007,0.0524127093791,0.0754235442977,0.0000025208916
160072,0.2521477757121,3.8185103855387,0.0062593907692,0.0523752513767,0.0754197091882,0.0000025208916
160117,0.2521526361863,3.8185839922608,0.0063034150788,0.0523038073281,0.0754141025480,0.0000025208916
160178,0.2521522491384,3.8185781308311,0.0063034150788,0.0522930015380,0.0754101603984,0.0000025208916
160246,0.2521530059526,3.8185895919796,0.0063502490990,0.0522074482528,0.0753998395512,0.0000025208916
160332,0.2521550261662,3.8186201859693,0.0063502490990,0.0521938957998,0.0753954322923,0.0000025208916
160368,0.2521576396273,3.8186597640636,0.0063334789829,0.0521322423732,0.0753667860461,0.0000025208916
160506,0.2521589866750,3.8186801636713,0.0063334789829,0.0520566565210,0.0753400797519,0.0000025208916
160625,0.2521642678334,3.8187601412084,0.0062626797835,0.0520130954357,0.0752953113842,0.0000025208916
160739,0.2521630683860,3.8187419768508,0.0062824138689,0.0519611602809,0.0752849635554,0.0000025208916
160867,0.2521634441065,3.8187476667389,0.0062828931725,0.0519475019392,0.0752803715036,0.0000025208916
161045,0.2521771244587,3.8189548411495,0.0062824138689,0.0518718791678,0.0752560894592,0.0000025208916
161334,0.2521750936020,3.8189240859816,0.0062824138689,0.0518617714952,0.0752520443926,0.0000025208916
161608,0.2521807902386,3.8190103554947,0.0062449675878,0.0518615921983,0.0752371526596,0.0000025208916
162100,0.2521826524243,3.8190385563208,0.0061943652498,0.0518505434371,0.0752119189969,0.0000025208916
162158,0.2521765474694,3.8189461032597,0.0061871701868,0.0518452556429,0.0752056386960,0.0000025208916
162295,0.2521647996353,3.8187681947833,0.0061849775106,0.0518456464930,0.0752023211739,0.0000025208916
162344,0.2521679469545,3.8188158575914,0.0061783994821,0.0518463664481,0.0752004335712,0.0000025208916
162528,0.2521652712982,3.8187753376169,0.0061475312295,0.0518466917587,0.0751867471475,0.0000025208916
162748,0.2521676761637,3.8188117567519,0.0061475312295,0.0517839373189,0.0751648501759,0.0000025208916
162808,0.2521656759733,3.8187814659922,0.0061976542640,0.0517216208723,0.0751636469904,0.0000025208916
163080,0.2521650360290,3.8187717747153,0.0061863658383,0.0517157171906,0.0751565635050,0.0000025208916
163106,0.2521659770321,3.8187860252080,0.0061863658383,0.0517043902539,0.0751527198139,0.0000025208916
163364,0.2521628381333,3.8187384899180,0.0061863658383,0.0517052430538,0.0751523517642,0.0000025208916
163715,0.2521570043770,3.8186501438721,0.0061395318180,0.0516427127351,0.0751086976939,0.0000025208916
163901,0.2521557862250,3.8186316962532,0.0061704000706,0.0515902308754,0.0751029223911,0.0000025208916
163906,0.2521458317686,3.8184809465791,0.0061704000706,0.0515839346889,0.0750985406553,0.0000025208916
163946,0.2521427856013,3.8184348156078,0.0061395318180,0.0515834410225,0.0750844823446,0.0000025208916
164204,0.2521411646338,3.8184102677766,0.0061107019830,0.0516135778705,0.0750825425108,0.0000025208916
164368,0.2521422386085,3.8184265319838,0.0060926977978,0.0516207326389,0.0750776118434,0.0000025208916
164611,0.2521366908234,3.8183425166680,0.0061110270279,0.0515181340076,0.0750476360483,0.0000025208916
164754,0.2521410719014,3.8184088634435,0.0060865825452,0.0514476960665,0.0750129422363,0.0000025208916
164981,0.2521263558952,3.8181860051510,0.0061045867303,0.0514281677876,0.0750105305004,0.0000025208916
164996,0.2521245863913,3.8181592078938,0.0061409366734,0.0513756079279,0.0750069584896,0.0000025208916
165017,0.2521242468567,3.8181540660016,0.0060941026531,0.0514282796880,0.0750056253520,0.0000025208916
165096,0.2521276869603,3.8182061627197,0.0061312238892,0.0513642585559,0.0749994069283,0.0000025208916
165111,0.2521354982615,3.8183244565834,0.0061132197041,0.0513570415603,0.0749907872007,0.0000025208916
165169,0.2521352259416,3.8183203325872,0.0060901966044,0.0513847571163,0.0749907602166,0.0000025208916
165557,0.2521359920869,3.8183319350455,0.0060250333540,0.0514099991515,0.0749720122959,0.0000025208916
165569,0.2521346967296,3.8183123182340,0.0060718673743,0.0513111377961,0.0749564988154,0.0000025208916
165585,0.2521339326751,3.8183007474395,0.0061187013945,0.0512110650698,0.0749406665529,0.0000025208916
165812,0.2521397094091,3.8183882299430,0.0060920642356,0.0512242672365,0.0749352035588,0.0000025208916
165818,0.2521348281648,3.8183143086804,0.0060848691726,0.0512338300230,0.0749344892604,0.0000025208916
166005,0.2521354183343,3.8183232461712,0.0060892545249,0.0511481290607,0.0749058876754,0.0000025208916
166235,0.2521324925508,3.8182789382854,0.0060424205047,0.0512051284154,0.0749055459113,0.0000024704738
166676,0.2521275894806,3.8182046864929,0.0060424205047,0.0511521590673,0.0748855776290,0.0000024704738
166711,0.2521277481113,3.8182070887857,0.0060864448143,0.0510321647305,0.0748616240623,0.0000024704738
166827,0.2521422585479,3.8184268339446,0.0061317031928,0.0509689558765,0.0748615552988,0.0000024704738
167155,0.2521405947989,3.8184016382318,0.0060685783600,0.0509973517687,0.0748442866714,0.0000024704738
167215,0.2521441662011,3.8184557233262,0.0060543259650,0.0510104750693,0.0748436306957,0.0000024704738
167393,0.2521430505725,3.8184388283166,0.0060146870077,0.0509586298215,0.0748078873479,0.0000024704738
167441,0.2521380691913,3.8183633905858,0.0060023022439,0.0509598633076,0.0748019526839,0.0000024704738
168013,0.2521315326780,3.8182644020308,0.0060267467266,0.0509294923080,0.0748001814238,0.0000024704738
168030,0.2521290933357,3.8182274607818,0.0060023022439,0.0509474664568,0.0747956018396,0.0000024704738
168036,0.2521320637957,3.8182724452448,0.0060311320789,0.0508676696752,0.0747800951598,0.0000024704738
168117,0.2521304516206,3.8182480305651,0.0059966828225,0.0507898010685,0.0747371755100,0.0000024704738
168231,0.2521272282574,3.8181992161505,0.0060435168428,0.0507343434966,0.0747367502366,0.0000024704738
168325,0.2521324746869,3.8182786677561,0.0060179760220,0.0507211300221,0.0747222093074,0.0000024704738
168326,0.2521299332780,3.8182401808164,0.0060179760220,0.0506497933613,0.0746961873409,0.0000024704738
168506,0.2521244778774,3.8181575645653,0.0060179760220,0.0506171929829,0.0746833753342,0.0000024210643
168561,0.2521230023955,3.8181352199582,0.0059955864845,0.0506270605068,0.0746769877591,0.0000024210643
168653,0.2521267155314,3.8181914514601,0.0059832017206,0.0506295020072,0.0746733476396,0.0000024210643
169043,0.2521352680301,3.8183209699735,0.0060173589875,0.0505823604354,0.0746729828709,0.0000024210643
169223,0.2521361529862,3.8183343716945,0.0060641930077,0.0505106297937,0.0746676261410,0.0000024210643
169258,0.2521370758956,3.8183483481774,0.0060985045332,0.0504362518818,0.0746559653068,0.0000024210643
169347,0.2521049522157,3.8178618691468,0.0060787704477,0.0504735415524,0.0746539419354,0.0000024210643
169371,0.2521151294886,3.8180159931414,0.0060418034702,0.0504874533299,0.0746452482812,0.0000024210643
169439,0.2521108102489,3.8179505828409,0.0060886374904,0.0504333305896,0.0746450649027,0.0000024210643
169626,0.2521136054200,3.8179929127409,0.0060875411523,0.0504267079740,0.0746428287889,0.0000024210643
169792,0.2521199527161,3.8180890358011,0.0061260837715,0.0503489412493,0.0746329333589,0.0000024210643
169838,0.2521181291012,3.8180614190901,0.0061260837715,0.0503377903338,0.0746285601144,0.0000024210643
169903,0.2521173939471,3.8180502859615,0.0061080795863,0.0503378285267,0.0746207001423,0.0000024210643
169976,0.2521134895427,3.8179911579014,0.0060894418390,0.0503587695391,0.0746193548112,0.0000024210643
169987,0.2521091356539,3.8179252228778,0.0060839601486,0.0503642297582,0.0746180226174,0.0000024210643
170040,0.2521067872565,3.8178896588914,0.0060839601486,0.0503401868494,0.0746089326363,0.0000024210643
170046,0.2521054410175,3.8178692715321,0.0061307941688,0.0502543012907,0.0745980424656,0.0000024210643
170084,0.2521042537142,3.8178512910828,0.0061776281890,0.0501987275242,0.0745980119927,0.0000024210643
170234,0.2520965338335,3.8177343816854,0.0061896879079,0.0501886661751,0.0745979328445,0.0000024210643
170265,0.2521031437961,3.8178344825527,0.0062239994334,0.0501033281840,0.0745835763506,0.0000024210643
170318,0.2521052435367,3.8178662808947,0.0062239994334,0.0500922871144,0.0745800830559,0.0000024210643
170532,0.2521034859348,3.8178396638791,0.0062363841972,0.0500142892902,0.0745571578171,0.0000024210643
170562,0.2521042026896,3.8178505183704,0.0062363841972,0.0499897956827,0.0745485636904,0.0000024210643
170761,0.2521098526845,3.8179360815445,0.0063104724109,0.0498732370994,0.0745398984297,0.0000024210643
170874,0.2521041981834,3.8178504501281,0.0063104724109,0.0498599569381,0.0745339438361,0.0000024210643
171027,0.2520860002235,3.8175748613446,0.0063573064311,0.0497949976117,0.0745269162368,0.0000024210643
171924,0.2520833296499,3.8175344183423,0.0064124318524,0.0496953254921,0.0745143719660,0.0000024210643
171956,0.2520851067896,3.8175613312363,0.0063764069543,0.0497080439329,0.0745038558400,0.0000024210643
172014,0.2520799972850,3.8174839532138,0.0063764069543,0.0496948263025,0.0744980403638,0.0000024210643
172077,0.2520760043945,3.8174234851252,0.0063764069543,0.0496669182822,0.0744872175943,0.0000024210643
172428,0.2520649882232,3.8172566569061,0.0063662148667,0.0496747462310,0.0744832846446,0.0000024210643
172553,0.2520737827140,3.8173898401330,0.0063623088179,0.0496341551008,0.0744689983252,0.0000024210643
172629,0.2520782563245,3.8174575882153,0.0063725009056,0.0495862178579,0.0744572045498,0.0000024210643
172681,0.2520841129246,3.8175462802060,0.0062854108936,0.0496652787476,0.0744493712767,0.0000024210643
172747,0.2520911299636,3.8176525458126,0.0062854108936,0.0496409621504,0.0744421904289,0.0000024210643
172821,0.2520914127921,3.8176568289504,0.0063240912437,0.0495879199112,0.0744398846710,0.0000024210643
172825,0.2520898744512,3.8176335324105,0.0063709252639,0.0495092155561,0.0744315180513,0.0000024210643
172982,0.2520879825161,3.8176048810613,0.0063709252639,0.0495085659517,0.0744308806350,0.0000024210643
173167,0.2520899707972,3.8176349914674,0.0063671569461,0.0494979378640,0.0744258959563,0.0000024210643
173242,0.2520846258475,3.8175540478789,0.0063203229259,0.0495520747730,0.0744240134973,0.0000024210643
173351,0.2520827605858,3.8175258004708,0.0063588655451,0.0494786492306,0.0744139086558,0.0000024210643
173419,0.2520813400054,3.8175042872885,0.0064056995653,0.0494019232141,0.0744062738199,0.0000023726430
173435,0.2520799532365,3.8174832861460,0.0064096056140,0.0493895955981,0.0744032479560,0.0000023726430
173523,0.2520807081436,3.8174947184131,0.0064133739319,0.0493760655040,0.0744001925387,0.0000023726430
173556,0.2520802705822,3.8174880920092,0.0064133739319,0.0493113703617,0.0743769933676,0.0000023726430
173709,0.2520821366019,3.8175163508967,0.0063665399116,0.0492999412708,0.0743532396878,0.0000023726430
173745,0.2520832631636,3.8175334114783,0.0063427289911,0.0493207496831,0.0743507079895,0.0000023726430
173759,0.2520865624592,3.8175833758081,0.0063779825960,0.0492665242245,0.0743471574340,0.0000023726430
173787,0.2520886383000,3.8176148122130,0.0063311485758,0.0493188079632,0.0743462032979,0.0000023726430
173795,0.2520892217257,3.8176236475751,0.0063427289911,0.0492982042951,0.0743439328999,0.0000023726430
173957,0.2520946244380,3.8177054659172,0.0063646557527,0.0492493581212,0.0743370427454,0.0000023726430
174035,0.2520969332248,3.8177404300433,0.0063178217325,0.0492836981146,0.0743297300459,0.0000023726430
174042,0.2521020497767,3.8178179147900,0.0063178217325,0.0492294726560,0.0743114602147,0.0000023726430
174108,0.2521034263655,3.8178387617663,0.0063054369686,0.0492302916085,0.0743067399251,0.0000023726430
174130,0.2520971952103,3.8177443975352,0.0062709877122,0.0492284847674,0.0742899954101,0.0000023726430
174356,0.2521035787824,3.8178410699576,0.0063070126103,0.0491502849740,0.0742788740628,0.0000023726430
174382,0.2521002152956,3.8177901335206,0.0062781827752,0.0491706627045,0.0742730754329,0.0000023726430
174407,0.2520856923926,3.8175701995730,0.0062781827752,0.0490922328984,0.0742419527372,0.0000023726430
174508,0.2520873848723,3.8175958303805,0.0062313487550,0.0491267150775,0.0742345587525,0.0000023726430
174529,0.2520932494954,3.8176846438721,0.0062744144574,0.0490407134677,0.0742235573264,0.0000023726430
174568,0.2520900051303,3.8176355114063,0.0063212484776,0.0489542932693,0.0742120694717,0.0000023726430
174575,0.2520936686062,3.8176909908592,0.0063500783127,0.0488856474032,0.0742006937651,0.0000023726430
174662,0.2520947537821,3.8177074246968,0.0063969123329,0.0488185177692,0.0741970231564,0.0000023726430
174725,0.2520889642937,3.8176197490414,0.0063179594634,0.0487946053643,0.0741534054631,0.0000023726430
174821,0.2520987620747,3.8177681260333,0.0063179594634,0.0487159270858,0.0741274056024,0.0000023726430
174827,0.2520923973833,3.8176717395385,0.0062711254432,0.0487499080626,0.0741181060801,0.0000023726430
174872,0.2520996453411,3.8177815021657,0.0062432542153,0.0487648232747,0.0741130412635,0.0000023251902
175227,0.2521047045598,3.8178581186620,0.0062432542153,0.0487401081515,0.0741052985520,0.0000023251902
175344,0.2520995594586,3.8177802015659,0.0062432542153,0.0487269304362,0.0740994897035,0.0000023251902
175647,0.2521023067236,3.8178218059773,0.0062900882355,0.0486629746354,0.0740973087686,0.0000023251902
175825,0.2520980643626,3.8177575599242,0.0063080924207,0.0486434463565,0.0740971413853,0.0000023251902
175832,0.2520991379561,3.8177738183579,0.0062612584004,0.0486957300952,0.0740959724819,0.0000023251902
175878,0.2520957612870,3.8177226822886,0.0062592199829,0.0486792942621,0.0740885053620,0.0000023251902
175904,0.2521048754374,3.8178607064215,0.0062123859627,0.0487065125910,0.0740801075031,0.0000023251902
175933,0.2521106699189,3.8179484576929,0.0062454468914,0.0486464198369,0.0740740564493,0.0000023251902
175997,0.2521118075540,3.8179656859676,0.0062454468914,0.0485602389240,0.0740435213307,0.0000023251902
176068,0.2521118537397,3.8179663854014,0.0062294811238,0.0485755200385,0.0740421462967,0.0000023251902
176335,0.2521037936182,3.8178443234174,0.0062869534799,0.0485113738636,0.0740421407894,0.0000023251902
176419,0.2521037941953,3.8178443321572,0.0063337875001,0.0484360003415,0.0740352935210,0.0000023251902
176434,0.2520976763211,3.8177516834473,0.0063337875001,0.0484119956384,0.0740254094397,0.0000023251902
176444,0.2520936844159,3.8176912302817,0.0062982419056,0.0484452138975,0.0740211838692,0.0000023251902
176596,0.2521098555513,3.8179361249598,0.0063226698607,0.0483995095925,0.0740187952701,0.0000023251902
176616,0.2521127511306,3.8179799754338,0.0062481023435,0.0484843496133,0.0740177582514,0.0000023251902
176638,0.2520938247481,3.8176933554633,0.0062361968832,0.0484707302371,0.0740037361949,0.0000023251902
176655,0.2520993771930,3.8177774413462,0.0062361968832,0.0484101809713,0.0739833012668,0.0000023251902
176889,0.2521034009770,3.8178383772832,0.0062257128060,0.0484138896186,0.0739809948471,0.0000023251902
177005,0.2521049031489,3.8178611260823,0.0062370012317,0.0483300858719,0.0739562247283,0.0000023251902
177037,0.2521072741884,3.8178970329591,0.0062092677348,0.0483307354763,0.0739450790254,0.0000023251902
177214,0.2521213821788,3.8181106834958,0.0061890708734,0.0483243188768,0.0739371547258,0.0000023251902
177348,0.2521258523295,3.8181783791830,0.0062265171545,0.0482692586602,0.0739344966583,0.0000023251902
177354,0.2521266197783,3.8181900013800,0.0062620627490,0.0482257143387,0.0739343433944,0.0000023251902
177383,0.2521267993677,3.8181927210715,0.0063088967692,0.0480768375267,0.0739012833108,0.0000023251902
177445,0.2521209399895,3.8181039870087,0.0062858736695,0.0480959877260,0.0738970000440,0.0000023251902
177554,0.2521222249949,3.8181234470515,0.0062390396493,0.0481490299653,0.0738961473362,0.0000023251902
177588,0.2521174423766,3.8180510193740,0.0062081713967,0.0480718226106,0.0738543191830,0.0000023251902
177813,0.2521218554832,3.8181178511894,0.0062550054169,0.0479914229630,0.0738466224119,0.0000023251902
177929,0.2521157027094,3.8180246739610,0.0062550054169,0.0479917605612,0.0738454245311,0.0000023251902
177975,0.2521164733551,3.8180363445734,0.0063018394371,0.0479164666561,0.0738387707120,0.0000023251902
178157,0.2521091538013,3.8179254977013,0.0063018394371,0.0479034211541,0.0738325431284,0.0000023251902
178426,0.2521155273402,3.8180220181818,0.0063018394371,0.0478790771667,0.0738252146055,0.0000023251902
178466,0.2521179599219,3.8180588570482,0.0061923598877,0.0479825439205,0.0738157684782,0.0000023251902
178476,0.2521259793980,3.8181803035004,0.0062310402377,0.0479268622341,0.0738141779136,0.0000023251902
178555,0.2521280535745,3.8182117147028,0.0062185177430,0.0479019630876,0.0738003630443,0.0000023251902
178980,0.2521353986145,3.8183229475354,0.0062539090788,0.0477571235540,0.0737653762919,0.0000023251902
179030,0.2521408682046,3.8184057786713,0.0063007430991,0.0476769913606,0.0737580014294,0.0000023251902
179089,0.2521337378205,3.8182977965731,0.0062539090788,0.0477325908780,0.0737562587375,0.0000023251902
179215,0.2521223735146,3.8181256962250,0.0061973622745,0.0477448310920,0.0737339606893,0.0000023251902
179391,0.2521283200183,3.8182157497113,0.0062055159446,0.0477205736783,0.0737300660082,0.0000023251902
179615,0.2521296244600,3.8182355040954,0.0061912635496,0.0477323166806,0.0737284312915,0.0000023251902
179639,0.2521329663125,3.8182861129032,0.0062338664761,0.0476713109032,0.0737256180221,0.0000023251902
179653,0.2521429176641,3.8184368155595,0.0062225780503,0.0476768720897,0.0737248986959,0.0000023251902
179665,0.2521446357252,3.8184628337715,0.0062144243802,0.0476764621730,0.0737216260230,0.0000023251902
179725,0.2521434698296,3.8184451775203,0.0062012683232,0.0476862464864,0.0737192322757,0.0000023251902
179900,0.2521424407204,3.8184295927529,0.0061821678000,0.0476381702281,0.0736936557215,0.0000023251902
179921,0.2521441642827,3.8184556942752,0.0062023646613,0.0476063159976,0.0736913043431,0.0000023251902
180393,0.2521367498287,3.8183434102404,0.0062111353660,0.0475990381742,0.0736908751824,0.0000023251902
180545,0.2521381281233,3.8183642830480,0.0061931311808,0.0475859660747,0.0736787858449,0.0000023251902
180685,0.2521368245157,3.8183445412961,0.0061544508307,0.0476274623476,0.0736767493050,0.0000022786864
180909,0.2521424808532,3.8184302005221,0.0061206186088,0.0476362593690,0.0736666036470,0.0000022786864
181455,0.2521495499834,3.8185372549938,0.0061292350548,0.0475935033931,0.0736565412318,0.0000022786864
181555,0.2521351166280,3.8183186771493,0.0061292350548,0.0475279451191,0.0736300347006,0.0000022786864
181591,0.2521308802512,3.8182545217194,0.0061760690751,0.0474719224954,0.0736291905486,0.0000022786864
181750,0.2521266208255,3.8181900172389,0.0061636843112,0.0473914305497,0.0735942229351,0.0000022786864
181765,0.2521198695764,3.8180877767384,0.0061685489671,0.0473784547304,0.0735902268703,0.0000022786864
181883,0.2521232432327,3.8181388671824,0.0062105183315,0.0472990027633,0.0735805609645,0.0000022786864
181994,0.2521236375801,3.8181448391553,0.0062105183315,0.0472873095372,0.0735764693154,0.0000022786864
182081,0.2521266456470,3.8181903931348,0.0062023646613,0.0472868996205,0.0735734730723,0.0000022786864
182097,0.2521292006383,3.8182290857659,0.0061555306411,0.0473218462881,0.0735664298001,0.0000022786864
182533,0.2521219932710,3.8181199378388,0.0061310861583,0.0473254105133,0.0735556820950,0.0000022331127
182670,0.2521218423020,3.8181176515731,0.0061176050564,0.0473396282083,0.0735549498775,0.0000022331127
182715,0.2521161926178,3.8180320931048,0.0061257587266,0.0473153154157,0.0735485505208,0.0000022331127
183282,0.2521154906268,3.8180214621959,0.0061033691891,0.0473251829396,0.0735423286938,0.0000022331127
183365,0.2521119602750,3.8179679987657,0.0061033691891,0.0472599620888,0.0735182790288,0.0000022331127
184004,0.2521141733307,3.8180015131442,0.0061502032093,0.0471839290650,0.0735116703266,0.0000022331127
184323,0.2521113097823,3.8179581477448,0.0061812257205,0.0470892407249,0.0734905348068,0.0000022331127
184349,0.2521097781326,3.8179349525348,0.0061699372948,0.0471027564067,0.0734901957285,0.0000022331127
184375,0.2521152848389,3.8180183457562,0.0061454928120,0.0471116110131,0.0734840618896,0.0000022331127
184776,0.2521175814761,3.8180531258887,0.0061567812378,0.0470563065433,0.0734696403265,0.0000022331127
185055,0.2521195440728,3.8180828473321,0.0061343917003,0.0470673669786,0.0734644155224,0.0000022331127
185213,0.2521211640541,3.8181073802294,0.0061055618652,0.0470938538487,0.0734618666141,0.0000022331127
185261,0.2521277225063,3.8182067010254,0.0061033691891,0.0470001975053,0.0734288835843,0.0000022331127
185845,0.2521348019032,3.8183139109768,0.0060920807633,0.0469864172008,0.0734206411638,0.0000022331127
185923,0.2521292625130,3.8182300227921,0.0060676362806,0.0469955836335,0.0734122516707,0.0000022331127
185935,0.2521193383233,3.8180797314739,0.0060676362806,0.0469702207722,0.0734010668939,0.0000022331127
186029,0.2521168204988,3.8180416016957,0.0061144703008,0.0468940715539,0.0733934029336,0.0000022331127
186205,0.2521117203007,3.8179643646102,0.0060801587753,0.0469257603729,0.0733889225299,0.0000022331127
186540,0.2521320178831,3.8182717499466,0.0060388064455,0.0469588918387,0.0733873822511,0.0000022331127
186724,0.2521459068496,3.8184820836004,0.0060388064455,0.0469453254169,0.0733855133076,0.0000022331127
186794,0.2521545190145,3.8186125056961,0.0060035528406,0.0469693266461,0.0733808219512,0.0000022331127
186999,0.2521512824432,3.8185634912586,0.0059680072461,0.0470025449051,0.0733767582380,0.0000022331127
187241,0.2521561072152,3.8186365573090,0.0059701999223,0.0469798620185,0.0733706308051,0.0000022331127
187519,0.2521599180825,3.8186942688479,0.0059712962603,0.0469002480707,0.0733434837259,0.0000022331127
187670,0.2521657096246,3.8187819756056,0.0059893004455,0.0468134365568,0.0733214367379,0.0000022331127
187674,0.2521636332985,3.8187505318508,0.0059691035842,0.0468225912145,0.0733156055338,0.0000022331127
187890,0.2521856101590,3.8190833480721,0.0059366927453,0.0468134247818,0.0733031507756,0.0000021884504
188014,0.2521891318931,3.8191366809973,0.0059774280407,0.0467583319098,0.0733016873909,0.0000021884504
189223,0.2521891400983,3.8191368052557,0.0060667107288,0.0466329197200,0.0732951630906,0.0000021884504
189513,0.2521879450441,3.8191187074284,0.0060748643990,0.0466211962545,0.0732942144856,0.0000021884504
189564,0.2521884680996,3.8191266285494,0.0060258377026,0.0466337968892,0.0732778153543,0.0000021884504
189836,0.2521991015096,3.8192876602550,0.0060726717228,0.0465657459892,0.0732758617723,0.0000021884504
189866,0.2522091166471,3.8194393288804,0.0060726717228,0.0465531757260,0.0732735184934,0.0000021884504
190143,0.2522086461832,3.8194322042039,0.0060726717228,0.0465097074442,0.0732578932934,0.0000021884504
191563,0.2522203341734,3.8196092064079,0.0061046363135,0.0464348713672,0.0732473698027,0.0000021884504
191587,0.2522273576632,3.8197155697050,0.0061347002175,0.0463910914784,0.0732461236919,0.0000021884504
191802,0.2522359079784,3.8198450551524,0.0061046363135,0.0464032709168,0.0732394211714,0.0000021884504
191887,0.2522368580283,3.8198594426491,0.0061433166636,0.0463470548443,0.0732361248777,0.0000021884504
192216,0.2522341516510,3.8198184574376,0.0061373556696,0.0463344172903,0.0732284768158,0.0000021884504
192252,0.2522411475400,3.8199244027500,0.0061373556696,0.0462837621413,0.0732118848103,0.0000021884504
192649,0.2522463163582,3.8200026790139,0.0061373556696,0.0462710251372,0.0732084434841,0.0000021884504
193873,0.2522400176818,3.8199072922472,0.0060394565354,0.0463562290905,0.0731955669793,0.0000021884504
193987,0.2522396588063,3.8199018574588,0.0060394565354,0.0462998419616,0.0731753518171,0.0000021884504
194018,0.2522374980171,3.8198691346004,0.0060131444215,0.0463236145442,0.0731721023787,0.0000021884504
194289,0.2522311668968,3.8197732565040,0.0060219151261,0.0463009630278,0.0731664147562,0.0000021884504
194316,0.2522310441197,3.8197713971747,0.0059750811059,0.0463572339621,0.0731664134861,0.0000021884504
195016,0.2522290709766,3.8197415160172,0.0059766567475,0.0463216345570,0.0731539518714,0.0000021884504
195135,0.2522325512731,3.8197942214142,0.0060186261119,0.0462654798173,0.0731526292555,0.0000021446814
195211,0.2522303110241,3.8197602952201,0.0060106267003,0.0462582081372,0.0731461238543,0.0000021446814
195214,0.2522262313801,3.8196985133436,0.0059941816291,0.0462726148339,0.0731433470061,0.0000021446814
196437,0.2522255186174,3.8196877193086,0.0059717920916,0.0462634484012,0.0731303250291,0.0000021446814
197252,0.2522303024143,3.8197601648338,0.0060535546718,0.0461576441635,0.0731286040065,0.0000021446814
197390,0.2522293306629,3.8197454486910,0.0060471309020,0.0460896236351,0.0731013496840,0.0000021446814
197689,0.2522391257977,3.8198937856093,0.0060170669979,0.0461137204545,0.0730991701181,0.0000021446814
198737,0.2522385340429,3.8198848241116,0.0060252206681,0.0460892046059,0.0730937820833,0.0000021446814
199399,0.2522456039536,3.8199918904032,0.0060660936943,0.0460330871131,0.0730927721137,0.0000021446814
199531,0.2522383095704,3.8198814247137,0.0061129277145,0.0459641253460,0.0730866515520,0.0000021446814
199833,0.2522439704240,3.8199671523316,0.0061597617348,0.0459008075795,0.0730853228270,0.0000021446814
199836,0.2522362480763,3.8198502055740,0.0061184094049,0.0459194961220,0.0730726200906,0.0000021446814
200033,0.2522329543210,3.8198003251468,0.0061652434252,0.0458434042638,0.0730648103452,0.0000021446814
200060,0.2522426972154,3.8199478709390,0.0061085423622,0.0458363089225,0.0730400636023,0.0000021446814
200319,0.2522407856189,3.8199189218395,0.0061085423622,0.0457970874121,0.0730256462922,0.0000021017878
200566,0.2522469440664,3.8200121849892,0.0060617083420,0.0458214982272,0.0730156123848,0.0000021017878
200623,0.2522437178763,3.8199633277649,0.0061085423622,0.0457288304656,0.0730018971522,0.0000021017878
201327,0.2522449074562,3.8199813426887,0.0060604577453,0.0457819961979,0.0730005321307,0.0000021017878
201480,0.2522458299454,3.8199953128091,0.0060555930894,0.0457696902529,0.0729942499741,0.0000021017878
201699,0.2522478218903,3.8200254787000,0.0061024271096,0.0456932228734,0.0729874387640,0.0000021017878
202969,0.2522687015220,3.8203416785560,0.0061889000871,0.0455677948172,0.0729841770839,0.0000020597520
202974,0.2522682898875,3.8203354447894,0.0061296813030,0.0456270450800,0.0729798702058,0.0000020597520
203160,0.2522736230380,3.8204162096912,0.0061765153232,0.0455627332997,0.0729781162537,0.0000020597520
203225,0.2522692965894,3.8203506902200,0.0061788622580,0.0454850829137,0.0729504627061,0.0000020597520
203562,0.2522656948185,3.8202961452232,0.0061392233008,0.0455297236700,0.0729486459007,0.0000020597520
203575,0.2522636188336,3.8202647066362,0.0061392233008,0.0454580931280,0.0729226187104,0.0000020597520
203731,0.2522698417894,3.8203589466954,0.0061060081134,0.0454331727996,0.0729008170033,0.0000020597520
203987,0.2522682461783,3.8203347828600,0.0061060081134,0.0454205534749,0.0728959681850,0.0000020597520
205003,0.2522962801368,3.8207593273998,0.0062159834942,0.0452351951371,0.0728829083615,0.0000020597520
205087,0.2522976327508,3.8207798113034,0.0061943652498,0.0451822824967,0.0728550358739,0.0000020597520
205269,0.2522931141259,3.8207113815270,0.0061943652498,0.0451699093694,0.0728496486231,0.0000020597520
205655,0.2522959142355,3.8207537862133,0.0062411992700,0.0450665191534,0.0728333952924,0.0000020597520
206025,0.2522988699623,3.8207985475585,0.0061650726388,0.0450665191534,0.0728014029634,0.0000020597520
206082,0.2523062751718,3.8209106915947,0.0061807464169,0.0450214083546,0.0727935961279,0.0000020597520
206165,0.2523008509614,3.8208285476870,0.0061339123967,0.0450090167677,0.0727679365074,0.0000020597520
206229,0.2523065361456,3.8209146437663,0.0061721299709,0.0449511264360,0.0727648586030,0.0000020597520
206909,0.2522952734758,3.8207440825882,0.0061252959507,0.0449734645438,0.0727503513465,0.0000020597520
207809,0.2522949260049,3.8207388205104,0.0061252959507,0.0449276513132,0.0727339150203,0.0000020597520
209662,0.2522958013549,3.8207520767562,0.0061252959507,0.0448815264755,0.0727176294390,0.0000020185570
209675,0.2523078335005,3.8209342908291,0.0061149496044,0.0448104444477,0.0726903871690,0.0000020185570
209784,0.2523096070328,3.8209611490927,0.0061180843600,0.0447953532335,0.0726867209590,0.0000020185570
210126,0.2523136027478,3.8210216599547,0.0060815966861,0.0448076822897,0.0726763428434,0.0000020185570
210305,0.2523267385828,3.8212205882303,0.0060347626658,0.0448522051121,0.0726749869503,0.0000020185570
210444,0.2523229477050,3.8211631794110,0.0060075084724,0.0448517733000,0.0726623400321,0.0000020185570
210568,0.2523182723613,3.8210923762938,0.0060543424927,0.0447601795101,0.0726486978279,0.0000020185570
211809,0.2523219615431,3.8211482450354,0.0060585735864,0.0446887066575,0.0726257756739,0.0000020185570
212929,0.2523252804324,3.8211985060910,0.0061403196389,0.0445767446623,0.0726215344601,0.0000020185570
213294,0.2523297849081,3.8212667215933,0.0061066416756,0.0445977148832,0.0726155556567,0.0000020185570
213547,0.2523321258861,3.8213021732207,0.0060598076554,0.0446033984776,0.0725980154270,0.0000020185570
213631,0.2523355963377,3.8213547295249,0.0060577692378,0.0445501851819,0.0725788807393,0.0000020185570
214331,0.2523363040122,3.8213654465045,0.0060359967348,0.0445623503100,0.0725740459997,0.0000020185570
214821,0.2523385648106,3.8213996838966,0.0060391314904,0.0445472590958,0.0725704842038,0.0000020185570
215593,0.2523363281222,3.8213658116240,0.0060391314904,0.0445472590958,0.0725700049135,0.0000020185570
215747,0.2523338071385,3.8213276340023,0.0060859655107,0.0444694979520,0.0725617645885,0.0000020185570
215957,0.2523482039324,3.8215456581635,0.0061234117918,0.0443972065305,0.0725550796572,0.0000020185570
216381,0.2523545026909,3.8216410461734,0.0061234117918,0.0443728211859,0.0725477203395,0.0000020185570
216422,0.2523613332916,3.8217444883701,0.0061631884799,0.0443126193370,0.0725447305314,0.0000020185570
217244,0.2523684009142,3.8218515200120,0.0061326452723,0.0443173401091,0.0725348410659,0.0000019781858
217574,0.2523696775282,3.8218708529745,0.0060992923540,0.0443216777082,0.0725223696607,0.0000019781858
217619,0.2523721201264,3.8219078435323,0.0060858112521,0.0442729715221,0.0724997203930,0.0000019781858
217684,0.2523686557367,3.8218553790279,0.0060389772318,0.0442774826421,0.0724805174151,0.0000019781858
217877,0.2523634651824,3.8217767735931,0.0060145327491,0.0442941386156,0.0724748775085,0.0000019781858
219224,0.2523560139210,3.8216639321491,0.0061397026044,0.0441438748464,0.0724732594015,0.0000019781858
219231,0.2523554752241,3.8216557741562,0.0060928685841,0.0441847698711,0.0724676776095,0.0000019781858
219257,0.2523523692065,3.8216087368168,0.0060823845069,0.0441883258206,0.0724637888403,0.0000019781858
219498,0.2523542908617,3.8216378382455,0.0061292185271,0.0440885658420,0.0724486437827,0.0000019781858
219649,0.2523559776887,3.8216633834502,0.0061689952153,0.0440269961063,0.0724440632064,0.0000019781858
219704,0.2523621203253,3.8217564071593,0.0062158292355,0.0439651499678,0.0724433633020,0.0000019781858
219880,0.2523491422892,3.8215598685807,0.0061422203255,0.0439777129630,0.0724135224025,0.0000019781858
219905,0.2523513012420,3.8215925636295,0.0061422203255,0.0439657160683,0.0724097004300,0.0000019781858
219914,0.2523562728330,3.8216678530964,0.0061422203255,0.0439535192255,0.0724064097557,0.0000019781858
220045,0.2523535243576,3.8216262303538,0.0061422203255,0.0439412229327,0.0724014292635,0.0000019781858
220319,0.2523606353618,3.8217339189643,0.0061422203255,0.0439321939955,0.0723997284297,0.0000019781858
220740,0.2523566542429,3.8216736291453,0.0061890543457,0.0438543036342,0.0723911290696,0.0000019781858
220799,0.2523587144827,3.8217048292900,0.0061890543457,0.0438422642369,0.0723872707648,0.0000019781858
221491,0.2523654748276,3.8218072075367,0.0060947527430,0.0439486340929,0.0723862936718,0.0000019781858
221845,0.2523698319650,3.8218731917569,0.0060947527430,0.0439134898269,0.0723746758205,0.0000019781858
222047,0.2523679473645,3.8218446514824,0.0061415867633,0.0438483165829,0.0723710675420,0.0000019781858
222210,0.2523688339470,3.8218580778337,0.0061884207835,0.0437118109788,0.0723425772454,0.0000019781858
223022,0.2523731827934,3.8219239364951,0.0062352548037,0.0436495327082,0.0723413386245,0.0000019386221
223048,0.2523791198033,3.8220138462075,0.0062352548037,0.0436372620268,0.0723382284547,0.0000019386221
223089,0.2523717847833,3.8219027651165,0.0062352548037,0.0436248918954,0.0723322387607,0.0000019386221
223840,0.2523733245389,3.8219260830808,0.0061760360197,0.0435624595197,0.0722848919524,0.0000019386221
223983,0.2523773897186,3.8219876459113,0.0061760360197,0.0435118454609,0.0722676866127,0.0000018998497
224045,0.2523845908931,3.8220967000552,0.0062112896246,0.0434609197951,0.0722661506716,0.0000018998497
224183,0.2523833592832,3.8220780486303,0.0062112896246,0.0434610616578,0.0722659374204,0.0000018998497
224230,0.2523906673357,3.8221887213275,0.0062581236448,0.0433979620545,0.0722650395820,0.0000018998497
224352,0.2523915515452,3.8222021117417,0.0061984420849,0.0434360978497,0.0722532711709,0.0000018998497
224441,0.2523779258022,3.8219957643293,0.0062097305106,0.0433602998210,0.0722281185411,0.0000018998497
224584,0.2523613052117,3.8217440631291,0.0062452761051,0.0433223594382,0.0722262406755,0.0000018998497
224862,0.2523601739633,3.8217269315734,0.0062321200481,0.0433368658753,0.0722255408254,0.0000018998497
224977,0.2523591401675,3.8217112758335,0.0061412617183,0.0434139020051,0.0722138929170,0.0000018998497
225691,0.2523592840971,3.8217134554950,0.0061536464822,0.0433924532039,0.0722115712288,0.0000018998497
225911,0.2523588362851,3.8217066738568,0.0062004805024,0.0432516502433,0.0721812602204,0.0000018998497
226218,0.2523642851184,3.8217891906531,0.0062004805024,0.0432394861638,0.0721780835135,0.0000018998497
226468,0.2523604931945,3.8217317659917,0.0062004805024,0.0432343415718,0.0721754336041,0.0000018998497
226493,0.2523630479575,3.8217704551654,0.0061536464822,0.0432879034514,0.0721750385730,0.0000018998497
226838,0.2523648332794,3.8217974919695,0.0061536464822,0.0432755305563,0.0721710022509,0.0000018998497
227499,0.2523611313268,3.8217414298271,0.0061114898038,0.0432010856419,0.0721255543580,0.0000018998497
227825,0.2523684966120,3.8218529692534,0.0061423580564,0.0431545245140,0.0721237329103,0.0000018998497
228077,0.2523698706920,3.8218737782352,0.0061114898038,0.0431491293643,0.0721088712657,0.0000018998497
228749,0.2523651006948,3.8218015416921,0.0060955240362,0.0431489426796,0.0721009399785,0.0000018998497
229002,0.2523664075643,3.8218213328434,0.0061765153232,0.0430433196367,0.0720982080583,0.0000018998497
229262,0.2523680715619,3.8218465323209,0.0061296813030,0.0430968815162,0.0720976221489,0.0000018998497
229724,0.2523815539514,3.8220507087965,0.0061296813030,0.0430766705648,0.0720932930354,0.0000018998497
230396,0.2523768290393,3.8219791550184,0.0061080630586,0.0430882650945,0.0720871564959,0.0000018998497
230547,0.2523827070713,3.8220681715731,0.0060396107940,0.0431126594925,0.0720677916743,0.0000018998497
230908,0.2523828537560,3.8220703929570,0.0060396107940,0.0430354755936,0.0720402574286,0.0000018998497
231097,0.2523862556089,3.8221219104076,0.0060864448143,0.0429702213593,0.0720377530363,0.0000018998497
231114,0.2523885662937,3.8221569032764,0.0060740600504,0.0429793877920,0.0720362141531,0.0000018998497
231313,0.2523821502902,3.8220597397149,0.0060842521381,0.0429142865059,0.0720159568735,0.0000018618527
231895,0.2523765046414,3.8219742423570,0.0060618626006,0.0429013818943,0.0720005427857,0.0000018618527
232571,0.2523692963620,3.8218650806179,0.0060789247063,0.0428359396075,0.0719829382401,0.0000018618527
233231,0.2523758562714,3.8219644234824,0.0060789247063,0.0427829013821,0.0719654017116,0.0000018618527
233654,0.2523817842041,3.8220541957301,0.0061257587266,0.0427175661574,0.0719634096971,0.0000018618527
233835,0.2523882568840,3.8221522175955,0.0060892545249,0.0426929553443,0.0719403624659,0.0000018618527
234030,0.2523829348262,3.8220716206797,0.0060604246899,0.0427094133242,0.0719327442313,0.0000018618527
234051,0.2523779138645,3.8219955835451,0.0060549429995,0.0427148735433,0.0719312690934,0.0000018618527
234109,0.2523775575538,3.8219901875970,0.0060411699080,0.0427143258324,0.0719250943765,0.0000018618527
235684,0.2523654177512,3.8218063431743,0.0060186261119,0.0427082473992,0.0719106604944,0.0000018618527
236685,0.2523720853781,3.8219073173062,0.0060654601321,0.0426429121745,0.0719088269857,0.0000018618527
236975,0.2523720333755,3.8219065297815,0.0061122941523,0.0425857081575,0.0719084575591,0.0000018618527
237544,0.2523734769665,3.8219283914350,0.0061591281726,0.0425080097849,0.0719010892042,0.0000018618527
237845,0.2523667287616,3.8218261970358,0.0061122941523,0.0425610788847,0.0718985246873,0.0000018618527
238333,0.2523694117693,3.8218668283389,0.0061190264394,0.0424833620525,0.0718742288719,0.0000018618527
238524,0.2523672338372,3.8218338458699,0.0061190264394,0.0424833620525,0.0718737621722,0.0000018246156
238559,0.2523680901853,3.8218468143521,0.0061190264394,0.0424714116754,0.0718696776836,0.0000018246156
241183,0.2523653486886,3.8218052972945,0.0060721924192,0.0424592803593,0.0718446858841,0.0000018246156
242334,0.2523619458203,3.8217537644671,0.0060585570587,0.0424470495931,0.0718337448413,0.0000018246156
242462,0.2523518673262,3.8216011363726,0.0060585570587,0.0424500446487,0.0718326548267,0.0000018246156
242810,0.2523408714133,3.8214346149449,0.0060323992033,0.0424492938736,0.0718188199163,0.0000018246156
242813,0.2523375717431,3.8213846449433,0.0060414949529,0.0423828247007,0.0717982720322,0.0000018246156
242885,0.2523393253457,3.8214112013923,0.0060496486231,0.0423707508306,0.0717978301378,0.0000018246156
243664,0.2523503505166,3.8215781659016,0.0060964826433,0.0422929786195,0.0717924886076,0.0000018246156
243991,0.2523671770852,3.8218329864205,0.0061182551463,0.0422378074924,0.0717857213997,0.0000018246156
244461,0.2523727851824,3.8219179150988,0.0061182551463,0.0422342570741,0.0717856551283,0.0000018246156
244523,0.2523713870485,3.8218967418461,0.0061182551463,0.0422344783922,0.0717854345703,0.0000018246156
245149,0.2523752718891,3.8219555736317,0.0061182551463,0.0422131446742,0.0717786478511,0.0000018246156
245161,0.2523709712210,3.8218904445790,0.0061101014762,0.0422252503788,0.0717785553153,0.0000018246156
245224,0.2523722579770,3.8219099311329,0.0060632674559,0.0422787865904,0.0717778794013,0.0000017881233
245455,0.2523737006079,3.8219317782463,0.0061101014762,0.0422094702155,0.0717735044113,0.0000017881233
245839,0.2523723647000,3.8219115473396,0.0061569354964,0.0421432466835,0.0717696386068,0.0000017523608
245858,0.2523666453804,3.8218249343160,0.0061101014762,0.0421962442173,0.0717672690061,0.0000017523608
246823,0.2523706004506,3.8218848296547,0.0060323992033,0.0422635390079,0.0717588494008,0.0000017523608
247481,0.2523775168518,3.8219895712097,0.0060792332236,0.0421304135140,0.0717328583905,0.0000017523608
248152,0.2523795252374,3.8220199860773,0.0060792332236,0.0421175642127,0.0717286997227,0.0000017523608
249635,0.2523718939767,3.8219044187352,0.0060695204395,0.0421269697350,0.0717262609458,0.0000017523608
250280,0.2523725336890,3.8219141064985,0.0060695204395,0.0421211146310,0.0717243069185,0.0000017523608
254003,0.2523696522359,3.8218704699508,0.0060695204395,0.0421211146310,0.0717236894643,0.0000017173136
256867,0.2523745062727,3.8219439791850,0.0061163544597,0.0420397735419,0.0717157509490,0.0000017173136
258252,0.2523700325235,3.8218762290019,0.0061163544597,0.0420150005449,0.0717059447895,0.0000017173136
258769,0.2523685745886,3.8218541501251,0.0061163544597,0.0420018232671,0.0717009262042,0.0000017173136
258805,0.2523647877187,3.8217968020019,0.0061163544597,0.0420015433145,0.0717000147490,0.0000017173136
259099,0.2523627427656,3.8217658333572,0.0061163544597,0.0419767848242,0.0716907342269,0.0000017173136
261508,0.2523565401233,3.8216719009239,0.0061245081298,0.0419516044287,0.0716839065209,0.0000016829674
264245,0.2523553773306,3.8216542916628,0.0060483814987,0.0420161370537,0.0716740790180,0.0000016829674
265367,0.2523671534187,3.8218326280170,0.0060483814987,0.0420080191132,0.0716737032010,0.0000016829674
265828,0.2523488007889,3.8215546969206,0.0060483814987,0.0420173853845,0.0716731155915,0.0000016829674
266653,0.2523502448159,3.8215765651772,0.0060483814987,0.0420066744491,0.0716695996918,0.0000016829674
266948,0.2523453253206,3.8215020646434,0.0060483814987,0.0419398298375,0.0716446724387,0.0000016829674
270439,0.2523387853467,3.8214030236811,0.0060336498000,0.0419279557963,0.0716327167015,0.0000016493080
362934,0.2523382190337,3.8213944474718,0.0060336498000,0.0419279557963,0.0716325953488,0.0000012683548
541296,0.2523283397183,3.8212448357279,0.0060723466778,0.0418779240952,0.0716291942641,0.0000007810279
542245,0.2523264274019,3.8212158757259,0.0060723466778,0.0418646356834,0.0716240386207,0.0000007654074
543238,0.2523253354908,3.8211993398919,0.0060772113337,0.0418511500867,0.0716210732077,0.0000007654074
543336,0.2523192179294,3.8211066959181,0.0060853484762,0.0418257538999,0.0716141795818,0.0000007654074
544539,0.2523175923912,3.8210820788691,0.0060853484762,0.0418138870105,0.0716095930774,0.0000007654074
544666,0.2523155502936,3.8210511534685,0.0060385144560,0.0418273537771,0.0715938933216,0.0000007654074
