0,0.2063240533919,3.124558757017,0.5553584234398,0.3201241934734,0.3965531191558,10
1,0.2063247826068,3.124569800203,0.5553584234398,0.3200882795028,0.3965404489981,10.0000000000000
2,0.2063312966546,3.1246684485416,0.5553584234398,0.3195453105867,0.3963479273955,10.0000000000000
3,0.2063302558495,3.1246526866518,0.5553584234398,0.3191138359135,0.3961936062682,10.0000000000000
2552,0.2093905325152,3.1709973279947,0.5145301211781,0.3662234185872,0.3961763869679,0.0000004623803
2557,0.2093905203185,3.1709971432889,0.5145301211781,0.3661199312161,0.3961394245789,0.0000004623803
2558,0.2093889917186,3.1709739942652,0.5144124879585,0.3659702921800,0.3960352402719,0.0000004623803
2560,0.2093912647572,3.1710084170225,0.5144124879585,0.3658592229796,0.3959960597800,0.0000004623803
2566,0.2093935805088,3.1710434866216,0.5144124879585,0.3657318669079,0.3959510717012,0.0000004531326
2567,0.2093965476920,3.1710884214618,0.5144593219787,0.3655733369613,0.3959151614111,0.0000004531326
2570,0.2093961678351,3.1710826689328,0.5143416887591,0.3655700882014,0.3958635055048,0.0000004531326
2572,0.2093940399728,3.1710504447171,0.5143172608040,0.3654671095715,0.3958158023286,0.0000004440700
2577,0.2093952903445,3.1710693802686,0.5142704267838,0.3654219696487,0.3957798771414,0.0000004440700
2579,0.2093927853403,3.1710314446398,0.5142704267838,0.3653258929090,0.3957450272335,0.0000004440700
2580,0.2093910626853,3.1710053568575,0.5142235927636,0.3652970276397,0.3957142773454,0.0000004440700
2581,0.2093918420629,3.1710171597049,0.5142235927636,0.3652456716312,0.3956961029233,0.0000004440700
2583,0.2093961777570,3.1710828191885,0.5142235927636,0.3651097164613,0.3956484765828,0.0000004351886
2584,0.2093976912458,3.1711057393693,0.5142235927636,0.3650534460672,0.3956287043325,0.0000004351886
2585,0.2093947909570,3.1710618175744,0.5142235927636,0.3649474277505,0.3955902191575,0.0000004351886
2586,0.2093907659196,3.1710008626563,0.5141767587433,0.3649501834318,0.3955702690984,0.0000004351886
2587,0.2093896058720,3.1709832949666,0.5142235927636,0.3648193704908,0.3955433733322,0.0000004351886
2589,0.2093971107578,3.1710969484961,0.5141767587433,0.3648479715219,0.3955351244531,0.0000004351886
2590,0.2093912749247,3.1710085709979,0.5140591255237,0.3648283447867,0.3954764501321,0.0000004351886
2591,0.2093894874438,3.1709815014982,0.5140591255237,0.3648165802891,0.3954718654942,0.0000004351886
2594,0.2093996670928,3.1711356614759,0.5140591255237,0.3647897723246,0.3954644725746,0.0000004264848
2595,0.2093950172835,3.1710652450489,0.5140591255237,0.3647766463451,0.3954587883370,0.0000004264848
2600,0.2093989070329,3.1711241511751,0.5139414923041,0.3646983646045,0.3953812498533,0.0000004264848
2601,0.2094070267438,3.1712471155772,0.5138946582839,0.3646972263090,0.3953625115342,0.0000004264848
2602,0.2094007307583,3.1711517695595,0.5139414923041,0.3646304101450,0.3953573712018,0.0000004264848
2604,0.2094121434785,3.1713246030918,0.5139414923041,0.3646135116437,0.3953537816056,0.0000004264848
2605,0.2094124228495,3.1713288338685,0.5138946582839,0.3646077261123,0.3953317034867,0.0000004179551
2607,0.2094122729691,3.1713265640889,0.5138946582839,0.3644737622775,0.3952838271427,0.0000004179551
2614,0.2094162814128,3.1713872677138,0.5138946582839,0.3642816756711,0.3952160837355,0.0000004179551
2615,0.2094058424578,3.1712291808224,0.5138946582839,0.3642641877401,0.3952076011270,0.0000004179551
2616,0.2094044921485,3.1712087318221,0.5138946582839,0.3642058993713,0.3951864945004,0.0000004095960
2617,0.2094057665064,3.1712280306188,0.5138478242636,0.3642595609175,0.3951858606920,0.0000004095960
2618,0.2094122221040,3.1713257937915,0.5138009902434,0.3642308328059,0.3951569122716,0.0000004095960
2619,0.2094279588062,3.1715641094405,0.5137284776714,0.3641571743861,0.3951029010270,0.0000004095960
2620,0.2094254073170,3.1715254698447,0.5137284776714,0.3639918192793,0.3950432988840,0.0000004095960
2622,0.2094257725331,3.1715310006556,0.5137284776714,0.3639851260012,0.3950409866881,0.0000004095960
2623,0.2094282314572,3.1715682384502,0.5137284776714,0.3638112183565,0.3949794037273,0.0000004095960
2627,0.2094337851522,3.1716523432650,0.5136816436512,0.3637437386718,0.3949364221945,0.0000004014041
2628,0.2094305661453,3.1716035948239,0.5136816436512,0.3636301897187,0.3948951792098,0.0000004014041
2629,0.2094262191160,3.1715377636785,0.5136816436512,0.3636300028561,0.3948941809668,0.0000004014041
2631,0.2094207666069,3.1714551912177,0.5136816436512,0.3635910332970,0.3948790948724,0.0000004014041
2632,0.2094234493589,3.1714958186486,0.5136348096310,0.3635848531242,0.3948573908202,0.0000004014041
2633,0.2094133178356,3.1713423874839,0.5135896889833,0.3635295010039,0.3948161137447,0.0000004014041
2634,0.2094156453062,3.1713776345544,0.5135896889833,0.3635270226227,0.3948157273523,0.0000004014041
2635,0.2094217916376,3.1714707142185,0.5135896889833,0.3634580895588,0.3947924254719,0.0000004014041
2641,0.2094258004199,3.1715314229708,0.5135896889833,0.3633149250930,0.3947421543303,0.0000003933760
2646,0.2094270477762,3.1715503128589,0.5135428549631,0.3632433804827,0.3946967982515,0.0000003933760
2649,0.2094305162616,3.1716028393879,0.5134960209429,0.3632675572047,0.3946861043190,0.0000003855085
2650,0.2094488606329,3.1718806454160,0.5134960209429,0.3632187466830,0.3946726029265,0.0000003855085
2658,0.2094471423738,3.1718546242065,0.5135428549631,0.3631266853035,0.3946594273870,0.0000003855085
2659,0.2094467583662,3.1718488088198,0.5135428549631,0.3630759382081,0.3946412211370,0.0000003855085
2660,0.2094522878080,3.1719325463461,0.5135428549631,0.3629628057711,0.3946020015756,0.0000003777983
2661,0.2094520757478,3.1719293349188,0.5134252217435,0.3629699306924,0.3945540865119,0.0000003777983
2665,0.2094468290175,3.1718498787577,0.5134252217435,0.3629592859025,0.3945491605018,0.0000003777983
2667,0.2094449619494,3.1718216039936,0.5134252217435,0.3629586499684,0.3945485332965,0.0000003777983
2670,0.2094531407654,3.1719454634793,0.5134252217435,0.3628529080603,0.3945125209327,0.0000003777983
2671,0.2094482307674,3.1718711067721,0.5133783877232,0.3628418548045,0.3944874494760,0.0000003702424
2673,0.2094509846907,3.1719128120177,0.5133783877232,0.3628079947777,0.3944759467357,0.0000003702424
2677,0.2094534921217,3.1719507843972,0.5133315537030,0.3627428471131,0.3944331452963,0.0000003702424
2680,0.2094546794719,3.1719687655561,0.5132847196828,0.3626995294614,0.3943978574157,0.0000003702424
2683,0.2094608176267,3.1720617213937,0.5132847196828,0.3626902704502,0.3943958659448,0.0000003628375
2685,0.2094675272190,3.1721633310475,0.5132847196828,0.3626555954588,0.3943849197891,0.0000003628375
2687,0.2094621018475,3.1720811695547,0.5133315537030,0.3624881901078,0.3943440413071,0.0000003628375
2693,0.2094656414652,3.1721347733076,0.5133315537030,0.3624585245651,0.3943342049599,0.0000003628375
2695,0.2094712037634,3.1722190084083,0.5132847196828,0.3624110203924,0.3942983593821,0.0000003555808
2698,0.2094775288170,3.1723147946311,0.5132378856625,0.3624340538840,0.3942878692747,0.0000003555808
2699,0.2094881531141,3.1724756883326,0.5131910516423,0.3624486723542,0.3942752950691,0.0000003555808
2700,0.2094865181671,3.1724509287955,0.5130734184227,0.3623739566487,0.3941978463058,0.0000003555808
2712,0.2094875523689,3.1724665906837,0.5130734184227,0.3623144620440,0.3941768198473,0.0000003484692
2713,0.2094881791497,3.1724760826136,0.5130265844025,0.3623369794699,0.3941649243724,0.0000003484692
2714,0.2094806405488,3.1723619185052,0.5130734184227,0.3622582430697,0.3941552605379,0.0000003484692
2716,0.2094838415693,3.1724103945624,0.5129557852031,0.3622630847934,0.3941072614210,0.0000003484692
2718,0.2094883686749,3.1724789527714,0.5129557852031,0.3622361180589,0.3940986005384,0.0000003414998
2721,0.2094882868072,3.1724777129718,0.5129557852031,0.3621761865704,0.3940771788923,0.0000003414998
2726,0.2094888121125,3.1724856681635,0.5129089511828,0.3621760619135,0.3940571752144,0.0000003414998
2727,0.2094924471857,3.1725407174877,0.5129089511828,0.3621294792902,0.3940413175075,0.0000003414998
2728,0.2094960445835,3.1725951962588,0.5127913179632,0.3620102961655,0.3939491087398,0.0000003414998
2732,0.2095016389662,3.1726799172460,0.5127444839430,0.3620006226322,0.3939267809798,0.0000003346698
2750,0.2094951847235,3.1725821745916,0.5126976499227,0.3619482256011,0.3938866129795,0.0000003279764
2753,0.2094946865168,3.1725746297795,0.5126976499227,0.3619429358153,0.3938846170116,0.0000003279764
2756,0.2094997032061,3.1726506022133,0.5125800167031,0.3619509638202,0.3938381449241,0.0000003214169
2757,0.2094996404561,3.1726496519312,0.5126268507234,0.3617766832142,0.3937959601271,0.0000003214169
2758,0.2095009891429,3.1726700763619,0.5126268507234,0.3616433545286,0.3937486317437,0.0000003214169
2762,0.2095081705495,3.1727788311408,0.5125092175037,0.3615818746606,0.3936777992839,0.0000003214169
2766,0.2095086633670,3.1727862943380,0.5123915842841,0.3616251923124,0.3936429612405,0.0000003149885
2768,0.2095069627502,3.1727605403030,0.5123915842841,0.3615280542241,0.3936079046483,0.0000003149885
2772,0.2095101102513,3.1728082058655,0.5122739510645,0.3615156092178,0.3935537202307,0.0000003149885
2774,0.2095029864944,3.1727003241298,0.5122271170443,0.3615385483379,0.3935403145313,0.0000003149885
2775,0.2095023398621,3.1726905315696,0.5122271170443,0.3615287154827,0.3935366642332,0.0000003149885
2776,0.2094985191135,3.1726326703885,0.5122271170443,0.3614951992446,0.3935238754164,0.0000003149885
2779,0.2094972692695,3.1726137428277,0.5122739510645,0.3614266466909,0.3935191962607,0.0000003086887
2782,0.2095092760829,3.1727955732709,0.5122271170443,0.3608932514345,0.3933111991205,0.0000003086887
2783,0.2095124389598,3.1728434716828,0.5121094838246,0.3608239328536,0.3932367060068,0.0000003086887
2785,0.2095171102655,3.1729142136491,0.5120626498044,0.3607885365329,0.3932049937348,0.0000003086887
2787,0.2095135341765,3.1728600575778,0.5120626498044,0.3606923682774,0.3931698816245,0.0000003086887
2788,0.2095154361151,3.1728888604193,0.5120626498044,0.3606397236169,0.3931514875183,0.0000003086887
2792,0.2095096322642,3.1728009672582,0.5121094838246,0.3605220722028,0.3931282971967,0.0000003025150
2793,0.2095090093649,3.1727915341098,0.5121094838246,0.3604915209858,0.3931172525694,0.0000003025150
2795,0.2095119534126,3.1728361185864,0.5121094838246,0.3604333935262,0.3930971236297,0.0000003025150
2801,0.2095070855748,3.1727624003503,0.5120626498044,0.3603857400312,0.3930589896933,0.0000003025150
2802,0.2095124575183,3.1728437527326,0.5120158157842,0.3604090019881,0.3930483769429,0.0000003025150
2810,0.2095238259694,3.1730159158555,0.5119450165848,0.3603052859261,0.3929834290748,0.0000002964647
2813,0.2095227878755,3.1730001950249,0.5119450165848,0.3602516853783,0.3929640635733,0.0000002964647
2814,0.2095222512966,3.1729920691079,0.5119450165848,0.3601122647960,0.3929141555270,0.0000002964647
2818,0.2095245615422,3.1730270553242,0.5118273833652,0.3600625226244,0.3928464712814,0.0000002905354
2822,0.2095230745163,3.1730045358963,0.5117805493449,0.3600580790674,0.3928244939254,0.0000002905354
2823,0.2095341011667,3.1731715228113,0.5117337153247,0.3600004775974,0.3927862131025,0.0000002905354
2828,0.2095407273612,3.1732718694914,0.5116165448810,0.3599879064566,0.3927329274037,0.0000002905354
2834,0.2095411095745,3.1732776577060,0.5116165448810,0.3599775672213,0.3927293167225,0.0000002847247
2837,0.2095518377206,3.1734401240899,0.5116165448810,0.3599587643958,0.3927249003162,0.0000002847247
2839,0.2095546428339,3.1734826045537,0.5116633789012,0.3598662990290,0.3927125497895,0.0000002847247
2841,0.2095522573211,3.1734464784940,0.5116633789012,0.3598461774546,0.3927048523317,0.0000002847247
2842,0.2095588201598,3.1735458657190,0.5115457456816,0.3598247652088,0.3926481971866,0.0000002790302
2843,0.2095621020413,3.1735955663309,0.5115457456816,0.3597892244056,0.3926362073029,0.0000002790302
2845,0.2095771939886,3.1738241178511,0.5115457456816,0.3597798329590,0.3926360872036,0.0000002790302
2846,0.2095723067500,3.1737501058117,0.5115457456816,0.3597644029532,0.3926295292218,0.0000002790302
2847,0.2095770061008,3.1738212724907,0.5115457456816,0.3597253226363,0.3926165789695,0.0000002790302
2848,0.2095709936329,3.1737302200459,0.5114281124619,0.3597121432768,0.3925601694324,0.0000002790302
2851,0.2095670492691,3.1736704868440,0.5113812784417,0.3597435966361,0.3925504858313,0.0000002790302
2853,0.2095759895762,3.1738058783046,0.5113344444215,0.3597830410652,0.3925464171845,0.0000002790302
2858,0.2095763493080,3.1738113260607,0.5113344444215,0.3597397771255,0.3925310428629,0.0000002734496
2862,0.2095774322602,3.1738277262220,0.5112876104012,0.3597211899688,0.3925045649309,0.0000002734496
2867,0.2095737549947,3.1737720379400,0.5112407763810,0.3597074526826,0.3924787990488,0.0000002734496
2868,0.2095748687669,3.1737889048375,0.5112407763810,0.3596595060672,0.3924619139231,0.0000002679806
2875,0.2095747262409,3.1737867464316,0.5111231431614,0.3595855238359,0.3923850469193,0.0000002679806
2876,0.2095735687231,3.1737692170535,0.5111699771816,0.3595029553350,0.3923753818524,0.0000002679806
2885,0.2095705074257,3.1737228569549,0.5110523439620,0.3594447931190,0.3923035394031,0.0000002626210
2886,0.2095732392998,3.1737642282878,0.5110523439620,0.3592894128980,0.3922486318687,0.0000002626210
2902,0.2095703940982,3.1737211407302,0.5110055099418,0.3592773005444,0.3922236246191,0.0000002573685
2904,0.2095669462792,3.1736689271710,0.5110523439620,0.3592194467423,0.3922222954515,0.0000002573685
2905,0.2095596709474,3.1735587499941,0.5110523439620,0.3591515833355,0.3921964995208,0.0000002573685
2908,0.2095616142085,3.1735881786212,0.5109347107424,0.3591187459081,0.3921347740443,0.0000002522212
2910,0.2095676660493,3.1736798273256,0.5109347107424,0.3590696870174,0.3921185498349,0.0000002522212
2912,0.2095737385721,3.1737717892374,0.5108878767221,0.3590915384487,0.3921075834495,0.0000002522212
2915,0.2095653765324,3.1736451550230,0.5109347107424,0.3589903459154,0.3920897231163,0.0000002522212
2916,0.2095559287028,3.1735020776734,0.5108878767221,0.3590416204294,0.3920859391849,0.0000002522212
2918,0.2095533092581,3.1734624089640,0.5109347107424,0.3589766356851,0.3920822407610,0.0000002522212
2919,0.2095548087531,3.1734851172240,0.5108878767221,0.3590153637567,0.3920763218126,0.0000002522212
2920,0.2095633336081,3.1736142171032,0.5108878767221,0.3588927024329,0.3920343409516,0.0000002522212
2921,0.2095644264984,3.1736307677664,0.5108878767221,0.3587846836854,0.3919959970182,0.0000002522212
2922,0.2095711463296,3.1737325324758,0.5108878767221,0.3586973323252,0.3919662400677,0.0000002471768
2923,0.2095720606585,3.1737463790168,0.5108410427019,0.3587007254337,0.3919475760968,0.0000002471768
2924,0.2095755849992,3.1737997514155,0.5107234094823,0.3586194101080,0.3918688758880,0.0000002471768
2927,0.2095809718312,3.1738813292673,0.5107234094823,0.3585965057314,0.3918618500746,0.0000002471768
2929,0.2095872291525,3.1739760897547,0.5107234094823,0.3585226648923,0.3918368192009,0.0000002471768
2932,0.2095886338763,3.1739973628066,0.5107702435025,0.3584578031204,0.3918340270176,0.0000002471768
2933,0.2095839232225,3.1739260249547,0.5108170775228,0.3583983460049,0.3918318546306,0.0000002471768
2937,0.2095873225310,3.1739775038742,0.5106994443031,0.3583993109592,0.3917825134434,0.0000002422332
2941,0.2095957601861,3.1741052832023,0.5106526102829,0.3583912601258,0.3917613744918,0.0000002422332
2946,0.2096018428706,3.1741973990018,0.5105349770633,0.3583272848954,0.3916894153906,0.0000002422332
2947,0.2096028713485,3.1742129742078,0.5105349770633,0.3583247899117,0.3916887447131,0.0000002422332
2948,0.2096134091707,3.1743725583384,0.5105349770633,0.3583008260902,0.3916824443102,0.0000002422332
2950,0.2096068679237,3.1742734980969,0.5105818110835,0.3582112153251,0.3916691104927,0.0000002373886
2957,0.2096178709108,3.1744401266563,0.5105349770633,0.3582102503708,0.3916510519261,0.0000002373886
2961,0.2096318034289,3.1746511198514,0.5105349770633,0.3581157933308,0.3916203028086,0.0000002373886
2962,0.2096383474323,3.1747502218364,0.5105349770633,0.3580926459830,0.3916134381851,0.0000002373886
2963,0.2096425129302,3.1748133038796,0.5104881430431,0.3581460190778,0.3916133208884,0.0000002373886
2966,0.2096474286614,3.1748877474111,0.5105349770633,0.3580692092312,0.3916070138943,0.0000002326408
2967,0.2096414633119,3.1747974085245,0.5104395956502,0.3580405790679,0.3915546327983,0.0000002326408
2971,0.2096395193557,3.1747679693714,0.5103927616300,0.3579851103271,0.3915143342487,0.0000002326408
2972,0.2096382971169,3.1747494598629,0.5102751284104,0.3579255088068,0.3914423718462,0.0000002326408
2976,0.2096334950697,3.1746767379562,0.5102282943902,0.3578797947934,0.3914049446798,0.0000002326408
2979,0.2096391195724,3.1747619150783,0.5102282943902,0.3577839182437,0.3913719083055,0.0000002279880
2980,0.2096485494704,3.1749047208726,0.5101814603699,0.3577775366563,0.3913515781366,0.0000002279880
2990,0.2096551286488,3.1750043555450,0.5101346263497,0.3578061824909,0.3913431468928,0.0000002279880
2991,0.2096570594994,3.1750335962282,0.5101346263497,0.3577267608486,0.3913151957743,0.0000002279880
2999,0.2096621267005,3.1751103336093,0.5100169931301,0.3576339233134,0.3912327111035,0.0000002234282
3000,0.2096484132977,3.1749026586818,0.5100169931301,0.3575427786425,0.3911972208490,0.0000002234282
3004,0.2096497180087,3.1749224171451,0.5100169931301,0.3575024289561,0.3911830898276,0.0000002234282
3009,0.2096475804187,3.1748900456142,0.5100169931301,0.3573375339499,0.3911237406990,0.0000002189596
3010,0.2096517492001,3.1749531773828,0.5098993599104,0.3572769108999,0.3910525686830,0.0000002189596
3011,0.2096612768282,3.1750974631962,0.5098525258902,0.3572932389428,0.3910403700386,0.0000002189596
3022,0.2096666162980,3.1751783237977,0.5097348926706,0.3572160373564,0.3909635279785,0.0000002145805
3024,0.2096693848911,3.1752202512011,0.5096880586504,0.3572244385003,0.3909470499341,0.0000002145805
3027,0.2096722067140,3.1752629847126,0.5096880586504,0.3570580349717,0.3908882247787,0.0000002145805
3028,0.2096713123482,3.1752494404929,0.5096880586504,0.3570538994996,0.3908865561746,0.0000002145805
3035,0.2096700116149,3.1752297422668,0.5096412246301,0.3570302554337,0.3908577614138,0.0000002145805
3038,0.2096686907658,3.1752097394098,0.5096412246301,0.3570130841899,0.3908513457877,0.0000002102888
3039,0.2096672727653,3.1751882652975,0.5096412246301,0.3568785216584,0.3908029838835,0.0000002102888
3040,0.2096698209739,3.1752268552116,0.5096412246301,0.3567998214083,0.3907754226960,0.0000002102888
3041,0.2096692536032,3.1752182629853,0.5096412246301,0.3567893555028,0.3907715632932,0.0000002102888
3042,0.2096622961886,3.1751129003266,0.5095235914105,0.3567550801384,0.3907074169801,0.0000002102888
3043,0.2096685853205,3.1752081425531,0.5095235914105,0.3567153771743,0.3906945850211,0.0000002102888
3044,0.2096744456339,3.1752968907775,0.5094767573903,0.3567382195251,0.3906839270620,0.0000002102888
3045,0.2096740947411,3.1752915768793,0.5094767573903,0.3566976529636,0.3906693638131,0.0000002102888
3050,0.2096772048099,3.1753386755697,0.5094299233700,0.3566190392827,0.3906218822188,0.0000002102888
3051,0.2096820149069,3.1754115193823,0.5094299233700,0.3565418849426,0.3905953578324,0.0000002060831
3052,0.2096855144757,3.1754645166360,0.5094767573903,0.3564677349239,0.3905896973134,0.0000002060831
3053,0.2096810067819,3.1753962523987,0.5094767573903,0.3563513736358,0.3905471737761,0.0000002060831
3056,0.2096848920229,3.1754550902498,0.5094767573903,0.3559841845164,0.3904168673566,0.0000002060831
3057,0.2096838316449,3.1754390319501,0.5094767573903,0.3558669203974,0.3903747600902,0.0000002060831
3061,0.2096793274180,3.1753708202152,0.5094299233700,0.3558685194614,0.3903542942701,0.0000002060831
3064,0.2096766933207,3.1753309296085,0.5094767573903,0.3558119124551,0.3903535847557,0.0000002060831
3065,0.2096737935961,3.1752870163579,0.5094299233700,0.3558348562753,0.3903410858847,0.0000002060831
3067,0.2096761607210,3.1753228639514,0.5093830893498,0.3558888197256,0.3903407940636,0.0000002019614
3068,0.2096824890115,3.1754186991937,0.5093830893498,0.3558431360941,0.3903258345431,0.0000002019614
3071,0.2096787141578,3.1753615330404,0.5093362553296,0.3558019153241,0.3902902322194,0.0000002019614
3072,0.2096731507908,3.1752772817532,0.5092894213093,0.3558254807902,0.3902773845842,0.0000002019614
3076,0.2096746638840,3.1753001959435,0.5092894213093,0.3558179499605,0.3902750192365,0.0000002019614
3078,0.2096660859732,3.1751702925906,0.5092894213093,0.3557540192011,0.3902503486987,0.0000002019614
3079,0.2096625631165,3.1751169426658,0.5092425872891,0.3558038123558,0.3902473053474,0.0000002019614
3083,0.2096642264845,3.1751421326090,0.5092425872891,0.3557610081224,0.3902323745572,0.0000001979222
3095,0.2096648354306,3.1751513544506,0.5092425872891,0.3557301955946,0.3902215005714,0.0000001979222
3096,0.2096692231755,3.1752178021895,0.5092425872891,0.3556709708013,0.3902012890905,0.0000001939637
3097,0.2096683566647,3.1752046798038,0.5092425872891,0.3556534546263,0.3901948476329,0.0000001939637
3098,0.2096635673291,3.1751321503999,0.5092894213093,0.3555603637239,0.3901806463188,0.0000001939637
3099,0.2096644883278,3.1751460979481,0.5092425872891,0.3555714940770,0.3901647470788,0.0000001939637
3100,0.2096657790199,3.1751656441097,0.5091957532689,0.3555982816916,0.3901545189379,0.0000001939637
3103,0.2096727282274,3.1752708824798,0.5091957532689,0.3554951883337,0.3901191889974,0.0000001939637
3105,0.2096738675546,3.1752881363800,0.5090781200493,0.3554001804531,0.3900350875160,0.0000001939637
3107,0.2096764014215,3.1753265091049,0.5089604868296,0.3553262882262,0.3899588261695,0.0000001939637
3109,0.2096841997717,3.1754446068400,0.5089604868296,0.3552722627433,0.3899412024292,0.0000001939637
3112,0.2096860157127,3.1754721073382,0.5090073208499,0.3551995336779,0.3899356886162,0.0000001900845
3114,0.2096934995761,3.1755854425056,0.5090073208499,0.3551759318058,0.3899288630612,0.0000001900845
3116,0.2096918592025,3.1755606007887,0.5090073208499,0.3550938940128,0.3898992123408,0.0000001900845
3118,0.2096970023671,3.1756384885559,0.5090541548701,0.3550303241525,0.3898976826489,0.0000001900845
3120,0.2096947942095,3.1756050483542,0.5090541548701,0.3550177767996,0.3898927282748,0.0000001900845
3122,0.2097044046751,3.1757505886522,0.5090541548701,0.3549201803326,0.3898599317792,0.0000001900845
3123,0.2097155758837,3.1759197647479,0.5090541548701,0.3548206273155,0.3898267709607,0.0000001900845
3128,0.2097247921899,3.1760593359217,0.5090541548701,0.3547674330695,0.3898097479384,0.0000001862828
3129,0.2097295278142,3.1761310519246,0.5090073208499,0.3547601752426,0.3897880989111,0.0000001862828
3131,0.2097307548721,3.1761496344138,0.5090073208499,0.3546950818023,0.3897651141948,0.0000001862828
3132,0.2097395947297,3.1762835046729,0.5090073208499,0.3546781039924,0.3897609449464,0.0000001862828
3134,0.2097397393697,3.1762856950913,0.5088896876303,0.3545581165995,0.3896677090634,0.0000001862828
3135,0.2097507556099,3.1764525243543,0.5087720544106,0.3544930665650,0.3895964232942,0.0000001862828
3138,0.2097548236375,3.1765141303144,0.5087720544106,0.3544545804711,0.3895835499808,0.0000001862828
3140,0.2097414427238,3.1763114905817,0.5087720544106,0.3544152817224,0.3895666473748,0.0000001862828
3143,0.2097376272351,3.1762537090554,0.5088188884309,0.3543459729140,0.3895611483472,0.0000001825571
3145,0.2097369440321,3.1762433626707,0.5088188884309,0.3543298849241,0.3895552562359,0.0000001825571
3147,0.2097397589352,3.1762859913906,0.5088188884309,0.3542808931863,0.3895383623802,0.0000001825571
3150,0.2097327991701,3.1761805931369,0.5088188884309,0.3542549169636,0.3895275937796,0.0000001825571
3152,0.2097351173673,3.1762156997720,0.5087012552112,0.3541942758770,0.3894560187682,0.0000001825571
3153,0.2097384749479,3.1762665467663,0.5085836219916,0.3541863146872,0.3894034807307,0.0000001825571
3155,0.2097279270755,3.1761068104350,0.5086304560119,0.3540915397962,0.3893874440199,0.0000001825571
3156,0.2097296220258,3.1761324786586,0.5085128227922,0.3540473443995,0.3893216089163,0.0000001825571
3159,0.2097269861899,3.1760925617224,0.5085128227922,0.3539589632132,0.3892894793849,0.0000001789060
3165,0.2097386705722,3.1762695092879,0.5085128227922,0.3539344324589,0.3892832221975,0.0000001789060
3168,0.2097390817172,3.1762757356427,0.5085128227922,0.3538435518658,0.3892508529453,0.0000001789060
3169,0.2097416309144,3.1763143405272,0.5085128227922,0.3538259446899,0.3892451109247,0.0000001789060
3173,0.2097508838516,3.1764544664396,0.5083951895726,0.3538188816435,0.3891941569434,0.0000001789060
3174,0.2097503071245,3.1764457325192,0.5083951895726,0.3537073995289,0.3891542183181,0.0000001789060
3176,0.2097547369312,3.1765128172398,0.5083483555524,0.3536607087031,0.3891184205445,0.0000001753279
3180,0.2097695166889,3.1767366409790,0.5083483555524,0.3536419890630,0.3891149020497,0.0000001753279
3182,0.2097703379146,3.1767490775712,0.5083015215321,0.3536380686906,0.3890936061707,0.0000001753279
3186,0.2097717109484,3.1767698707095,0.5083015215321,0.3535372416638,0.3890578907398,0.0000001753279
3187,0.2097756586788,3.1768296548961,0.5082546875119,0.3535910258254,0.3890578735882,0.0000001753279
3189,0.2097770474654,3.1768506865954,0.5082546875119,0.3535817046815,0.3890548422054,0.0000001753279
3195,0.2097704951270,3.1767514583854,0.5082078534917,0.3535926387222,0.3890372714244,0.0000001718213
3196,0.2097712792811,3.1767633335669,0.5082078534917,0.3534952283646,0.3890026500440,0.0000001718213
3197,0.2097674803440,3.1767058026976,0.5082078534917,0.3534957768652,0.3890020318791,0.0000001718213
3199,0.2097710402984,3.1767597144278,0.5080902202721,0.3534174173701,0.3889243949556,0.0000001718213
3202,0.2097706024674,3.1767530839422,0.5080433862518,0.3534100398972,0.3889015945999,0.0000001718213
3204,0.2097681566831,3.1767160451347,0.5080433862518,0.3532711712730,0.3888514745661,0.0000001718213
3206,0.2097707943539,3.1767559898589,0.5080433862518,0.3532604819996,0.3888482221836,0.0000001718213
3209,0.2097685108972,3.1767214093321,0.5079965522316,0.3532437722724,0.3888216933888,0.0000001683849
3212,0.2097716420582,3.1767688274411,0.5079497182114,0.3532046923652,0.3887883355192,0.0000001683849
3213,0.2097777366750,3.1768611239429,0.5079028841911,0.3531687260173,0.3887567246613,0.0000001683849
3217,0.2097773748675,3.1768556447516,0.5077852509715,0.3531557414516,0.3887015955492,0.0000001683849
3218,0.2097741205914,3.1768063621957,0.5076676177519,0.3530763469856,0.3886221288010,0.0000001683849
3227,0.2097774009167,3.1768560392404,0.5076676177519,0.3530094366110,0.3885989351655,0.0000001650172
3229,0.2097842137390,3.1769592122012,0.5076676177519,0.3529121748027,0.3885656586958,0.0000001650172
3231,0.2097876705781,3.1770115623598,0.5076207837317,0.3529528552978,0.3885608564724,0.0000001650172
3232,0.2097842491368,3.1769597482635,0.5075739497114,0.3529358910381,0.3885339929193,0.0000001650172
3236,0.2097821581841,3.1769280830042,0.5075739497114,0.3528199279682,0.3884921294759,0.0000001650172
3240,0.2097792490387,3.1768840270856,0.5075739497114,0.3527593449007,0.3884698692777,0.0000001650172
3245,0.2097825478564,3.1769339841780,0.5075739497114,0.3527026875034,0.3884503413825,0.0000001617168
3247,0.2097842604590,3.1769599197261,0.5074563164918,0.3527267963478,0.3884089044334,0.0000001617168
3249,0.2097848884596,3.1769694301281,0.5074563164918,0.3525892468940,0.3883599142000,0.0000001617168
3250,0.2097834025218,3.1769469271775,0.5075031505120,0.3525056464467,0.3883498102051,0.0000001617168
3253,0.2097973934673,3.1771588051941,0.5075031505120,0.3524130154927,0.3883197257812,0.0000001617168
3258,0.2097953770027,3.1771282679796,0.5075031505120,0.3522784800302,0.3882712453023,0.0000001584825
3259,0.2098014526143,3.1772202766668,0.5075031505120,0.3522364342965,0.3882575308855,0.0000001584825
3262,0.2098011857917,3.1772162359220,0.5074563164918,0.3521967794933,0.3882232395566,0.0000001584825
3264,0.2097950457570,3.1771232516141,0.5074094824716,0.3522148766201,0.3882083153715,0.0000001584825
3265,0.2097850796617,3.1769723256815,0.5074094824716,0.3521815477367,0.3881942766070,0.0000001584825
3266,0.2097867646218,3.1769978426125,0.5073626484513,0.3522223115320,0.3881891244452,0.0000001584825
3267,0.2097927952818,3.1770891705564,0.5072450152317,0.3523349499001,0.3881802304811,0.0000001584825
3270,0.2097886568513,3.1770264984202,0.5071981812115,0.3522826343596,0.3881405878300,0.0000001584825
3273,0.2097925215108,3.1770850245851,0.5071513471913,0.3522578797647,0.3881125033217,0.0000001584825
3274,0.2097928180350,3.1770895151290,0.5071513471913,0.3522517270356,0.3881103694593,0.0000001584825
3276,0.2097881088569,3.1770181996268,0.5071519642258,0.3522428724757,0.3881064624503,0.0000001553128
3277,0.2097845164921,3.1769637970757,0.5071051302055,0.3522139763334,0.3880753008840,0.0000001553128
3279,0.2097852436588,3.1769748092436,0.5071051302055,0.3522028870219,0.3880714962371,0.0000001553128
3283,0.2097866934470,3.1769967647456,0.5069874969859,0.3522041705560,0.3880218510740,0.0000001553128
3288,0.2097905127271,3.1770546036891,0.5068698637663,0.3521744815759,0.3879616520470,0.0000001553128
3299,0.2097939257392,3.1771062901332,0.5068698637663,0.3520852732325,0.3879305232841,0.0000001522066
3300,0.2097913867049,3.1770678391554,0.5068698637663,0.3519645900817,0.3878868780801,0.0000001522066
3304,0.2097906118545,3.1770561048683,0.5068698637663,0.3519536023024,0.3878827878338,0.0000001522066
3307,0.2097866851997,3.1769966398490,0.5068698637663,0.3519185697264,0.3878694347735,0.0000001522066
3308,0.2097753787615,3.1768254158453,0.5068698637663,0.3519070226510,0.3878628880098,0.0000001522066
3311,0.2097780243238,3.1768654800785,0.5068698637663,0.3517475748254,0.3878065092640,0.0000001491625
3315,0.2097817727054,3.1769222453387,0.5067522305467,0.3517053393326,0.3877418141471,0.0000001491625
3317,0.2097873281150,3.1770063761187,0.5067053965264,0.3517471820186,0.3877378766854,0.0000001491625
3318,0.2097830748098,3.1769419643275,0.5067053965264,0.3516882567025,0.3877159205072,0.0000001491625
3320,0.2097897592653,3.1770431933098,0.5067053965264,0.3516281164742,0.3876958742375,0.0000001491625
3321,0.2098000192855,3.1771985704232,0.5067053965264,0.3515500815858,0.3876702032103,0.0000001491625
3322,0.2097944483275,3.1771142041787,0.5067053965264,0.3514268393115,0.3876249943356,0.0000001491625
3325,0.2098028544084,3.1772415053497,0.5065877633068,0.3513558758404,0.3875510373049,0.0000001491625
3328,0.2098048675315,3.1772719919632,0.5065877633068,0.3513016438696,0.3875321001274,0.0000001461792
3329,0.2097996457650,3.1771929138519,0.5065877633068,0.3512762499741,0.3875219119290,0.0000001461792
3333,0.2097996851743,3.1771935106639,0.5065877633068,0.3512600997177,0.3875161524252,0.0000001461792
3334,0.2098054725082,3.1772811536929,0.5065877633068,0.3512239365637,0.3875044771560,0.0000001461792
3335,0.2098097351455,3.1773457068090,0.5064701300872,0.3512233990066,0.3874547843566,0.0000001461792
3336,0.2098121791196,3.1773827182026,0.5064701300872,0.3511851386132,0.3874416436391,0.0000001461792
3341,0.2098146909701,3.1774207575118,0.5064701300872,0.3511790040419,0.3874399909745,0.0000001461792
3342,0.2098198694960,3.1774991807882,0.5064701300872,0.3511057853245,0.3874149511167,0.0000001461792
3344,0.2098185537944,3.1774792558855,0.5064701300872,0.3510291524713,0.3873873003045,0.0000001461792
3345,0.2098208723356,3.1775143677307,0.5064701300872,0.3508960854564,0.3873402732009,0.0000001461792
3360,0.2098217369642,3.1775274616116,0.5064232960669,0.3509138717945,0.3873267390191,0.0000001432556
3361,0.2098246582179,3.1775717008988,0.5064232960669,0.3508150775407,0.3872920813399,0.0000001432556
3365,0.2098300265683,3.1776529988656,0.5064232960669,0.3507905352020,0.3872844665797,0.0000001403905
3374,0.2098346204355,3.1777225681084,0.5063056628473,0.3507547669595,0.3872222623706,0.0000001403905
3377,0.2098379459245,3.1777729291089,0.5061880296277,0.3507533984854,0.3871720719976,0.0000001403905
3382,0.2098440930923,3.1778660214400,0.5061880296277,0.3507062078078,0.3871565354344,0.0000001375827
3389,0.2098454505528,3.1778865787383,0.5061880296277,0.3506875958576,0.3871501791938,0.0000001375827
3391,0.2098421197829,3.1778361377633,0.5061880296277,0.3506191026013,0.3871250035801,0.0000001375827
3395,0.2098374944249,3.1777660916265,0.5061880296277,0.3504947664885,0.3870796066774,0.0000001375827
3397,0.2098428798247,3.1778476477895,0.5061880296277,0.3504592879057,0.3870680897692,0.0000001375827
3401,0.2098425730295,3.1778430017012,0.5061880296277,0.3504065904252,0.3870492034986,0.0000001348310
3402,0.2098480236047,3.1779255448775,0.5062348636479,0.3503041946099,0.3870338732680,0.0000001348310
3403,0.2098525597762,3.1779942403793,0.5061172304283,0.3502973105698,0.3869819724820,0.0000001348310
3405,0.2098598463118,3.1781045872259,0.5061172304283,0.3502640537942,0.3869716564626,0.0000001348310
3410,0.2098562619904,3.1780503064820,0.5061172304283,0.3502462341976,0.3869645242521,0.0000001348310
3412,0.2098583167685,3.1780814239158,0.5061172304283,0.3501642331438,0.3869356784710,0.0000001348310
3419,0.2098623343386,3.1781422657505,0.5061172304283,0.3500047561757,0.3868795833189,0.0000001321344
3424,0.2098652340057,3.1781861781299,0.5061167676524,0.3499970062049,0.3868772384969,0.0000001321344
3431,0.2098744830720,3.1783262454203,0.5061167676524,0.3498918264523,0.3868416562423,0.0000001321344
3434,0.2098835330380,3.1784632975478,0.5061167676524,0.3497601323302,0.3867965619057,0.0000001321344
3444,0.2098852526173,3.1784893387514,0.5061161506179,0.3496887201518,0.3867711615942,0.0000001294917
3445,0.2098909358333,3.1785754050247,0.5061629846382,0.3496056231589,0.3867627736517,0.0000001294917
3447,0.2098843120253,3.1784750944840,0.5061161506179,0.3495627769366,0.3867259803191,0.0000001294917
3448,0.2098913220957,3.1785812545579,0.5059985173983,0.3495141647575,0.3866597067475,0.0000001294917
3449,0.2098927315074,3.1786025986015,0.5059989801742,0.3494619922541,0.3866415740599,0.0000001294917
3452,0.2098919328429,3.1785905036760,0.5060458141944,0.3493752959674,0.3866305116809,0.0000001294917
3455,0.2098890369820,3.1785466489374,0.5059989801742,0.3493413695178,0.3865977028272,0.0000001294917
3457,0.2098930780486,3.1786078466002,0.5059989801742,0.3492228047494,0.3865562242099,0.0000001269019
3459,0.2098985972215,3.1786914286156,0.5059989801742,0.3491798264223,0.3865420574872,0.0000001269019
3463,0.2098969164399,3.1786659749623,0.5059521461540,0.3491809515611,0.3865220274321,0.0000001269019
3464,0.2099064599257,3.1788105009233,0.5059053121337,0.3491878356012,0.3865064593275,0.0000001269019
3466,0.2099056531098,3.1787982825530,0.5058584781135,0.3490934715270,0.3864525132604,0.0000001269019
3471,0.2099041939738,3.1787761854877,0.5057408448939,0.3490974112100,0.3864031933810,0.0000001269019
3472,0.2099112718178,3.1788833719213,0.5057408448939,0.3490103971668,0.3863736336179,0.0000001269019
3473,0.2099163432750,3.1789601737565,0.5056940108736,0.3489639945097,0.3863380762582,0.0000001269019
3474,0.2099197528374,3.1790118079590,0.5056471768534,0.3488825138353,0.3862896349149,0.0000001269019
3476,0.2099189207649,3.1789992071053,0.5056003428332,0.3488760518372,0.3862670770343,0.0000001243639
3482,0.2099170249245,3.1789704966146,0.5056003428332,0.3488731405030,0.3862656310205,0.0000001243639
3483,0.2099187491646,3.1789966084009,0.5055535088129,0.3488417239764,0.3862347085895,0.0000001243639
3485,0.2099236142977,3.1790702856769,0.5054358755933,0.3488099095904,0.3861739746004,0.0000001243639
3487,0.2099190788934,3.1790016017936,0.5054358755933,0.3487085644065,0.3861368080195,0.0000001243639
3491,0.2099214441447,3.1790374210124,0.5054358755933,0.3486059016097,0.3861006495745,0.0000001243639
3492,0.2099176988966,3.1789807032056,0.5054358755933,0.3485859248842,0.3860927124765,0.0000001243639
3499,0.2099136640161,3.1789195992243,0.5054358755933,0.3485657581507,0.3860846454544,0.0000001218766
3503,0.2099102776793,3.1788683167483,0.5054358755933,0.3485296902579,0.3860710384205,0.0000001218766
3506,0.2099104107089,3.1788703313405,0.5053182423737,0.3484501278987,0.3859922375616,0.0000001218766
3509,0.2099146845638,3.1789350543363,0.5053650763939,0.3483244853252,0.3859683527629,0.0000001218766
3510,0.2099086033262,3.1788429604486,0.5053182423737,0.3483344381605,0.3859505325017,0.0000001218766
3511,0.2099134302613,3.1789160592556,0.5053650763939,0.3482591554881,0.3859447518991,0.0000001218766
3515,0.2099054745002,3.1787955777006,0.5054119104142,0.3481766069651,0.3859336372008,0.0000001194391
3516,0.2099072232249,3.1788220602796,0.5052942771946,0.3482044797656,0.3858935522621,0.0000001194391
3519,0.2099035581808,3.1787665570770,0.5051766439749,0.3482275047307,0.3858505758604,0.0000001194391
3520,0.2099091716394,3.1788515669489,0.5051766439749,0.3481132489977,0.3858109731254,0.0000001194391
3521,0.2099051519623,3.1787906932059,0.5050590107553,0.3479875263507,0.3857147965837,0.0000001194391
3524,0.2099067756162,3.1788152817205,0.5050590107553,0.3478833919878,0.3856779536657,0.0000001194391
3526,0.2099106546180,3.1788740250846,0.5050590107553,0.3478592938068,0.3856701783871,0.0000001194391
3529,0.2099096107105,3.1788582162146,0.5050590107553,0.3478076908219,0.3856515250552,0.0000001194391
3530,0.2099188476092,3.1789980992397,0.5049413775357,0.3477264078729,0.3855740605290,0.0000001194391
3533,0.2099142341708,3.1789282336114,0.5049413775357,0.3475990604337,0.3855275907068,0.0000001194391
3536,0.2099182654153,3.1789892825312,0.5048945435155,0.3475726350357,0.3854989451798,0.0000001170503
3539,0.2099115852214,3.1788881180852,0.5048477094952,0.3475720524149,0.3854772339079,0.0000001170503
3543,0.2099192008817,3.1790034491758,0.5047300762756,0.3475492082362,0.3854202929628,0.0000001170503
3560,0.2099082857379,3.1788381509101,0.5046832422554,0.3475060029696,0.3853824518281,0.0000001147093
3561,0.2099148123134,3.1789369889680,0.5046832422554,0.3474449253037,0.3853620369279,0.0000001147093
3563,0.2099189840391,3.1790001653247,0.5045656090357,0.3474389378533,0.3853103782570,0.0000001147093
3570,0.2099183621123,3.1789907469033,0.5044479758161,0.3474144970593,0.3852511018950,0.0000001147093
3575,0.2099194434445,3.1790071225323,0.5044948098364,0.3473306295875,0.3852414526635,0.0000001124151
3576,0.2099222915328,3.1790502538060,0.5044948098364,0.3473266860713,0.3852406545695,0.0000001124151
3578,0.2099306984146,3.1791775671055,0.5044948098364,0.3472770178483,0.3852247173931,0.0000001124151
3581,0.2099289969940,3.1791518008981,0.5045416438566,0.3472159977353,0.3852226316284,0.0000001124151
3582,0.2099330960579,3.1792138768685,0.5045416438566,0.3472042004820,0.3852192966945,0.0000001124151
3583,0.2099311135924,3.1791838545328,0.5044240106370,0.3471578032354,0.3851518871983,0.0000001124151
3584,0.2099389795601,3.1793029762633,0.5043771766167,0.3471482168888,0.3851300773446,0.0000001124151
3586,0.2099355572246,3.1792511486252,0.5043771766167,0.3471253931917,0.3851211926666,0.0000001124151
3587,0.2099332569413,3.1792163132764,0.5042595433971,0.3470617664801,0.3850475616862,0.0000001124151
3588,0.2099204177306,3.1790218770602,0.5042127093769,0.3470040388821,0.3850041217045,0.0000001124151
3591,0.2099161549766,3.1789573221773,0.5042127093769,0.3469552176653,0.3849857721084,0.0000001124151
3595,0.2099161893384,3.1789578425497,0.5042127093769,0.3469386948525,0.3849798784671,0.0000001124151
3599,0.2099144126121,3.1789309359164,0.5042127093769,0.3467908311179,0.3849266892634,0.0000001101668
3600,0.2099258639273,3.1791043539290,0.5040950761573,0.3467200068927,0.3848534345135,0.0000001101668
3601,0.2099410410519,3.1793341953689,0.5040950761573,0.3466139080343,0.3848187943050,0.0000001101668
3608,0.2099371430353,3.1792751640446,0.5041419101775,0.3465469305918,0.3848141102236,0.0000001101668
3613,0.2099313025235,3.1791867156940,0.5041419101775,0.3465198376074,0.3848031826195,0.0000001101668
3614,0.2099278776698,3.1791348499205,0.5041419101775,0.3464048649007,0.3847613870413,0.0000001101668
3618,0.2099211279137,3.1790326320299,0.5041419101775,0.3458568195482,0.3845642101819,0.0000001079634
3621,0.2099320436252,3.1791979388925,0.5041419101775,0.3457357974601,0.3845233270886,0.0000001079634
3623,0.2099445708418,3.1793876502889,0.5040950761573,0.3457591988084,0.3845142973936,0.0000001079634
3628,0.2099480388227,3.1794401691789,0.5041419101775,0.3456725797398,0.3845041768737,0.0000001079634
3639,0.2099429281307,3.1793627731732,0.5040950761573,0.3455579648502,0.3844420761133,0.0000001058042
3640,0.2099366823799,3.1792681879086,0.5040950761573,0.3455471720659,0.3844368831723,0.0000001058042
3641,0.2099379783788,3.1792878144359,0.5040950761573,0.3454671824206,0.3844085931559,0.0000001058042
3642,0.2099429314293,3.1793628231273,0.5040482421370,0.3453971996878,0.3843645889678,0.0000001058042
3644,0.2099454292471,3.1794006499264,0.5040482421370,0.3453847377780,0.3843606735324,0.0000001058042
3645,0.2099344613630,3.1792345529649,0.5040014081168,0.3453688612434,0.3843325813576,0.0000001058042
3646,0.2099465490114,3.1794176075676,0.5040009453409,0.3453013099732,0.3843108477818,0.0000001058042
3648,0.2099543911464,3.1795363683771,0.5038833121213,0.3451763101006,0.3842174711907,0.0000001058042
3649,0.2099601158938,3.1796230635995,0.5037656789017,0.3450835440423,0.3841351529502,0.0000001058042
3650,0.2099601950673,3.1796242625985,0.5037656789017,0.3450276460251,0.3841152063384,0.0000001058042
3652,0.2099550379045,3.1795461628424,0.5037656789017,0.3448886251236,0.3840644509101,0.0000001058042
3655,0.2099582307702,3.1795945154036,0.5037656789017,0.3448405105053,0.3840479513034,0.0000001058042
3662,0.2099601267078,3.1796232273659,0.5037656789017,0.3447498597149,0.3840159822934,0.0000001036881
3666,0.2099673049441,3.1797319341350,0.5037188448814,0.3447537040216,0.3839988217307,0.0000001036881
3677,0.2099700728860,3.1797738516754,0.5037188448814,0.3446388871185,0.3839584088242,0.0000001036881
3679,0.2099716669079,3.1797979914457,0.5036012116618,0.3445708055939,0.3838840213332,0.0000001036881
3680,0.2099729955037,3.1798181116186,0.5036012116618,0.3444094201235,0.3838266683643,0.0000001036881
3683,0.2099794143259,3.1799153178668,0.5036012116618,0.3443739516053,0.3838153764982,0.0000001016143
3685,0.2099760312407,3.1798640846327,0.5035543776416,0.3443276653432,0.3837780490205,0.0000001016143
3688,0.2099777672155,3.1798903741284,0.5036012116618,0.3442402005816,0.3837672553233,0.0000001016143
3693,0.2099787576500,3.1799053732072,0.5035543776416,0.3442378876915,0.3837465698041,0.0000001016143
3698,0.2099805387895,3.1799323466740,0.5035075436214,0.3442329005346,0.3837250986264,0.0000001016143
3699,0.2099829934800,3.1799695203565,0.5035075436214,0.3442246381481,0.3837226737792,0.0000001016143
3700,0.2099821247285,3.1799563640361,0.5033899104017,0.3441700871163,0.3836525908698,0.0000001016143
3703,0.2099828198358,3.1799668906992,0.5033899104017,0.3441573252318,0.3836481820055,0.0000000995820
3704,0.2099872390947,3.1800338156829,0.5032722771821,0.3440588170409,0.3835635332558,0.0000000995820
3707,0.2099888311555,3.1800579257545,0.5032722771821,0.3440453103614,0.3835590505976,0.0000000995820
3709,0.2099861134295,3.1800167686783,0.5031546439625,0.3439589492707,0.3834772107441,0.0000000995820
3730,0.2099865864643,3.1800239322891,0.5032014779827,0.3438726293309,0.3834665552817,0.0000000975904
3736,0.2099857403973,3.1800111195027,0.5032014779827,0.3438197978006,0.3834475055780,0.0000000975904
3737,0.2099891552692,3.1800628341126,0.5030838447631,0.3437821366723,0.3833843726963,0.0000000975904
3738,0.2099906391929,3.1800853065611,0.5030838447631,0.3436428960042,0.3833349618699,0.0000000975904
3743,0.2099885551193,3.1800537454783,0.5029662115435,0.2912246045815,0.3645632826805,0.0000000975904
3745,0.2099911008803,3.1800922983265,0.5029662115435,0.2911646107513,0.3645424018327,0.0000000975904
3747,0.2099875373414,3.1800383323133,0.5029662115435,0.2911318730434,0.3645299461787,0.0000000956386
3749,0.2099924874830,3.1801132969524,0.5029662115435,0.2910145926194,0.3644891210576,0.0000000956386
3754,0.2099952443453,3.1801550467047,0.5029193775233,0.2909982201833,0.3644637927923,0.0000000956386
3757,0.2100056029122,3.1803119162042,0.5028017443036,0.2910584933443,0.3644371243771,0.0000000956386
3758,0.2100059496415,3.1803171670515,0.5027549102834,0.2905949954596,0.3642515919945,0.0000000956386
3759,0.2100038672315,3.1802856311622,0.5026372770638,0.2905310212806,0.3641778836057,0.0000000956386
3762,0.2100081896819,3.1803510900859,0.5026372770638,0.2904824282450,0.3641614551895,0.0000000956386
3764,0.2100077769982,3.1803448404291,0.5026372770638,0.2903564305762,0.3641163675899,0.0000000956386
3765,0.2100028843955,3.1802707471550,0.5025904430436,0.2902828877503,0.3640689821571,0.0000000956386
3768,0.2100014795424,3.1802494721459,0.5025904430436,0.2901802628908,0.3640320293816,0.0000000956386
3769,0.2100033913907,3.1802784250595,0.5025904430436,0.2900872627441,0.3639992247253,0.0000000956386
3773,0.2100015681236,3.1802508136146,0.5024728098239,0.2900398227235,0.3639314769237,0.0000000937258
3776,0.2099909097185,3.1800894033837,0.5024728098239,0.2900050419311,0.3639167712682,0.0000000937258
3778,0.2099983336418,3.1802018308209,0.5024728098239,0.2899618652217,0.3639029418555,0.0000000937258
3780,0.2100028616256,3.1802704023288,0.5024728098239,0.2898696923083,0.3638709932401,0.0000000937258
3787,0.2100046265601,3.1802971303880,0.5023551766043,0.2898548628547,0.3638156609700,0.0000000937258
3788,0.2100036751541,3.1802827223549,0.5023551766043,0.2898548160711,0.3638154403888,0.0000000937258
3790,0.2100039657367,3.1802871229198,0.5023551766043,0.2898316700005,0.3638072362027,0.0000000937258
3791,0.2100079762742,3.1803478582532,0.5023551766043,0.2898218865052,0.3638046014982,0.0000000937258
3794,0.2100067226504,3.1803288734508,0.5023551766043,0.2898158688194,0.3638021836910,0.0000000918513
3796,0.2100091071966,3.1803649848711,0.5023551766043,0.2897580056148,0.3637820292350,0.0000000918513
3797,0.2100146425267,3.1804488115694,0.5022375433847,0.2898125279649,0.3637522734080,0.0000000918513
3804,0.2100152075180,3.1804573677625,0.5022375433847,0.2897877741698,0.3637435538365,0.0000000918513
3830,0.2100127040915,3.1804194560264,0.5021199101651,0.2897177431715,0.3636675920802,0.0000000900143
3832,0.2100170950164,3.1804859519234,0.5020730761448,0.2897115488827,0.3636462490237,0.0000000900143
3833,0.2100155994795,3.1804633036034,0.5020730761448,0.2897032427085,0.3636429620607,0.0000000900143
3834,0.2100236911717,3.1805858436927,0.5020262421246,0.2897079614128,0.3636263095234,0.0000000900143
