0,0.2063240533919,3.124558757017,0.5553584234398,0.3201241934734,0.3965531191558,10
1,0.2063293938255,3.124639632214,0.5553584234398,0.3195765715024,0.3963586842591,10.0000000000000
2,0.2063255310000,3.1245811338228,0.5553584234398,0.3195330488450,0.3963423127046,10.0000000000000
3,0.2063277590258,3.1246148749075,0.5554052574601,0.3194308388692,0.3963263582988,10.0000000000000
2986,0.2092735472628,3.1692257105380,0.5065689713008,0.3757339011708,0.3961359982462,0.0000002279880
2987,0.2092760942736,3.1692642823123,0.5065689713008,0.3755379413014,0.3960665583666,0.0000002279880
2988,0.2092710608517,3.1691880564807,0.5065221372806,0.3755247150444,0.3960406843900,0.0000002279880
2989,0.2092704732629,3.1691791580718,0.5065221372806,0.3754906843689,0.3960284046655,0.0000002279880
2991,0.2092698891960,3.1691703129999,0.5064753032603,0.3754664802834,0.3959995634691,0.0000002279880
2992,0.2092620918101,3.1690522298679,0.5064753032603,0.3753861702260,0.3959692104373,0.0000002234282
2994,0.2092579714460,3.1689898313266,0.5063576700407,0.3753946757657,0.3959209509579,0.0000002234282
2995,0.2092578055823,3.1689873194972,0.5063576700407,0.3752644159441,0.3958743940508,0.0000002234282
2996,0.2092484389806,3.1688454722583,0.5063576700407,0.3751145130693,0.3958188501809,0.0000002234282
2997,0.2092331506865,3.1686139472744,0.5063576700407,0.3750427633283,0.3957899492104,0.0000002234282
2998,0.2092386727520,3.1686975730934,0.5062400368211,0.3749858303677,0.3957203850729,0.0000002234282
3000,0.2092414278858,3.1687392966706,0.5062400368211,0.3749716914365,0.3957159258405,0.0000002234282
3002,0.2092454811304,3.1688006787576,0.5061932028009,0.3748606603973,0.3956570687274,0.0000002234282
3003,0.2092479327112,3.1688378053462,0.5061932028009,0.3747953128488,0.3956342556559,0.0000002234282
3010,0.2092430881949,3.1687644402886,0.5061932028009,0.3747893078905,0.3956310729173,0.0000002189596
3012,0.2092417786193,3.1687446081572,0.5061463687806,0.3748024843165,0.3956154264375,0.0000002189596
3014,0.2092425861845,3.1687568378751,0.5060995347604,0.3747665438672,0.3955826918894,0.0000002189596
3017,0.2092520209684,3.1688997176612,0.5060995347604,0.3747477819481,0.3955780129434,0.0000002189596
3019,0.2092546500964,3.1689395330132,0.5060995347604,0.3746333397585,0.3955377041174,0.0000002189596
3021,0.2092517853441,3.1688961493812,0.5060527007402,0.3746202811162,0.3955123547182,0.0000002145805
3024,0.2092519091557,3.1688980243762,0.5060058667199,0.3745945813395,0.3954831310346,0.0000002145805
3029,0.2092586011889,3.1689993681156,0.5060058667199,0.3744472627510,0.3954319512601,0.0000002145805
3035,0.2092605255655,3.1690285107563,0.5058882335003,0.3744252803541,0.3953740985335,0.0000002145805
3036,0.2092636221396,3.1690754050823,0.5059350675205,0.3743660231832,0.3953736705327,0.0000002102888
3040,0.2092702009563,3.1691750342774,0.5059117193759,0.3743560675889,0.3953615183620,0.0000002102888
3044,0.2092700673936,3.1691730116133,0.5059117193759,0.3742964237014,0.3953401883531,0.0000002102888
3045,0.2092699604210,3.1691713916256,0.5058648853557,0.3742798452465,0.3953141728307,0.0000002102888
3046,0.2092803820225,3.1693292157180,0.5058648853557,0.3742367947422,0.3953010308509,0.0000002102888
3053,0.2092812624155,3.1693425483341,0.5058648853557,0.3741897773093,0.3952844275662,0.0000002060831
3055,0.2092843072425,3.1693886590067,0.5058648853557,0.3740364608768,0.3952303241604,0.0000002060831
3056,0.2092925984064,3.1695142198824,0.5059117193759,0.3738667129939,0.3951915483174,0.0000002060831
3061,0.2092948235323,3.1695479170519,0.5058648853557,0.3738933127918,0.3951814533350,0.0000002060831
3071,0.2092970204272,3.1695811866932,0.5058648853557,0.3738822229476,0.3951779634395,0.0000002019614
3073,0.2092945846175,3.1695442989413,0.5058648853557,0.3736894591415,0.3951085972639,0.0000002019614
3079,0.2092872312803,3.1694329404560,0.5058648853557,0.3736741188404,0.3951015428698,0.0000002019614
3080,0.2092874172641,3.1694357569828,0.5058180513354,0.3736710362971,0.3950804100922,0.0000002019614
3083,0.2092917474832,3.1695013335549,0.5058180513354,0.3734942198151,0.3950181892527,0.0000001979222
3085,0.2092886239370,3.1694540307637,0.5057712173152,0.3735455504847,0.3950157805804,0.0000001979222
3093,0.2092906557093,3.1694847997980,0.5057243832950,0.3735506288319,0.3949979579326,0.0000001979222
3095,0.2092874431575,3.1694361491114,0.5056067500753,0.3714294989497,0.3941893089052,0.0000001979222
3097,0.2092852781446,3.1694033622884,0.5056067500753,0.3713929484123,0.3941757912105,0.0000001939637
3099,0.2092872426980,3.1694331133651,0.5056067500753,0.3713128920122,0.3941476206148,0.0000001939637
3102,0.2092914048913,3.1694961453640,0.5056067500753,0.3712144657816,0.3941133602881,0.0000001939637
3103,0.2092945981571,3.1695445039844,0.5054891168557,0.3712673529179,0.3940825185854,0.0000001939637
3107,0.2092947096624,3.1695461926138,0.5054422828355,0.3713115689286,0.3940782621888,0.0000001939637
3109,0.2092978890810,3.1695943415324,0.5053246496159,0.3711759321597,0.3939800875526,0.0000001939637
3110,0.2092936468297,3.1695300971414,0.5053246496159,0.3710826815847,0.3939458747220,0.0000001939637
3111,0.2092896206002,3.1694691241685,0.5053246496159,0.3710278041951,0.3939254128908,0.0000001900845
3116,0.2092908999241,3.1694884981712,0.5052778155956,0.3709955719056,0.3938941037767,0.0000001900845
3119,0.2092836307446,3.1693784141649,0.5052309815754,0.3709531239218,0.3938573143782,0.0000001900845
3124,0.2092877368145,3.1694405962339,0.5051133483558,0.3709310126118,0.3937998831169,0.0000001900845
3126,0.2092949292119,3.1695495174576,0.5051133483558,0.3707522238171,0.3937375712040,0.0000001900845
3128,0.2092998361495,3.1696238278189,0.5051133483558,0.3703295213918,0.3935876575387,0.0000001862828
3129,0.2093013685157,3.1696470338775,0.5049957151362,0.3702891141517,0.3935231405088,0.0000001862828
3131,0.2093096764212,3.1697728482874,0.5049957151362,0.3700855310514,0.3934522125241,0.0000001862828
3132,0.2093084724014,3.1697546146852,0.5049957151362,0.3700444240369,0.3934372734433,0.0000001862828
3140,0.2093110439018,3.1697935573286,0.5048780819165,0.3699397187419,0.3933500154939,0.0000001862828
3142,0.2093067108360,3.1697279376480,0.5048780819165,0.3694315628711,0.3931676027402,0.0000001862828
3145,0.2093143516232,3.1698436492584,0.5048780819165,0.3694252296181,0.3931669781757,0.0000001825571
3146,0.2093179404027,3.1698979975133,0.5048780819165,0.3693453442898,0.3931392167254,0.0000001825571
3156,0.2093250113308,3.1700050792140,0.5048312478963,0.3693166871782,0.3931104255187,0.0000001825571
3159,0.2093336862217,3.1701364512275,0.5047844138761,0.3692711792796,0.3930759598800,0.0000001789060
3160,0.2093318324576,3.1701083779377,0.5047844138761,0.3691865042645,0.3930453215680,0.0000001789060
3163,0.2093296897633,3.1700759291070,0.5047844138761,0.3691844227580,0.3930441190240,0.0000001789060
3166,0.2093329067148,3.1701246464229,0.5046667806564,0.3691598872694,0.3929856314593,0.0000001789060
3167,0.2093413609098,3.1702526762312,0.5046641252044,0.3691333759092,0.3929768366787,0.0000001789060
3169,0.2093353008199,3.1701609026032,0.5046641252044,0.3682379807881,0.3926557541162,0.0000001789060
3171,0.2093325578182,3.1701193627533,0.5046641252044,0.3681967594378,0.3926404444193,0.0000001789060
3173,0.2093339787880,3.1701408818324,0.5046641252044,0.3681541798971,0.3926255419340,0.0000001789060
3179,0.2093408526315,3.1702449788955,0.5046641252044,0.3681359488975,0.3926205038292,0.0000001753279
3180,0.2093444549294,3.1702995318735,0.5045464919848,0.3680987132303,0.3925575630606,0.0000001753279
3184,0.2093437364633,3.1702886514666,0.5045464919848,0.3678216187578,0.3924584467920,0.0000001753279
3187,0.2093418196254,3.1702596229923,0.5044288587652,0.3677818540253,0.3923934201139,0.0000001753279
3191,0.2093437631028,3.1702890548932,0.5044288587652,0.3677013952628,0.3923651013010,0.0000001718213
3200,0.2093468030728,3.1703350920120,0.5043112255455,0.3676706169572,0.3923043462341,0.0000001718213
3201,0.2093460389195,3.1703235197219,0.5043112255455,0.3676307822321,0.3922899557994,0.0000001718213
3205,0.2093491080867,3.1703699990013,0.5043112255455,0.3676158760218,0.3922852898316,0.0000001718213
3210,0.2093354551072,3.1701632391208,0.5043580595658,0.3675567515159,0.3922813200212,0.0000001683849
3211,0.2093449752879,3.1703074121496,0.5043580595658,0.3673503149753,0.3922096327239,0.0000001683849
3214,0.2093455594125,3.1703162580977,0.5043580595658,0.3673391619906,0.3922057746847,0.0000001683849
3215,0.2093371923780,3.1701895482416,0.5043580595658,0.3673331358402,0.3922018295521,0.0000001683849
3219,0.2093299006011,3.1700791220219,0.5044048935860,0.3672497430253,0.3921905556033,0.0000001683849
3220,0.2093219219036,3.1699582931188,0.5044048935860,0.3672273972079,0.3921808652333,0.0000001683849
3223,0.2093176172765,3.1698931041112,0.5044048935860,0.3671255287779,0.3921435612311,0.0000001683849
3226,0.2093121134730,3.1698097548500,0.5044048935860,0.3670975454123,0.3921323877855,0.0000001650172
3228,0.2093111881908,3.1697957424321,0.5043580595658,0.3670847679219,0.3921075543983,0.0000001650172
3229,0.2093096493986,3.1697724390581,0.5042404263462,0.3670888014955,0.3920582509822,0.0000001650172
3231,0.2093115278379,3.1698008860282,0.5042404263462,0.3669284830858,0.3920013969300,0.0000001650172
3232,0.2093117420299,3.1698041297386,0.5041227931265,0.3667963135176,0.3919038251741,0.0000001650172
3235,0.2093144156388,3.1698446187066,0.5040051599069,0.3667786817326,0.3918476867872,0.0000001650172
3238,0.2093170862696,3.1698850625756,0.5040051599069,0.3667692058362,0.3918448748165,0.0000001650172
3239,0.2093243621347,3.1699952478279,0.5038875266873,0.3667799589197,0.3917998600805,0.0000001650172
3241,0.2093292199207,3.1700688138401,0.5038406926671,0.3668219253070,0.3917958173071,0.0000001617168
3243,0.2093218877803,3.1699577763573,0.5037938586468,0.3668499775079,0.3917841930544,0.0000001617168
3244,0.2093271187796,3.1700369942889,0.5036762254272,0.3667891323975,0.3917131693492,0.0000001617168
3247,0.2093297635492,3.1700770465171,0.5036762254272,0.3661880527320,0.3914990647765,0.0000001617168
3251,0.2093348929452,3.1701547257738,0.5035585922076,0.3660670635889,0.3914065392876,0.0000001617168
3252,0.2093347544193,3.1701526279462,0.5034409589880,0.3661552892195,0.3913876045202,0.0000001617168
3253,0.2093324728621,3.1701180761834,0.5034657119880,0.3660995213451,0.3913778069457,0.0000001617168
3263,0.2093301248367,3.1700825178320,0.5034657119880,0.3660523644774,0.3913604620589,0.0000001584825
3264,0.2093271867398,3.1700380234738,0.5034188779677,0.3660136329210,0.3913259280451,0.0000001584825
3271,0.2093342219847,3.1701445647889,0.5033012447481,0.3659497388532,0.3912542020506,0.0000001584825
3272,0.2093335035584,3.1701336849853,0.5033012447481,0.3659398007982,0.3912504987968,0.0000001584825
3273,0.2093215807260,3.1699531263457,0.5033480787683,0.3658458288104,0.3912344542029,0.0000001584825
3276,0.2093197855733,3.1699259406631,0.5032304455487,0.3658586667312,0.3911882402620,0.0000001553128
3278,0.2093201685681,3.1699317407130,0.5032304455487,0.3658025599483,0.3911682841956,0.0000001553128
3282,0.2093281964818,3.1700533149443,0.5032304455487,0.3654309199055,0.3910372758761,0.0000001553128
3284,0.2093353601076,3.1701618004516,0.5031836115285,0.3654619136671,0.3910298084164,0.0000001553128
3288,0.2093326290240,3.1701204410906,0.5032304455487,0.3654060410141,0.3910293403882,0.0000001553128
3290,0.2093320596202,3.1701118180743,0.5032304455487,0.3653825189998,0.3910208176537,0.0000001553128
3291,0.2093322024871,3.1701139816413,0.5031128123291,0.3653135714915,0.3909458099210,0.0000001553128
3293,0.2093377568277,3.1701980962337,0.5031128123291,0.3652885475381,0.3909380630106,0.0000001522066
3294,0.2093310722299,3.1700968650966,0.5031596463493,0.3629464801146,0.3901202496685,0.0000001522066
3297,0.2093274894459,3.1700426076355,0.5031596463493,0.3629275006306,0.3901127035419,0.0000001522066
3299,0.2093214561087,3.1699512391497,0.5031596463493,0.3627725375766,0.3900560667361,0.0000001522066
3302,0.2093205667524,3.1699377707927,0.5030420131297,0.3627558367203,0.3899994973312,0.0000001522066
3308,0.2093216978077,3.1699548994246,0.5029951791095,0.3627521433195,0.3899783489055,0.0000001522066
3309,0.2093274336780,3.1700417630904,0.5029951791095,0.3627363826178,0.3899739491986,0.0000001522066
3311,0.2093327739703,3.1701226361488,0.5029483450892,0.3627202815087,0.3899492714279,0.0000001491625
3314,0.2093398097035,3.1702291848581,0.5029483450892,0.3625865895725,0.3899030319649,0.0000001491625
3317,0.2093396718124,3.1702270966437,0.5029483450892,0.3625804826176,0.3899008213615,0.0000001491625
3323,0.2093409982862,3.1702471846814,0.5028307118696,0.3625746455614,0.3898486067060,0.0000001491625
3325,0.2093383007346,3.1702063331259,0.5028307118696,0.3625200525734,0.3898285311635,0.0000001491625
3328,0.2093447360413,3.1703037890147,0.5028307118696,0.3621323297032,0.3896914377041,0.0000001461792
3330,0.2093337065755,3.1701367594634,0.5027838778494,0.3621183740247,0.3896640183533,0.0000001461792
3338,0.2093279851304,3.1700501142512,0.5027370438292,0.3621642907442,0.3896591194348,0.0000001461792
3340,0.2093286245630,3.1700597977790,0.5027370438292,0.3620886938902,0.3896322575796,0.0000001461792
3341,0.2093389675228,3.1702164309251,0.5026194106095,0.3620685227273,0.3895768557044,0.0000001461792
3342,0.2093477355443,3.1703492133035,0.5026194106095,0.3618565412869,0.3895030269089,0.0000001461792
3343,0.2093402292771,3.1702355388554,0.5026194106095,0.3618573193189,0.3895016962916,0.0000001461792
3347,0.2093420722909,3.1702634493431,0.5026194106095,0.3616502178557,0.3894281264149,0.0000001432556
3350,0.2093476770636,3.1703483276745,0.5026194106095,0.3615999591259,0.3894113778913,0.0000001432556
3351,0.2093480384060,3.1703537998229,0.5025017773899,0.3615261133045,0.3893346675771,0.0000001432556
3354,0.2093493831759,3.1703741649353,0.5025017773899,0.3614507858550,0.3893080530816,0.0000001432556
3355,0.2093433732930,3.1702831516377,0.5025017773899,0.3614302277853,0.3892994230818,0.0000001432556
3356,0.2093412738184,3.1702513573238,0.5025017773899,0.3613856091198,0.3892830379567,0.0000001432556
3357,0.2093419977956,3.1702623211896,0.5023841441703,0.3614046816401,0.3892395904721,0.0000001432556
3358,0.2093433314453,3.1702825178989,0.5024309781905,0.3613269193504,0.3892321757308,0.0000001432556
3359,0.2093469394247,3.1703371569178,0.5024309781905,0.3612011062980,0.3891880156362,0.0000001432556
3364,0.2093494840848,3.1703756930936,0.5023133449709,0.3611829160686,0.3891316501731,0.0000001403905
3368,0.2093605544329,3.1705433417634,0.5023133449709,0.3611483784157,0.3891216875145,0.0000001403905
3369,0.2093640199078,3.1705958227017,0.5023133449709,0.3610942150573,0.3891030860597,0.0000001403905
3373,0.2093591678710,3.1705223437548,0.5023133449709,0.3610847775050,0.3890986757831,0.0000001403905
3375,0.2093603670816,3.1705405045267,0.5023133449709,0.3610151844145,0.3890740780816,0.0000001403905
3379,0.2093640297592,3.1705959718908,0.5023133449709,0.3609853216575,0.3890641976708,0.0000001403905
3380,0.2093600724471,3.1705360426000,0.5021957117513,0.3610078241891,0.3890209720568,0.0000001403905
3382,0.2093698774797,3.1706845294091,0.5020780785317,0.3609316008862,0.3889454362900,0.0000001375827
3383,0.2093732418551,3.1707354793033,0.5020780785317,0.3608543680498,0.3889185740717,0.0000001375827
3385,0.2093721822840,3.1707194332228,0.5020780785317,0.3607237747927,0.3888717065718,0.0000001375827
3387,0.2093719899489,3.1707165205124,0.5019604453120,0.3606991539854,0.3888124579747,0.0000001375827
3388,0.2093727843226,3.1707285504592,0.5018428120924,0.3607907075139,0.3887949116494,0.0000001375827
3392,0.2093756294061,3.1707716362289,0.5018428120924,0.3607675278859,0.3887872428716,0.0000001375827
3396,0.2093744368248,3.1707535758509,0.5017959780722,0.3607813412904,0.3887718489542,0.0000001375827
3397,0.2093683758747,3.1706617891951,0.5016783448526,0.3607472383442,0.3887079563186,0.0000001375827
3400,0.2093725092604,3.1707243849348,0.5015607116329,0.3607127292996,0.3886461031484,0.0000001348310
3410,0.2093717348793,3.1707126577543,0.5014430784133,0.3606274170853,0.3885650543246,0.0000001348310
3411,0.2093813180631,3.1708577848992,0.5014430784133,0.3606052019406,0.3885591738837,0.0000001348310
3415,0.2093835373181,3.1708913931606,0.5013254451937,0.3605329623701,0.3884834353548,0.0000001348310
3421,0.2093832926080,3.1708876872854,0.5012786111735,0.3605742820469,0.3884780682214,0.0000001321344
3422,0.2093829034409,3.1708817937633,0.5012786111735,0.3605560750782,0.3884714823396,0.0000001321344
3424,0.2093708597095,3.1706994042361,0.5012786111735,0.3605103741314,0.3884525797733,0.0000001321344
3427,0.2093702958443,3.1706908650965,0.5012317771532,0.3604188206029,0.3883996895333,0.0000001321344
3429,0.2093734726726,3.1707389747889,0.5011141439336,0.3603869545841,0.3883385753243,0.0000001321344
3433,0.2093765110289,3.1707849874702,0.5011141439336,0.3603543131281,0.3883275687378,0.0000001321344
3434,0.2093759699431,3.1707767932999,0.5010673099134,0.3603214824198,0.3882956558149,0.0000001321344
3439,0.2093873268942,3.1709487822681,0.5010673099134,0.3603117544101,0.3882946151581,0.0000001294917
3440,0.2093882754839,3.1709631476510,0.5010673099134,0.3602174836990,0.3882611503162,0.0000001294917
3449,0.2093920869551,3.1710208683366,0.5009496766938,0.3601448796263,0.3881856227971,0.0000001294917
3454,0.2093971467541,3.1710974936210,0.5009965107140,0.3600744315697,0.3881816187425,0.0000001294917
3460,0.2093949088853,3.1710636034742,0.5009496766938,0.3600764195073,0.3881617774539,0.0000001269019
3461,0.2093987654496,3.1711220070458,0.5009496766938,0.3600167958507,0.3881413096975,0.0000001269019
3462,0.2094113156501,3.1713120665101,0.5009496766938,0.3599385571387,0.3881160566290,0.0000001269019
3463,0.2094078345864,3.1712593494953,0.5009965107140,0.3598650407352,0.3881091265514,0.0000001269019
3465,0.2094119955536,3.1713223629263,0.5008788774944,0.3597247811879,0.3880095112547,0.0000001269019
3466,0.2094088957785,3.1712754201227,0.5008320434741,0.3597118347009,0.3879841515489,0.0000001269019
3468,0.2094123466619,3.1713276800892,0.5007144102545,0.3596395316281,0.3879086542610,0.0000001269019
3471,0.2094175520756,3.1714065105537,0.5007144102545,0.3595968967114,0.3878945429508,0.0000001269019
3472,0.2094196471031,3.1714382375208,0.5007144102545,0.3595255533565,0.3878695121156,0.0000001269019
3474,0.2094102742288,3.1712962952899,0.5007144102545,0.3587462741740,0.3875891896488,0.0000001269019
3482,0.2094099513012,3.1712914048935,0.5006675762343,0.3587293599312,0.3875630079261,0.0000001243639
3483,0.2094052284547,3.1712198823971,0.5006207422140,0.3587441068125,0.3875471909079,0.0000001243639
3485,0.2094040348196,3.1712018060613,0.5005031089944,0.3587001757857,0.3874808312396,0.0000001243639
3486,0.2093994323969,3.1711321072544,0.5004562749742,0.3587028051661,0.3874607123476,0.0000001243639
3491,0.2094073009801,3.1712512685949,0.5004562749742,0.3586116047308,0.3874298268885,0.0000001243639
3492,0.2094164264314,3.1713894638664,0.5003386417546,0.3586560246592,0.3873972323655,0.0000001243639
3493,0.2094215496305,3.1714670492786,0.5002918077343,0.3586300131133,0.3873689686331,0.0000001243639
3494,0.2094213372096,3.1714638323890,0.5002449737141,0.3585537420873,0.3873216117393,0.0000001243639
3495,0.2094268921900,3.1715479566701,0.5001273404945,0.3584807842641,0.3872463314898,0.0000001218766
3497,0.2094306844516,3.1716053864467,0.5000805064743,0.3585236351211,0.3872423762718,0.0000001218766
3498,0.2094387713920,3.1717278545740,0.5000805064743,0.3584727296559,0.3872259286644,0.0000001218766
3508,0.2094326939378,3.1716358179817,0.4999628732546,0.3585482820331,0.3872011951076,0.0000001218766
3510,0.2094292830050,3.1715841630249,0.4999160392344,0.3585439082867,0.3871788304182,0.0000001218766
3511,0.2094309206805,3.1716089638824,0.4998692052142,0.3584944801052,0.3871414567038,0.0000001218766
3512,0.2094323001285,3.1716298541583,0.4997515719945,0.3584627387833,0.3870800018764,0.0000001218766
3513,0.2094236512504,3.1714988760801,0.4997515719945,0.3583924715753,0.3870530531139,0.0000001218766
3521,0.2094222071855,3.1714770072506,0.4997047379743,0.3584424763268,0.3870505307883,0.0000001194391
3525,0.2094301187212,3.1715968190602,0.4997047379743,0.3584201800817,0.3870442631727,0.0000001194391
3530,0.2094296599676,3.1715898717233,0.4997047379743,0.3583628717328,0.3870236976009,0.0000001194391
3531,0.2094378285996,3.1717135769837,0.4996579039541,0.3583823375979,0.3870123283938,0.0000001194391
3534,0.2094382375728,3.1717197704489,0.4996110699339,0.3583672192150,0.3869869448855,0.0000001194391
3537,0.2094344716101,3.1716627389410,0.4996110699339,0.3583293561279,0.3869726153623,0.0000001170503
3544,0.2094316198659,3.1716195523025,0.4995642359136,0.3582801661200,0.3869343646914,0.0000001170503
3553,0.2094316665808,3.1716202597512,0.4995174018934,0.3582635876651,0.3869083821020,0.0000001170503
3554,0.2094238369126,3.1715016877378,0.4993997686738,0.3582717843910,0.3868592174811,0.0000001170503
3557,0.2094279856530,3.1715645160068,0.4992821354541,0.3583361124251,0.3868326665578,0.0000001147093
3558,0.2094319456863,3.1716244865064,0.4992353014339,0.3583764716648,0.3868278574276,0.0000001147093
3559,0.2094402442833,3.1717501599490,0.4992821354541,0.3582432296030,0.3868021209707,0.0000001147093
3563,0.2094405959573,3.1717554856779,0.4991649815381,0.3582548238371,0.3867561283061,0.0000001147093
3565,0.2094454723581,3.1718293335920,0.4992118155583,0.3581682440429,0.3867463236170,0.0000001147093
3568,0.2094542912188,3.1719628858758,0.4990941823387,0.3580801955596,0.3866663532491,0.0000001147093
3576,0.2094610232113,3.1720648347554,0.4989765491191,0.3581243487418,0.3866331505756,0.0000001124151
3582,0.2094580752205,3.1720201905634,0.4988589158995,0.3580177972888,0.3865440505359,0.0000001124151
3584,0.2094656441214,3.1721348135322,0.4988589158995,0.3580024771392,0.3865402009612,0.0000001124151
3585,0.2094575501742,3.1720122392948,0.4987412826799,0.3580130517636,0.3864918289586,0.0000001124151
3586,0.2094662011387,3.1721432489682,0.4986944486596,0.3580317790475,0.3864802993294,0.0000001124151
3591,0.2094701629638,3.1722032466044,0.4986944486596,0.3579683950773,0.3864585111597,0.0000001124151
3592,0.2094730385789,3.1722467947415,0.4987412826799,0.3578976299489,0.3864539258257,0.0000001124151
3594,0.2094791548744,3.1723394195441,0.4987412826799,0.3578936809917,0.3864538261186,0.0000001124151
3596,0.2094775093713,3.1723145001471,0.4987881167001,0.3578357773384,0.3864528653576,0.0000001101668
3597,0.2094841423480,3.1724149495370,0.4986704834805,0.3578270108031,0.3864007415673,0.0000001101668
3601,0.2094794372325,3.1723436955578,0.4986704834805,0.3578083737576,0.3863930772406,0.0000001101668
3604,0.2094825976786,3.1723915571588,0.4986704834805,0.3577428332591,0.3863703471581,0.0000001101668
3611,0.2094927747025,3.1725456773814,0.4985528502608,0.3577202081935,0.3863140333314,0.0000001101668
3618,0.2094915639208,3.1725273413784,0.4985528502608,0.3576513114119,0.3862891678848,0.0000001079634
3622,0.2094938209616,3.1725615218652,0.4985528502608,0.3576096014949,0.3862747551374,0.0000001079634
3634,0.2094949784198,3.1725790503416,0.4985992049775,0.3574080511559,0.3862228872074,0.0000001079634
3640,0.2094960115450,3.1725946959261,0.4984815717579,0.3573826983321,0.3861636397745,0.0000001058042
3653,0.2094933014058,3.1725536537442,0.4984099847377,0.3573041152020,0.3861043134752,0.0000001058042
3659,0.2094993402928,3.1726451062768,0.4983631507174,0.3572547974070,0.3860679223013,0.0000001036881
3664,0.2095016810359,3.1726805543469,0.4983631507174,0.3572125265049,0.3860533271384,0.0000001036881
3670,0.2095087714116,3.1727879305594,0.4983163166972,0.3572043914385,0.3860318694007,0.0000001036881
3673,0.2095040619980,3.1727166114899,0.4983163166972,0.3571925316038,0.3860266245854,0.0000001036881
3675,0.2094939094694,3.1725628622220,0.4982694826770,0.3572363135169,0.3860200137182,0.0000001036881
3676,0.2094910670150,3.1725198162671,0.4982694826770,0.3567349842362,0.3858403584491,0.0000001036881
3678,0.2094868833000,3.1724564583457,0.4981518494573,0.3567490038387,0.3857940547027,0.0000001036881
3680,0.2095011860133,3.1726730577543,0.4981518494573,0.3566610797212,0.3857657180993,0.0000001036881
3694,0.2095088655406,3.1727893560427,0.4980342162377,0.3566682778225,0.3857195202257,0.0000001016143
3697,0.2095073019982,3.1727656778539,0.4979873822175,0.3566214101643,0.3856823750087,0.0000001016143
3698,0.2095064554635,3.1727528579842,0.4979873822175,0.3561989228433,0.3855313052794,0.0000001016143
3699,0.2095093515319,3.1727967158648,0.4979405481972,0.3561491536243,0.3854940794215,0.0000001016143
3708,0.2095045498834,3.1727239999970,0.4978229149776,0.3560735207104,0.3854156245049,0.0000000995820
3710,0.2095011569583,3.1726726177481,0.4977760809574,0.3561073460803,0.3854069062158,0.0000000995820
3711,0.2095020631910,3.1726863416797,0.4977760809574,0.3560415632194,0.3853836065296,0.0000000995820
3718,0.2095018678248,3.1726833830661,0.4977760809574,0.3560355843681,0.3853814293614,0.0000000995820
3720,0.2095102779661,3.1728107457276,0.4977760809574,0.3559873186614,0.3853659937821,0.0000000995820
3721,0.2095131056973,3.1728535687148,0.4976584477378,0.3559750030850,0.3853117870674,0.0000000995820
3723,0.2095163350330,3.1729024735765,0.4975408145182,0.3559829200319,0.3852648923120,0.0000000995820
3724,0.2095221028922,3.1729898216810,0.4974231812985,0.3559652204364,0.3852093927607,0.0000000995820
3725,0.2095313858272,3.1731304018769,0.4974231812985,0.3559167936762,0.3851940866896,0.0000000975904
3728,0.2095355175075,3.1731929717882,0.4974231812985,0.3558231854678,0.3851615405466,0.0000000975904
3731,0.2095481128978,3.1733837156040,0.4973763472783,0.3557746103777,0.3851268195894,0.0000000975904
3743,0.2095571371399,3.1735203781706,0.4972587140587,0.3557801471467,0.3850803165361,0.0000000975904
3744,0.2095589715607,3.1735481585253,0.4972118800384,0.3557560802309,0.3850520425762,0.0000000975904
3745,0.2095573740799,3.1735239663744,0.4972118800384,0.3557458284342,0.3850480389030,0.0000000975904
3746,0.2095574367662,3.1735249156916,0.4972118800384,0.3557417141581,0.3850465829514,0.0000000975904
3751,0.2095636674536,3.1736192728391,0.4970942468188,0.3557490137255,0.3850001108501,0.0000000956386
3752,0.2095634254020,3.1736156072245,0.4969766135992,0.3558444271098,0.3849837209536,0.0000000956386
3753,0.2095631509993,3.1736114516864,0.4969297795790,0.3558303306622,0.3849585559845,0.0000000956386
3754,0.2095679638108,3.1736843366077,0.4968121463593,0.3557659851917,0.3848861925391,0.0000000956386
3756,0.2095619428891,3.1735931561396,0.4966945131397,0.3557399271301,0.3848251816540,0.0000000956386
3761,0.2095572159862,3.1735215722137,0.4966476791195,0.3556285453578,0.3847643178189,0.0000000956386
3764,0.2095549941480,3.1734879248324,0.4966008450993,0.3556811506395,0.3847625575884,0.0000000956386
3765,0.2095502528543,3.1734161229730,0.4966008450993,0.3556714573310,0.3847580797010,0.0000000956386
3768,0.2095492474518,3.1734008972200,0.4966008450993,0.3556563358593,0.3847524637320,0.0000000956386
3774,0.2095509327318,3.1734264189955,0.4964832118796,0.3555850590620,0.3846769546274,0.0000000937258
3775,0.2095587658328,3.1735450429945,0.4964363778594,0.3555655401999,0.3846515904039,0.0000000937258
3787,0.2095602397447,3.1735673638265,0.4963900231428,0.3555658517155,0.3846321511906,0.0000000937258
3792,0.2095603163369,3.1735685237335,0.4963431891225,0.3555343094848,0.3846008307978,0.0000000937258
3793,0.2095564457153,3.1735099072787,0.4963431891225,0.3555300883804,0.3845984938416,0.0000000918513
3801,0.2095653244575,3.1736443664037,0.4962255559029,0.3554964078170,0.3845379534196,0.0000000918513
3802,0.2095668426124,3.1736673572482,0.4961079226833,0.3555010033388,0.3844895057594,0.0000000918513
3806,0.2095657379160,3.1736506277940,0.4960610886631,0.3554425753954,0.3844483301931,0.0000000918513
3807,0.2095680883052,3.1736862219431,0.4960610886631,0.3553846672649,0.3844281523728,0.0000000918513
3808,0.2095817263029,3.1738927549393,0.4960142546428,0.3554093339724,0.3844198126163,0.0000000918513
3810,0.2095782040641,3.1738394143725,0.4958966214232,0.3553878394864,0.3843609670117,0.0000000918513
3818,0.2095774334094,3.1738277436257,0.4957789882036,0.3554888015619,0.3843464455185,0.0000000900143
3822,0.2095859517080,3.1739567442139,0.4957789882036,0.3553878674922,0.3843122229862,0.0000000900143
3823,0.2095881367868,3.1739898349129,0.4957789882036,0.3552144236941,0.3842507470037,0.0000000900143
3827,0.2095895523111,3.1740112715257,0.4957321541833,0.3552098281723,0.3842293373496,0.0000000900143
