0,0.2063240533919,3.124558757017,0.5553584234398,0.3201241934734,0.3965531191558,100000
2,0.2063083227601,3.124320533297,0.5554052574601,0.3199732365595,0.3965159068456,100000.0000000000000
3,0.2063077207080,3.1243114158579,0.5554052574601,0.3199713003837,0.3965150863431,98000.0000000000000
4,0.2063019739475,3.1242243872707,0.5554052574601,0.3198503094192,0.3964706438356,98000.0000000000000
5,0.2063049938193,3.1242701200232,0.5552876242404,0.3198273044025,0.3964126606367,96040.0000000000000
27,0.2063590521863,3.1250887766027,0.5551231570006,0.3199520387892,0.3963983066077,78471.6723734800034
28,0.2063628019752,3.1251455631753,0.5550763229804,0.3199753989590,0.3963873813288,78471.6723734800034
29,0.2063627211041,3.1251443384682,0.5550763229804,0.3199682575102,0.3963848134818,78471.6723734800034
30,0.2063635825983,3.1251573848842,0.5550763229804,0.3196897187997,0.3962855199768,76902.2389260103955
31,0.2063717009718,3.1252803290321,0.5550763229804,0.3195617920432,0.3962415715010,76902.2389260103955
32,0.2063709162792,3.1252684456960,0.5550763229804,0.3194104021971,0.3961873355504,76902.2389260103955
33,0.2063690631493,3.1252403820107,0.5549586897607,0.3192909715360,0.3960938704066,75364.1941474901832
34,0.2063757688224,3.1253419323117,0.5549586897607,0.3192059980194,0.3960649596521,75364.1941474901832
35,0.2063876495163,3.1255218528071,0.5549586897607,0.3188909134884,0.3959549753254,75364.1941474901832
36,0.2063876310524,3.1255215731916,0.5549586897607,0.3188418927412,0.3959374639591,73856.9102645403764
37,0.2063934337024,3.1256094481658,0.5549118557405,0.3188295481661,0.3959142268843,73856.9102645403764
38,0.2063904780251,3.1255646875711,0.5548650217203,0.3188275718420,0.3958928159719,73856.9102645403764
39,0.2064000331681,3.1257093900679,0.5548650217203,0.3186798319518,0.3958420992561,72379.7720592495607
40,0.2063980499444,3.1256793562500,0.5547473885007,0.3184111257255,0.3956952935332,72379.7720592495607
42,0.2064008007089,3.1257210136582,0.5548650217203,0.3171058798896,0.3952801379926,70932.1766180645645
43,0.2064003369477,3.1257139904874,0.5548650217203,0.3169242942985,0.3952151866184,70932.1766180645645
44,0.2063976426287,3.1256731878861,0.5547473885007,0.3168705735453,0.3951450090440,70932.1766180645645
45,0.2064012216841,3.1257273888809,0.5547473885007,0.3168339559716,0.3951326982796,69513.5330857032677
48,0.2064090080125,3.1258453045583,0.5548181877000,0.3167354529925,0.3951295296572,68123.2624239892029
49,0.2064107271630,3.1258713392683,0.5548181877000,0.3164519390191,0.3950286430560,68123.2624239892029
50,0.2064132122778,3.1259089736931,0.5548181877000,0.3159127731863,0.3948366163546,68123.2624239892029
51,0.2064156498881,3.1259458887140,0.5548181877000,0.3158975724892,0.3948317098793,66760.7971755094186
52,0.2064229176543,3.1260559513171,0.5547005544804,0.3158728030974,0.3947740068094,66760.7971755094186
55,0.2064246449859,3.1260821099212,0.5547005544804,0.3157665476745,0.3947364285866,65425.5812319992256
56,0.2064273989924,3.1261238164260,0.5546537204602,0.3155952312319,0.3946557625641,65425.5812319992256
58,0.2064347196774,3.1262346804276,0.5546537204602,0.3155138618943,0.3946282708046,64117.0696073592408
60,0.2064385682617,3.1262929631522,0.5546537204602,0.3153126093653,0.3945572195981,64117.0696073592408
62,0.2064463575264,3.1264109232964,0.5547005544804,0.3150912565493,0.3944999058720,62834.7282152120533
63,0.2064450726960,3.1263914659037,0.5547005544804,0.3148669941339,0.3944195368314,62834.7282152120533
64,0.2064568222010,3.1265693996838,0.5547005544804,0.3148360447172,0.3944110012194,62834.7282152120533
65,0.2064568188738,3.1265693492978,0.5547005544804,0.3144715627051,0.3942808283593,62834.7282152120533
66,0.2064579077288,3.1265858388502,0.5547005544804,0.3144089929607,0.3942587153480,61578.0336509078115
67,0.2064614362400,3.1266392744071,0.5547005544804,0.3143950935116,0.3942545073686,61578.0336509078115
284,0.2067686300214,3.1312913981123,0.5504690475883,0.3192508645729,0.3942410356042,28577.0038241512520
298,0.2067736354284,3.1313671996877,0.5501869471288,0.3195126438525,0.3942147005943,27445.3544727148619
299,0.2067783921250,3.1314392348072,0.5501869471288,0.3195051518095,0.3942130441568,27445.3544727148619
300,0.2067804813013,3.1314708731658,0.5500693139092,0.3194958960009,0.3941597719545,27445.3544727148619
303,0.2067988703545,3.1317493558536,0.5500224798890,0.3195283827486,0.3941552431529,27445.3544727148619
304,0.2068052723550,3.1318463073561,0.5500224798890,0.3195056571000,0.3941484987071,27445.3544727148619
305,0.2068068480225,3.1318701691668,0.5499048466694,0.3195076334241,0.3940991279431,27445.3544727148619
306,0.2068110263433,3.1319334453998,0.5499048466694,0.3194875721905,0.3940928585713,26896.4473832605654
307,0.2068156820594,3.1320039512779,0.5497872134497,0.3193552949463,0.3939962001149,26896.4473832605654
308,0.2068130556986,3.1319641778309,0.5496695802301,0.3193075832267,0.3939281831864,26896.4473832605654
321,0.2068217608548,3.1320960081808,0.5497164142503,0.3189564986064,0.3938247329356,26358.5184355953534
322,0.2068185752742,3.1320477659439,0.5497164142503,0.3188129282348,0.3937727751785,25831.3480668834454
324,0.2068185836446,3.1320478927050,0.5497164142503,0.3186926820786,0.3937298319163,25831.3480668834454
326,0.2068269563655,3.1321746886749,0.5497632482706,0.3184038325128,0.3936485372346,25831.3480668834454
328,0.2068306428571,3.1322305166760,0.5496456150510,0.3183425029721,0.3935770095527,25831.3480668834454
329,0.2068349684646,3.1322960234109,0.5496456150510,0.3181885741769,0.3935229618989,25831.3480668834454
353,0.2069085176261,3.1334098473828,0.5492219161927,0.3185880521497,0.3934998079131,24312.2581497661631
355,0.2069046497786,3.1333512729379,0.5491750821725,0.3185999095383,0.3934831421473,23826.0129867708383
356,0.2069073512567,3.1333921839552,0.5491750821725,0.3184283939843,0.3934224654804,23826.0129867708383
360,0.2069399942429,3.1338865273275,0.5492219161927,0.3183481233958,0.3934208640617,23826.0129867708383
361,0.2069429043047,3.1339305971242,0.5492219161927,0.3181943481207,0.3933665679053,23826.0129867708383
364,0.2069543024549,3.1341032100101,0.5491511169933,0.3181631012010,0.3933275082378,23349.4927270354201
366,0.2069693045825,3.1343304013065,0.5491511169933,0.3179062921425,0.3932390054586,23349.4927270354201
367,0.2069571847468,3.1341468592607,0.5491511169933,0.3177781623861,0.3931906477236,23349.4927270354201
369,0.2069563532731,3.1341342674734,0.5490334837737,0.3172268415442,0.3929431550130,23349.4927270354201
370,0.2069577957513,3.1341561122747,0.5489866497535,0.3171691597103,0.3929027917376,23349.4927270354201
376,0.2069822076862,3.1345258051139,0.5489866497535,0.3171473467974,0.3929002325405,22882.5028724947115
377,0.2069806740147,3.1345025792867,0.5489866497535,0.3171363701686,0.3928959836720,22882.5028724947115
378,0.2069791995585,3.1344802502134,0.5489866497535,0.3171063108049,0.3928849322301,22882.5028724947115
379,0.2069848757945,3.1345662107810,0.5489866497535,0.3170840090445,0.3928781836519,22882.5028724947115
380,0.2069848886503,3.1345664054693,0.5489866497535,0.3165215111108,0.3926772942875,22882.5028724947115
381,0.2069889795634,3.1346283580046,0.5489398157332,0.3165030390430,0.3926515020217,22424.8528150448183
383,0.2069917618281,3.1346704924504,0.5489398157332,0.3162862206239,0.3925746630717,22424.8528150448183
384,0.2070032823608,3.1348449586871,0.5489398157332,0.3162292403462,0.3925567816580,22424.8528150448183
385,0.2070025657318,3.1348341061021,0.5489398157332,0.3159389711514,0.3924529605251,22424.8528150448183
387,0.2070012707577,3.1348144950944,0.5488929817130,0.3158797726629,0.3924114689904,22424.8528150448183
388,0.2070102947909,3.1349511544972,0.5488929817130,0.3157748828504,0.3923759420645,22424.8528150448183
94371,0.2503335203477,3.7910354140418,0.0163587029124,0.8865048680505,0.3772626513407,0.0000001191892
94452,0.2503272597836,3.7909406044447,0.0163309694154,0.8865216883272,0.3772554312485,0.0000001168054
94511,0.2503273375019,3.7909417814053,0.0163054285946,0.8865353933584,0.3772493964904,0.0000001168054
94520,0.2503266013524,3.7909306332025,0.0162585945744,0.8863283368587,0.3771552182712,0.0000001168054
94521,0.2503372397596,3.7910917405855,0.0162296270084,0.8863400378379,0.3771492621799,0.0000001168054
94601,0.2503400650791,3.7911345270499,0.0162764610286,0.8862760728628,0.3771470946945,0.0000001144693
94789,0.2503371787694,3.7910908169535,0.0162800750878,0.8861995754790,0.3771207045879,0.0000001121799
94853,0.2503437827758,3.7911908276199,0.0162332410676,0.8861859069896,0.3770971664058,0.0000001099363
94855,0.2503453641351,3.7912147756279,0.0162800750878,0.8861239758803,0.3770954587381,0.0000001099363
94881,0.2503446115111,3.7912033779367,0.0163078085848,0.8860608208220,0.3770846278680,0.0000001099363
95022,0.2503317664683,3.7910088533988,0.0163546426050,0.7605780362883,0.3322866668912,0.0000001077376
95031,0.2503298271447,3.7909794844028,0.0163078085848,0.7605883169846,0.3322698512761,0.0000001077376
95046,0.2503350568770,3.7910586831469,0.0163078085848,0.7605200212690,0.3322465806061,0.0000001077376
95155,0.2503406210590,3.7911429467765,0.0163078085848,0.7602938536947,0.3321669987971,0.0000001055828
95190,0.2503389668788,3.7911178959732,0.0162431081103,0.7603391657874,0.3321550984454,0.0000001055828
95194,0.2503491903071,3.7912727189413,0.0162064496501,0.7603653111122,0.3321509160273,0.0000001055828
95224,0.2503518586892,3.7913131287559,0.0161798124911,0.7603893444106,0.3321486552191,0.0000001055828
95235,0.2503523771888,3.7913209808813,0.0161798124911,0.7603304262511,0.3321277241264,0.0000001055828
95552,0.2503551881113,3.7913635493184,0.0161798124911,0.7603224066613,0.3321254623276,0.0000000993737
95686,0.2503534224242,3.7913368098623,0.0162086423262,0.7602866818674,0.3321246807548,0.0000000973862
95701,0.2503572537557,3.7913948313101,0.0161618083060,0.7602610858636,0.3320962886015,0.0000000973862
95794,0.2503599193353,3.7914351986836,0.0161618083060,0.7602567352732,0.3320953060148,0.0000000954385
95799,0.2503598665514,3.7914343993272,0.0161884454649,0.7601939237190,0.3320842779313,0.0000000954385
95803,0.2503634486437,3.7914886463125,0.0161884454649,0.7601293550968,0.3320619853003,0.0000000954385
95937,0.2503628205123,3.7914791339290,0.0161607119679,0.7601168204735,0.3320454882651,0.0000000935298
96121,0.2503633719929,3.7914874855182,0.0161774820841,0.7600575977029,0.3320316426427,0.0000000916592
96198,0.2503640825267,3.7914982457978,0.0161738680249,0.7599808611380,0.3320028401014,0.0000000916592
