0,0.2063240533919,3.124558757017,0.5553584234398,0.3201241934734,0.3965531191558,100000
1,0.2063312141959,3.124667199792,0.5552407902202,0.3201254151694,0.3965046756969,100000.0000000000000
2,0.2063328256526,3.1246916035917,0.5552876242404,0.3199869748873,0.3964756497740,100000.0000000000000
4,0.2063411939615,3.1248183327469,0.5552407902202,0.3198659072226,0.3964141328085,98000.0000000000000
7,0.2063364843715,3.1247470110067,0.5552407902202,0.3198589239494,0.3964106295845,94119.1999999999971
9,0.2063378720442,3.1247680258364,0.5551939562000,0.3198402238066,0.3963841765976,92236.8159999999916
12,0.2063302202769,3.1246521479440,0.5551939562000,0.3196355683452,0.3963094456969,90392.0796799999953
13,0.2063293909278,3.1246395883320,0.5551939562000,0.3196072079832,0.3962991392785,88584.2380864000006
14,0.2063291478645,3.1246359073957,0.5550763229804,0.3196135348725,0.3962509325599,88584.2380864000006
15,0.2063343235043,3.1247142869664,0.5550763229804,0.3192310298534,0.3961154326901,86812.5533246720006
17,0.2063290355081,3.1246342058774,0.5550294889601,0.3192239683574,0.3960917058623,85076.3022581785626
18,0.2063283273351,3.1246234813496,0.5550763229804,0.3185649748869,0.3958762710230,85076.3022581785626
32,0.2063746755636,3.1253253760670,0.5548181877000,0.3182863575068,0.3956760671732,76902.2389260103955
33,0.2063756941315,3.1253408011972,0.5548181877000,0.3181381884517,0.3956233679181,75364.1941474901832
35,0.2063800850284,3.1254072966684,0.5548181877000,0.3181168116787,0.3956166742628,75364.1941474901832
36,0.2063750853070,3.1253315811965,0.5548650217203,0.3178443720219,0.3955383747394,73856.9102645403764
