0,0.2063240533919,3.124558757017,0.5553584234398,0.3201241934734,0.3965531191558,1000
1,0.2063269641004,3.124602836607,0.5552407902202,0.3200464542051,0.3964755646177,1000.0000000000000
2,0.2063257161299,3.1245839374192,0.5551231570006,0.3200466535914,0.3964249541679,1000.0000000000000
8,0.2063258512319,3.1245859833948,0.5550991918214,0.3200600141465,0.3964194839541,1000.0000000000000
9,0.2063230283888,3.1245432344325,0.5551460258417,0.3197512929677,0.3963286932182,1000.0000000000000
10,0.2063164781788,3.1244440384559,0.5550991918214,0.3196220852072,0.3962610722501,1000.0000000000000
11,0.2063112675278,3.1243651286782,0.5550523578012,0.3196799640674,0.3962605549806,1000.0000000000000
15,0.2063252922412,3.1245775180742,0.5550055237810,0.3197050409739,0.3962524445914,1000.0000000000000
16,0.2063255963088,3.1245821228553,0.5550055237810,0.3194928083887,0.3961767123968,1000.0000000000000
17,0.2063287089519,3.1246292605304,0.5550055237810,0.3194448501095,0.3961602514349,1000.0000000000000
18,0.2063164038169,3.1244429123241,0.5548878905614,0.3194002916959,0.3960912866642,1000.0000000000000
22,0.2063176205196,3.1244613379947,0.5547234233215,0.3193830250662,0.3960148947728,1000.0000000000000
23,0.2063158307527,3.1244342338748,0.5547234233215,0.3193122545535,0.3959892360682,1000.0000000000000
24,0.2063231325217,3.1245448114154,0.5547234233215,0.3192406519198,0.3959652283638,1000.0000000000000
25,0.2063146778491,3.1244167743742,0.5546765893013,0.3192600824306,0.3959502843934,1000.0000000000000
27,0.2063021032177,3.1242263449312,0.5546765893013,0.3191910299058,0.3959229282136,1000.0000000000000
28,0.2063044507910,3.1242618964366,0.5545589560816,0.3178379771271,0.3953897838927,1000.0000000000000
29,0.2063173193015,3.1244567763671,0.5545589560816,0.3177970590536,0.3953779278330,1000.0000000000000
30,0.2063235839890,3.1245516484079,0.5545589560816,0.3177498608034,0.3953624137481,1000.0000000000000
31,0.2063364771605,3.1247469018024,0.5545589560816,0.3176987377380,0.3953469183330,1000.0000000000000
32,0.2063396660606,3.1247951943106,0.5545121220614,0.3176506666395,0.3953103616963,1000.0000000000000
35,0.2063525774023,3.1249907228726,0.5545121220614,0.3175828278753,0.3952889002823,1000.0000000000000
36,0.2063630889939,3.1251499097694,0.5545121220614,0.3175531538296,0.3952805548927,1000.0000000000000
37,0.2063638469043,3.1251613875175,0.5545589560816,0.3172964789579,0.3952091194280,1000.0000000000000
40,0.2063813183943,3.1254259746859,0.5545589560816,0.3166269429357,0.3949737433108,1000.0000000000000
42,0.2063774833960,3.1253678977079,0.5545589560816,0.3165816600906,0.3949567490808,1000.0000000000000
44,0.2063875714419,3.1255206704531,0.5545589560816,0.3165293804002,0.3949402394869,1000.0000000000000
45,0.2063883613168,3.1255326322700,0.5544413228620,0.3165498558255,0.3948973071607,1000.0000000000000
46,0.2063850143233,3.1254819456078,0.5544881568823,0.3164176381575,0.3948694410751,1000.0000000000000
47,0.2063815752134,3.1254298639389,0.5544881568823,0.3162710030923,0.3948163344568,1000.0000000000000
48,0.2063822600931,3.1254402357140,0.5545349909025,0.3160799127068,0.3947683063734,1000.0000000000000
49,0.2063821429245,3.1254384613203,0.5544881568823,0.3161000519398,0.3947554021261,1000.0000000000000
51,0.2063803618124,3.1254114882684,0.5544881568823,0.3160402423601,0.3947336598951,1000.0000000000000
52,0.2063838500229,3.1254643135142,0.5544881568823,0.3158958830478,0.3946828504715,1000.0000000000000
53,0.2063799787009,3.1254056864510,0.5544413228620,0.3158580888966,0.3946484512684,1000.0000000000000
54,0.2063799208280,3.1254048100276,0.5543944888418,0.3158749472475,0.3946343879837,1000.0000000000000
55,0.2063660891953,3.1251953446347,0.5542768556222,0.3159890572213,0.3946217633875,1000.0000000000000
56,0.2063705605628,3.1252630587490,0.5542768556222,0.3159335187518,0.3946028863700,1000.0000000000000
57,0.2063754058715,3.1253364358047,0.5541592224025,0.3155854659780,0.3944292058514,1000.0000000000000
59,0.2063745042558,3.1253227817923,0.5541592224025,0.3153336429882,0.3943390758660,1000.0000000000000
67,0.2063846736488,3.1254767864537,0.5541123883823,0.3150626937481,0.3942244157129,1000.0000000000000
68,0.2063800896312,3.1254073663736,0.5541592224025,0.3148800919872,0.3941782902318,1000.0000000000000
69,0.2063830347390,3.1254519669049,0.5541592224025,0.3148758149062,0.3941773937974,1000.0000000000000
75,0.2063850660316,3.1254827286752,0.5542060564228,0.3147470377037,0.3941519089393,1000.0000000000000
77,0.2063872622031,3.1255159873607,0.5541592224025,0.3147267289243,0.3941250546890,1000.0000000000000
78,0.2063916493403,3.1255824258955,0.5540415891829,0.3147147597940,0.3940713058635,1000.0000000000000
79,0.2064001999964,3.1257119165059,0.5539239559633,0.3145215790395,0.3939537307833,1000.0000000000000
80,0.2064002582231,3.1257127982870,0.5538063227437,0.3145056398063,0.3938976364402,1000.0000000000000
81,0.2064024603284,3.1257461468336,0.5537594887235,0.3145037809507,0.3938773727199,1000.0000000000000
82,0.2064049734156,3.1257842048715,0.5537126547032,0.3145295804231,0.3938670536130,1000.0000000000000
87,0.2064242892308,3.1260767223873,0.5535950214836,0.3144759077701,0.3938016096746,980.0000000000000
89,0.2064262406981,3.1261062752882,0.5534773882640,0.3142933490240,0.3936864140570,980.0000000000000
90,0.2064160134313,3.1259513941898,0.5534773882640,0.3141581901480,0.3936359514727,980.0000000000000
92,0.2064090669756,3.1258461974929,0.5534305542437,0.3140581384996,0.3935786584920,980.0000000000000
93,0.2064085701607,3.1258386737581,0.5533129210241,0.3140316052925,0.3935186616492,980.0000000000000
94,0.2064076360611,3.1258245278105,0.5533129210241,0.3140040838198,0.3935086323876,980.0000000000000
95,0.2064108076501,3.1258725581598,0.5533597550444,0.3138512361743,0.3934747952920,980.0000000000000
96,0.2064138394767,3.1259184719547,0.5533597550444,0.3138385442727,0.3934709121471,980.0000000000000
97,0.2064123150654,3.1258953863641,0.5533597550444,0.3136886433553,0.3934170494456,980.0000000000000
98,0.2064203032725,3.1260163592802,0.5533597550444,0.3136504314491,0.3934051140949,980.0000000000000
99,0.2064207749135,3.1260235017828,0.5533597550444,0.3134511961154,0.3933340596845,980.0000000000000
108,0.2064353190704,3.1262437575991,0.5531952878045,0.3135300756673,0.3932948615982,980.0000000000000
110,0.2064461530121,3.1264078261455,0.5530776545849,0.3132983663673,0.3931640155987,980.0000000000000
111,0.2064404816736,3.1263219397435,0.5530776545849,0.3132661745546,0.3931513032359,980.0000000000000
