0,0.2063240533919,3.124558757017,0.5553584234398,0.3201241934734,0.3965531191558,1000
1,0.206331306619,3.124668599441,0.5553115894196,0.3200810707258,0.3965192007145,1000.0000000000000
2,0.2063325246340,3.1246870449856,0.5552647553994,0.3200496875087,0.3964881817030,1000.0000000000000
3,0.2063362208707,3.1247430205661,0.5552647553994,0.3200296169195,0.3964818056861,1000.0000000000000
4,0.2063465052352,3.1248987663486,0.5552647553994,0.3199637629116,0.3964604901900,1000.0000000000000
5,0.2063451239970,3.1248778489628,0.5552647553994,0.3198980311410,0.3964367185780,1000.0000000000000
6,0.2063437510310,3.1248570568503,0.5552179213791,0.3198690276346,0.3964059942529,1000.0000000000000
10,0.2063481905591,3.1249242887897,0.5551710873589,0.3197380598791,0.3963400996590,1000.0000000000000
11,0.2063574147506,3.1250639793786,0.5551710873589,0.3197199305446,0.3963356015092,1000.0000000000000
12,0.2063628549540,3.1251463654830,0.5551242533387,0.3196201296670,0.3962810523735,1000.0000000000000
13,0.2063670196927,3.1252094360297,0.5551242533387,0.3195062350920,0.3962412681836,1000.0000000000000
14,0.2063774770293,3.1253678012911,0.5550774193184,0.3195331334835,0.3962330438869,1000.0000000000000
16,0.2063863986318,3.1255029094894,0.5549597860988,0.3193480702796,0.3961184474204,1000.0000000000000
27,0.2063973811407,3.1256692279275,0.5548889868994,0.3192506926782,0.3960556805864,1000.0000000000000
29,0.2064039379998,3.1257685245983,0.5548889868994,0.3192349848785,0.3960514756992,1000.0000000000000
32,0.2064125658734,3.1258991845856,0.5548889868994,0.3191987303148,0.3960403764708,1000.0000000000000
36,0.2064452555170,3.1263942345337,0.5547953188590,0.3188424231971,0.3958799854064,1000.0000000000000
37,0.2064459421824,3.1264046333532,0.5547484848387,0.3188700991966,0.3958699451116,1000.0000000000000
39,0.2064498600280,3.1264639649650,0.5547484848387,0.3187959177824,0.3958442912877,1000.0000000000000
42,0.2064573958016,3.1265780862573,0.5548192840381,0.3186345538261,0.3958186186260,1000.0000000000000
44,0.2064722824778,3.1268035291648,0.5548192840381,0.3181953305806,0.3956649431832,1000.0000000000000
45,0.2064842946817,3.1269854412398,0.5548192840381,0.3181518647602,0.3956519937196,1000.0000000000000
46,0.2064888865274,3.1270549798686,0.5549369172577,0.3179670544789,0.3956373882516,1000.0000000000000
47,0.2064979942246,3.1271929062739,0.5548192840381,0.3177944005765,0.3955272635561,1000.0000000000000
48,0.2064935795181,3.1271260502312,0.5548192840381,0.3177764646863,0.3955199118725,1000.0000000000000
50,0.2065027876561,3.1272654977049,0.5548192840381,0.3175545103179,0.3954426156276,1000.0000000000000
53,0.2065130461569,3.1274208518104,0.5548192840381,0.3175125714101,0.3954298356964,1000.0000000000000
56,0.2065242567074,3.1275906236956,0.5549369172577,0.3172456153042,0.3953873107278,1000.0000000000000
60,0.2065588538331,3.1281145604373,0.5548661180584,0.3171379503938,0.3953259301299,1000.0000000000000
61,0.2065586072597,3.1281108263449,0.5548661180584,0.3171201292589,0.3953195126017,1000.0000000000000
63,0.2065616142529,3.1281563640635,0.5548192840381,0.3171456907695,0.3953092143453,1000.0000000000000
66,0.2065770590150,3.1283902585907,0.5548192840381,0.3171036048064,0.3952974932361,1000.0000000000000
67,0.2065815597014,3.1284584167076,0.5548192840381,0.3169322313056,0.3952372528472,1000.0000000000000
68,0.2065758399612,3.1283717973146,0.5547016508185,0.3168864628311,0.3951692670679,1000.0000000000000
69,0.2065667897699,3.1282347417754,0.5547016508185,0.3167861511643,0.3951315021459,1000.0000000000000
70,0.2065746117030,3.1283531966475,0.5547016508185,0.3167326945380,0.3951140866221,1000.0000000000000
71,0.2065755091587,3.1283667876613,0.5545840175989,0.3166211436692,0.3950240251011,1000.0000000000000
72,0.2065761268558,3.1283761420281,0.5544663843793,0.3165137374998,0.3949353838816,1000.0000000000000
73,0.2065810488470,3.1284506803608,0.5545132183995,0.3158583024729,0.3947224263788,1000.0000000000000
74,0.2065858047672,3.1285227037231,0.5545600524197,0.3155682822698,0.3946399385835,1000.0000000000000
75,0.2065927260348,3.1286275189724,0.5544424192001,0.3155486087834,0.3945839812301,1000.0000000000000
76,0.2065956056658,3.1286711279280,0.5543247859805,0.3151492869777,0.3943915691263,1000.0000000000000
77,0.2065972095966,3.1286954177568,0.5542071527609,0.3151384191204,0.3943376172112,1000.0000000000000
78,0.2065995267592,3.1287305087251,0.5542071527609,0.3145883440589,0.3941416583670,1000.0000000000000
79,0.2065946570208,3.1286567617068,0.5542071527609,0.3142149720963,0.3940072677221,1000.0000000000000
80,0.2065966402087,3.1286867949810,0.5542071527609,0.3141961856016,0.3940009832285,1000.0000000000000
81,0.2066054951480,3.1288208936366,0.5542071527609,0.3140863149421,0.3939636411942,1000.0000000000000
82,0.2066031297040,3.1287850714983,0.5542071527609,0.3139961234360,0.3939309230612,1000.0000000000000
86,0.2066132200657,3.1289378793151,0.5540895195412,0.3141100856691,0.3939233718422,980.0000000000000
91,0.2066143838293,3.1289555032797,0.5540895195412,0.3140313191232,0.3938954903108,980.0000000000000
92,0.2066164449648,3.1289867169880,0.5540895195412,0.3140172135478,0.3938908942772,980.0000000000000
93,0.2066184621759,3.1290172655095,0.5540426855210,0.3138952538409,0.3938276977756,980.0000000000000
94,0.2066208832879,3.1290539306798,0.5540426855210,0.3138796948100,0.3938226597886,980.0000000000000
95,0.2066263301263,3.1291364172648,0.5539250523014,0.3137986223148,0.3937444582687,980.0000000000000
96,0.2066294707855,3.1291839792143,0.5539250523014,0.3137946543827,0.3937437141484,980.0000000000000
97,0.2066322723902,3.1292264065431,0.5539250523014,0.3135935779512,0.3936725014811,980.0000000000000
101,0.2066483941856,3.1294705540200,0.5537605850615,0.3136680787680,0.3936320776261,980.0000000000000
103,0.2066602017995,3.1296493677978,0.5537605850615,0.3136401599681,0.3936246368291,980.0000000000000
104,0.2066646552201,3.1297168101255,0.5537137510413,0.3136749980491,0.3936179615824,980.0000000000000
106,0.2066542018002,3.1295585041778,0.5536669170211,0.3136348549575,0.3935813130224,980.0000000000000
107,0.2066555735385,3.1295792776980,0.5536669170211,0.3135661867760,0.3935570826159,980.0000000000000
110,0.2066662617122,3.1297411387420,0.5536429518419,0.3134223542515,0.3934977333889,980.0000000000000
111,0.2066633069717,3.1296963923342,0.5536429518419,0.3130853352526,0.3933767363021,980.0000000000000
121,0.2066877537524,3.1300666128757,0.5536897858621,0.3128657091437,0.3933236087249,980.0000000000000
122,0.2066781298164,3.1299208685814,0.5536897858621,0.3126133284922,0.3932314105059,980.0000000000000
123,0.2066811528234,3.1299666488129,0.5536897858621,0.3125430333552,0.3932069528871,980.0000000000000
124,0.2066839152381,3.1300084826510,0.5535721526425,0.3124304525926,0.3931169231809,980.0000000000000
125,0.2066808697559,3.1299623620564,0.5535253186223,0.3123832368600,0.3930793360929,980.0000000000000
128,0.2066891020015,3.1300870306768,0.5534784846021,0.3124237336858,0.3930754915747,980.0000000000000
130,0.2066989357780,3.1302359527823,0.5535253186223,0.3120573617940,0.3929668234313,980.0000000000000
131,0.2067006827007,3.1302624080726,0.5535253186223,0.3119248467596,0.3929198709739,980.0000000000000
133,0.2067106289093,3.1304130328435,0.5535721526425,0.3117982441319,0.3928968588030,980.0000000000000
135,0.2067195624190,3.1305483213629,0.5536189866628,0.3117160355435,0.3928894846393,980.0000000000000
