0,0.2063240533919,3.124558757017,0.5553584234398,0.3201241934734,0.3965531191558,1000
1,0.2063181903848,3.124469967998,0.5553584234398,0.320052083312,0.3965261091681,1000.0000000000000
2,0.2063139574861,3.1244058652406,0.5553584234398,0.3199779255005,0.3964987171857,1000.0000000000000
8,0.2063039566587,3.1242544133268,0.5554292226392,0.3198575326446,0.3964839192167,1000.0000000000000
10,0.2063106550136,3.1243558528013,0.5554292226392,0.3198525334059,0.3964835691361,1000.0000000000000
12,0.2063083238796,3.1243205502516,0.5554292226392,0.3195900850320,0.3963893380453,1000.0000000000000
13,0.2063037903767,3.1242518951623,0.5554292226392,0.3195019249048,0.3963568808207,1000.0000000000000
14,0.2063013426136,3.1242148263895,0.5554292226392,0.3193947129031,0.3963180662994,1000.0000000000000
15,0.2063077796699,3.1243123087734,0.5554292226392,0.3193854846909,0.3963161498785,1000.0000000000000
18,0.2063048579530,3.1242680624717,0.5553115894196,0.3193972654714,0.3962693169810,1000.0000000000000
20,0.2063020495850,3.1242255327199,0.5553584234398,0.3191287224098,0.3961928786745,1000.0000000000000
21,0.2062987907629,3.1241761813194,0.5553115894196,0.3191370438019,0.3961750805583,1000.0000000000000
22,0.2062981793224,3.1241669217025,0.5552647553994,0.3191187178907,0.3961483328441,1000.0000000000000
31,0.2063474519946,3.1249131040142,0.5552647553994,0.3190350597141,0.3961290133536,1000.0000000000000
