0,0.2063240533919,3.124558757017,0.5553584234398,0.3201241934734,0.3965531191558,1000
1,0.2063239664024,3.124557439653,0.5553584234398,0.3199901944446,0.3965052437192,1000.0000000000000
2,0.2063233347304,3.1245478736504,0.5552407902202,0.3199702123186,0.3964475576504,1000.0000000000000
3,0.2063163678049,3.1244423669602,0.5552407902202,0.3198376034357,0.3963987044224,1000.0000000000000
4,0.2063113998912,3.1243671331808,0.5551231570006,0.3198554606170,0.3963536031973,1000.0000000000000
5,0.2063132737980,3.1243955115106,0.5550055237810,0.3197650923300,0.3962713161236,1000.0000000000000
6,0.2063186914816,3.1244775565774,0.5550523578012,0.3196167168641,0.3962395575409,1000.0000000000000
8,0.2063309422366,3.1246630812559,0.5550055237810,0.3184597025172,0.3958088915701,1000.0000000000000
9,0.2063195759773,3.1244909513262,0.5550523578012,0.3180585951045,0.3956832750187,1000.0000000000000
11,0.2063236307505,3.1245523565606,0.5550523578012,0.3178970552153,0.3956264510811,1000.0000000000000
12,0.2063294994387,3.1246412316144,0.5550055237810,0.3177377435815,0.3955507399221,1000.0000000000000
13,0.2063167765129,3.1244485564087,0.5550055237810,0.3176664730067,0.3955225598042,1000.0000000000000
14,0.2063190215564,3.1244825552101,0.5549586897607,0.3176522694581,0.3954978964660,1000.0000000000000
24,0.2063733352851,3.1253050789714,0.5548410565411,0.3175699162922,0.3954297090402,1000.0000000000000
25,0.2063724228212,3.1252912606750,0.5547942225209,0.3174863983092,0.3953796139382,1000.0000000000000
26,0.2063815814238,3.1254299579892,0.5547942225209,0.3174714927397,0.3953762530782,1000.0000000000000
27,0.2063844435522,3.1254733018851,0.5546765893013,0.3172983292890,0.3952646080649,1000.0000000000000
28,0.2063943474988,3.1256232866418,0.5546765893013,0.3169745890952,0.3951511088414,1000.0000000000000
29,0.2063964378951,3.1256549434746,0.5546765893013,0.3169619715183,0.3951470505060,1000.0000000000000
30,0.2063976615147,3.1256734738952,0.5545589560816,0.3167643763387,0.3950263287663,1000.0000000000000
33,0.2064032726201,3.1257584481289,0.5546057901019,0.3165550464265,0.3949728421860,1000.0000000000000
34,0.2064013066706,3.1257286759113,0.5544881568823,0.3165078176525,0.3949051392549,1000.0000000000000
35,0.2064075885879,3.1258238088805,0.5544881568823,0.3164165111081,0.3948738758998,1000.0000000000000
36,0.2064086804960,3.1258403446691,0.5544881568823,0.3164019100269,0.3948688952083,1000.0000000000000
37,0.2064068751224,3.1258130042016,0.5544881568823,0.3163906403925,0.3948644834731,1000.0000000000000
38,0.2064061081159,3.1258013887025,0.5544881568823,0.3163794341372,0.3948603168805,1000.0000000000000
41,0.2064037183061,3.1257651975711,0.5544881568823,0.3162570752536,0.3948161051771,1000.0000000000000
42,0.2064112187336,3.1258787835835,0.5543705236626,0.3159827164537,0.3946693128890,1000.0000000000000
44,0.2064211635221,3.1260293868468,0.5542997244632,0.3158950175811,0.3946097803751,1000.0000000000000
45,0.2064290791872,3.1261492611915,0.5541820912436,0.3158327157671,0.3945388117042,1000.0000000000000
49,0.2064288513249,3.1261458104595,0.5542757592841,0.3155701689934,0.3944851396176,1000.0000000000000
50,0.2064341821102,3.1262265395439,0.5542757592841,0.3154547987595,0.3944450782738,1000.0000000000000
53,0.2064386688836,3.1262944869642,0.5542289252639,0.3152406879280,0.3943494998482,1000.0000000000000
78,0.2064761590053,3.1268622350580,0.5541352572234,0.3150094411333,0.3942348018588,1000.0000000000000
79,0.2064735654676,3.1268229586819,0.5540176240038,0.3149137449056,0.3941496546395,1000.0000000000000
80,0.2064764043302,3.1268659502433,0.5538999907841,0.3147570649107,0.3940438915892,1000.0000000000000
81,0.2064747381444,3.1268407176274,0.5538999907841,0.3144753887258,0.3939429359119,1000.0000000000000
92,0.2064846935304,3.1269914813803,0.5537823575645,0.3143676881900,0.3938561904949,980.0000000000000
