0,0.2063240533919,3.124558757017,0.5553584234398,0.3201241934734,0.3965531191558,10
1,0.206329189899,3.124636543964,0.5553584234398,0.3197739448927,0.3964291310571,10.0000000000000
2,0.2063352233258,3.1247279138075,0.5553115894196,0.3198117111767,0.3964238401699,10.0000000000000
3,0.2063380715219,3.1247710467142,0.5552647553994,0.3197821507922,0.3963938214945,10.0000000000000
4,0.2063381701093,3.1247725397155,0.5552647553994,0.3197730075434,0.3963905771744,10.0000000000000
5,0.2063413799956,3.1248211500366,0.5552647553994,0.3196537117987,0.3963486593841,10.0000000000000
94564,0.2520329453802,3.8167714020649,0.0142495743233,0.8897042758406,0.3778655472345,0.0000027122556
94580,0.2520289908206,3.8167115144584,0.0141319411037,0.8897534286716,0.3778318401744,0.0000027122556
94581,0.2520238869276,3.8166342214178,0.0141319411037,0.8896070501861,0.3777784684525,0.0000027122556
94595,0.2520229658082,3.8166202720418,0.0141369434905,0.8895717512662,0.3777678081928,0.0000027122556
94600,0.2520243061144,3.8166405695563,0.0141369434905,0.8895706441905,0.3777677000171,0.0000027122556
94601,0.2520188802705,3.8165584009103,0.0140417163361,0.8896166836941,0.3777421683785,0.0000027122556
94628,0.2520209047762,3.8165890598997,0.0140880710528,0.8894721021563,0.3777108322447,0.0000027122556
94637,0.2520135002236,3.8164769258109,0.0140412370325,0.8894654273671,0.3776867899787,0.0000027122556
94638,0.2520136423014,3.8164790774294,0.0140880710528,0.8893763573676,0.3776750814328,0.0000027122556
94640,0.2520150283633,3.8165000678653,0.0141349050730,0.8893070106336,0.3776706834783,0.0000027122556
94654,0.2520195035962,3.8165678405169,0.0141349050730,0.8892670358149,0.3776573657358,0.0000027122556
94685,0.2520215807972,3.8165992975209,0.0141349050730,0.8872352132137,0.3769321599213,0.0000027122556
94723,0.2520177728937,3.8165416308643,0.0141349050730,0.8871726540798,0.3769090013941,0.0000026824208
94752,0.2520149915349,3.8164995101382,0.0140412370325,0.8870596481909,0.3768279026967,0.0000026824208
94754,0.2520180875617,3.8165463961767,0.0139944030123,0.8870222808305,0.3767951489222,0.0000026824208
94764,0.2520216608363,3.8166005096282,0.0139897091427,0.8869405189188,0.3767647022828,0.0000026824208
94765,0.2520192247713,3.8165636180095,0.0140365431630,0.8867832981270,0.3767281017090,0.0000026824208
94778,0.2520222241117,3.8166090398361,0.0139189099433,0.8866578039754,0.3766335108480,0.0000026824208
94820,0.2520237386231,3.8166319755035,0.0138966746645,0.8866488802802,0.3766211189469,0.0000026824208
94840,0.2520269319489,3.8166803350324,0.0138966746645,0.8865088943563,0.3765718082582,0.0000026824208
94851,0.2520358454486,3.8168153205221,0.0138720924508,0.8863741513635,0.3765150605620,0.0000026824208
94856,0.2520462465529,3.8169728342047,0.0139189264710,0.8862373532021,0.3764885046068,0.0000026824208
94860,0.2520444018046,3.8169448974509,0.0139189264710,0.8861896508456,0.3764710727477,0.0000026824208
94866,0.2520436991643,3.8169342567093,0.0138835351352,0.8862184660651,0.3764660456164,0.0000026529142
94900,0.2520474462594,3.8169910024864,0.0138840144388,0.8860879049220,0.3764204250015,0.0000026529142
94912,0.2520520153840,3.8170601970278,0.0137663812192,0.8860722524352,0.3763653996888,0.0000026529142
94919,0.2520566486047,3.8171303622373,0.0137663812192,0.8860172756749,0.3763467579646,0.0000026529142
94948,0.2520383085807,3.8168526220427,0.0137582275490,0.8859137279859,0.3763023522118,0.0000026529142
94956,0.2520421160631,3.8169102823221,0.0137582275490,0.8859099333776,0.3763018128837,0.0000026529142
94978,0.2520482458427,3.8170031113268,0.0137582275490,0.8857756149540,0.3762551555423,0.0000026529142
94992,0.2520539956614,3.8170901862274,0.0137582275490,0.8857464070492,0.3762459562517,0.0000026529142
94993,0.2520570475533,3.8171364038902,0.0137582275490,0.8856716917516,0.3762199261937,0.0000026529142
95000,0.2520676795278,3.8172974138575,0.0137582275490,0.8854984243782,0.3761603232692,0.0000026529142
95010,0.2520742479274,3.8173968852963,0.0138067749418,0.8853770370128,0.3761391841784,0.0000026529142
95019,0.2520783435665,3.8174589094026,0.0137599409216,0.8853338116771,0.3761045524725,0.0000026529142
95024,0.2520757677690,3.8174199016843,0.0136423077020,0.8853410776205,0.3760561812587,0.0000026529142
95045,0.2520690997127,3.8173189210499,0.0136423077020,0.8853274709552,0.3760498928661,0.0000026237321
95047,0.2520644585170,3.8172486350683,0.0136423077020,0.8852807219156,0.3760322022386,0.0000026237321
95073,0.2520735299853,3.8173860128260,0.0136045529036,0.8852810921806,0.3760180977343,0.0000026237321
95076,0.2520726354164,3.8173724655297,0.0136045529036,0.8852316760087,0.3760002574082,0.0000026237321
95132,0.2520715318714,3.8173557535121,0.0135577188834,0.8852441909562,0.3759844188354,0.0000026237321
95153,0.2520805314193,3.8174920421108,0.0135577188834,0.8850359970234,0.3759119923339,0.0000026237321
95165,0.2520909975009,3.8176505398050,0.0135577188834,0.8849784404791,0.3758936791570,0.0000026237321
95172,0.2520938789321,3.8176941760231,0.0135560055108,0.8848465086316,0.3758464437871,0.0000026237321
95192,0.2520921812623,3.8176684666153,0.0134383722912,0.8848479089369,0.3757961658727,0.0000026237321
95224,0.2520927610653,3.8176772471171,0.0133207390716,0.8849095819976,0.3757679019724,0.0000025948710
95242,0.2520908550172,3.8176483820415,0.0133207390716,0.8830997650667,0.3751211303439,0.0000025948710
95250,0.2520887581596,3.8176166273593,0.0133207390716,0.8830898898968,0.3751171541709,0.0000025948710
95274,0.2520794208695,3.8174752240127,0.0133207390716,0.8830910619308,0.3751155719066,0.0000025948710
95288,0.2520752396201,3.8174119034296,0.0132739050513,0.8830481006671,0.3750792608931,0.0000025948710
95316,0.2520793170684,3.8174736520556,0.0131579852043,0.8830435104193,0.3750288153234,0.0000025948710
95319,0.2520776958921,3.8174491010621,0.0130430239644,0.8829687883754,0.3749525123814,0.0000025948710
95323,0.2520815733621,3.8175078212275,0.0130430239644,0.8810901868917,0.3742824141665,0.0000025948710
95325,0.2520840501248,3.8175453291693,0.0130430239644,0.8810623002419,0.3742729853836,0.0000025948710
95364,0.2520816625741,3.8175091722485,0.0130430239644,0.8810474155449,0.3742671578024,0.0000025948710
95389,0.2520810316224,3.8174996171554,0.0130898579847,0.8809098916383,0.3742379786405,0.0000025663275
95421,0.2520663162648,3.8172767686862,0.0130898579847,0.8808455723097,0.3742118541608,0.0000025663275
95460,0.2520602369772,3.8171847043293,0.0130430239644,0.8808715208302,0.3741997470621,0.0000025663275
95466,0.2520557923890,3.8171173957596,0.0130361374187,0.8808075659737,0.3741730022534,0.0000025663275
95479,0.2520609546386,3.8171955725493,0.0130802994592,0.8806712296566,0.3741443434967,0.0000025663275
95492,0.2520658115498,3.8172691253141,0.0130802994592,0.8806287454060,0.3741302113168,0.0000025663275
95549,0.2520642134559,3.8172449238785,0.0130802994592,0.8805799315670,0.3741124353541,0.0000025380979
95556,0.2520700763966,3.8173337118905,0.0130334654390,0.8805955840539,0.3740992101495,0.0000025380979
95576,0.2520747253517,3.8174041153806,0.0130284630521,0.8805830163626,0.3740935740129,0.0000025380979
95604,0.2520808918403,3.8174975003036,0.0130284630521,0.8803969697045,0.3740284501683,0.0000025380979
95623,0.2520805989296,3.8174930644829,0.0130284630521,0.8803949753203,0.3740276751217,0.0000025380979
95662,0.2520826392516,3.8175239629938,0.0129866314187,0.8804019955961,0.3740126917320,0.0000025380979
95670,0.2520875019965,3.8175976041017,0.0129866314187,0.8803378803401,0.3739908354430,0.0000025380979
95680,0.2520875971677,3.8175990453686,0.0129866314187,0.8802907899946,0.3739740378563,0.0000025380979
95713,0.2521012573770,3.8178059147380,0.0129866314187,0.8802226659801,0.3739526350389,0.0000025101788
95724,0.2520955728956,3.8177198293017,0.0130334654390,0.8801137918256,0.3739326050321,0.0000025101788
95771,0.2520926029659,3.8176748528693,0.0129866314187,0.8801696959144,0.3739318626416,0.0000025101788
95778,0.2520943014797,3.8177005750577,0.0129576473250,0.8801781304886,0.3739228172023,0.0000025101788
95787,0.2520981816312,3.8177593358332,0.0129576473250,0.8794838692683,0.3736756982275,0.0000025101788
95821,0.2520915198627,3.8176584504214,0.0129593606976,0.8794748867418,0.3736717969631,0.0000025101788
95845,0.2520921611351,3.8176681618102,0.0130061947178,0.8793113909837,0.3736336147593,0.0000025101788
95862,0.2520762158023,3.8174266866720,0.0131147487156,0.8791308559508,0.3736122442467,0.0000024825668
95881,0.2520735282662,3.8173859867918,0.0131147487156,0.8791147134587,0.3736059031704,0.0000024552586
95903,0.2520699058636,3.8173311293490,0.0130923426504,0.8791363138826,0.3736032387790,0.0000024552586
95931,0.2520718739746,3.8173609343013,0.0130923426504,0.8791258725965,0.3735999314863,0.0000024552586
95961,0.2520711576621,3.8173500865092,0.0130187337403,0.8791393068850,0.3735730292752,0.0000024552586
95978,0.2520704216764,3.8173389407867,0.0129245863963,0.8791733468439,0.3735446798305,0.0000024552586
95985,0.2520777060627,3.8174492550848,0.0129245863963,0.8791321338933,0.3735315218595,0.0000024552586
96009,0.2520882423814,3.8176088164458,0.0129245863963,0.8789264110318,0.3734603071915,0.0000024552586
96060,0.2520932106395,3.8176840554399,0.0129714204165,0.8787681205812,0.3734249112374,0.0000024282507
96113,0.2520905105477,3.8176431654160,0.0129714204165,0.8786298835926,0.3733749622932,0.0000024282507
96134,0.2520859959964,3.8175747973293,0.0129714204165,0.8785722959776,0.3733534278840,0.0000024282507
96138,0.2520937709477,3.8176925407129,0.0130182544367,0.8784755612972,0.3733406175678,0.0000024282507
96149,0.2520933417361,3.8176860407595,0.0130182544367,0.8784747041056,0.3733402194541,0.0000024282507
96160,0.2520979409249,3.8177556905910,0.0130661847950,0.8783294413759,0.3733098670303,0.0000024282507
96183,0.2521035473092,3.8178405933304,0.0130661847950,0.8782609111098,0.3732865933034,0.0000024282507
96187,0.2520988285021,3.8177691320061,0.0130661847950,0.8782607054300,0.3732855086733,0.0000024282507
96199,0.2521025224591,3.8178250730627,0.0130962486991,0.8781247415443,0.3732506262352,0.0000024282507
96202,0.2521038476428,3.8178451415632,0.0130962486991,0.7525860093416,0.3284156487022,0.0000024282507
96211,0.2520996605094,3.8177817318733,0.0129858105425,0.7526988453968,0.3284077194119,0.0000024282507
96214,0.2521048856006,3.8178608603328,0.0129858105425,0.7525690513997,0.3283624840754,0.0000024282507
96223,0.2521039946139,3.8178473672840,0.0129723459682,0.7524403181178,0.3283105464457,0.0000024015400
96288,0.2521036920632,3.8178427854759,0.0129723459682,0.7524383422500,0.3283097759464,0.0000024015400
96301,0.2521012811705,3.8178062750646,0.0129723459682,0.7524296785369,0.3283061651433,0.0000024015400
96320,0.2521070179107,3.8178931519052,0.0129306851212,0.7522735509748,0.3282337799524,0.0000024015400
96357,0.2521049852235,3.8178623690149,0.0128838511009,0.7522704436224,0.3282121628849,0.0000024015400
96385,0.2520997574667,3.8177832001881,0.0128838511009,0.7522703685777,0.3282110158496,0.0000024015400
96397,0.2521050914894,3.8178639783000,0.0128766560380,0.7522145773770,0.3281891498272,0.0000023751230
96401,0.2520956787720,3.8177214326866,0.0128281086451,0.7522347213692,0.3281735210738,0.0000023751230
96408,0.2520964864720,3.8177336644464,0.0128281086451,0.7522267596230,0.3281708506716,0.0000023751230
96412,0.2520911617926,3.8176530278290,0.0127812746249,0.7522681864089,0.3281644332266,0.0000023751230
96423,0.2520948647335,3.8177091049382,0.0126730291444,0.7522960777931,0.3281287970023,0.0000023751230
96437,0.2520851475508,3.8175619485225,0.0126636414053,0.7522543279099,0.3281077807596,0.0000023751230
96468,0.2520715834752,3.8173565349969,0.0126168073851,0.7521891069900,0.3280615092633,0.0000023751230
96481,0.2520690319094,3.8173178942404,0.0126168073851,0.7521201644066,0.3280363401480,0.0000023751230
96482,0.2520668073297,3.8172842053428,0.0126168073851,0.7520799305321,0.3280214942114,0.0000023751230
96487,0.2520617523082,3.8172076524087,0.0126168073851,0.7520361133420,0.3280047619961,0.0000023751230
96539,0.2520634479828,3.8172333316004,0.0126168073851,0.7520236880975,0.3280006877676,0.0000023751230
96547,0.2520654867013,3.8172642058273,0.0126207134338,0.7520110583695,0.3279982880396,0.0000023751230
96549,0.2520688781564,3.8173155658151,0.0126207134338,0.7519757876131,0.3279864180812,0.0000023751230
96556,0.2520662382630,3.8172755874315,0.0126207134338,0.7519246625297,0.3279675934314,0.0000023751230
96579,0.2520651903728,3.8172597182466,0.0126207134338,0.7519040479230,0.3279600065240,0.0000023489967
96581,0.2520651152533,3.8172585806415,0.0126675474540,0.7518034829922,0.3279441461032,0.0000023489967
96606,0.2520553152393,3.8171101698334,0.0126429652404,0.7517652763334,0.3279178656305,0.0000023489967
96617,0.2520526454858,3.8170697392512,0.0126429652404,0.7517008973385,0.3278943010423,0.0000023489967
96623,0.2520540946184,3.8170916848264,0.0126429652404,0.7516989861991,0.3278939290209,0.0000023489967
96654,0.2520594486661,3.8171727661954,0.0126897992606,0.7515602671284,0.3278656055146,0.0000023489967
96665,0.2520552871183,3.8171097439714,0.0126897992606,0.7515466163237,0.3278598384669,0.0000023489967
96671,0.2520515233641,3.8170527459097,0.0126897992606,0.7515483227189,0.3278596413751,0.0000023489967
96702,0.2520553675386,3.8171109618513,0.0126897992606,0.7514902016117,0.3278397075884,0.0000023489967
96788,0.2520549625172,3.8171048282316,0.0126429652404,0.7514514430321,0.3278057067253,0.0000023231577
96806,0.2520608037831,3.8171932880037,0.0125961312201,0.7514221075587,0.3277764097474,0.0000023231577
96836,0.2520589809567,3.8171656832318,0.0125961312201,0.7514149527902,0.3277734638673,0.0000023231577
96853,0.2520506347535,3.8170392888453,0.0125961312201,0.7513294072367,0.3277411234118,0.0000023231577
96868,0.2520558965138,3.8171189726190,0.0125961312201,0.7512853576574,0.3277265189392,0.0000023231577
96949,0.2520701555441,3.8173349104960,0.0125759343588,0.7512947369320,0.3277242683890,0.0000022976030
96961,0.2520670493111,3.8172878698942,0.0125759343588,0.7512430894152,0.3277051572259,0.0000022976030
96972,0.2520608752425,3.8171943701800,0.0125759343588,0.7511933771504,0.3276860798309,0.0000022976030
96975,0.2520602432870,3.8171847998847,0.0125068485320,0.7510547105986,0.3276068124319,0.0000022976030
96988,0.2520614128798,3.8172025121259,0.0125536825522,0.7508917008721,0.3275689170224,0.0000022976030
97009,0.2520596425302,3.8171757020607,0.0125068485320,0.7509393581504,0.3275654863953,0.0000022976030
97038,0.2520697385196,3.8173285951026,0.0124600145118,0.7508998032832,0.3275334513604,0.0000022976030
97047,0.2520690703518,3.8173184764101,0.0124257029863,0.7509088434492,0.3275218318728,0.0000022976030
97049,0.2520606901610,3.8171915673167,0.0124725370065,0.7507655525640,0.3274889325244,0.0000022976030
97104,0.2520626890712,3.8172218386895,0.0124708236340,0.7507239436788,0.3274737662437,0.0000022723294
97106,0.2520609299679,3.8171951989373,0.0124239896137,0.7507360168210,0.3274576294065,0.0000022723294
97120,0.2520614381584,3.8172028949436,0.0124708236340,0.7506375132087,0.3274426301659,0.0000022723294
97128,0.2520609681795,3.8171957776120,0.0125176576542,0.7505035822168,0.3274147686820,0.0000022723294
97153,0.2520652761557,3.8172610173386,0.0125176576542,0.7504370181398,0.3273919189351,0.0000022723294
97188,0.2520704501644,3.8173393722075,0.0124708236340,0.7504512870731,0.3273780519759,0.0000022723294
97198,0.2520732362870,3.8173815650757,0.0125019838761,0.7504069366658,0.3273761639605,0.0000022723294
97205,0.2520739159436,3.8173918577546,0.0124742503791,0.7504140532414,0.3273669654509,0.0000022723294
97320,0.2520803707355,3.8174896087252,0.0124742503791,0.7503716907538,0.3273532191607,0.0000022473337
97368,0.2520827891587,3.8175262331765,0.0124742503791,0.7503438899677,0.3273438085421,0.0000022473337
97386,0.2520861393911,3.8175769688909,0.0123833920493,0.7503409561814,0.3273045393840,0.0000022473337
97401,0.2520822905162,3.8175186817665,0.0123522318072,0.7503744549690,0.3273023240884,0.0000022473337
97480,0.2520890179983,3.8176205623402,0.0123522318072,0.7503320924814,0.3272886362318,0.0000022226131
97532,0.2520872380215,3.8175936064812,0.0123522318072,0.7503120807538,0.3272811077626,0.0000022226131
97544,0.2520872911058,3.8175944103867,0.0123522318072,0.7502762658092,0.3272683280862,0.0000021981643
97561,0.2520906138342,3.8176447295806,0.0123522318072,0.7502671973650,0.3272658013693,0.0000021981643
97627,0.2520907638651,3.8176470016390,0.0122585637667,0.7503459959037,0.3272538324081,0.0000021739845
97641,0.2520965524775,3.8177346640288,0.0122117297465,0.7503645238423,0.3272416182230,0.0000021739845
97705,0.2520958248960,3.8177236455793,0.0122117297465,0.7503523807410,0.3272371254908,0.0000021739845
97728,0.2520974350361,3.8177480294429,0.0121197750786,0.7503918741252,0.3272121661576,0.0000021739845
97765,0.2521051653128,3.8178650962760,0.0120729410584,0.7503596016174,0.3271822250268,0.0000021500707
97831,0.2521082753284,3.8179121941612,0.0120472625066,0.7503219141872,0.3271584265686,0.0000021500707
97846,0.2521020205068,3.8178174715275,0.0120004284864,0.7503401891893,0.3271435413132,0.0000021500707
97867,0.2521026092445,3.8178263873360,0.0119535944662,0.7503683013632,0.3271336358105,0.0000021500707
97884,0.2521104717256,3.8179454562647,0.0119535944662,0.7503579905335,0.3271316381886,0.0000021500707
97974,0.2521156000075,3.8180231186507,0.0119535944662,0.7503532185850,0.3271310328389,0.0000021264199
97976,0.2521213625700,3.8181103865415,0.0119869473845,0.7502839882911,0.3271218366766,0.0000021264199
98000,0.2521254809057,3.8181727543643,0.0119869473845,0.7501998788787,0.3270926801012,0.0000021264199
98104,0.2521313111143,3.8182610466841,0.0119712736064,0.7502003753676,0.3270873894156,0.0000021030293
98135,0.2521296015525,3.8182351571862,0.0119712736064,0.7501975274483,0.3270860059670,0.0000021030293
98143,0.2521294711072,3.8182331817297,0.0119379206881,0.7501942796321,0.3270705239722,0.0000021030293
98160,0.2521346226239,3.8183111959814,0.0119379206881,0.7486665121238,0.3265259966157,0.0000021030293
98166,0.2521377058429,3.8183578880604,0.0119379206881,0.7486635783375,0.3265256095246,0.0000021030293
98241,0.2521390337276,3.8183779974640,0.0118726031791,0.7487336325451,0.3265229202131,0.0000021030293
98298,0.2521372333544,3.8183507327231,0.0117549699595,0.7487738914761,0.3264864983715,0.0000020798960
98301,0.2521341109155,3.8183034467010,0.0117081359392,0.7475386790092,0.3260246102449,0.0000020798960
98308,0.2521398956137,3.8183910498144,0.0117510639107,0.7474556495899,0.3260145941611,0.0000020798960
98320,0.2521440417527,3.8184538386879,0.0117978979309,0.7473114793103,0.3259840649568,0.0000020798960
98331,0.2521382570111,3.8183662349168,0.0117510639107,0.7473389133519,0.3259725515183,0.0000020798960
98349,0.2521411505434,3.8184100543917,0.0117549699595,0.7472873188127,0.3259564189607,0.0000020798960
98430,0.2521505274016,3.8185520569548,0.0117549699595,0.7472795809302,0.3259556647580,0.0000020798960
98435,0.2521460715437,3.8184845777178,0.0118002448657,0.7471569483863,0.3259303161255,0.0000020570171
98441,0.2521466857519,3.8184938792494,0.0117549699595,0.7471597006864,0.3259120271746,0.0000020570171
98446,0.2521547300428,3.8186157014956,0.0117081359392,0.7471769699758,0.3258998468317,0.0000020570171
98476,0.2521597944296,3.8186923962572,0.0115933124303,0.7472164528079,0.3258658229936,0.0000020570171
98479,0.2521573276011,3.8186550387575,0.0115666752714,0.7472382954509,0.3258616794061,0.0000020570171
98531,0.2521613801860,3.8187164108545,0.0115048010352,0.6324362907307,0.2848353143159,0.0000020570171
98549,0.2521574650810,3.8186571207447,0.0114579670150,0.6324629811821,0.2848239359460,0.0000020570171
98616,0.2521606423556,3.8187052371952,0.0114383871882,0.6324737330933,0.2848200654044,0.0000020343899
98624,0.2521635600090,3.8187494219587,0.0114383871882,0.6324096188176,0.2847977926603,0.0000020343899
98647,0.2521614621379,3.8187176519290,0.0113826282047,0.6323302567900,0.2847451028280,0.0000020343899
98711,0.2521528046275,3.8185865431236,0.0113826282047,0.6323203576257,0.2847397122313,0.0000020343899
98719,0.2521541396078,3.8186067599843,0.0112927284820,0.6323833171828,0.2847239554021,0.0000020343899
98725,0.2521591474252,3.8186825980627,0.0112927284820,0.6323025164088,0.2846961710866,0.0000020343899
98735,0.2521487834269,3.8185256463094,0.0113379868606,0.6322443917038,0.2846925878545,0.0000020343899
98765,0.2521490956154,3.8185303740729,0.0113536606387,0.6321948210317,0.2846816682741,0.0000020343899
98790,0.2521507497218,3.8185554237596,0.0113536606387,0.6321074756095,0.2846508279318,0.0000020120116
98800,0.2521504758686,3.8185512765427,0.0113259271417,0.6320850085174,0.2846308595031,0.0000020120116
98805,0.2521556379272,3.8186294504401,0.0113259271417,0.6320584938303,0.2846224961274,0.0000020120116
98834,0.2521539656052,3.8186041248994,0.0113727611619,0.6317959810622,0.2845484549356,0.0000020120116
98840,0.2521502342939,3.8185476181507,0.0113727611619,0.6317513768757,0.2845317253023,0.0000020120116
98870,0.2521487935407,3.8185257994731,0.0113727611619,0.6317465476737,0.2845296918544,0.0000020120116
98889,0.2521501406182,3.8185461995312,0.0113727611619,0.6317061652496,0.2845155582196,0.0000020120116
98927,0.2521551000327,3.8186213045990,0.0113570873839,0.6317131856734,0.2845124109120,0.0000020120116
98931,0.2521602399608,3.8186991433531,0.0113570873839,0.6316529770646,0.2844920092506,0.0000020120116
98978,0.2521571411601,3.8186522153065,0.0113570873839,0.6314709755051,0.2844263446649,0.0000019898795
98981,0.2521628445154,3.8187385865681,0.0113570873839,0.6313052433861,0.2843683767700,0.0000019898795
99017,0.2521582460167,3.8186689471869,0.0113337557669,0.6312832565936,0.2843495396871,0.0000019898795
99096,0.2521613502045,3.8187159568166,0.0113021162212,0.6312900526495,0.2843390722277,0.0000019898795
99202,0.2521560918585,3.8186363247482,0.0112819193598,0.6312881468719,0.2843286090067,0.0000019679908
99229,0.2521588875856,3.8186786630665,0.0113544319318,0.6311859755521,0.2843237951506,0.0000019679908
99247,0.2521565115043,3.8186426798385,0.0113544319318,0.6311798431397,0.2843210958430,0.0000019679908
99350,0.2521469658248,3.8184981206551,0.0113080772152,0.6312025697335,0.2843073006738,0.0000019463429
99368,0.2521453021868,3.8184729266242,0.0112355646432,0.6311622164922,0.2842614554915,0.0000019463429
99381,0.2521424743394,3.8184301018781,0.0112355646432,0.6311543943934,0.2842580559175,0.0000019463429
99388,0.2521416062133,3.8184169550289,0.0112355646432,0.6311018639905,0.2842391090322,0.0000019463429
99390,0.2521376725341,3.8183573836336,0.0112611054640,0.6310708487554,0.2842381352974,0.0000019463429
99444,0.2521411884626,3.8184106286387,0.0112996480832,0.6310132193931,0.2842348250609,0.0000019463429
99453,0.2521378654359,3.8183603049272,0.0112991687796,0.6309863762829,0.2842243207428,0.0000019249332
99460,0.2521349262109,3.8183157934843,0.0112991687796,0.6309726533277,0.2842187898535,0.0000019249332
99480,0.2521355981614,3.8183259694613,0.0112606261604,0.6309838354296,0.2842064091853,0.0000019249332
99510,0.2521527372332,3.8185855225087,0.0111653990060,0.6310271247428,0.2841847306750,0.0000019249332
99542,0.2521509296856,3.8185581491189,0.0110477657864,0.6311561444126,0.2841800075599,0.0000019249332
99579,0.2521526080385,3.8185835659929,0.0110222249656,0.6311098668234,0.2841528934304,0.0000019249332
99610,0.2521422092652,3.8184260876105,0.0110533852077,0.6310638379934,0.2841475806435,0.0000019249332
99661,0.2521464331568,3.8184900539640,0.0111710184273,0.6309087021049,0.2841434943256,0.0000019037589
99740,0.2521472421932,3.8185023059623,0.0110533852077,0.5264206843780,0.2467761042654,0.0000019037589
99748,0.2521518178892,3.8185716000198,0.0110070304911,0.5264711993756,0.2467752595352,0.0000019037589
99810,0.2521602060558,3.8186986298988,0.0109954500758,0.5264506302685,0.2467647478546,0.0000018828175
99815,0.2521544057087,3.8186107897990,0.0109486160555,0.5264678016629,0.2467495658410,0.0000018828175
99843,0.2521444227779,3.8184596089098,0.0109045917460,0.5264937301211,0.2467378192439,0.0000018828175
99846,0.2521489002173,3.8185274149760,0.0108734315038,0.5264295832498,0.2467025147088,0.0000018621065
99853,0.2521495900787,3.8185378621955,0.0108577577257,0.5264262630663,0.2466947594230,0.0000018621065
99854,0.2521483144613,3.8185185443236,0.0108170224304,0.5264131207778,0.2466723344182,0.0000018621065
99887,0.2521419830119,3.8184226612441,0.0107858621883,0.5264158602946,0.2466586016884,0.0000018621065
99892,0.2521342921750,3.8183061916835,0.0107536056080,0.5264338499036,0.2466495542636,0.0000018621065
99935,0.2521320499759,3.8182722359590,0.0107067715878,0.5264371612324,0.2466301846869,0.0000018621065
99986,0.2521219160299,3.8181187681047,0.0106599375676,0.5264664992404,0.2466184192641,0.0000018416234
100025,0.2521194468436,3.8180813748996,0.0106386443682,0.5264019038049,0.2465856946975,0.0000018416234
100027,0.2521116008798,3.8179625561075,0.0105499952422,0.5264356638130,0.2465580780827,0.0000018416234
100145,0.2521114505565,3.8179602796199,0.0105499952422,0.5264318620411,0.2465566880949,0.0000018213655
100166,0.2521168439220,3.8180419564143,0.0105499952422,0.5263871185156,0.2465418639855,0.0000018213655
100215,0.2521053874542,3.8178684603724,0.0105517086148,0.5263691640697,0.2465337310286,0.0000018213655
100291,0.2521026293827,3.8178266923073,0.0105839651950,0.5263213201194,0.2465298771368,0.0000018213655
100304,0.2520922952430,3.8176701927325,0.0106307992153,0.5262686463868,0.2465289223539,0.0000018013305
100373,0.2521080494926,3.8179087741175,0.0105600000159,0.5262491245100,0.2464949836517,0.0000018013305
100502,0.2521065775406,3.8178864829679,0.0105600000159,0.5262371569805,0.2464903941157,0.0000017815159
100505,0.2521041027701,3.8178490051953,0.0106619594574,0.5260933260572,0.2464821925243,0.0000017815159
100655,0.2521066126715,3.8178870149879,0.0106422253719,0.5260703596930,0.2464660706222,0.0000017619192
100761,0.2520988349920,3.8177692302881,0.0106221662415,0.5259955855155,0.2464291021430,0.0000017619192
100825,0.2521050929168,3.8178639999163,0.0105753322213,0.5260447475121,0.2464279292599,0.0000017425381
100894,0.2521096477195,3.8179329775683,0.0105753322213,0.5259858818487,0.2464078818379,0.0000017425381
100987,0.2521143106759,3.8180035930914,0.0104594123742,0.5261151564779,0.2464053706188,0.0000017233702
101043,0.2521148535592,3.8180118144827,0.0103917479305,0.5260907706129,0.2463677786661,0.0000017233702
101045,0.2521146519695,3.8180087616208,0.0104385819507,0.5260275786665,0.2463652386389,0.0000017233702
101046,0.2521114959330,3.8179609667993,0.0103917479305,0.5260843892730,0.2463647801248,0.0000017233702
101262,0.2521038284365,3.8178448507046,0.0104183850894,0.5260528681873,0.2463632954844,0.0000017044131
101295,0.2520978396901,3.8177541574974,0.0104652191096,0.5259121847827,0.2463318398315,0.0000017044131
101325,0.2521002198138,3.8177902019449,0.0104183850894,0.5259457057576,0.2463242499119,0.0000016856645
101353,0.2521052993757,3.8178671265173,0.0103007518698,0.5260106122303,0.2462981050355,0.0000016856645
101387,0.2521061270339,3.8178796605210,0.0102539178495,0.5260483348624,0.2462916830365,0.0000016856645
101440,0.2521017578262,3.8178134935089,0.0101803089395,0.5260411178669,0.2462566226035,0.0000016856645
101553,0.2521000324093,3.8177873639024,0.0101803089395,0.5260385881059,0.2462553493853,0.0000016671222
101557,0.2520993291005,3.8177767130363,0.0101803089395,0.5260000560965,0.2462414372443,0.0000016671222
101610,0.2520893226438,3.8176251758731,0.0102005058008,0.5259785279284,0.2462402601699,0.0000016671222
101706,0.2520854360011,3.8175663167957,0.0101661942753,0.5260071685152,0.2462349511594,0.0000016487839
101744,0.2520842753714,3.8175487402905,0.0101339376951,0.5259345107018,0.2461949289853,0.0000016487839
101795,0.2520904606602,3.8176424099237,0.0101137408338,0.5259353558724,0.2461879004533,0.0000016487839
101809,0.2520869408609,3.8175891062996,0.0101137408338,0.5258731849257,0.2461649423010,0.0000016487839
102068,0.2520835476450,3.8175377196472,0.0101137408338,0.5258624748552,0.2461603901581,0.0000016127101
102115,0.2520818787898,3.8175124466063,0.0101522834530,0.5258118206201,0.2461584600134,0.0000016127101
102120,0.2520877861560,3.8176019073967,0.0101054494327,0.5258566989013,0.2461556821122,0.0000016127101
102189,0.2520820347601,3.8175148086111,0.0100586154125,0.5259032607014,0.2461510071616,0.0000015949703
102199,0.2520831092127,3.8175310800547,0.0100669068136,0.5258847367472,0.2461481751611,0.0000015949703
102232,0.2520881456262,3.8176073511912,0.0100963536831,0.5258260454368,0.2461409132972,0.0000015949703
102263,0.2520875457084,3.8175982660726,0.0100991633938,0.5258143306928,0.2461378050680,0.0000015949703
102294,0.2520800668294,3.8174850063891,0.0100866408990,0.5258016534781,0.2461263080909,0.0000015949703
102308,0.2520785903416,3.8174626465496,0.0100866408990,0.5257563956348,0.2461098281852,0.0000015949703
102319,0.2520859016757,3.8175733689434,0.0100398068788,0.5257935040342,0.2461045761765,0.0000015949703
102340,0.2520832613075,3.8175333833693,0.0100398068788,0.5257946587528,0.2461044227828,0.0000015949703
102347,0.2520744328164,3.8173996852434,0.0099929728585,0.5257924495508,0.2460816702396,0.0000015774257
102431,0.2520799871586,3.8174837998604,0.0099805880947,0.5257870486934,0.2460756238222,0.0000015774257
102521,0.2520822012884,3.8175173305060,0.0099805880947,0.5257270044668,0.2460546539120,0.0000015600740
102522,0.2520759305999,3.8174223675845,0.0099805880947,0.5257011625467,0.2460440809358,0.0000015600740
102555,0.2520876699544,3.8176001476465,0.0099777783840,0.5256437929598,0.2460249032119,0.0000015600740
102608,0.2520817425158,3.8175103828809,0.0099309443638,0.5256703368941,0.2460130413001,0.0000015600740
102631,0.2520805796096,3.8174927719010,0.0099254626734,0.5256627446295,0.2460077312869,0.0000015600740
102709,0.2520821953996,3.8175172413265,0.0099254626734,0.5256090661196,0.2459889066312,0.0000015429132
102729,0.2520860198502,3.8175751585700,0.0099337540745,0.5255761704014,0.2459815311432,0.0000015429132
102894,0.2520754606874,3.8174152512584,0.0099337540745,0.5255795201600,0.2459804648078,0.0000015259411
102900,0.2520852780727,3.8175639251366,0.0099044614635,0.4318820082631,0.2125066174511,0.0000015259411
102939,0.2520877177726,3.8176008718020,0.0098576274433,0.4319042326753,0.2124950058110,0.0000015259411
103102,0.2520783319462,3.8174587334261,0.0098869200542,0.4314654482760,0.2123488398246,0.0000015091558
103121,0.2520714311338,3.8173542279481,0.0098775323151,0.4314770247987,0.2123474722347,0.0000015091558
103305,0.2520620166218,3.8172116551576,0.0098775323151,0.4313868911193,0.2123132642395,0.0000014925551
103393,0.2520590107696,3.8171661347170,0.0098775323151,0.4313324694544,0.2122931838194,0.0000014761369
103488,0.2520631730798,3.8172291684860,0.0099511412251,0.4312089957582,0.2122815246701,0.0000014761369
103572,0.2520504984119,3.8170372240957,0.0099136949441,0.4312160092667,0.2122652650881,0.0000014598994
103613,0.2520452075435,3.8169570995105,0.0098793834186,0.4312454420733,0.2122599381077,0.0000014598994
103621,0.2520500112629,3.8170298467420,0.0098527462597,0.4312655189440,0.2122567218619,0.0000014598994
103743,0.2520478390513,3.8169969509024,0.0098444548586,0.4312005017135,0.2122294824909,0.0000014438405
103751,0.2520512399988,3.8170484546429,0.0098444548586,0.4311861744921,0.2122250944006,0.0000014438405
103757,0.2520484272439,3.8170058584556,0.0098167213616,0.4311830267723,0.2122114816974,0.0000014438405
103789,0.2520435254379,3.8169316258078,0.0098167213616,0.4311178011818,0.2121871364566,0.0000014438405
103804,0.2520492627265,3.8170185109532,0.0098162420580,0.4311128588642,0.2121863953463,0.0000014438405
103836,0.2520541497050,3.8170925190542,0.0098373975265,0.4310380586166,0.2121697948112,0.0000014438405
103850,0.2520483503942,3.8170046946483,0.0098373975265,0.4310119824456,0.2121592391836,0.0000014438405
103872,0.2520432148849,3.8169269228112,0.0097850818159,0.4310693608855,0.2121562099984,0.0000014279583
103931,0.2520462944769,3.8169735599630,0.0097410575063,0.4310880150260,0.2121446645427,0.0000014122508
103954,0.2520522415260,3.8170636217090,0.0097294770910,0.4310814623177,0.2121386356223,0.0000014122508
104012,0.2520469239701,3.8169830929700,0.0096826430708,0.4309949511968,0.2120865275942,0.0000014122508
104054,0.2520440537718,3.8169396268633,0.0096831223744,0.4309591916893,0.2120733467149,0.0000013967160
104088,0.2520369373006,3.8168318554616,0.0096362883541,0.4309759794840,0.2120577456748,0.0000013967160
104105,0.2520496075110,3.8170237323486,0.0096237658594,0.4308796872461,0.2120207038514,0.0000013967160
104146,0.2520462852541,3.8169734202934,0.0096142073339,0.3474172792149,0.1822078925600,0.0000013967160
104252,0.2520465570811,3.8169775368255,0.0096364591405,0.3473741147561,0.1822020714191,0.0000013813521
104295,0.2520486640042,3.8170094439387,0.0095896251203,0.3474024633984,0.1821925756947,0.0000013813521
104305,0.2520480948277,3.8170008243648,0.0094719919006,0.3474889929789,0.1821729429130,0.0000013813521
104369,0.2520533808553,3.8170808756413,0.0094719919006,0.3473725460833,0.1821324874561,0.0000013813521
104383,0.2520512446698,3.8170485253795,0.0094724712042,0.3473556546478,0.1821262024624,0.0000013661573
104459,0.2520455417614,3.8169621608865,0.0095193052244,0.3472399170439,0.1821037172750,0.0000013661573
104509,0.2520446447864,3.8169485771517,0.0095661392447,0.3471759091900,0.1821007368412,0.0000013661573
104590,0.2520475573172,3.8169926843395,0.0095193052244,0.3472132583636,0.1820946282226,0.0000013511295
104611,0.2520532594434,3.8170790369874,0.0095193052244,0.3471870053990,0.1820864740480,0.0000013511295
104628,0.2520497723964,3.8170262293619,0.0095193052244,0.3471234411890,0.1820630253200,0.0000013511295
104657,0.2520468203974,3.8169815244715,0.0095193052244,0.3470287625119,0.1820285789356,0.0000013511295
104672,0.2520475038968,3.8169918753435,0.0095661392447,0.3469642138811,0.1820257440403,0.0000013511295
104714,0.2520467861029,3.8169810051173,0.0095275966255,0.3470033153529,0.1820230367733,0.0000013511295
104798,0.2520420776231,3.8169097001890,0.0095744306457,0.2737821679310,0.1558916897428,0.0000013362671
104941,0.2520504546674,3.8170365616323,0.0095744306457,0.2736912989929,0.1558610316315,0.0000013215682
105045,0.2520526344634,3.8170695723287,0.0095716209351,0.2736114712098,0.1558317846464,0.0000013215682
105068,0.2520429194704,3.8169224490736,0.0095363673302,0.2736132252994,0.1558152206350,0.0000013070309
105073,0.2520463236663,3.8169740020060,0.0094895333099,0.2736021057405,0.1557919071115,0.0000013070309
105219,0.2520433165389,3.8169284622534,0.0094867235993,0.2735445330975,0.1557694969071,0.0000013070309
105364,0.2520426034038,3.8169176625796,0.0095219772042,0.2734986890169,0.1557680798944,0.0000012926536
105418,0.2520440154333,3.8169390462676,0.0095219772042,0.2734951072183,0.1557671032583,0.0000012784344
105452,0.2520393532795,3.8168684428974,0.0095688112244,0.2734373582992,0.1557655513343,0.0000012784344
105466,0.2520355266995,3.8168104934063,0.0095335576195,0.2734353258459,0.1557488967889,0.0000012784344
105508,0.2520366608178,3.8168276684237,0.0095335576195,0.2734319992761,0.1557479517536,0.0000012784344
105596,0.2520320816443,3.8167583217027,0.0095335576195,0.2733742204128,0.1557263351939,0.0000012643716
105604,0.2520321949899,3.8167600382013,0.0095335576195,0.2733162353293,0.1557056505238,0.0000012643716
105620,0.2520341439161,3.8167895526196,0.0095592361712,0.2732355260034,0.1556882484852,0.0000012643716
105637,0.2520432992075,3.8169281997880,0.0095592361712,0.2107368025557,0.1333692376735,0.0000012643716
105650,0.2520425903492,3.8169174648822,0.0095124021510,0.2107573918980,0.1333563673888,0.0000012643716
105719,0.2520383381412,3.8168530697052,0.0095124021510,0.2107529291402,0.1333538623593,0.0000012643716
105729,0.2520481513781,3.8170016807611,0.0095124021510,0.1591188195635,0.1149152117755,0.0000012643716
105734,0.2520491461206,3.8170167450795,0.0094655681308,0.1591552905428,0.1149083785615,0.0000012643716
105756,0.2520390138595,3.8168633027420,0.0094655681308,0.1589903323582,0.1148472937253,0.0000012504635
105824,0.2520320657107,3.8167580804048,0.0094655681308,0.1589637177868,0.1148362996322,0.0000012504635
105844,0.2520344055402,3.8167935146392,0.0093479349111,0.1590336143706,0.1148113498529,0.0000012504635
105975,0.2520410071249,3.8168934886299,0.0093479349111,0.1589921979372,0.1147979728948,0.0000012367084
105977,0.2520359436326,3.8168168074156,0.0093396435101,0.1589269591911,0.1147700348510,0.0000012367084
105992,0.2520301180177,3.8167285846623,0.0093396435101,0.1589001915058,0.1147592266173,0.0000012367084
105998,0.2520287745425,3.8167082391565,0.0093062905918,0.1588257312900,0.1147180516878,0.0000012367084
106017,0.2520306834685,3.8167371478142,0.0092594565715,0.1588536384893,0.1147083558772,0.0000012367084
106058,0.2520271494937,3.8166836295169,0.0092594565715,0.1588499903487,0.1147062956896,0.0000012367084
106123,0.2520198104501,3.8165724874934,0.0092337780198,0.1588358364011,0.1146886629625,0.0000012231046
106151,0.2520191072563,3.8165618383693,0.0091952354006,0.1588306271606,0.1146701335697,0.0000012231046
106173,0.2520188354439,3.8165577220592,0.0091952354006,0.1584078300564,0.1145190763584,0.0000012231046
106200,0.2520216063700,3.8165996847935,0.0091484013804,0.1584352958126,0.1145094076040,0.0000012231046
106217,0.2520272801613,3.8166856083394,0.0091042393399,0.1584092081928,0.1144823798205,0.0000012231046
106267,0.2520274265887,3.8166878258260,0.0091015673602,0.1583643325443,0.1144652390463,0.0000012096505
106288,0.2520253284094,3.8166560511292,0.0091015673602,0.1583536089209,0.1144609595710,0.0000012096505
106335,0.2520215226812,3.8165984174146,0.0091015673602,0.1583489584025,0.1144584831583,0.0000012096505
106345,0.2520153476965,3.8165049038277,0.0090804118917,0.1582954152034,0.1144289707469,0.0000012096505
106379,0.2520140035807,3.8164845486198,0.0090804118917,0.1582841251662,0.1144246505659,0.0000012096505
106390,0.2520090311450,3.8164092463600,0.0090721204906,0.1582187941219,0.1143966990706,0.0000012096505
106392,0.2520064776030,3.8163705756771,0.0090721204906,0.1580755572229,0.1143449958477,0.0000012096505
106511,0.2520070010964,3.8163785034297,0.0089756427395,0.1581432728292,0.1143279445623,0.0000011963443
106542,0.2520077162798,3.8163893341232,0.0089198837560,0.1579997434826,0.1142529406277,0.0000011963443
106613,0.2520077341108,3.8163896041537,0.0089083033407,0.1579276882892,0.1142222474159,0.0000011831845
106725,0.2520043587861,3.8163384884444,0.0088641413002,0.1578225126298,0.1141650348077,0.0000011831845
106736,0.2520020782326,3.8163039518827,0.0088173072800,0.1577781517042,0.1141286312070,0.0000011831845
106869,0.2520053227505,3.8163530866620,0.0088173072800,0.1577660084241,0.1141249895751,0.0000011701695
107162,0.2520022041356,3.8163058585503,0.0088255986810,0.1577564143853,0.1141244483157,0.0000011445674
107286,0.2520004460606,3.8162792343712,0.0088255986810,0.1576812845579,0.1140972395041,0.0000011319771
107288,0.2519883590938,3.8160961900895,0.0088371790963,0.1576697480554,0.1140954922954,0.0000011319771
107312,0.2519866097040,3.8160696974386,0.0088371790963,0.1575943950241,0.1140682056293,0.0000011319771
107365,0.2519908195091,3.8161334504675,0.0088115005446,0.1575246499021,0.1140331936647,0.0000011319771
107399,0.2519913189175,3.8161410134774,0.0087903450761,0.1575281182856,0.1140254727598,0.0000011319771
107419,0.2519849639624,3.8160447744297,0.0087903450761,0.1575018517939,0.1140147300938,0.0000011319771
107604,0.2519904640362,3.8161280672089,0.0087903450761,0.1574985252241,0.1140147206204,0.0000011195254
107610,0.2519919140148,3.8161500255946,0.0086727118565,0.1574939676361,0.1139629893831,0.0000011195254
107682,0.2519876240474,3.8160850585933,0.0085807571886,0.1575689298646,0.1139494331855,0.0000011072106
107708,0.2519790518515,3.8159552417860,0.0085605603273,0.1575553970755,0.1139341073497,0.0000011072106
107741,0.2519703067134,3.8158228059528,0.0085842169892,0.1158837771491,0.0990596505586,0.0000011072106
107767,0.2519659482885,3.8157568022355,0.0085842169892,0.1158344674057,0.0990411059878,0.0000011072106
107797,0.2519712868436,3.8158376489851,0.0085585384374,0.1158486142015,0.0990362972973,0.0000010950313
107812,0.2519738343588,3.8158762283984,0.0086027004779,0.1157798200881,0.0990312004560,0.0000010950313
107825,0.2519692146647,3.8158062680356,0.0085790438160,0.1157838424680,0.0990215085164,0.0000010829859
107868,0.2519717672978,3.8158449249539,0.0084891440934,0.1158737782032,0.0990156469621,0.0000010829859
107937,0.2519672789761,3.8157769540863,0.0084891440934,0.1158596498671,0.0990096393446,0.0000010829859
107942,0.2519564232418,3.8156125555148,0.0084775636781,0.1158714312126,0.0990065577041,0.0000010829859
107950,0.2519619256647,3.8156958838686,0.0084775636781,0.1158132720237,0.0989869656558,0.0000010829859
107962,0.2519674949777,3.8157802252002,0.0084334016376,0.1158392730697,0.0989785185791,0.0000010710731
107985,0.2519705245460,3.8158261047967,0.0084316882650,0.1157682728821,0.0989530762599,0.0000010710731
108023,0.2519627928690,3.8157090167568,0.0084233968639,0.1157752109032,0.0989503438790,0.0000010710731
108112,0.2519680816038,3.8157891090299,0.0084233968639,0.1157261921723,0.0989339704897,0.0000010710731
108123,0.2519682931340,3.8157923124308,0.0084233968639,0.1156872803622,0.0989201187426,0.0000010592913
108130,0.2519704830324,3.8158254761171,0.0084233968639,0.1156155465396,0.0988949687842,0.0000010592913
108138,0.2519642661559,3.8157313281218,0.0084262065746,0.1156020828700,0.0988900323046,0.0000010592913
108178,0.2519545992266,3.8155849327409,0.0084262065746,0.1153880550168,0.0988115223008,0.0000010592913
108320,0.2519615873869,3.8156907610097,0.0084233968639,0.1153302793177,0.0987911814238,0.0000010476391
108492,0.2519634361534,3.8157187586152,0.0084233968639,0.1153178152639,0.0987871261402,0.0000010361151
108573,0.2519721684316,3.8158509996993,0.0084233968639,0.1152863816634,0.0987777710568,0.0000010361151
108611,0.2519750191167,3.8158941702991,0.0084233968639,0.0840031280038,0.0876057913252,0.0000010361151
108654,0.2519706605348,3.8158281642031,0.0083903359352,0.0840108038423,0.0875934297448,0.0000010247178
108657,0.2519655158373,3.8157502532202,0.0083903359352,0.0839528079370,0.0875716144863,0.0000010247178
108677,0.2519713243921,3.8158382176165,0.0084105327965,0.0839204292362,0.0875699511526,0.0000010247178
108759,0.2519675148100,3.8157805255402,0.0084351150102,0.0838568887060,0.0875569770015,0.0000010247178
108929,0.2519568490827,3.8156190044228,0.0084819490304,0.0836997206334,0.0875186317570,0.0000010134459
109001,0.2519574002934,3.8156273519230,0.0084819490304,0.0836921240894,0.0875160368221,0.0000010022980
109073,0.2519519663919,3.8155450612546,0.0084819490304,0.0836841498845,0.0875120244843,0.0000010022980
109369,0.2519485195928,3.8154928631414,0.0085287830506,0.0836126528749,0.0875058229612,0.0000009803687
109404,0.2519489919949,3.8155000171683,0.0085085861893,0.0835721743364,0.0874828117716,0.0000009803687
109535,0.2519528944194,3.8155591152449,0.0085526104989,0.0834679414994,0.0874652895535,0.0000009695847
109562,0.2519457081807,3.8154502872897,0.0085173568939,0.0835137546017,0.0874650027796,0.0000009695847
109838,0.2519445232595,3.8154323429154,0.0084567497822,0.0834373040108,0.0874114706090,0.0000009483711
110054,0.2519416843842,3.8153893511622,0.0084567497822,0.0833655493604,0.0873852356177,0.0000009379390
110134,0.2519410234189,3.8153793415454,0.0084321675686,0.0833646612292,0.0873742415582,0.0000009379390
110245,0.2519375579744,3.8153268610665,0.0084205871533,0.0833764425747,0.0873727435512,0.0000009276217
110298,0.2519354613791,3.8152951103569,0.0084572290858,0.0833044487432,0.0873622858835,0.0000009276217
110516,0.2519363489809,3.8153085521433,0.0084600387965,0.0832936072447,0.0873598082818,0.0000009073263
110782,0.2519345500792,3.8152813096876,0.0084600387965,0.0832935955621,0.0873594186305,0.0000008973457
110859,0.2519309534489,3.8152268425399,0.0084600387965,0.0832758312093,0.0873523035123,0.0000008874749
110872,0.2519199762333,3.8150606042630,0.0084600387965,0.0832678484506,0.0873471002666,0.0000008874749
110981,0.2519181518154,3.8150329753899,0.0084628485071,0.0832209075145,0.0873311488615,0.0000008874749
111226,0.2519207303291,3.8150720242433,0.0084262065746,0.0832462783599,0.0873250587310,0.0000008680578
111268,0.2519196731969,3.8150560150972,0.0084279199472,0.0832337333157,0.0873210861323,0.0000008680578
111421,0.2519090970865,3.8148958511336,0.0084279199472,0.0832288437750,0.0873170735584,0.0000008585092
111496,0.2519089240463,3.8148932306228,0.0084395003625,0.0831820836693,0.0873052994757,0.0000008585092
111634,0.2519178553029,3.8150284850233,0.0084395003625,0.0831384980328,0.0872916470177,0.0000008490656
111660,0.2519235666591,3.8151149774490,0.0084366906518,0.0831056304018,0.0872799282784,0.0000008490656
111698,0.2519221910728,3.8150941456550,0.0083926663423,0.0831447377126,0.0872747328453,0.0000008397258
111888,0.2519247394691,3.8151327384113,0.0083458323220,0.0831387758555,0.0872530779726,0.0000008304889
111946,0.2519247355701,3.8151326793651,0.0083458323220,0.0831100725035,0.0872428259400,0.0000008304889
111960,0.2519259667004,3.8151513235279,0.0083458323220,0.0831082110246,0.0872424249397,0.0000008304889
111961,0.2519317589973,3.8152390417146,0.0082989983018,0.0830747208862,0.0872116336595,0.0000008304889
112023,0.2519372952530,3.8153228824302,0.0082989983018,0.0830304297243,0.0871970017280,0.0000008304889
112037,0.2519383856393,3.8153393951733,0.0082989983018,0.0829612971223,0.0871725451672,0.0000008213535
112194,0.2519323371266,3.8152477968691,0.0082874178865,0.0829693113620,0.0871691482506,0.0000008213535
112240,0.2519297300469,3.8152083154152,0.0082874178865,0.0829363629780,0.0871568223107,0.0000008123186
112359,0.2519328700990,3.8152558681705,0.0082744160881,0.0829442809442,0.0871547508248,0.0000008123186
112387,0.2519393868545,3.8153545575140,0.0082744160881,0.0829337552708,0.0871523881033,0.0000008033831
112404,0.2519346467968,3.8152827743727,0.0082744160881,0.0829325150334,0.0871509294347,0.0000008033831
112456,0.2519399166985,3.8153625814388,0.0082944752186,0.0828880798770,0.0871447857708,0.0000008033831
112530,0.2519424750304,3.8154013246607,0.0082944752186,0.0828422245338,0.0871289570766,0.0000008033831
112654,0.2519445299621,3.8154324444189,0.0081768419989,0.0828665984948,0.0870876881681,0.0000007945459
112655,0.2519497278504,3.8155111609197,0.0081567828685,0.0828278667053,0.0870663724492,0.0000007945459
112858,0.2519556023980,3.8156001247063,0.0081959425222,0.0827444666511,0.0870546282559,0.0000007858059
112906,0.2519505337458,3.8155233653498,0.0082073852066,0.0619190695017,0.0796208042847,0.0000007771620
112946,0.2519491705689,3.8155027214823,0.0081806103168,0.0618606197630,0.0795881623159,0.0000007771620
112949,0.2519461630300,3.8154571754983,0.0081414506631,0.0619087693651,0.0795879314210,0.0000007771620
112978,0.2519450198119,3.8154398626745,0.0081414506631,0.0618357479258,0.0795616073602,0.0000007771620
113246,0.2519411979926,3.8153819852790,0.0081541274165,0.0617736115207,0.0795440297200,0.0000007601585
113429,0.2519407030539,3.8153744899573,0.0081895187523,0.0616298918567,0.0795077629256,0.0000007517967
113613,0.2519408565539,3.8153768145522,0.0081539731579,0.0616631101157,0.0795044256563,0.0000007435270
113620,0.2519350386336,3.8152887083245,0.0082008071781,0.0615930410321,0.0794982260093,0.0000007435270
113682,0.2519345690441,3.8152815968909,0.0082008071781,0.0615675359950,0.0794890164411,0.0000007435270
113990,0.2519377801384,3.8153302255048,0.0082008071781,0.0615654202315,0.0794889489030,0.0000007272593
114446,0.2519320886459,3.8152440338930,0.0082008071781,0.0615334233492,0.0794763018394,0.0000007035228
115022,0.2519332865603,3.8152621750351,0.0082225796811,0.0614872733159,0.0794694074534,0.0000006805610
115100,0.2519477753404,3.8154815922283,0.0082694137013,0.0614140195449,0.0794664218538,0.0000006730748
115110,0.2519443711613,3.8154300395498,0.0083162477215,0.0613405519018,0.0794595256659,0.0000006730748
115348,0.2519532464152,3.8155644458476,0.0083162477215,0.0612955906476,0.0794453699152,0.0000006656710
115378,0.2519547790983,3.8155876567068,0.0082606429967,0.0612259241816,0.0793969868702,0.0000006656710
115406,0.2519496152079,3.8155094550681,0.0081430097770,0.0612495164930,0.0793538919108,0.0000006656710
115426,0.2519546642196,3.8155859169900,0.0081430097770,0.0612349010807,0.0793497540517,0.0000006656710
115533,0.2519537159863,3.8155715570032,0.0080961757568,0.0611766128322,0.0793086619043,0.0000006511068
115630,0.2519485137024,3.8154927739364,0.0081317213513,0.0611139857552,0.0793004141422,0.0000006439446
115632,0.2519448106418,3.8154366950159,0.0081317213513,0.0610440708168,0.0792746510084,0.0000006439446
115690,0.2519513427845,3.8155356173812,0.0081317213513,0.0610299895477,0.0792710217285,0.0000006439446
115882,0.2519568498788,3.8156190164795,0.0081785553715,0.0609608608213,0.0792675847123,0.0000006368612
115930,0.2519566631018,3.8156161879395,0.0081785553715,0.0609455182790,0.0792620652093,0.0000006368612
115940,0.2519576728041,3.8156314788085,0.0081785553715,0.0609069479175,0.0792485064449,0.0000006368612
115956,0.2519645504891,3.8157356340476,0.0081484914674,0.0609141824054,0.0792396794500,0.0000006298558
116103,0.2519605865372,3.8156756042035,0.0080609221519,0.0608325878670,0.0791721594184,0.0000006298558
116110,0.2519626272300,3.8157065083303,0.0080123747591,0.0608223670846,0.0791481404048,0.0000006298558
116148,0.2519644581099,3.8157342350613,0.0080123747591,0.0607633245090,0.0791274461021,0.0000006229273
116213,0.2519703463391,3.8158234060426,0.0080614014555,0.0606887505865,0.0791230857630,0.0000006229273
116231,0.2519693392655,3.8158081549818,0.0080794056406,0.0606499718082,0.0791167364773,0.0000006229273
116242,0.2519707145157,3.8158289816860,0.0080549611579,0.0606627195337,0.0791111077259,0.0000006229273
116278,0.2519730021422,3.8158636253615,0.0080794056406,0.0605994364107,0.0790994730231,0.0000006229273
116505,0.2519780178795,3.8159395833780,0.0080422844045,0.0606108611203,0.0790887189762,0.0000006092983
116545,0.2519816879046,3.8159951620114,0.0080668666182,0.0605345677788,0.0790727930226,0.0000006092983
116656,0.2519716252055,3.8158427731158,0.0080668666182,0.0605358227465,0.0790710849327,0.0000006025960
116787,0.2519771851906,3.8159269731879,0.0081137006384,0.0604751425008,0.0790706765647,0.0000006025960
117267,0.2519760663770,3.8159100299434,0.0081137006384,0.0604647212499,0.0790667149436,0.0000005829283
117387,0.2519813156995,3.8159895253602,0.0080668666182,0.0604508901038,0.0790428283805,0.0000005765161
117791,0.2519754481000,3.8159006667950,0.0080833116894,0.0604264957541,0.0790399066576,0.0000005639025
117829,0.2519789251314,3.8159533227441,0.0081193365874,0.0603783377030,0.0790388916738,0.0000005576996
118215,0.2519739016928,3.8158772480996,0.0081879431107,0.0602590223525,0.0790246053932,0.0000005454977
118224,0.2519776840879,3.8159345284585,0.0081591132756,0.0602836239002,0.0790218465299,0.0000005454977
118291,0.2519747844469,3.8158906164735,0.0081771174608,0.0602344416543,0.0790113761698,0.0000005454977
118329,0.2519814425311,3.8159914460900,0.0082200454323,0.0601779730203,0.0790110332349,0.0000005394972
118420,0.2519833917573,3.8160209650516,0.0081956009495,0.0601905253334,0.0790054576883,0.0000005394972
118443,0.2519823225822,3.8160047735310,0.0081815028131,0.0601693029362,0.0789916070933,0.0000005394972
118822,0.2519781562689,3.8159416791389,0.0081580169375,0.0601899556258,0.0789880248972,0.0000005276935
118867,0.2519766764193,3.8159192683877,0.0081541108888,0.0601932949721,0.0789872263894,0.0000005218889
118980,0.2519745719230,3.8158873980242,0.0081541108888,0.0601609495059,0.0789752234736,0.0000005218889
119013,0.2519825297434,3.8160079107666,0.0081541108888,0.0601355843297,0.0789678697294,0.0000005161481
119069,0.2519788332802,3.8159519317557,0.0081361067036,0.0601111530607,0.0789506360976,0.0000005161481
119084,0.2519894525735,3.8161127496788,0.0080201868566,0.0601936490220,0.0789326945693,0.0000005161481
119097,0.2519879518829,3.8160900233132,0.0080168978423,0.0601183965641,0.0789040875374,0.0000005161481
119122,0.2519867225221,3.8160714059488,0.0079706808566,0.0601311247531,0.0788885626051,0.0000005161481
119240,0.2519833539522,3.8160203925340,0.0079601967794,0.0600574743189,0.0788570438662,0.0000005104705
119494,0.2519761892232,3.8159118903191,0.0079976430604,0.0599216179834,0.0788230368535,0.0000005048553
119858,0.2519803398256,3.8159747467865,0.0079932577081,0.0598584583534,0.0787994898209,0.0000004883777
119926,0.2519847021009,3.8160408088146,0.0079932577081,0.0597945676772,0.0787776064955,0.0000004883777
120364,0.2519797806286,3.8159662783410,0.0079932577081,0.0597272190199,0.0787524988024,0.0000004724379
120429,0.2519794618664,3.8159614510259,0.0079971637569,0.0597220637778,0.0787522633592,0.0000004724379
120463,0.2519740231151,3.8158790869118,0.0080305166752,0.0596579277656,0.0787424863018,0.0000004724379
120851,0.2519650104599,3.8157425998157,0.0080305166752,0.0596463466565,0.0787364189081,0.0000004621014
120978,0.2519684963741,3.8157953902865,0.0080298996407,0.0595842509652,0.0787147244137,0.0000004570183
121747,0.2519688791663,3.8158011872685,0.0080298996407,0.0595806215434,0.0787135102186,0.0000004324292
121988,0.2519637595742,3.8157236564805,0.0080767336609,0.0595166754883,0.0787096470093,0.0000004276725
122023,0.2519640598745,3.8157282042090,0.0080767336609,0.0595128561662,0.0787083473157,0.0000004276725
122488,0.2519620963263,3.8156984683563,0.0080593465102,0.0595234393979,0.0787042546450,0.0000004137140
122675,0.2519588954709,3.8156499947994,0.0080391496489,0.0595452312022,0.0787026957369,0.0000004091631
122734,0.2519553557327,3.8155963892219,0.0080391496489,0.0594797791609,0.0786785614926,0.0000004091631
122742,0.2519562069347,3.8156092797729,0.0080391496489,0.0594300057143,0.0786609676621,0.0000004046623
123721,0.2519693262230,3.8158079574663,0.0080761166264,0.0593754977143,0.0786601547856,0.0000003828902
123768,0.2519652214828,3.8157457955338,0.0080576331376,0.0592991574365,0.0786240893183,0.0000003786784
123786,0.2519599875583,3.8156665333035,0.0080261478505,0.0592750724627,0.0786008722923,0.0000003786784
124627,0.2519568669648,3.8156192752275,0.0080729818708,0.0592008513680,0.0785937677828,0.0000003583043
125443,0.2519575724523,3.8156299590880,0.0081138548970,0.0591505129852,0.0785934579761,0.0000003427971
125537,0.2519580391555,3.8156370268116,0.0081132378625,0.0591023531227,0.0785760935897,0.0000003390263
126467,0.2519555417493,3.8155992062467,0.0079962216774,0.0591734750071,0.0785508093106,0.0000003207856
126598,0.2519520263729,3.8155459696019,0.0079962216774,0.0591588595948,0.0785448362255,0.0000003172570
126742,0.2519561346484,3.8156081850739,0.0079493876572,0.0591713413487,0.0785301026165,0.0000003137672
126744,0.2519522828222,3.8155498532553,0.0079962216774,0.0591073214550,0.0785264847004,0.0000003137672
126761,0.2519463577556,3.8154601244109,0.0080107991174,0.0590806656659,0.0785219425929,0.0000003137672
126836,0.2519522469770,3.8155493104179,0.0078931658978,0.0591899165635,0.0785118085097,0.0000003103157
126931,0.2519373131674,3.8153231537253,0.0078558904030,0.0591252897612,0.0784695521948,0.0000003103157
126934,0.2519381493709,3.8153358171385,0.0078632562524,0.0590708607090,0.0784534492265,0.0000003103157
126995,0.2519486473929,3.8154947985372,0.0078709306189,0.0590091547051,0.0784369499584,0.0000003069022
127223,0.2519410449915,3.8153796682390,0.0078280026474,0.0590528599459,0.0784325321849,0.0000003035263
127312,0.2519373076742,3.8153230705367,0.0078602592277,0.0589847939105,0.0784212462815,0.0000003035263
127681,0.2519300812908,3.8152136346307,0.0079031871991,0.0589142797666,0.0784129118500,0.0000002936197
127696,0.2519340201198,3.8152732840141,0.0078264270058,0.0589879243858,0.0784071603088,0.0000002936197
127705,0.2519352852208,3.8152924426270,0.0077834990343,0.0589649623640,0.0783808329777,0.0000002936197
127867,0.2519387133498,3.8153443580001,0.0077834990343,0.0589620910452,0.0783805421058,0.0000002903899
128010,0.2519387940684,3.8153455803987,0.0077366650140,0.0590021125388,0.0783747810703,0.0000002903899
128086,0.2519408445926,3.8153766334103,0.0076763498919,0.0590315365416,0.0783598797026,0.0000002871956
128141,0.2519373666535,3.8153239637146,0.0077192778634,0.0589707646847,0.0783558278975,0.0000002871956
128370,0.2519322072771,3.8152458304372,0.0077661118836,0.0589000205281,0.0783495282695,0.0000002809121
128396,0.2519269738488,3.8151665757208,0.0077192778634,0.0589135869499,0.0783331802483,0.0000002809121
128405,0.2519310199614,3.8152278498005,0.0076968717982,0.0588022852107,0.0782846940519,0.0000002809121
128408,0.2519233435241,3.8151115983076,0.0076500377779,0.0588590463882,0.0782832492272,0.0000002809121
128795,0.2519200892221,3.8150623153582,0.0076071098064,0.0588610962364,0.0782648862634,0.0000002747660
129183,0.2519226552530,3.8151011751716,0.0076434597495,0.0588064065598,0.0782614826467,0.0000002657981
129748,0.2519194439676,3.8150525436631,0.0076902937697,0.0587313940830,0.0782540760668,0.0000002542945
129914,0.2519262771339,3.8151560247125,0.0077332217412,0.0586747634682,0.0782537127993,0.0000002514973
129962,0.2519216813859,3.8150864269889,0.0077800557614,0.0586058455332,0.0782481861709,0.0000002514973
130016,0.2519164445131,3.8150071201089,0.0077860167554,0.0585815759630,0.0782409509919,0.0000002514973
130262,0.2519191285792,3.8150477674412,0.0078328507756,0.0585062873858,0.0782347090943,0.0000002459948
130371,0.2519198518147,3.8150587200754,0.0078737238019,0.0584550661169,0.0782340877743,0.0000002459948
130691,0.2519104301576,3.8149160390807,0.0078776298506,0.0584499609984,0.0782319196120,0.0000002406127
130871,0.2519069578885,3.8148634552508,0.0077599966310,0.0585282368140,0.0782087169658,0.0000002379659
130913,0.2518991475727,3.8147451763091,0.0077833447757,0.0584715252087,0.0781967955297,0.0000002353483
130948,0.2518945842024,3.8146760689100,0.0077365107554,0.0584853190572,0.0781806723161,0.0000002353483
130959,0.2518982273679,3.8147312407848,0.0077365107554,0.0583931114855,0.0781485217189,0.0000002353483
131111,0.2518994331986,3.8147495018109,0.0076956377292,0.0583827367522,0.0781275578380,0.0000002327595
131306,0.2518965494529,3.8147058305425,0.0076945413911,0.0583689429037,0.0781215436588,0.0000002301991
131331,0.2518914555104,3.8146286881912,0.0077413754113,0.0583047199540,0.0781175870549,0.0000002301991
131382,0.2518863007586,3.8145506249476,0.0076237421917,0.0583772295854,0.0780919645252,0.0000002301991
131464,0.2518891955799,3.8145944639428,0.0076646152179,0.0583255668735,0.0780916508868,0.0000002276669
132231,0.2518961348440,3.8146995517315,0.0076848120793,0.0581937367361,0.0780547114777,0.0000002178137
132307,0.2519059839740,3.8148487063492,0.0076848120793,0.0581870863116,0.0780544468540,0.0000002154177
132429,0.2519042396517,3.8148222904405,0.0076112031692,0.0581955451516,0.0780255474092,0.0000002154177
132655,0.2519010372270,3.8147737931173,0.0076580371895,0.0581379507038,0.0780243634526,0.0000002107046
132791,0.2519035373537,3.8148116548816,0.0076815230650,0.0580826382553,0.0780152101234,0.0000002083868
133010,0.2518970455016,3.8147133426743,0.0076406500388,0.0581291866803,0.0780129264385,0.0000002060946
133650,0.2518954349942,3.8146889532490,0.0076406500388,0.0581242657770,0.0780108238643,0.0000001971749
133735,0.2518948184103,3.8146796157406,0.0076406500388,0.0581109812372,0.0780059472607,0.0000001971749
133901,0.2518913664816,3.8146273399454,0.0076334549758,0.0580345152138,0.0779748146692,0.0000001950060
133990,0.2518962007325,3.8147005495423,0.0076378403281,0.0579773490843,0.0779573135420,0.0000001928610
134126,0.2518976360975,3.8147222866212,0.0075910063079,0.0579754458310,0.0779368696639,0.0000001928610
134250,0.2518972932094,3.8147170939460,0.0075664240942,0.0579618831157,0.0779214171266,0.0000001907395
135351,0.2518980903429,3.8147291656869,0.0075631350800,0.0579177756049,0.0779044256809,0.0000001765284
135408,0.2519034355404,3.8148101130279,0.0075631350800,0.0578532888596,0.0778825400999,0.0000001765284
135681,0.2519023071267,3.8147930243999,0.0075336882104,0.0578707235655,0.0778759048907,0.0000001726662
135957,0.2518993614555,3.8147484153377,0.0074979718296,0.0579152377555,0.0778758645801,0.0000001707668
136133,0.2518962088917,3.8147006731044,0.0075448058499,0.0578286146664,0.0778643239362,0.0000001688884
136487,0.2518903580961,3.8146120690162,0.0074572365343,0.0578443862527,0.0778311731970,0.0000001651933
136529,0.2519019968418,3.8147883254645,0.0074572365343,0.0577850103677,0.0778124615407,0.0000001633762
136564,0.2518991966972,3.8147459202482,0.0074866834039,0.0577200698698,0.0778012885617,0.0000001633762
136693,0.2518969160782,3.8147113826940,0.0074522341475,0.0577414277952,0.0777936637211,0.0000001615790
136708,0.2518939772546,3.8146668773306,0.0074931071737,0.0576891029186,0.0777918635285,0.0000001615790
136861,0.2518940563068,3.8146680744919,0.0075203613671,0.0576445514654,0.0777876496036,0.0000001598017
136968,0.2518930209268,3.8146523947605,0.0075209784016,0.0576063352345,0.0777740435259,0.0000001598017
137100,0.2518972171383,3.8147159419289,0.0074741443814,0.0576075281459,0.0777552970309,0.0000001580438
137164,0.2518966593510,3.8147074948327,0.0074796260718,0.0575967484606,0.0777536769133,0.0000001580438
137176,0.2519014125074,3.8147794763402,0.0075264600920,0.0575270762282,0.0777498842297,0.0000001580438
137345,0.2518960426071,3.8146981549015,0.0075328838619,0.0574995452749,0.0777416540977,0.0000001563054
137561,0.2518963526675,3.8147028504372,0.0075328838619,0.0574890959464,0.0777379886361,0.0000001528855
137609,0.2518870562520,3.8145620660935,0.0074492371228,0.0575305671683,0.0777149590953,0.0000001528855
137641,0.2518820268188,3.8144859006668,0.0074296572960,0.0575396040810,0.0777087174741,0.0000001528855
137682,0.2518677354201,3.8142694726045,0.0074476614811,0.0575200758021,0.0777063967255,0.0000001528855
137728,0.2518664440374,3.8142499159852,0.0074944955014,0.0574428105759,0.0776985970000,0.0000001512038
138191,0.2518667331385,3.8142542941145,0.0075190777150,0.0574018704918,0.0776945727260,0.0000001478956
138559,0.2518688440262,3.8142862612666,0.0075479075501,0.0573367104645,0.0776841092644,0.0000001430686
138563,0.2518634007750,3.8142038290060,0.0075189399841,0.0573710316929,0.0776827857638,0.0000001430686
138665,0.2518578769007,3.8141201757941,0.0075657740043,0.0572730024788,0.0776666633659,0.0000001430686
138803,0.2518622832242,3.8141869048853,0.0074749156745,0.0573534402053,0.0776573960533,0.0000001414948
138871,0.2518743809498,3.8143701120980,0.0074183688702,0.0573665717320,0.0776404439093,0.0000001414948
138949,0.2518757598437,3.8143909939819,0.0074183688702,0.0572995470559,0.0776168020023,0.0000001399384
139404,0.2518786299371,3.8144344584992,0.0074406206768,0.0572606816023,0.0776130729917,0.0000001353710
140112,0.2518767737416,3.8144063483888,0.0075156509699,0.0571615318578,0.0776094204524,0.0000001295122
140592,0.2518811131645,3.8144720643429,0.0075200363222,0.0571165156261,0.0775961525398,0.0000001252852
140605,0.2518826249153,3.8144949582034,0.0074912064871,0.0571366802578,0.0775913224970,0.0000001252852
140667,0.2518885540138,3.8145847481063,0.0074912064871,0.0571122260912,0.0775838593872,0.0000001252852
140800,0.2518825124435,3.8144932549369,0.0074973052120,0.0570876299720,0.0775763941759,0.0000001239070
140819,0.2518835259612,3.8145086035866,0.0075207910876,0.0570483237124,0.0775726387837,0.0000001239070
140893,0.2518770695509,3.8144108281073,0.0075441392322,0.0570217819686,0.0775717824207,0.0000001239070
141201,0.2518718600984,3.8143319364791,0.0075397538799,0.0569557070890,0.0775451885014,0.0000001211961
141280,0.2518824336369,3.8144920614942,0.0074929198597,0.0570010208861,0.0775435660356,0.0000001198629
141346,0.2518840472179,3.8145164974658,0.0075217496948,0.0569223579701,0.0775281735480,0.0000001198629
141390,0.2518943126147,3.8146719560035,0.0074749156745,0.0569411563301,0.0775170152530,0.0000001198629
141610,0.2518887079155,3.8145870787838,0.0074280816543,0.0569277319719,0.0774909481094,0.0000001185444
141687,0.2518870015132,3.8145612371324,0.0074498541573,0.0568878004623,0.0774856522711,0.0000001172404
141819,0.2518814762349,3.8144775626580,0.0074498541573,0.0568529468581,0.0774720205671,0.0000001159508
141875,0.2518818480225,3.8144831929866,0.0074399871146,0.0568491227992,0.0774665057679,0.0000001159508
141902,0.2518784340705,3.8144314923075,0.0074399871146,0.0568381037696,0.0774618388391,0.0000001159508
142132,0.2518772232314,3.8144131554356,0.0074221206603,0.0568586378546,0.0774612559235,0.0000001134139
142189,0.2518835358549,3.8145087534161,0.0074216413567,0.0568483735593,0.0774587373929,0.0000001134139
142299,0.2518811569834,3.8144727279333,0.0074456065359,0.0567760093509,0.0774426540657,0.0000001121664
142327,0.2518822688580,3.8144895660932,0.0074343181101,0.0567766708771,0.0774382906872,0.0000001121664
142343,0.2518805941917,3.8144642050493,0.0074180272975,0.0567837874527,0.0774334916874,0.0000001121664
142442,0.2518829005129,3.8144991318368,0.0074648613178,0.0566721349804,0.0774141817391,0.0000001121664
142521,0.2518813891491,3.8144762438358,0.0074474741671,0.0566791567159,0.0774089140021,0.0000001109325
142574,0.2518836563396,3.8145105780296,0.0074213163118,0.0566814592650,0.0773990116582,0.0000001109325
142648,0.2518856036502,3.8145400679813,0.0074081602548,0.0566912435784,0.0773972850265,0.0000001097123
143331,0.2518937600306,3.8146635877039,0.0073857707173,0.0566805770173,0.0773856278201,0.0000001049640
143667,0.2518899140320,3.8146053441371,0.0074091188620,0.0566539429753,0.0773852978674,0.0000001026675
143725,0.2518922852294,3.8146412534049,0.0074091188620,0.0565829652041,0.0773604567772,0.0000001015381
143907,0.2518930275071,3.8146524944131,0.0074091188620,0.0565094440780,0.0773343582916,0.0000001004212
143931,0.2518838690622,3.8145137994878,0.0073672872285,0.0565106959937,0.0773149150376,0.0000001004212
143998,0.2518833462635,3.8145058822561,0.0073655738560,0.0564685903331,0.0772990309708,0.0000000993166
144057,0.2518780870412,3.8144262369169,0.0073578994894,0.0564760504414,0.0772972793048,0.0000000993166
144088,0.2518853227541,3.8145358141077,0.0073922110149,0.0563919273063,0.0772834907774,0.0000000993166
144134,0.2518906159803,3.8146159743990,0.0074390450351,0.0563251164187,0.0772808357318,0.0000000993166
144257,0.2518956771212,3.8146926200058,0.0074340426483,0.0563194892594,0.0772777666822,0.0000000982241
144467,0.2518946146641,3.8146765302199,0.0073922110149,0.0563205512748,0.0772599904611,0.0000000971436
144836,0.2518979566812,3.8147271415218,0.0074390450351,0.0562429254707,0.0772530548291,0.0000000950182
144844,0.2519040844275,3.8148199397336,0.0074808766685,0.0561839230898,0.0772512234816,0.0000000939730
145255,0.2519020383266,3.8147889537085,0.0074520468334,0.0562045367304,0.0772457914023,0.0000000919170
145376,0.2519055954002,3.8148428218110,0.0074194652083,0.0562370601836,0.0772442055977,0.0000000909059
