0,0.2063240533919,3.124558757017,0.5553584234398,0.3201241934734,0.3965531191558,1000
1,0.2063171509467,3.124454226812,0.5553584234398,0.3200750090918,0.3965340742099,1000.0000000000000
2,0.2063170405148,3.1244525544374,0.5553584234398,0.3200077687883,0.3965100361518,1000.0000000000000
3,0.2063180096518,3.1244672309891,0.5553584234398,0.3199833414129,0.3965015197613,1000.0000000000000
127179,0.2549741444385,3.8613127394549,0.0116494460419,0.9143928870737,0.3861988246382,0.0000021110700
127181,0.2549707844582,3.8612618561207,0.0116792014287,0.9143305577459,0.3861885964769,0.0000021110700
127185,0.2549626028628,3.8611379545431,0.0117260354489,0.9142677736302,0.3861844921023,0.0000021110700
127191,0.2549565533408,3.8610463409546,0.0116792014287,0.9140877670677,0.3860988359952,0.0000021110700
127197,0.2549692164841,3.8612381108168,0.0116792014287,0.9139252869419,0.3860435209096,0.0000021110700
127201,0.2549702337891,3.8612535168216,0.0116792014287,0.9139182093469,0.3860412111910,0.0000021110700
127209,0.2549752937901,3.8613301451644,0.0116792014287,0.9138025099220,0.3860009742537,0.0000021110700
127226,0.2549730114935,3.8612955822059,0.0116323674084,0.9138358315689,0.3859923140554,0.0000021110700
127227,0.2549736004776,3.8613045017447,0.0116792014287,0.9137690728012,0.3859886695722,0.0000021110700
127232,0.2549704063798,3.8612561305241,0.0116867215366,0.9137435589191,0.3859820959253,0.0000021110700
127234,0.2549646931857,3.8611696102644,0.0116867215366,0.9135865558033,0.3859247991281,0.0000021110700
127244,0.2549582595460,3.8610721796214,0.0115894559646,0.9135140866683,0.3858558534120,0.0000021110700
127246,0.2549570489873,3.8610538469957,0.0114779379976,0.9136244664588,0.3858472219459,0.0000021110700
127252,0.2549535582496,3.8610009834781,0.0115247720179,0.9134096443084,0.3857898234570,0.0000021110700
127265,0.2549474573076,3.8609085911890,0.0115247720179,0.9132410969174,0.3857283206155,0.0000021110700
127278,0.2549463705381,3.8608921332180,0.0115247720179,0.9132392376036,0.3857274236957,0.0000021110700
127281,0.2549557152735,3.8610336493152,0.0115247720179,0.9130150213467,0.3856493489044,0.0000021110700
127290,0.2549559353325,3.8610369818753,0.0114779379976,0.9130090058006,0.3856271759276,0.0000021110700
127293,0.2549592958978,3.8610878740699,0.0114326630914,0.9130570407071,0.3856256478412,0.0000021110700
127308,0.2549501936716,3.8609500305169,0.0115482578934,0.9129123310609,0.3856215559772,0.0000021110700
127319,0.2549431132028,3.8608428043330,0.0116381576161,0.9127248249113,0.3855916007044,0.0000021110700
127326,0.2549329835649,3.8606894017196,0.0116732404347,0.9126803347972,0.3855885762349,0.0000021110700
127327,0.2549289587623,3.8606284503570,0.0116270234489,0.9125808978316,0.3855323932956,0.0000021110700
127341,0.2549308778937,3.8606575135657,0.0116066558013,0.9125771032232,0.3855227203289,0.0000020878482
127342,0.2549306249056,3.8606536823291,0.0115790930906,0.9115464232928,0.3851427535517,0.0000020878482
127353,0.2549304856853,3.8606515739850,0.0116259271109,0.9113984927168,0.3851099630932,0.0000020878482
127354,0.2549335151047,3.8606974513267,0.0116168478890,0.9113977583636,0.3851064588904,0.0000020878482
127362,0.2549381067899,3.8607669875235,0.0115700138687,0.9114048359586,0.3850898988125,0.0000020878482
127367,0.2549362841176,3.8607393850867,0.0115700138687,0.9113283719726,0.3850621996735,0.0000020878482
127374,0.2549407059198,3.8608063485871,0.0115700138687,0.9112787999137,0.3850454428957,0.0000020878482
127376,0.2549317580994,3.8606708433464,0.0116054052046,0.9111115731901,0.3849989693912,0.0000020878482
127381,0.2549359618074,3.8607345040407,0.0116522392248,0.9109074696737,0.3849470477957,0.0000020878482
127382,0.2549279246439,3.8606127897328,0.0116522392248,0.9108374434155,0.3849203161684,0.0000020878482
127388,0.2549344004438,3.8607108588473,0.0116990732450,0.9106774816211,0.3848846463505,0.0000020878482
127391,0.2549405168663,3.8608034855734,0.0117459072653,0.9105200370623,0.3848497985359,0.0000020878482
127397,0.2549349568594,3.8607192851708,0.0118635404849,0.9103770187552,0.3848479433760,0.0000020878482
127410,0.2549237633707,3.8605497716667,0.0118635404849,0.9103733578893,0.3848442373191,0.0000020878482
127430,0.2549286870294,3.8606243352507,0.0118849879429,0.9098484490021,0.3846670166969,0.0000020878482
127441,0.2549269131404,3.8605974715851,0.0118849879429,0.9097131466021,0.3846183142921,0.0000020878482
127458,0.2549153476636,3.8604223247179,0.0118849879429,0.9095507337360,0.3845578313806,0.0000020878482
127460,0.2549150963755,3.8604185192259,0.0117673547233,0.9096885486329,0.3845565829022,0.0000020878482
127465,0.2549268357445,3.8605962995065,0.0117673547233,0.9096387084569,0.3845412984184,0.0000020878482
127467,0.2549371311399,3.8607522123405,0.0117673547233,0.9096127137827,0.3845342207624,0.0000020878482
127468,0.2549378112240,3.8607625114918,0.0117673547233,0.9095904143762,0.3845264024209,0.0000020878482
127476,0.2549382405641,3.8607690133929,0.0117673547233,0.9094158938540,0.3844641656644,0.0000020878482
127486,0.2549303111455,3.8606489307658,0.0117963222893,0.9092417819453,0.3844126983499,0.0000020878482
127487,0.2549278729803,3.8606120073415,0.0117494882691,0.9092945622054,0.3844109542559,0.0000020878482
127493,0.2549273194670,3.8606036249708,0.0117494882691,0.9092787943534,0.3844052042702,0.0000020878482
127497,0.2549202874420,3.8604971324164,0.0117026542488,0.9092768818225,0.3843829426380,0.0000020878482
127502,0.2549250685590,3.8605695373590,0.0117494882691,0.9091982935354,0.3843759716406,0.0000020648819
127511,0.2549287010041,3.8606245468830,0.0117494882691,0.9090679724766,0.3843302067864,0.0000020648819
127514,0.2549271726735,3.8606014019390,0.0117494882691,0.9088765950245,0.3842615301970,0.0000020648819
127536,0.2549351074576,3.8607215658202,0.0117963222893,0.9087382871169,0.3842339065495,0.0000020648819
127538,0.2549369236900,3.8607490707316,0.0117687595786,0.9086647547837,0.3841962216043,0.0000020648819
127561,0.2549355438270,3.8607281741721,0.0117687595786,0.9086536866200,0.3841919730038,0.0000020648819
127584,0.2549260284212,3.8605840734523,0.0117687595786,0.9086556278254,0.3841906272759,0.0000020648819
127599,0.2549264647161,3.8605906806751,0.0118155935989,0.9085326566689,0.3841668742204,0.0000020648819
127604,0.2549266036267,3.8605927843293,0.0117687595786,0.9084356520593,0.3841121877606,0.0000020648819
127610,0.2549238493642,3.8605510739480,0.0116877848193,0.9084561982787,0.3840842320287,0.0000020648819
127626,0.2549226196750,3.8605324516103,0.0117346188395,0.9082401929511,0.3840268954870,0.0000020648819
127645,0.2549233807496,3.8605439772761,0.0117214627825,0.9080846555116,0.3839658711787,0.0000020648819
127651,0.2549228098458,3.8605353315446,0.0117590467945,0.9079215658727,0.3839236099763,0.0000020648819
127655,0.2549303941070,3.8606501871294,0.0117214627825,0.9077520065705,0.3838485708478,0.0000020648819
127667,0.2549278018671,3.8606109304083,0.0117329054669,0.9077338028425,0.3838464180439,0.0000020648819
127669,0.2549283157711,3.8606187129390,0.0117797394872,0.9075889273049,0.3838148586258,0.0000020421682
127671,0.2549316115872,3.8606686245739,0.0117888187091,0.9075348485513,0.3838001421266,0.0000020197043
127678,0.2549285083596,3.8606216294876,0.0117419846888,0.9075102665895,0.3837706261542,0.0000020197043
127704,0.2549247196210,3.8605642530635,0.0116951506686,0.9074422199078,0.3837254401724,0.0000020197043
127707,0.2549120458706,3.8603723225680,0.0116951506686,0.9074256715095,0.3837168142265,0.0000020197043
127709,0.2549229565635,3.8605375534283,0.0116951506686,0.9074062935252,0.3837122315234,0.0000020197043
127710,0.2549186542436,3.8604723993604,0.0116483166484,0.9074110442889,0.3836929345761,0.0000020197043
127711,0.2549149730670,3.8604166518497,0.0116483166484,0.9073116468433,0.3836566466648,0.0000020197043
127712,0.2549101139649,3.8603430659071,0.0116483166484,0.9072930830262,0.3836489754940,0.0000020197043
127727,0.2549188679052,3.8604756350398,0.0116483166484,0.9072418922865,0.3836325689313,0.0000020197043
127728,0.2549285382146,3.8606220816088,0.0116014826281,0.9072691272115,0.3836242961764,0.0000020197043
127731,0.2549343548472,3.8607101683344,0.0116483166484,0.9071126379539,0.3835897253001,0.0000020197043
127747,0.2549233323584,3.8605432444440,0.0116951506686,0.9069497745183,0.3835492695485,0.0000020197043
127755,0.2549237996847,3.8605503216047,0.0116483166484,0.9069551266318,0.3835312094359,0.0000020197043
127761,0.2549183863008,3.8604683416518,0.0116014826281,0.9069337450264,0.3835023414145,0.0000020197043
127762,0.2549100117707,3.8603415182834,0.0116014826281,0.9068758691314,0.3834798769098,0.0000020197043
127765,0.2549101783834,3.8603440414569,0.0116014826281,0.9067137306951,0.3834220060282,0.0000020197043
127777,0.2549137111761,3.8603975418507,0.0116014826281,0.9065970924671,0.3833811065452,0.0000020197043
127778,0.2549163375936,3.8604373161557,0.0116014826281,0.9064466051441,0.3833279238764,0.0000020197043
127779,0.2549170058594,3.8604474363328,0.0115999235142,0.9064386945307,0.3833245736655,0.0000020197043
127781,0.2549152641640,3.8604210602045,0.0117175567338,0.9062800192320,0.3833179449325,0.0000020197043
127784,0.2549152214468,3.8604204132975,0.0117175567338,0.9062313638117,0.3833005588430,0.0000020197043
127793,0.2549131692780,3.8603893353805,0.0116707227136,0.9062646426260,0.3832919326604,0.0000020197043
127794,0.2549105083653,3.8603490386824,0.0116292161251,0.9062431848953,0.3832659104516,0.0000020197043
127806,0.2549051481969,3.8602678646216,0.0117321341738,0.9060785733437,0.3832500797394,0.0000020197043
127807,0.2548945146411,3.8601068307077,0.0117252476281,0.9060160248614,0.3832225109999,0.0000020197043
127808,0.2548881562025,3.8600105389053,0.0116784136078,0.9060001615034,0.3831954112694,0.0000020197043
127821,0.2548814963411,3.8599096823747,0.0116746452900,0.9059960444802,0.3831908987975,0.0000020197043
127825,0.2548761489788,3.8598287022487,0.0116365819744,0.9058599066314,0.3831248194243,0.0000020197043
127826,0.2548849500448,3.8599619850509,0.0116365819744,0.9057020638829,0.3830703329568,0.0000020197043
127828,0.2548809145762,3.8599008721630,0.0117352524017,0.9055469824836,0.3830563693255,0.0000020197043
127831,0.2548770622445,3.8598425326888,0.0116176191821,0.9056363713642,0.3830370541891,0.0000020197043
127832,0.2548791030482,3.8598734384942,0.0116029040112,0.9056268098877,0.3830277701893,0.0000020197043
127835,0.2548816152953,3.8599114838100,0.0116029040112,0.9055268374684,0.3829926040925,0.0000020197043
127851,0.2548841153329,3.8599493442250,0.0116029040112,0.9053767215820,0.3829395269983,0.0000019974876
127867,0.2548832692349,3.8599365309681,0.0116029040112,0.9043040027068,0.3825562318075,0.0000019974876
127870,0.2548752565649,3.8598151875872,0.0115599925674,0.9043466984124,0.3825513726544,0.0000019974876
127875,0.2548744581929,3.8598030970916,0.0115310250014,0.9043690153988,0.3825467572558,0.0000019974876
127877,0.2548586664006,3.8595639471617,0.0116292326528,0.9042090219606,0.3825283217801,0.0000019974876
127901,0.2548615699850,3.8596079188646,0.0115823986326,0.9042057781775,0.3825077137599,0.0000019974876
127902,0.2548605953518,3.8595931590788,0.0115355646123,0.9041752956881,0.3824765465836,0.0000019974876
127913,0.2548598880891,3.8595824483370,0.0115784760561,0.9039882448129,0.3824279817621,0.0000019974876
127933,0.2548664310936,3.8596815351935,0.0115784760561,0.9038439476330,0.3823778491273,0.0000019974876
127935,0.2548648868822,3.8596581497514,0.0115316420359,0.9038391835442,0.3823557450417,0.0000019974876
127941,0.2548722451681,3.8597695831796,0.0115316420359,0.9036706535331,0.3822971325275,0.0000019974876
127950,0.2548703315507,3.8597406034755,0.0114263770524,0.9031885676946,0.3820794353885,0.0000019974876
127953,0.2548765846136,3.8598352994757,0.0114263770524,0.9031691372972,0.3820738359030,0.0000019974876
127961,0.2548710875044,3.8597520515916,0.0114263770524,0.9031578341531,0.3820686211138,0.0000019974876
127973,0.2548676065839,3.8596993367462,0.0114263770524,0.9019677876448,0.3816428585922,0.0000019974876
127991,0.2548644050615,3.8596508530890,0.0113834656086,0.9019983869261,0.3816347102476,0.0000019974876
127993,0.2548570885217,3.8595400518603,0.0113834656086,0.9019962067333,0.3816323637774,0.0000019974876
128004,0.2548694208472,3.8597268118376,0.0112658323890,0.9018387360034,0.3815283526352,0.0000019974876
128011,0.2548667645806,3.8596865855009,0.0111660656236,0.9018251184467,0.3814801628370,0.0000019755152
128015,0.2548584961674,3.8595613691602,0.0112128996439,0.9017077903103,0.3814565598512,0.0000019755152
128016,0.2548616057805,3.8596084609502,0.0111894137683,0.9017074719768,0.3814470471311,0.0000019755152
128021,0.2548569883923,3.8595385355065,0.0111894137683,0.9016487777205,0.3814250954564,0.0000019755152
128038,0.2548535829911,3.8594869643211,0.0111894137683,0.9016316377094,0.3814182442950,0.0000019755152
128042,0.2548586850101,3.8595642289832,0.0110717805487,0.9016893699839,0.3813895420173,0.0000019755152
128049,0.2548601284785,3.8595860887797,0.0110249465285,0.9016543493265,0.3813572722314,0.0000019755152
128067,0.2548523833036,3.8594687963274,0.0110249465285,0.9014252155396,0.3812737790557,0.0000019755152
128080,0.2548548258865,3.8595057866520,0.0109781125082,0.9012779008024,0.3812016183372,0.0000019755152
128087,0.2548595708117,3.8595776435071,0.0109781125082,0.9012629178931,0.3811972840679,0.0000019755152
128117,0.2548608817391,3.8595974961107,0.0110249465285,0.9011223068574,0.3811674184768,0.0000019755152
128118,0.2548581853954,3.8595566628485,0.0110188478035,0.9011072046018,0.3811588332869,0.0000019755152
128136,0.2548530717234,3.8594792217138,0.0109720137833,0.9010494723272,0.3811170471076,0.0000019755152
128142,0.2548579048436,3.8595524141883,0.0109720137833,0.9008980423243,0.3810640006323,0.0000019755152
128145,0.2548682787567,3.8597095160905,0.0110896470029,0.8999654177051,0.3807835576295,0.0000019755152
128148,0.2548655566937,3.8596682933362,0.0110428129827,0.8999393735371,0.3807536011188,0.0000019755152
128160,0.2548588552609,3.8595668072498,0.0110428129827,0.8999255352589,0.3807472228552,0.0000019755152
128178,0.2548631300025,3.8596315436739,0.0110163466101,0.8998363547951,0.3807049459745,0.0000019755152
128200,0.2548661644838,3.8596774976720,0.0110163466101,0.8998229554184,0.3807008107289,0.0000019537845
128210,0.2548744497181,3.8598029687489,0.0110163466101,0.8997992041618,0.3806941035446,0.0000019537845
128216,0.2548791815798,3.8598746277721,0.0109695125899,0.8998198615899,0.3806824234449,0.0000019537845
128226,0.2548785971377,3.8598657770166,0.0109591662436,0.8998111143268,0.3806747400363,0.0000019537845
128235,0.2548810284498,3.8599025966574,0.0109591662436,0.8996262580080,0.3806092409179,0.0000019537845
128237,0.2548831307052,3.8599344330842,0.0110060002638,0.8995167049813,0.3805906370432,0.0000019537845
128240,0.2548818190048,3.8599145687740,0.0109969210419,0.8994999068883,0.3805804655505,0.0000019537845
128264,0.2548864729587,3.8599850479649,0.0109500870217,0.8986148099013,0.3802452850366,0.0000019537845
128280,0.2548859781902,3.8599775552216,0.0109032530015,0.8984598507456,0.3801697647363,0.0000019322929
128285,0.2548781848441,3.8598595332680,0.0108564189812,0.8985003712402,0.3801624946158,0.0000019322929
128299,0.2548829915757,3.8599323261153,0.0108199313073,0.8984435037838,0.3801275772493,0.0000019322929
128318,0.2548880873850,3.8600094967378,0.0107730972871,0.8983179761157,0.3800637661754,0.0000019322929
128347,0.2548854269072,3.8599692066248,0.0107513247841,0.8983076212132,0.3800501668209,0.0000019322929
128358,0.2548913271571,3.8600585596464,0.0107810801709,0.8982445616861,0.3800416622091,0.0000019110377
128370,0.2548782967181,3.8598612274803,0.0107163962241,0.8982885068344,0.3800268429765,0.0000019110377
128373,0.2548717469370,3.8597620379993,0.0107682326312,0.8981227026990,0.3799884392924,0.0000019110377
128427,0.2548670847880,3.8596914347019,0.0108150666514,0.8979404603061,0.3799424254145,0.0000019110377
128433,0.2548772294190,3.8598450643689,0.0106974334318,0.8980613396655,0.3799373562268,0.0000019110377
128448,0.2548816302979,3.8599117110071,0.0106974334318,0.8979107040178,0.3798845008267,0.0000019110377
128450,0.2548853500321,3.8599680424328,0.0107339211057,0.8978275386744,0.3798712335788,0.0000019110377
128452,0.2548892588279,3.8600272369960,0.0107397113134,0.8977864920247,0.3798598931777,0.0000019110377
128474,0.2548877548128,3.8600044602848,0.0107397113134,0.8977695115503,0.3798535064336,0.0000019110377
128476,0.2548908893292,3.8600519292080,0.0107412704273,0.8977551881455,0.3798497308057,0.0000019110377
128483,0.2548923122397,3.8600734776770,0.0107448679588,0.8977216380577,0.3798395953400,0.0000019110377
128502,0.2548909005186,3.8600520986584,0.0107917019790,0.8971369002330,0.3796505296139,0.0000019110377
128507,0.2548799405978,3.8598861222927,0.0107901428651,0.8971340616605,0.3796464990919,0.0000019110377
128520,0.2548883580811,3.8600135961422,0.0107901428651,0.8971220870490,0.3796440261913,0.0000019110377
128527,0.2548847811123,3.8599594267469,0.0107536551912,0.8970987696804,0.3796192944919,0.0000018900163
128534,0.2548870879714,3.8599943616797,0.0108712884108,0.8969443888086,0.3796150670301,0.0000018900163
128547,0.2548960047917,3.8601293974559,0.0108712884108,0.7717071899226,0.3348894067466,0.0000018900163
128549,0.2549011724334,3.8602076559041,0.0108947742864,0.7715556015742,0.3348464407778,0.0000018900163
128553,0.2549023454659,3.8602254202366,0.0108712884108,0.7715457663346,0.3348331141811,0.0000018900163
128564,0.2548916648429,3.8600636735392,0.0109181224310,0.7714686383416,0.3348233514873,0.0000018900163
128578,0.2549090264232,3.8603265962427,0.0108728475247,0.7713013021798,0.3347479053798,0.0000018900163
128590,0.2549103184782,3.8603461630426,0.0108728475247,0.7711510689273,0.3346945275157,0.0000018900163
128593,0.2549101025167,3.8603428925351,0.0108728475247,0.7711223888711,0.3346842383610,0.0000018900163
128608,0.2549155890959,3.8604259809533,0.0108728475247,0.7710011264496,0.3346421060489,0.0000018900163
128609,0.2549163099556,3.8604368976074,0.0108728475247,0.7709032576286,0.3346073073684,0.0000018900163
128617,0.2549208332758,3.8605053984912,0.0108728475247,0.7707279792953,0.3345456772466,0.0000018900163
128622,0.2549185187633,3.8604703476564,0.0108728475247,0.7707289927957,0.3345455432441,0.0000018900163
128630,0.2549194245299,3.8604840645298,0.0108728475247,0.7707099241067,0.3345389270908,0.0000018900163
128632,0.2549274523188,3.8606056368696,0.0108728475247,0.7705945246438,0.3344994332374,0.0000018900163
128633,0.2549296341108,3.8606386777944,0.0107552143051,0.7705869623183,0.3344467856968,0.0000018900163
128634,0.2549171311152,3.8604493331978,0.0107552143051,0.7705749755964,0.3344398255113,0.0000018900163
128642,0.2549103157348,3.8603461214978,0.0107785624498,0.7705218246404,0.3344293889361,0.0000018900163
128654,0.2549118993784,3.8603701040982,0.0107583655884,0.7705172721864,0.3344194466141,0.0000018900163
128664,0.2549127228173,3.8603825742072,0.0107583655884,0.7703858866824,0.3343726996710,0.0000018900163
128678,0.2549105701598,3.8603499744933,0.0107633679753,0.7702536814843,0.3343271661252,0.0000018900163
128685,0.2549135689590,3.8603953881243,0.0107165339550,0.7703069988463,0.3343267789170,0.0000018900163
128709,0.2549023197995,3.8602250315451,0.0107165339550,0.7703040194131,0.3343233042996,0.0000018692261
128711,0.2549012500101,3.8602088307208,0.0107165339550,0.7702958356071,0.3343201522711,0.0000018692261
128719,0.2548950057904,3.8601142686425,0.0106696999348,0.7703506832603,0.3343183309487,0.0000018692261
128724,0.2548991673637,3.8601772912525,0.0106461975315,0.7701958485991,0.3342538521626,0.0000018692261
128732,0.2548888354274,3.8600208250454,0.0105993635113,0.7701897983336,0.3342294056442,0.0000018692261
128738,0.2548940208348,3.8600993525348,0.0106228493869,0.7700520735726,0.3341913947634,0.0000018692261
128763,0.2548927981698,3.8600808365714,0.0105938818209,0.7698635904789,0.3341114027021,0.0000018692261
128766,0.2549001864833,3.8601927247373,0.0105938818209,0.7698505661167,0.3341083343542,0.0000018692261
128774,0.2548887872272,3.8600200951036,0.0106407158411,0.7697809417866,0.3341010975472,0.0000018692261
128823,0.2548928571940,3.8600817304304,0.0106875498613,0.7696361504849,0.3340703302267,0.0000018692261
128834,0.2548971603725,3.8601468975009,0.0107343838816,0.7694481486156,0.3340241805346,0.0000018692261
128853,0.2548919816508,3.8600684712582,0.0107812179018,0.7693107619344,0.3339940758597,0.0000018692261
128875,0.2549014055907,3.8602111868232,0.0107979880180,0.7692807549093,0.3339925656733,0.0000018486646
128877,0.2549076520822,3.8603057833070,0.0107979880180,0.7691338054739,0.3339414222660,0.0000018486646
128881,0.2549020493199,3.8602209354201,0.0108280519220,0.7690182386881,0.3339118323523,0.0000018486646
128885,0.2549041891275,3.8602533405336,0.0108280519220,0.7689167218271,0.3338760348607,0.0000018486646
128887,0.2549143260400,3.8604068533120,0.0108280519220,0.7687951750951,0.3338347975091,0.0000018486646
128888,0.2549103092130,3.8603460227313,0.0108748859423,0.7687301881170,0.3338307988484,0.0000018486646
128913,0.2549077473312,3.8603072257515,0.0108748859423,0.7686930008447,0.3338169687051,0.0000018486646
128919,0.2549185033237,3.8604701138401,0.0108280519220,0.7686567675713,0.3337862613828,0.0000018486646
128922,0.2549168511438,3.8604450933286,0.0108711176244,0.7685682015729,0.3337727333602,0.0000018486646
128933,0.2549200699006,3.8604938379838,0.0108303823291,0.7679306159404,0.3335282559556,0.0000018486646
128938,0.2549295149558,3.8606368733171,0.0108303823291,0.7678225091914,0.3334916703428,0.0000018486646
128941,0.2549297052495,3.8606397551140,0.0108303823291,0.7678005370723,0.3334838639346,0.0000018486646
128946,0.2549297605168,3.8606405920789,0.0107862202886,0.7677851392726,0.3334594499747,0.0000018486646
128971,0.2549175656990,3.8604559145087,0.0107862202886,0.7677894227631,0.3334583666175,0.0000018486646
128987,0.2549218198640,3.8605203393208,0.0108330543089,0.7677292376256,0.3334578552552,0.0000018486646
129021,0.2549332845734,3.8606939601740,0.0107862202886,0.7677409945958,0.3334444391736,0.0000018486646
129025,0.2549315139562,3.8606671460572,0.0108051665533,0.7677124740365,0.3334419936693,0.0000018486646
129027,0.2549236845926,3.8605485786567,0.0108051665533,0.7676321463392,0.3334116274853,0.0000018486646
129031,0.2549226277572,3.8605325740062,0.0108462103658,0.7675784409460,0.3334098107283,0.0000018283293
129034,0.2549215681154,3.8605165268561,0.0108462103658,0.7675512872865,0.3333998859267,0.0000018283293
129036,0.2549336644171,3.8606997125034,0.0108211488486,0.7674145810563,0.3333429136875,0.0000018283293
129043,0.2549360338219,3.8607355946252,0.0108679828688,0.7671987718426,0.3332864184209,0.0000018283293
129067,0.2549329386999,3.8606887222869,0.0108679828688,0.7671191242137,0.3332573095987,0.0000018283293
129076,0.2549281535996,3.8606162570229,0.0108211488486,0.7671113413364,0.3332334328980,0.0000018283293
129085,0.2549354232385,3.8607263479870,0.0108679828688,0.7669931396218,0.3332128475027,0.0000018283293
129086,0.2549337684933,3.8607012886273,0.0108175513171,0.7669486064110,0.3331749746741,0.0000018283293
129100,0.2549405437786,3.8608038931306,0.0108236500420,0.7669027319530,0.3331626565252,0.0000018283293
129107,0.2549406877946,3.8608060741008,0.0108291317324,0.7668849993179,0.3331587035977,0.0000018283293
129121,0.2549444191791,3.8608625819579,0.0108274183598,0.7667531159235,0.3331116676653,0.0000018082177
129134,0.2549393919464,3.8607864498550,0.0107805843396,0.7666770115568,0.3330633385472,0.0000018082177
129135,0.2549444457454,3.8608629842766,0.0107859117714,0.7665210854374,0.3330110167894,0.0000018082177
129143,0.2549496760076,3.8609421910439,0.0107859117714,0.7656265341388,0.3326926549532,0.0000018082177
129161,0.2549581569280,3.8610706255813,0.0107874708853,0.7654660701765,0.3326378319270,0.0000018082177
129168,0.2549596099383,3.8610926298792,0.0108239585593,0.7653159182474,0.3326001551720,0.0000018082177
129205,0.2549607920153,3.8611105311802,0.0108707925795,0.7651585525541,0.3325642781638,0.0000017883273
129230,0.2549527660865,3.8609889870085,0.0108707925795,0.6503565478339,0.2915618423504,0.0000017883273
129237,0.2549455405320,3.8608795636573,0.0108239585593,0.6503902977118,0.2915522758222,0.0000017883273
129259,0.2549364845710,3.8607424207411,0.0108707925795,0.6503082311323,0.2915410974894,0.0000017883273
129268,0.2549339853960,3.8607045733889,0.0108050122946,0.6502627161287,0.2914961150428,0.0000017883273
129274,0.2549456258065,3.8608808550491,0.0108050122946,0.6501211648252,0.2914480553795,0.0000017883273
129278,0.2549394321168,3.8607870581928,0.0108050122946,0.6501231385149,0.2914474330495,0.0000017883273
129285,0.2549420529540,3.8608267479896,0.0108050122946,0.6500783721121,0.2914320066565,0.0000017883273
129291,0.2549371753880,3.8607528824317,0.0108056293291,0.6500697903655,0.2914281609976,0.0000017883273
129318,0.2549318897128,3.8606728364918,0.0108056293291,0.6500520855096,0.2914207051901,0.0000017883273
129351,0.2549298635891,3.8606421529996,0.0108056293291,0.6499115517158,0.2913700803801,0.0000017883273
129353,0.2549286488229,3.8606237566542,0.0108056293291,0.6497473057382,0.2913111607953,0.0000017883273
129358,0.2549142582656,3.8604058269411,0.0107591038261,0.6497678762348,0.2912954842091,0.0000017883273
129367,0.2549070163184,3.8602961553380,0.0107224453659,0.6493299101319,0.2911218051293,0.0000017883273
129371,0.2549117352765,3.8603676189488,0.0107224453659,0.6492574815429,0.2910969489814,0.0000017686557
129372,0.2549110518105,3.8603572685828,0.0107459312415,0.6491516364224,0.2910690660709,0.0000017686557
129422,0.2549127585034,3.8603831146343,0.0107459312415,0.6491300331282,0.2910617163286,0.0000017686557
129429,0.2549242150182,3.8605566113891,0.0107927652617,0.6489866141469,0.2910330219542,0.0000017686557
129431,0.2549217151850,3.8605187540688,0.0108395992819,0.6489055926414,0.2910236217467,0.0000017686557
129437,0.2549348240008,3.8607172731680,0.0108864333022,0.6487624517929,0.2909953807700,0.0000017686557
129462,0.2549354874083,3.8607273197710,0.0108471193899,0.6487916655975,0.2909891076108,0.0000017686557
129464,0.2549274000289,3.8606048449950,0.0108471193899,0.6487768499859,0.2909820833111,0.0000017686557
129466,0.2549377602307,3.8607617392523,0.0108939534101,0.6485733702622,0.2909317037474,0.0000017686557
129477,0.2549481110431,3.8609184913183,0.0108939534101,0.6484873040109,0.2909031838317,0.0000017686557
129478,0.2549444593090,3.8608631896817,0.0109407874303,0.6483325584867,0.2908672067816,0.0000017686557
129497,0.2549456868661,3.8608817797313,0.0109876214506,0.6482745258345,0.2908668156053,0.0000017686557
129507,0.2549446293128,3.8608657642089,0.0109876214506,0.6481103850820,0.2908079672894,0.0000017686557
129519,0.2549486836914,3.8609271634689,0.0110344554708,0.6479529374958,0.2907726765270,0.0000017686557
129545,0.2549473379772,3.8609067840566,0.0109979677969,0.6477895264313,0.2906983894907,0.0000017492005
129562,0.2549482144004,3.8609200565551,0.0109979677969,0.6477836565517,0.2906964809101,0.0000017492005
129568,0.2549503074764,3.8609517539686,0.0110448018171,0.6476339636820,0.2906635394101,0.0000017492005
129571,0.2549445810903,3.8608650339310,0.0110916358373,0.6475621808121,0.2906567473111,0.0000017492005
129599,0.2549596112509,3.8610926497574,0.0111384698576,0.6474599470083,0.2906435277100,0.0000017492005
129600,0.2549568654525,3.8610510675555,0.0111270437009,0.6474684397196,0.2906410755115,0.0000017492005
129607,0.2549549498697,3.8610220580872,0.0111149839820,0.6474582063074,0.2906318417884,0.0000017492005
129628,0.2549514279712,3.8609687226730,0.0111618180022,0.6473710607043,0.2906200353892,0.0000017492005
129629,0.2549508689998,3.8609602576454,0.0111568156154,0.6473643628927,0.2906153796540,0.0000017492005
129635,0.2549516819778,3.8609725693333,0.0111568156154,0.6473594525656,0.2906138001753,0.0000017492005
129642,0.2549555505539,3.8610311548124,0.0111099815952,0.5429139190893,0.2532925811914,0.0000017492005
129647,0.2549620564516,3.8611296797260,0.0111517967009,0.5427817041587,0.2532646764538,0.0000017492005
129649,0.2549529548828,3.8609918461288,0.0111517967009,0.5426249978565,0.2532067595812,0.0000017492005
129654,0.2549546526900,3.8610175576170,0.0111567990877,0.5425475447168,0.2531816054414,0.0000017492005
129671,0.2549475462578,3.8609099382449,0.0111072930877,0.5425877555091,0.2531732267747,0.0000017492005
129725,0.2549496562643,3.8609418920532,0.0111072930877,0.5424524586375,0.2531253586076,0.0000017299593
129730,0.2549625036981,3.8611364527989,0.0111541271080,0.5422732715232,0.2530841879541,0.0000017299593
129742,0.2549515118784,3.8609699933593,0.0111541271080,0.5422219846409,0.2530635158206,0.0000017299593
129743,0.2549536985196,3.8610031077178,0.0111776129835,0.5420911783430,0.2530273332268,0.0000017299593
129789,0.2549564343180,3.8610445384804,0.0111776129835,0.5419867205726,0.2529906131227,0.0000017299593
129790,0.2549532627347,3.8609965082182,0.0112244470038,0.5418479858092,0.2529604570909,0.0000017299593
129834,0.2549533457142,3.8609977648559,0.0112244470038,0.5417926894911,0.2529407261872,0.0000017299593
129837,0.2549571843418,3.8610558967947,0.0112040793561,0.5417958885928,0.2529339622947,0.0000017299593
129848,0.2549487469593,3.8609281215940,0.0112509133763,0.5417190076716,0.2529247685353,0.0000017299593
129854,0.2549610229761,3.8611140288363,0.0111823068531,0.5417158557858,0.2528968706411,0.0000017299593
129862,0.2549720152073,3.8612804945091,0.0111309332219,0.5417629561113,0.2528940303936,0.0000017299593
129871,0.2549727431098,3.8612915178193,0.0110840992017,0.5417706934096,0.2528768779705,0.0000017299593
129872,0.2549752194618,3.8613290195416,0.0110554401530,0.5417339419765,0.2528520006561,0.0000017299593
129884,0.2549753829489,3.8613314953799,0.0110554401530,0.5415883846330,0.2528000509235,0.0000017109297
129887,0.2549774817005,3.8613632787450,0.0110086061327,0.5415726933295,0.2527748248961,0.0000017109297
129915,0.2549811470628,3.8614187867655,0.0110086061327,0.5414265315422,0.2527234096925,0.0000017109297
129919,0.2549785955059,3.8613801461462,0.0109785422287,0.5414175335644,0.2527067648365,0.0000017109297
129923,0.2549823527049,3.8614370449363,0.0109785422287,0.5413900090339,0.2526977397612,0.0000017109297
129952,0.2549869982350,3.8615073965573,0.0110253762489,0.5412176635670,0.2526572550024,0.0000017109297
129958,0.2549798725781,3.8613994860479,0.0110253762489,0.5411900043823,0.2526458497957,0.0000017109297
129975,0.2549789276094,3.8613851755003,0.0110554401530,0.5410975920378,0.2526255274239,0.0000017109297
129988,0.2549846706844,3.8614721482742,0.0109581745810,0.5410818900598,0.2525794649884,0.0000017109297
130067,0.2549762316760,3.8613443484513,0.0109581745810,0.5410862957492,0.2525792300900,0.0000016921095
130069,0.2549737097716,3.8613061568857,0.0109859080780,0.5408621341470,0.2525105177512,0.0000016921095
130082,0.2549567820731,3.8610498048623,0.0109862165952,0.5406662058157,0.2524370482049,0.0000016921095
130090,0.2549590213922,3.8610837169737,0.0110330506155,0.5405181644785,0.2524047278759,0.0000016921095
130111,0.2549631992617,3.8611469863715,0.0110112781125,0.4469674108437,0.2189853086199,0.0000016921095
130120,0.2549614954695,3.8611211842468,0.0110203573344,0.4468163642288,0.2189348893970,0.0000016921095
130122,0.2549627620123,3.8611403646940,0.0110118951470,0.4449692221993,0.2182718405654,0.0000016921095
130132,0.2549551990582,3.8610258317833,0.0110118951470,0.4449601814050,0.2182669910773,0.0000016921095
130145,0.2549518230602,3.8609747058769,0.0109841616500,0.4448563580210,0.2182173020847,0.0000016921095
130150,0.2549517690857,3.8609738884909,0.0110894266335,0.4447126399899,0.2182110762148,0.0000016734963
130157,0.2549529130146,3.8609912120788,0.0111362606537,0.4444776630280,0.2181474727218,0.0000016734963
130209,0.2549487893097,3.8609287629458,0.0111830946739,0.4444061626898,0.2181411249587,0.0000016734963
130244,0.2549476119938,3.8609109337468,0.0111830946739,0.4435580563759,0.2178379775646,0.0000016550878
130251,0.2549476692512,3.8609118008494,0.0111815355600,0.4426960691370,0.2175294690570,0.0000016550878
130301,0.2549450436963,3.8608720396075,0.0111143338921,0.4427658785686,0.2175250376632,0.0000016550878
130338,0.2549537000047,3.8610031302089,0.0111627270263,0.4425553637068,0.2174724486218,0.0000016550878
130353,0.2549637400072,3.8611551753882,0.0111627270263,0.4424803700286,0.2174478165944,0.0000016550878
130357,0.2549576780154,3.8610633729578,0.0111627270263,0.4417787831702,0.2171959508611,0.0000016550878
130359,0.2549589614329,3.8610828089530,0.0111180856822,0.4416403084617,0.2171276386214,0.0000016550878
130398,0.2549597041968,3.8610940573243,0.0111180856822,0.4416317247411,0.2171247321707,0.0000016368818
130405,0.2549616052040,3.8611228460602,0.0110712516620,0.4416447899375,0.2171097339479,0.0000016368818
130423,0.2549580872218,3.8610695699546,0.0110712516620,0.4414890669041,0.2170533647255,0.0000016368818
130485,0.2549636972797,3.8611545283261,0.0110712516620,0.4414773147369,0.2170503696782,0.0000016368818
130487,0.2549653375601,3.8611793686308,0.0110712516620,0.4414085363891,0.2170261574712,0.0000016368818
130518,0.2549714375396,3.8612717463445,0.0110662492751,0.4413355959872,0.2169992705861,0.0000016368818
130526,0.2549661336464,3.8611914245121,0.0110662492751,0.4411887995406,0.2169457067352,0.0000016368818
130536,0.2549657858741,3.8611861578712,0.0110549608494,0.4411813070853,0.2169381184389,0.0000016368818
130617,0.2549655323051,3.8611823178369,0.0110756370143,0.4410426796154,0.2168974155056,0.0000016188761
130633,0.2549692305954,3.8612383245171,0.0110756370143,0.4410145187329,0.2168881505383,0.0000016188761
130637,0.2549657583506,3.8611857410569,0.0111697843583,0.4408765070387,0.2168784654568,0.0000016188761
130687,0.2549652821226,3.8611785290885,0.0111697843583,0.4405727405255,0.2167698753675,0.0000016188761
130706,0.2549621468209,3.8611310482725,0.0112166183786,0.4404930260972,0.2167608058014,0.0000016188761
130722,0.2549607915445,3.8611105240507,0.0112166183786,0.4404455637064,0.2167435645312,0.0000016188761
130745,0.2549651527301,3.8611765695762,0.0112166183786,0.4403020836328,0.2166932561875,0.0000016010685
130772,0.2549747458984,3.8613218479269,0.0112166183786,0.4402310076360,0.2166699275819,0.0000016010685
130788,0.2549833227643,3.8614517354563,0.0110989851590,0.4401523920612,0.2165932742538,0.0000016010685
130816,0.2549828246395,3.8614441918841,0.0110989851590,0.4401358046205,0.2165872434268,0.0000016010685
130818,0.2549766472097,3.8613506412678,0.0110989851590,0.4401196217912,0.2165801401099,0.0000016010685
130822,0.2549701437633,3.8612521534762,0.0111039875458,0.4400538398283,0.2165573968362,0.0000016010685
130825,0.2549675386241,3.8612127014090,0.0111039875458,0.4400138174286,0.2165425448779,0.0000016010685
130855,0.2549660822484,3.8611906461449,0.0111039875458,0.4399146149063,0.2165068033251,0.0000016010685
130856,0.2549644155857,3.8611654063081,0.0110571535255,0.4390890883041,0.2161915435308,0.0000016010685
130867,0.2549691028214,3.8612363895163,0.0110259932834,0.4391201267237,0.2161902786988,0.0000016010685
130898,0.2549618887828,3.8611271405600,0.0109791592632,0.4390124423664,0.2161302024114,0.0000016010685
130920,0.2549655456885,3.8611825205152,0.0109791592632,0.4388737777211,0.2160814629464,0.0000015834568
130931,0.2549664512618,3.8611962344611,0.0109753909453,0.4388610806307,0.2160755073294,0.0000015834568
130935,0.2549691615420,3.8612372787775,0.0109753909453,0.4388300160943,0.2160649936264,0.0000015834568
130949,0.2549635802288,3.8611527557146,0.0108867418194,0.4388999630328,0.2160507861977,0.0000015834568
130957,0.2549697036318,3.8612454881517,0.0108895515301,0.4388919899710,0.2160504549951,0.0000015834568
130995,0.2549554492378,3.8610296204871,0.0109446769514,0.4388236908774,0.2160466331292,0.0000015834568
131093,0.2549540341066,3.8610081898273,0.0109887012609,0.4386777818282,0.2160130870733,0.0000015660387
131103,0.2549546422132,3.8610173989567,0.0110623101710,0.4385394740856,0.2159953684353,0.0000015660387
131143,0.2549540137667,3.8610078818008,0.0110623101710,0.4383980526921,0.2159447261276,0.0000015660387
131150,0.2549546467186,3.8610174671862,0.0110623101710,0.4383912145682,0.2159424195730,0.0000015660387
131159,0.2549605762368,3.8611072634436,0.0110154761508,0.4384377431286,0.2159402358041,0.0000015660387
131173,0.2549633269395,3.8611489199164,0.0110154761508,0.4383899288567,0.2159237487147,0.0000015660387
131178,0.2549582498072,3.8610720321381,0.0110623101710,0.4383214527938,0.2159182767440,0.0000015660387
131189,0.2549595624120,3.8610919101435,0.0110623101710,0.4382739692556,0.2159015996100,0.0000015660387
131196,0.2549507965618,3.8609591606483,0.0110154761508,0.4383220136560,0.2158968082050,0.0000015660387
131229,0.2549389394453,3.8607795972062,0.0110154761508,0.4383148208802,0.2158916985458,0.0000015660387
131235,0.2549328346869,3.8606871471210,0.0110154761508,0.4383077159301,0.2158878529011,0.0000015660387
131268,0.2549336408927,3.8606993562524,0.0110154761508,0.4382214332364,0.2158572104118,0.0000015488123
131349,0.2549317273940,3.8606703783463,0.0110355352812,0.4380777592030,0.2158140849917,0.0000015488123
131376,0.2549288992773,3.8606275495197,0.0110355352812,0.4380762332452,0.2158129339818,0.0000015488123
131395,0.2549297157398,3.8606399139779,0.0110355352812,0.4374368729304,0.2155847659684,0.0000015488123
131473,0.2549314090009,3.8606655566205,0.0110355352812,0.4372908530617,0.2155329788570,0.0000015317754
131478,0.2549389272799,3.8607794129736,0.0110355352812,0.4372429255811,0.2155174729594,0.0000015317754
131490,0.2549445620444,3.8608647455007,0.0110355352812,0.4372157887678,0.2155089886899,0.0000015317754
131503,0.2549412421963,3.8608144699249,0.0109887012609,0.4372310895502,0.2154936701361,0.0000015317754
131517,0.2549425971454,3.8608349891909,0.0110355352812,0.4370681220399,0.2154558295231,0.0000015317754
131523,0.2549368822492,3.8607484431554,0.0110823693014,0.4369400516183,0.2154289371891,0.0000015317754
131524,0.2549422433174,3.8608296308419,0.0110823693014,0.4368073250222,0.2153826836337,0.0000015317754
131552,0.2549538033629,3.8610046954593,0.0110823693014,0.4367552501781,0.2153665626277,0.0000015317754
131554,0.2549468746959,3.8608997681522,0.0110823693014,0.4366610366135,0.2153314302117,0.0000015317754
131616,0.2549426164059,3.8608352808708,0.0110355352812,0.4362476509124,0.2151628082476,0.0000015149258
131622,0.2549425146321,3.8608337396150,0.0110228585278,0.4361583843523,0.2151254726303,0.0000015149258
131630,0.2549394946989,3.8607880059332,0.0110228585278,0.4361267425162,0.2151135248460,0.0000015149258
131699,0.2549359898477,3.8607349286813,0.0110696925480,0.4359702878889,0.2150769688768,0.0000015149258
131704,0.2549356578591,3.8607299010663,0.0110614011470,0.4359776678738,0.2150759799877,0.0000015149258
131711,0.2549392863860,3.8607848512556,0.0110614011470,0.4358886060579,0.2150449497378,0.0000015149258
131745,0.2549378280167,3.8607627658004,0.0110145671267,0.4359029726663,0.2150296964387,0.0000015149258
131786,0.2549311638183,3.8606618435900,0.0109376692024,0.4359857499992,0.2150248754761,0.0000014982617
131929,0.2549271137856,3.8606005101437,0.0109927946237,0.4358419003510,0.2149962579181,0.0000014817808
131935,0.2549251731632,3.8605711214775,0.0108751614041,0.4357751598239,0.2149215919310,0.0000014817808
131988,0.2549200975424,3.8604942565894,0.0108751614041,0.4356958522194,0.2148921801535,0.0000014817808
132034,0.2549158187373,3.8604294586283,0.0108751614041,0.4355875997013,0.2148526016531,0.0000014817808
132068,0.2549229795896,3.8605379021346,0.0108751614041,0.4355759100649,0.2148499612513,0.0000014817808
132087,0.2549275318214,3.8606068408524,0.0108751614041,0.4355474983335,0.2148407896826,0.0000014817808
132130,0.2549296597808,3.8606390665393,0.0108842406260,0.4355028276009,0.2148291829359,0.0000014654812
132201,0.2549254302138,3.8605750142362,0.0108754699214,0.4355035442582,0.2148247736757,0.0000014654812
132261,0.2549240765742,3.8605545148011,0.0108754699214,0.4354272074228,0.2147972204546,0.0000014334179
132306,0.2549237851906,3.8605501021057,0.0108671785203,0.4354347989608,0.2147963158212,0.0000014334179
132324,0.2549334138427,3.8606959178204,0.0108302115428,0.4353937275798,0.2147678677631,0.0000014334179
132333,0.2549311566525,3.8606617350712,0.0108770455630,0.4353068941554,0.2147564438652,0.0000014334179
132341,0.2549338362935,3.8607023153893,0.0108770455630,0.4351688663740,0.2147077224378,0.0000014334179
132384,0.2549256726044,3.8605786849842,0.0109238795832,0.4350941342866,0.2146993547675,0.0000014334179
132407,0.2549292362393,3.8606326524521,0.0109707136035,0.4349869720550,0.2146819179010,0.0000014334179
132429,0.2549275502763,3.8606071203319,0.0109707136035,0.4348672368752,0.2146387940590,0.0000014334179
132448,0.2549288821805,3.8606272906076,0.0109503459558,0.4330801147347,0.2139920925678,0.0000014176503
132453,0.2549396624871,3.8607905469067,0.0109503459558,0.4329366055460,0.2139431493519,0.0000014176503
132459,0.2549386516506,3.8607752388603,0.0109967006725,0.4327986686105,0.2139135358599,0.0000014176503
132462,0.2549364461201,3.8607418384425,0.0110435346927,0.4326383367656,0.2138758735960,0.0000014176503
132488,0.2549287980070,3.8606260158896,0.0109644440922,0.4326464883358,0.2138432500181,0.0000014176503
132509,0.2549214820014,3.8605152227507,0.0109644440922,0.4325984863329,0.2138245387302,0.0000014176503
132543,0.2549182420546,3.8604661571968,0.0108468108726,0.4324955016507,0.2137366499752,0.0000014176503
132559,0.2549236767581,3.8605484600119,0.0108468108726,0.4324252553489,0.2137127265896,0.0000014176503
132599,0.2549163464304,3.8604374499800,0.0108468108726,0.4324133668124,0.2137069098992,0.0000014176503
132621,0.2549183716607,3.8604681199435,0.0107999768524,0.4324254022300,0.2136915705176,0.0000014020562
132803,0.2549132265384,3.8603902025282,0.0107531428322,0.4323564041559,0.2136457540991,0.0000013866336
132851,0.2549062077359,3.8602839102155,0.0107531428322,0.4323277046563,0.2136340002487,0.0000013866336
132855,0.2549087478093,3.8603223769307,0.0107531428322,0.4322751435332,0.2136157727205,0.0000013866336
132882,0.2549184951397,3.8604699899021,0.0108305200600,0.4321377821394,0.2136019654626,0.0000013866336
132893,0.2549147200930,3.8604128208269,0.0108305200600,0.4320688640604,0.2135765429244,0.0000013866336
133042,0.2549233426569,3.8605434004032,0.0105952536208,0.4322859543182,0.2135550943776,0.0000013713806
133060,0.2549225870964,3.8605319582417,0.0105952536208,0.4322739294124,0.2135506378626,0.0000013713806
133065,0.2549287737958,3.8606256492369,0.0105850780608,0.4322698695847,0.2135461526911,0.0000013713806
133077,0.2549221110853,3.8605247495584,0.0106052749221,0.4322267007056,0.2135379633083,0.0000013713806
133111,0.2549204696636,3.8604998919697,0.0105589202055,0.4322475011633,0.2135251740029,0.0000013562954
133211,0.2549267955602,3.8605956909585,0.0105589202055,0.4322195579960,0.2135165498495,0.0000013562954
133245,0.2549360808691,3.8607363071041,0.0105120861853,0.4322312284892,0.2135026358689,0.0000013562954
133258,0.2549409804620,3.8608105062378,0.0105120861853,0.4322071975646,0.2134951033086,0.0000013562954
133286,0.2549515693262,3.8609708633455,0.0105120861853,0.4321988420449,0.2134943882368,0.0000013413761
133312,0.2549508691963,3.8609602606213,0.0106297194049,0.4320111372276,0.2134776150112,0.0000013413761
133374,0.2549469350285,3.8609006818251,0.0106052749221,0.4320079172159,0.2134651457641,0.0000013413761
133408,0.2549461563082,3.8608888889328,0.0105872707370,0.4320040115491,0.2134558679351,0.0000013413761
133419,0.2549503340065,3.8609521557398,0.0105550141568,0.4319345877163,0.2134181446816,0.0000013413761
133450,0.2549434498404,3.8608479023519,0.0106297194049,0.4318051879924,0.2134024718509,0.0000013413761
133536,0.2549345318461,3.8607128487961,0.0106297194049,0.4317521959690,0.2133816351295,0.0000013266210
133571,0.2549398616633,3.8607935632196,0.0106297194049,0.4316928007226,0.2133615646452,0.0000013266210
133641,0.2549414132044,3.8608170596613,0.0106297194049,0.4316885424956,0.2133603763229,0.0000013120282
133722,0.2549454752338,3.8608785747844,0.0105866537025,0.4316840807749,0.2133411965565,0.0000013120282
133743,0.2549506297055,3.8609566337870,0.0105827476537,0.4316147635262,0.2133158709050,0.0000013120282
133784,0.2549566357376,3.8610475887664,0.0105827476537,0.4315736640270,0.2133024795193,0.0000013120282
133799,0.2549564699470,3.8610450780445,0.0105359136335,0.4315409252777,0.2132706798593,0.0000012975959
134037,0.2549618985119,3.8611272878965,0.0105359136335,0.4315155378197,0.2132627761739,0.0000012833223
134252,0.2549622554811,3.8611326938169,0.0105359136335,0.4313754533342,0.2132128224939,0.0000012692058
134314,0.2549613801213,3.8611194374217,0.0105359136335,0.4313517386262,0.2132041653783,0.0000012552445
134323,0.2549671175356,3.8612063244706,0.0104367639026,0.4295989453473,0.2125369044828,0.0000012552445
134327,0.2549722818310,3.8612845322418,0.0104835979229,0.4294455475882,0.2125032979265,0.0000012552445
134366,0.2549731917999,3.8612983127550,0.0104411492550,0.4294952017906,0.2125030342773,0.0000012552445
134373,0.2549695486866,3.8612431416711,0.0104411492550,0.4294176595126,0.2124745599395,0.0000012552445
134384,0.2549623969996,3.8611348369634,0.0103943152347,0.4294593127310,0.2124678318616,0.0000012552445
134388,0.2549655455515,3.8611825184395,0.0103374599131,0.4294993509614,0.2124584393529,0.0000012552445
134398,0.2549691593487,3.8612372455628,0.0103842939334,0.4293906151123,0.2124404512291,0.0000012552445
134423,0.2549764762050,3.8613480515836,0.0103842939334,0.4292315018479,0.2123851929611,0.0000012552445
134513,0.2549658960332,3.8611878261127,0.0102666607138,0.4292495711915,0.2123389648814,0.0000012414368
134515,0.2549659323814,3.8611883765676,0.0102464638524,0.4291716123183,0.2123024744179,0.0000012414368
134566,0.2549753815614,3.8613314743681,0.0102464638524,0.4290885507369,0.2122748343917,0.0000012414368
134592,0.2549746076328,3.8613197540405,0.0102464638524,0.4289500737599,0.2122252124866,0.0000012414368
134597,0.2549803891425,3.8614073088676,0.0102464638524,0.4289339340988,0.2122206872169,0.0000012414368
134602,0.2549745881376,3.8613194588064,0.0102464638524,0.4288557202422,0.2121915106242,0.0000012414368
134621,0.2549889762576,3.8615373516093,0.0101996298322,0.4288716730111,0.2121802194872,0.0000012414368
134668,0.2549919196688,3.8615819264473,0.0102275010601,0.4287264149277,0.2121409171432,0.0000012277810
134671,0.2549938447853,3.8616110802937,0.0102275010601,0.4287234668506,0.2121402767835,0.0000012277810
134764,0.2550013646942,3.8617249613315,0.0102760484529,0.4286494038561,0.2121362431486,0.0000012277810
134854,0.2549983444011,3.8616792221980,0.0102481772250,0.4286785926421,0.2121340756974,0.0000012142754
134858,0.2550050716278,3.8617810989052,0.0102481772250,0.4285252601024,0.2120807556247,0.0000012142754
134861,0.2550030647083,3.8617507062399,0.0102481772250,0.4283804274243,0.2120285996140,0.0000012142754
134894,0.2550027441293,3.8617458514112,0.0102387894859,0.4283885550534,0.2120274103264,0.0000012142754
134911,0.2550075877547,3.8618192029763,0.0102387894859,0.4283385120419,0.2120105757421,0.0000012142754
134937,0.2550189092966,3.8619906557083,0.0102387894859,0.4282680003893,0.2119878190537,0.0000012142754
134995,0.2550209960936,3.8620222580342,0.0102295560053,0.4264556860922,0.2113370539124,0.0000012009184
135005,0.2550240337644,3.8620682603332,0.0102295560053,0.4264305109126,0.2113287137063,0.0000012009184
135024,0.2550259573513,3.8620973910152,0.0102295560053,0.4263887929209,0.2113142266207,0.0000012009184
135043,0.2550181840546,3.8619796726888,0.0102508492047,0.4262606303789,0.2112759142348,0.0000012009184
135099,0.2550233176259,3.8620574151768,0.0102508492047,0.4261179758686,0.2112260662464,0.0000012009184
135105,0.2550250169780,3.8620831500603,0.0102508492047,0.4260306193666,0.2111952316425,0.0000012009184
135168,0.2550314246686,3.8621801877314,0.0102976832250,0.4258858658699,0.2111649787647,0.0000011877083
135274,0.2550334047493,3.8622101739523,0.0103445172452,0.3422952458174,0.1813316819147,0.0000011877083
135318,0.2550333833812,3.8622098503553,0.0103445172452,0.3422247728226,0.1813065084091,0.0000011877083
135338,0.2550295126434,3.8621512321398,0.0103445172452,0.3421538518855,0.1812803500592,0.0000011617224
135373,0.2550280261691,3.8621287210646,0.0103445172452,0.3421255303031,0.1812699166781,0.0000011617224
135378,0.2550319932606,3.8621887984539,0.0103445172452,0.3420997918415,0.1812615744615,0.0000011617224
135447,0.2550318368718,3.8621864301122,0.0103495196320,0.3420831733788,0.1812577496644,0.0000011617224
135550,0.2550286009537,3.8621374255677,0.0104203188314,0.3419656420994,0.1812454233105,0.0000011489435
135552,0.2550284498436,3.8621351371653,0.0104671528517,0.3418801087830,0.1812349150397,0.0000011489435
135598,0.2550272640359,3.8621171793663,0.0104231285421,0.3418934304619,0.1812205511192,0.0000011489435
135751,0.2550273993185,3.8621192280782,0.0104231285421,0.3418686104035,0.1812117158018,0.0000011363051
135760,0.2550249968685,3.8620828455232,0.0103941609761,0.3418880307857,0.1812057221707,0.0000011363051
135825,0.2550274430806,3.8621198908079,0.0103941609761,0.3417970797704,0.1811737638536,0.0000011363051
135859,0.2550220190057,3.8620377489521,0.0104409949963,0.3405587319165,0.1807504061841,0.0000011238057
135951,0.2550193998815,3.8619980850966,0.0104258005218,0.3404135633064,0.1806914870934,0.0000011238057
135963,0.2550161593224,3.8619490102689,0.0104229908112,0.3403998772674,0.1806847006551,0.0000011238057
135971,0.2550108010073,3.8618678642759,0.0103761567909,0.3403279113412,0.1806377786053,0.0000011238057
135977,0.2550061791647,3.8617978713753,0.0103761567909,0.3402548456128,0.1806106933074,0.0000011238057
136004,0.2550076081300,3.8618195115378,0.0103761567909,0.3402047804564,0.1805931191012,0.0000011114439
136023,0.2549948699345,3.8616266050903,0.0103761567909,0.3402122383537,0.1805930530227,0.0000011114439
136125,0.2549946832335,3.8616237777020,0.0103761567909,0.3402042738556,0.1805901685517,0.0000011114439
136191,0.2549991082563,3.8616907899746,0.0103293227707,0.3401320810531,0.1805452619042,0.0000010992180
136332,0.2549976444111,3.8616686215927,0.0102116895511,0.3402217558160,0.1805265606871,0.0000010992180
136366,0.2550014261717,3.8617258923419,0.0101656433517,0.3400653263285,0.1804517693048,0.0000010871266
136421,0.2550002288603,3.8617077603323,0.0102098053922,0.3399301804382,0.1804221729375,0.0000010871266
136462,0.2549932228371,3.8616016615479,0.0102098053922,0.3399184640302,0.1804164872154,0.0000010871266
136523,0.2549935758950,3.8616070082351,0.0102037066673,0.3398577607593,0.1803922693918,0.0000010751682
136646,0.2549960829331,3.8616449746663,0.0102037066673,0.3398150267505,0.1803775444682,0.0000010751682
136764,0.2550036971426,3.8617602837857,0.0102505406875,0.3397422140615,0.1803732432757,0.0000010633414
136808,0.2550025715566,3.8617432379800,0.0102505406875,0.3396826408315,0.1803517259251,0.0000010633414
136818,0.2550006845632,3.8617146614691,0.0102925100518,0.3396319529031,0.1803512056083,0.0000010633414
136822,0.2550042519639,3.8617686859655,0.0102015139911,0.3394802316740,0.1802587855863,0.0000010633414
136852,0.2550107382627,3.8618669140749,0.0102015139911,0.3394289938662,0.1802418762904,0.0000010516446
136859,0.2550162680796,3.8619506572818,0.0102483480113,0.3393690632429,0.1802417291801,0.0000010516446
136961,0.2550172310604,3.8619652406027,0.0102483480113,0.3393598227765,0.1802386353665,0.0000010516446
136984,0.2550191242252,3.8619939105749,0.0102483480113,0.3392241839509,0.1801905986070,0.0000010516446
137007,0.2550246230895,3.8620771850362,0.0102298645226,0.3392375317932,0.1801886225264,0.0000010516446
137063,0.2550134377958,3.8619077956373,0.0102298645226,0.3392416483097,0.1801876958622,0.0000010400765
137080,0.2550108143149,3.8618680658041,0.0102298645226,0.3391700488372,0.1801615624476,0.0000010400765
137184,0.2549976253455,3.8616683328645,0.0102298645226,0.3391753805617,0.1801606404272,0.0000010400765
137210,0.2550066474149,3.8618049625278,0.0101830305024,0.3392129485449,0.1801559191416,0.0000010286357
137369,0.2549939875015,3.8616132415791,0.0101830305024,0.3392196247926,0.1801555906773,0.0000010173207
137393,0.2549892432388,3.8615413947565,0.0101830305024,0.3391692004971,0.1801365653726,0.0000010173207
137415,0.2549856688085,3.8614872638044,0.0101557763090,0.3391808548424,0.1801282813208,0.0000010173207
137606,0.2549837620400,3.8614583878205,0.0102026103292,0.3391189939431,0.1801258512722,0.0000010061301
137685,0.2549849655340,3.8614766134588,0.0102026103292,0.3388310454505,0.1800232704164,0.0000010061301
137692,0.2549791577465,3.8613886606828,0.0102026103292,0.3387945029408,0.1800089749942,0.0000010061301
137750,0.2549753488055,3.8613309783144,0.0101998006185,0.3387720460221,0.1799989343027,0.0000009950627
137853,0.2549734795027,3.8613026697080,0.0101529665983,0.3387885842182,0.1799843685135,0.0000009950627
137904,0.2549790834243,3.8613875351518,0.0101438873764,0.3387378139557,0.1799635460221,0.0000009841170
137934,0.2549730582054,3.8612962896075,0.0101438873764,0.3387118700423,0.1799529892204,0.0000009841170
137941,0.2549708872904,3.8612634134047,0.0101979164596,0.3385661570835,0.1799236390033,0.0000009841170
138224,0.2549772708464,3.8613600855836,0.0101979164596,0.3385379554813,0.1799149349074,0.0000009625855
138229,0.2549757717683,3.8613373836377,0.0100852856268,0.3386236937097,0.1798969641153,0.0000009625855
138301,0.2549782008842,3.8613741700192,0.0100974996043,0.3385678742385,0.1798827836765,0.0000009625855
138366,0.2549774919259,3.8613634335974,0.0100974996043,0.3385614012539,0.1798803199767,0.0000009625855
138412,0.2549722393160,3.8612838883967,0.0100924972175,0.3385527273594,0.1798739527178,0.0000009519971
138428,0.2549742450563,3.8613142632045,0.0100924972175,0.3385278268274,0.1798654894722,0.0000009519971
138567,0.2549778232213,3.8613684507157,0.0100744930323,0.3385259665857,0.1798578757705,0.0000009415251
138593,0.2549776880956,3.8613664043792,0.0100326613989,0.3385147286625,0.1798359054280,0.0000009415251
138625,0.2549834512018,3.8614536805052,0.0100326613989,0.3385093719086,0.1798352272530,0.0000009415251
138669,0.2549950875202,3.8616299001951,0.0100326613989,0.3384557643887,0.1798185752070,0.0000009415251
138680,0.2549985777024,3.8616827552981,0.0100254663359,0.3384095840462,0.1797997465253,0.0000009415251
138699,0.2549914742436,3.8615751809567,0.0100254663359,0.3383818304141,0.1797883123441,0.0000009415251
138700,0.2549955289415,3.8616365850514,0.0100179462280,0.3383212325632,0.1797643162149,0.0000009415251
138846,0.2549970070584,3.8616589695622,0.0100179462280,0.3382722510704,0.1797471395639,0.0000009311683
138853,0.2550035794125,3.8617585008891,0.0099711122078,0.3382985259287,0.1797378600806,0.0000009311683
139096,0.2550044882231,3.8617722638606,0.0099711122078,0.3382443576877,0.1797187090253,0.0000009107953
139183,0.2549992701378,3.8616932414974,0.0099366629514,0.3382695978976,0.1797118412578,0.0000009107953
139285,0.2550073408225,3.8618154634499,0.0099366629514,0.3382460635781,0.1797051655762,0.0000009007766
139578,0.2549890053421,3.8615377920642,0.0098774606950,0.3382915639035,0.1796921142653,0.0000008810685
139678,0.2549885331056,3.8615306405437,0.0098055651575,0.2650443563735,0.1535014837236,0.0000008810685
139754,0.2549782698898,3.8613752150359,0.0098055651575,0.2649992817168,0.1534831863713,0.0000008713767
139755,0.2549836328953,3.8614564320603,0.0098055651575,0.2649386083295,0.1534626665199,0.0000008713767
140239,0.2549941268823,3.8616153523527,0.0098055651575,0.2649129658512,0.1534557572034,0.0000008523119
140521,0.2549894321458,3.8615442555521,0.0098055651575,0.2648332796200,0.1534262918202,0.0000008336641
140565,0.2549909333563,3.8615669897919,0.0098235693427,0.2647700872301,0.1534117608768,0.0000008336641
140585,0.2549828481110,3.8614445473348,0.0098235693427,0.2647162365706,0.1533907959459,0.0000008336641
140844,0.2549816875321,3.8614269715993,0.0098431491695,0.2646812701788,0.1533864506077,0.0000008154244
141562,0.2549757007242,3.8613363077501,0.0097255159499,0.2648120794293,0.1533814710727,0.0000007801334
141638,0.2549659150573,3.8611881142137,0.0097255159499,0.2647108316144,0.1533432142102,0.0000007715519
141936,0.2549609819660,3.8611134077819,0.0097419444934,0.2646749682847,0.1533363895916,0.0000007630649
142148,0.2549552500718,3.8610266043298,0.0096243112738,0.2647850113945,0.1533240482022,0.0000007381597
142206,0.2549541300667,3.8610096430413,0.0096294844470,0.2647555652289,0.1533155087876,0.0000007381597
142229,0.2549384030739,3.8607714744309,0.0095405102761,0.2647629959332,0.1532766607532,0.0000007381597
142292,0.2549325996156,3.8606835872157,0.0094703446389,0.2648228348091,0.1532667171947,0.0000007300399
142325,0.2549219485758,3.8605222885248,0.0094703446389,0.2647629959332,0.1532430638019,0.0000007300399
142435,0.2549221100650,3.8605247341070,0.0094235106187,0.2647699898709,0.1532255245187,0.0000007300399
142475,0.2549239381046,3.8605524178271,0.0094055064335,0.2647656874325,0.1532166635770,0.0000007220095
142575,0.2549285342194,3.8606220211068,0.0094055064335,0.2647612855868,0.1532160763709,0.0000007220095
142635,0.2549311099550,3.8606610278867,0.0094055064335,0.2647587749459,0.1532157316568,0.0000007140674
142789,0.2549250418558,3.8605691329669,0.0094991744740,0.2646391623297,0.1532118560042,0.0000007140674
142885,0.2549181131858,3.8604642056148,0.0094745922603,0.2646115857079,0.1531899872613,0.0000007062127
142900,0.2549105697131,3.8603499677295,0.0094663008592,0.2646224325497,0.1531886912174,0.0000007062127
142938,0.2549034622688,3.8602423330310,0.0094663008592,0.2644713959712,0.1531332265584,0.0000007062127
142963,0.2548983052913,3.8601642360800,0.0094583179754,0.2018581143364,0.1307668139577,0.0000007062127
142997,0.2548967280862,3.8601403509839,0.0094583179754,0.2018445065163,0.1307616160495,0.0000006984443
143000,0.2549008806549,3.8602032372280,0.0093466457498,0.2019257667724,0.1307436678804,0.0000006984443
143122,0.2549079538864,3.8603103538109,0.0093875187760,0.2018641777323,0.1307407044984,0.0000006984443
143271,0.2549152392705,3.8604206832193,0.0094121009897,0.2018120312037,0.1307341771263,0.0000006907614
143417,0.2549122013193,3.8603746766728,0.0093668426111,0.2017838238770,0.1307040556435,0.0000006831630
143457,0.2549122949788,3.8603760950465,0.0093759218330,0.2015856267537,0.1306371821216,0.0000006831630
143469,0.2549125832512,3.8603804606258,0.0093934632423,0.2015237613108,0.1306226668401,0.0000006831630
143473,0.2549180644567,3.8604634676651,0.0093934632423,0.2014954120315,0.1306137166415,0.0000006831630
143565,0.2549237057017,3.8605488983314,0.0093934632423,0.2013708986170,0.1305704564031,0.0000006756483
143842,0.2549241468679,3.8605555793245,0.0094402972625,0.2012509680703,0.1305477903236,0.0000006608657
143861,0.2549189619276,3.8604770589083,0.0093934632423,0.2012662561570,0.1305320675730,0.0000006608657
143871,0.2549092380733,3.8603298014580,0.0093818828270,0.2012212765280,0.1305089567016,0.0000006608657
143997,0.2549083534640,3.8603164049890,0.0093818828270,0.2012208797565,0.1305086254383,0.0000006535962
144060,0.2549032725588,3.8602394600735,0.0093350488068,0.2012478517303,0.1304970977977,0.0000006535962
144436,0.2549032260416,3.8602387556204,0.0093400511936,0.2012343212234,0.1304943993859,0.0000006392962
144694,0.2549077524559,3.8603073033593,0.0094022174192,0.2011090955422,0.1304772885424,0.0000006253090
144850,0.2549026616665,3.8602302087588,0.0093776352056,0.2010814450818,0.1304557872602,0.0000006184306
145085,0.2549052612967,3.8602695773981,0.0094194668390,0.2010296763588,0.1304557833370,0.0000006116279
145147,0.2549074804507,3.8603031841289,0.0093018336194,0.2011419055234,0.1304459264775,0.0000006116279
145402,0.2548984942316,3.8601670973811,0.0091679095872,0.2011701922608,0.1303967072516,0.0000005982461
145484,0.2548915824731,3.8600624261361,0.0091629072003,0.2011620816481,0.1303901856330,0.0000005982461
145524,0.2548978216309,3.8601569115570,0.0091874894140,0.2011033631576,0.1303810869403,0.0000005916654
145596,0.2548950323997,3.8601146716120,0.0091874894140,0.2010405379454,0.1303580516722,0.0000005916654
145898,0.2549014107350,3.8602112647292,0.0091874894140,0.2010121332872,0.1303492739375,0.0000005787203
146375,0.2548908305848,3.8600510395856,0.0092098789515,0.2009813230525,0.1303455986233,0.0000005598319
146441,0.2548910447446,3.8600542828087,0.0091929711044,0.2009987616719,0.1303446263728,0.0000005598319
147192,0.2548953471126,3.8601194376053,0.0091705815669,0.2010072499456,0.1303389843191,0.0000005356027
147905,0.2548932900643,3.8600882857915,0.0091705815669,0.2009788268277,0.1303283924095,0.0000005067856
148884,0.2548869368029,3.8599920723925,0.0091705815669,0.2009502617571,0.1303168291854,0.0000004795189
148992,0.2548935125364,3.8600916548953,0.0091874894140,0.2008876480962,0.1303031224696,0.0000004742442
149032,0.2548925679612,3.8600773503073,0.0091874894140,0.2008330495585,0.1302834205829,0.0000004742442
149040,0.2548873787841,3.8599987657294,0.0091874894140,0.2007782448005,0.1302627354885,0.0000004742442
149051,0.2548819525722,3.8599165915103,0.0091874894140,0.2007015513905,0.1302341822252,0.0000004742442
149122,0.2548832799210,3.8599366927980,0.0091705815669,0.2007191135030,0.1302334926199,0.0000004690275
149184,0.2548726761039,3.8597761092460,0.0091962601186,0.2006640840650,0.1302225720964,0.0000004690275
149624,0.2548671640046,3.8596926343527,0.0091962601186,0.2006589850730,0.1302195698636,0.0000004537192
149778,0.2548661646097,3.8596774995777,0.0091962601186,0.2006107886194,0.1302021426884,0.0000004487283
149883,0.2548702998458,3.8597401233385,0.0092430941389,0.2005338498735,0.1301956224098,0.0000004487283
150030,0.2548734145232,3.8597872918222,0.0091705815669,0.2006131053885,0.1301935185653,0.0000004437923
150060,0.2548670758528,3.8596912993873,0.0091705815669,0.2005977299935,0.1301866690662,0.0000004437923
150267,0.2548668016590,3.8596871470141,0.0091705815669,0.2005835557201,0.1301815480699,0.0000004389106
150283,0.2548706443241,3.8597453400975,0.0091705815669,0.2005610602777,0.1301743374116,0.0000004340825
150344,0.2548689194189,3.8597192182391,0.0091722949395,0.2004834593623,0.1301469874789,0.0000004340825
150385,0.2548619653586,3.8596139063778,0.0091722949395,0.2004751588493,0.1301425328542,0.0000004340825
150390,0.2548588908888,3.8595673467975,0.0092191289597,0.2004010037284,0.1301354617905,0.0000004340825
150462,0.2548584884628,3.8595612524830,0.0092191289597,0.2003085712730,0.1301023639651,0.0000004293076
150465,0.2548606613492,3.8595941585398,0.0092191289597,0.2002852834759,0.1300945125132,0.0000004293076
150869,0.2548610124711,3.8595994759093,0.0092235143120,0.2002498210887,0.1300838020521,0.0000004199148
150896,0.2548616835365,3.8596096384821,0.0092235143120,0.2002003741350,0.1300662862255,0.0000004199148
150905,0.2548565940897,3.8595325642130,0.0092235143120,0.2002021480146,0.1300658291582,0.0000004199148
150998,0.2548564059785,3.8595297154683,0.0091945467461,0.2002270047322,0.1300622515766,0.0000004152958
151021,0.2548543125201,3.8594980122629,0.0091945467461,0.2001663795325,0.1300401511214,0.0000004152958
151343,0.2548569205171,3.8595375076098,0.0091945467461,0.2001393629300,0.1300310611913,0.0000004062095
151689,0.2548398019951,3.8592782657671,0.0091945467461,0.2001459348919,0.1300297400658,0.0000003973220
151712,0.2548356191259,3.8592149206532,0.0091477127258,0.2001733420894,0.1300185602986,0.0000003973220
151771,0.2548285087797,3.8591072420080,0.0091466163878,0.2001459348919,0.1300067785089,0.0000003973220
152176,0.2548331949415,3.8591782089542,0.0091578882858,0.1479831767846,0.1113830570330,0.0000003843541
152201,0.2548440605504,3.8593427570659,0.0091747961329,0.1479077369532,0.1113656888011,0.0000003843541
152371,0.2548386435596,3.8592607224906,0.0091747961329,0.1479093024161,0.1113650871112,0.0000003801262
152494,0.2548363677841,3.8592262582869,0.0091747961329,0.1478456859872,0.1113418792919,0.0000003718094
152525,0.2548368506631,3.8592335709760,0.0092109752896,0.1477304521773,0.1113163331867,0.0000003718094
152770,0.2548467184229,3.8593830077224,0.0092214593668,0.1477004673296,0.1113122320084,0.0000003677195
152879,0.2548427870402,3.8593234711056,0.0092682933870,0.1476459088754,0.1113119761300,0.0000003636746
153095,0.2548455778742,3.8593657353235,0.0091729119740,0.1477135727142,0.1112958620741,0.0000003596742
153423,0.2548439287005,3.8593407603393,0.0091560041269,0.1476699146038,0.1112726702773,0.0000003518049
153476,0.2548339053214,3.8591889669035,0.0091553870924,0.1475746904536,0.1112362493419,0.0000003518049
153613,0.2548365671947,3.8592292781490,0.0091560041269,0.1475384259761,0.1112241325876,0.0000003479350
153717,0.2548355800674,3.8592143291539,0.0090383709073,0.1476562379569,0.1112155825308,0.0000003441077
153734,0.2548317016684,3.8591555949182,0.0089915368870,0.1475508613218,0.1111570452098,0.0000003441077
153994,0.2548225406172,3.8590168605221,0.0089915368870,0.1475549778383,0.1111565523118,0.0000003403226
154048,0.2548323613047,3.8591655844098,0.0089915368870,0.1475444151746,0.1111548843650,0.0000003365790
154176,0.2548347564201,3.8592018558887,0.0089915368870,0.1474916159594,0.1111365407414,0.0000003365790
154186,0.2548420166683,3.8593118046414,0.0090161191007,0.1474366450647,0.1111289992809,0.0000003365790
154239,0.2548490498194,3.8594183142486,0.0090510476607,0.1473620252804,0.1111188258446,0.0000003328766
154327,0.2548483995216,3.8594084661782,0.0090510476607,0.1472822259614,0.1110901867383,0.0000003328766
154495,0.2548438341156,3.8593393279516,0.0090510476607,0.1053977541544,0.0961304685059,0.0000003292150
154552,0.2548437617930,3.8593382327022,0.0089915368870,0.1054081324298,0.0961086549179,0.0000003255936
154582,0.2548370587732,3.8592367225825,0.0089915368870,0.1053971324676,0.0961032899986,0.0000003255936
154777,0.2548361746030,3.8592233327643,0.0089915368870,0.1053291702564,0.0960788283153,0.0000003220121
155389,0.2548227968887,3.8590207414817,0.0090510476607,0.1052545135529,0.0960748031710,0.0000003080756
155498,0.2548231470461,3.8590260442449,0.0090042136404,0.1052651224240,0.0960585953644,0.0000003080756
155771,0.2548245535838,3.8590473447643,0.0090042136404,0.1051968708058,0.0960345211873,0.0000003013353
155895,0.2548237983149,3.8590359070198,0.0089915368870,0.1051218048178,0.0960021171683,0.0000002980206
155979,0.2548157407247,3.8589138833687,0.0089915368870,0.0739799308166,0.0848782926842,0.0000002980206
156145,0.2548223698223,3.8590142740148,0.0089915368870,0.0739689564658,0.0848757937942,0.0000002947423
156346,0.2548236097593,3.8590330515452,0.0089915368870,0.0738516755477,0.0848341734528,0.0000002915002
156365,0.2548175640016,3.8589414949626,0.0089915368870,0.0738490828141,0.0848319519570,0.0000002915002
156525,0.2548109492734,3.8588413219258,0.0089915368870,0.0738247116214,0.0848218305178,0.0000002882937
156629,0.2548135369347,3.8588805093089,0.0089447028668,0.0738681785349,0.0848178371914,0.0000002851224
156638,0.2548062831559,3.8587706585298,0.0089810528098,0.0737819762565,0.0848010748292,0.0000002851224
156693,0.2547989367096,3.8586594044002,0.0089915368870,0.0736565312730,0.0847591919869,0.0000002851224
156748,0.2547948122804,3.8585969442978,0.0089915368870,0.0735768700109,0.0847298577299,0.0000002819861
157222,0.2547972651772,3.8586340908164,0.0089915368870,0.0735564655832,0.0847230960550,0.0000002758165
157561,0.2547959214554,3.8586137415753,0.0090209837566,0.0735011152851,0.0847156602380,0.0000002697819
157602,0.2547952896678,3.8586041738240,0.0090209837566,0.0734748532915,0.0847061455715,0.0000002668143
157824,0.2547881662422,3.8584962971048,0.0090444696322,0.0734472614976,0.0847048302863,0.0000002638794
157845,0.2547957576285,3.8586112605915,0.0090811115647,0.0733827605759,0.0846991246538,0.0000002638794
158087,0.2547982466243,3.8586489537910,0.0090444696322,0.0734216164387,0.0846978314185,0.0000002609767
158174,0.2547884643941,3.8585008122992,0.0090646664935,0.0733978049038,0.0846958869045,0.0000002581060
158523,0.2547904493034,3.8585308716433,0.0090913036524,0.0733070345122,0.0846753101704,0.0000002524589
158542,0.2547902226189,3.8585274387460,0.0091213675565,0.0732708293098,0.0846752156960,0.0000002524589
158781,0.2547879302560,3.8584927233439,0.0091682015767,0.0732156922783,0.0846751044014,0.0000002469353
158938,0.2547854476341,3.8584551266714,0.0090941133631,0.0732880078229,0.0846686472997,0.0000002469353
159053,0.2547892886182,3.8585132942980,0.0090640494590,0.0733086206808,0.0846639475724,0.0000002442190
159056,0.2547949532387,3.8585990789617,0.0091104041757,0.0732326438258,0.0846578931357,0.0000002442190
159232,0.2547914029253,3.8585453132345,0.0091572381959,0.0731492616322,0.0846474247223,0.0000002415326
159293,0.2547924353654,3.8585609484429,0.0091572381959,0.0730913186005,0.0846269520196,0.0000002388758
159335,0.2547997874202,3.8586722875090,0.0091572381959,0.0730426957709,0.0846111621636,0.0000002388758
159608,0.2547822996830,3.8584074542938,0.0091572381959,0.0730531769926,0.0846111580848,0.0000002362481
159762,0.2547965268479,3.8586229096030,0.0092040722161,0.0729765954407,0.0846069279317,0.0000002336494
159864,0.2547948532403,3.8585975645926,0.0092040722161,0.0729775232133,0.0846069006489,0.0000002310792
160367,0.2547945300352,3.8585926699943,0.0091935881389,0.0729810416483,0.0846035947986,0.0000002235372
160456,0.2547781671728,3.8583448718136,0.0091935881389,0.0729709512514,0.0845964847578,0.0000002235372
160639,0.2547763987888,3.8583180915146,0.0091003994020,0.0730677933789,0.0845907542624,0.0000002210783
160840,0.2547697074407,3.8582167581513,0.0091003994020,0.0730577816232,0.0845857447750,0.0000002162413
160898,0.2547793744063,3.8583631540837,0.0091003994020,0.0730324908737,0.0845787838571,0.0000002162413
160919,0.2547852313411,3.8584518511428,0.0091003994020,0.0729885897921,0.0845643599568,0.0000002162413
160938,0.2547822305987,3.8584064080856,0.0091003994020,0.0728632335349,0.0845189468488,0.0000002162413
160947,0.2547865712572,3.8584721427495,0.0090703354980,0.0728910755147,0.0845169360238,0.0000002162413
161174,0.2547958608652,3.8586128240012,0.0089804357753,0.0729273847444,0.0844933657835,0.0000002115102
161179,0.2548022143299,3.8587090404797,0.0089804357753,0.0728781756776,0.0844771525736,0.0000002115102
161289,0.2548010700170,3.8586917110751,0.0089804357753,0.0728774701544,0.0844766553911,0.0000002115102
161451,0.2547991702993,3.8586629418676,0.0089804357753,0.0728230986657,0.0844568299199,0.0000002091836
161566,0.2547927767313,3.8585661180677,0.0089804357753,0.0728203596748,0.0844544816585,0.0000002068825
161627,0.2547939947128,3.8585845631038,0.0089804357753,0.0727832713779,0.0844414968343,0.0000002068825
161670,0.2547905119153,3.8585318198335,0.0089804357753,0.0727720595201,0.0844367462856,0.0000002068825
161850,0.2547950813046,3.8586010183843,0.0089804357753,0.0727439432913,0.0844276839302,0.0000002023562
161871,0.2548007391798,3.8586867008970,0.0089804357753,0.0727165597759,0.0844191165051,0.0000002023562
161872,0.2547999475967,3.8586747132119,0.0090039216509,0.0726641232643,0.0844102849298,0.0000002023562
162273,0.2548107615606,3.8588384792142,0.0090263111884,0.0725865905889,0.0843945074826,0.0000001979288
162364,0.2548140507026,3.8588882897791,0.0090263111884,0.0725750067667,0.0843910752194,0.0000001957516
162593,0.2548177839341,3.8589448256071,0.0090039216509,0.0725859852734,0.0843862005768,0.0000001935983
162822,0.2548061913429,3.8587692681196,0.0090263111884,0.0725300049011,0.0843733189761,0.0000001914687
162898,0.2548058127686,3.8587635350133,0.0090039216509,0.0725409024174,0.0843675343070,0.0000001893626
162971,0.2548016135679,3.8586999425772,0.0090263111884,0.0724610934783,0.0843477268018,0.0000001893626
163025,0.2548093094169,3.8588164880406,0.0090263111884,0.0724119789607,0.0843318350132,0.0000001893626
163130,0.2547983783744,3.8586509490058,0.0090731452086,0.0723557923682,0.0843294977297,0.0000001872796
163135,0.2547942766936,3.8585888334040,0.0090496593331,0.0723845880735,0.0843288376033,0.0000001872796
163172,0.2547992468247,3.8586641007632,0.0090028253128,0.0723954230591,0.0843137005462,0.0000001872796
164114,0.2547980731900,3.8586463273114,0.0090100203758,0.0723857825451,0.0843130896107,0.0000001752541
164440,0.2548046593029,3.8587460670005,0.0089876308383,0.0723965180806,0.0843087395244,0.0000001714197
164478,0.2548097475528,3.8588231231436,0.0088699976187,0.0725193260882,0.0843032756294,0.0000001714197
164529,0.2548103402543,3.8588320989782,0.0088316257859,0.0724416579274,0.0842592189368,0.0000001695341
164888,0.2548088814795,3.8588100073829,0.0088316257859,0.0724248238503,0.0842528941718,0.0000001658249
165145,0.2548156968787,3.8589132193680,0.0088496299710,0.0723949695090,0.0842514084291,0.0000001621968
165377,0.2548083744318,3.8588023286828,0.0088424349080,0.0724067542557,0.0842509645730,0.0000001604126
165407,0.2548071730426,3.8587841349191,0.0088424349080,0.0723782625056,0.0842405315074,0.0000001604126
165477,0.2548057361823,3.8587623751949,0.0088244307229,0.0723842243626,0.0842346367641,0.0000001586481
165570,0.2548129476854,3.8588715857535,0.0088244307229,0.0723347909396,0.0842185272922,0.0000001586481
165593,0.2548126277861,3.8588667412195,0.0088631110730,0.0722793638074,0.0842152406309,0.0000001569030
165613,0.2548111363189,3.8588441545317,0.0088865969485,0.0722405456477,0.0842111227776,0.0000001569030
165944,0.2548165920479,3.8589267757556,0.0088865969485,0.0722078933392,0.0842006303236,0.0000001534701
166308,0.2548095183819,3.8588196525939,0.0088855006104,0.0721805209117,0.0841888688119,0.0000001501123
166577,0.2548099009394,3.8588254460201,0.0089166608526,0.0721423689415,0.0841886794744,0.0000001484611
166773,0.2548139755220,3.8588871512488,0.0088855006104,0.0721760242611,0.0841882179667,0.0000001452129
166858,0.2548134174860,3.8588787003851,0.0088855006104,0.0721670092509,0.0841848787411,0.0000001452129
167303,0.2548041151844,3.8587378269025,0.0089323346307,0.0721108226584,0.0841828904735,0.0000001404734
167509,0.2548071103766,3.8587831859098,0.0089323346307,0.0720759699944,0.0841710849204,0.0000001389282
167608,0.2548124005322,3.8588632997005,0.0088648244455,0.0721433200194,0.0841673391691,0.0000001389282
167615,0.2548171794414,3.8589356712064,0.0089116584658,0.0720478944581,0.0841543543864,0.0000001389282
167823,0.2548190086268,3.8589633722771,0.0088729781157,0.0720022188895,0.0841218563587,0.0000001358886
168188,0.2548092631067,3.8588157867217,0.0088969432948,0.0511566968762,0.0766852095336,0.0000001329155
168866,0.2548124064749,3.8588633896957,0.0088969432948,0.0510305009582,0.0766408131418,0.0000001271630
168996,0.2548172182843,3.8589362594409,0.0088969432948,0.0509636852911,0.0766179815055,0.0000001257642
169378,0.2548158583775,3.8589156650968,0.0089204291704,0.0509241075300,0.0766136205575,0.0000001230126
169629,0.2548070853641,3.8587828071214,0.0088969432948,0.0509529032354,0.0766119594313,0.0000001216595
169857,0.2548118443720,3.8588548772447,0.0089422016734,0.0508856893079,0.0766083706926,0.0000001189977
170995,0.2548073794166,3.8587872602342,0.0089422016734,0.0508743396910,0.0766033604818,0.0000001113567
171620,0.2548132186369,3.8588756890268,0.0089422016734,0.0508463979357,0.0765946325450,0.0000001065372
171742,0.2548094124302,3.8588180480680,0.0089890356936,0.0507787857480,0.0765897414423,0.0000001053653
172028,0.2548150712871,3.8589037454479,0.0089890356936,0.0507505327391,0.0765808636942,0.0000001042063
172274,0.2548081149067,3.8587983984515,0.0089890356936,0.0507389910820,0.0765752510209,0.0000001019264
172866,0.2548071310620,3.8587834991675,0.0089890356936,0.0507106145800,0.0765649057320,0.0000000985997
172888,0.2548036582633,3.8587309073180,0.0088714024740,0.0507991992908,0.0765453847206,0.0000000985997
173005,0.2548022448967,3.8587095033821,0.0088449361014,0.0507654502697,0.0765216859034,0.0000000975151
173112,0.2547986351350,3.8586548373722,0.0087528437026,0.0508348113573,0.0765062160291,0.0000000964424
173137,0.2547946411030,3.8585943519972,0.0087528437026,0.0507939163326,0.0764907547991,0.0000000964424
173239,0.2548054520415,3.8587580721852,0.0087741369021,0.0507374312216,0.0764820238318,0.0000000953815
173674,0.2548034063355,3.8587270921392,0.0087741369021,0.0505998697856,0.0764324563819,0.0000000932947
173984,0.2548073632509,3.8587870154214,0.0087741369021,0.0505537377053,0.0764168285494,0.0000000912535
174209,0.2548079971786,3.8587966155847,0.0087824283031,0.0504995654880,0.0764011706282,0.0000000902497
