0,0.2063240533919,3.124558757017,0.5553584234398,0.3201241934734,0.3965531191558,1000
1,0.2063320088941,3.124679234652,0.5553584234398,0.3201063532004,0.3965484523802,1000.0000000000000
2,0.2063337387114,3.1247054308981,0.5553584234398,0.3201011483034,0.3965469641636,1000.0000000000000
3,0.2063355062983,3.1247321991259,0.5554052574601,0.3199162668255,0.3965013855559,1000.0000000000000
4,0.2063428696682,3.1248437095462,0.5553584234398,0.3198018404689,0.3964420251420,1000.0000000000000
5,0.2063485699714,3.1249300345867,0.5552407902202,0.3198159253710,0.3963978627207,1000.0000000000000
6,0.2063600194004,3.1251034240344,0.5552407902202,0.3195464494139,0.3963040747566,1000.0000000000000
7,0.2063594942634,3.1250954713923,0.5552407902202,0.3192719956682,0.3962059430323,1000.0000000000000
8,0.2063597262234,3.1250989841800,0.5551231570006,0.3192686540547,0.3961543850677,1000.0000000000000
10,0.2063643348121,3.1251687763625,0.5550523578012,0.3191871084239,0.3960959066688,1000.0000000000000
13,0.2063665272960,3.1252019792044,0.5550523578012,0.3189311218597,0.3960049527138,1000.0000000000000
14,0.2063612716972,3.1251223887394,0.5549347245816,0.3189026159171,0.3959432315833,1000.0000000000000
15,0.2063665471523,3.1252022799073,0.5549347245816,0.3188052675331,0.3959095947580,1000.0000000000000
16,0.2063675234837,3.1252170654089,0.5549347245816,0.3185098434690,0.3958042953775,1000.0000000000000
17,0.2063736046023,3.1253091574944,0.5548170913620,0.3185397642745,0.3957658702394,1000.0000000000000
18,0.2063747934774,3.1253271617466,0.5548170913620,0.3185311490372,0.3957630481279,1000.0000000000000
21,0.2063592171017,3.1250912740720,0.5548639253822,0.3183731872541,0.3957233671335,1000.0000000000000
22,0.2063625552532,3.1251418268327,0.5547462921626,0.3181291878177,0.3955865255588,1000.0000000000000
23,0.2063588986619,3.1250864516393,0.5547462921626,0.3181060932888,0.3955774939575,1000.0000000000000
24,0.2063727439880,3.1252961244050,0.5547462921626,0.3175055786692,0.3953659913061,1000.0000000000000
26,0.2063731751238,3.1253026534987,0.5547462921626,0.3170300185656,0.3951962407982,1000.0000000000000
27,0.2063784987472,3.1253832741238,0.5546286589430,0.3165472008384,0.3949745324351,1000.0000000000000
28,0.2063722300036,3.1252883406567,0.5545818249227,0.3165456225356,0.3949525537303,1000.0000000000000
29,0.2063746517042,3.1253250147418,0.5545349909025,0.3165150168242,0.3949220703320,1000.0000000000000
30,0.2063808999530,3.1254196378368,0.5545349909025,0.3164998481584,0.3949179918618,1000.0000000000000
32,0.2063709757797,3.1252693467668,0.5545349909025,0.3160452616999,0.3947535129467,1000.0000000000000
33,0.2063763026443,3.1253500164775,0.5544881568823,0.3160467317808,0.3947351077236,1000.0000000000000
35,0.2063933894639,3.1256087782208,0.5544881568823,0.3160229576431,0.3947302784215,1000.0000000000000
36,0.2063958384801,3.1256458659708,0.5543705236626,0.3159754009089,0.3946634044258,1000.0000000000000
39,0.2064036507871,3.1257641750679,0.5543236896424,0.3159635341297,0.3946407686332,1000.0000000000000
40,0.2063975686976,3.1256720682779,0.5543236896424,0.3158924078759,0.3946140630948,1000.0000000000000
41,0.2063999369929,3.1257079335970,0.5542060564228,0.3159017061069,0.3945674771464,1000.0000000000000
42,0.2063937138684,3.1256136909819,0.5542528904430,0.3155852147103,0.3944731827010,1000.0000000000000
44,0.2063984565603,3.1256855140170,0.5541820912436,0.3154869467670,0.3944087607841,1000.0000000000000
45,0.2064030584667,3.1257552050039,0.5541352572234,0.3155285077165,0.3944045183802,1000.0000000000000
48,0.2064069797120,3.1258145881011,0.5542528904430,0.3152528993214,0.3943573413144,1000.0000000000000
49,0.2064044350592,3.1257760520355,0.5542528904430,0.3152292350427,0.3943483445035,1000.0000000000000
51,0.2064173782174,3.1259720624264,0.5542060564228,0.3151952762546,0.3943189181759,1000.0000000000000
52,0.2064255823573,3.1260963054148,0.5541592224025,0.3152454598854,0.3943185272081,1000.0000000000000
53,0.2064267832012,3.1261144909209,0.5541592224025,0.3152317498711,0.3943138880982,1000.0000000000000
58,0.2064308067854,3.1261754238330,0.5543476548216,0.3149657003095,0.3943004893452,1000.0000000000000
59,0.2064269111056,3.1261164278979,0.5543944888418,0.3143652068663,0.3941052643357,1000.0000000000000
60,0.2064285542258,3.1261413112085,0.5542768556222,0.3143658635167,0.3940554367138,1000.0000000000000
62,0.2064327019302,3.1262041237897,0.5541592224025,0.3143605880826,0.3940040271871,1000.0000000000000
65,0.2064500280321,3.1264665092089,0.5541123883823,0.3142475192637,0.3939472864792,1000.0000000000000
66,0.2064440131540,3.1263754202650,0.5541123883823,0.3141794858362,0.3939216999241,1000.0000000000000
70,0.2064476025970,3.1264297785700,0.5539479211425,0.3141672630210,0.3938476178394,1000.0000000000000
71,0.2064483064332,3.1264404374217,0.5538302879228,0.3140368420153,0.3937507754938,1000.0000000000000
72,0.2064569990960,3.1265720785713,0.5537834539026,0.3140186856243,0.3937260820589,1000.0000000000000
73,0.2064518545955,3.1264941705728,0.5536658206830,0.3140188850106,0.3936746366384,1000.0000000000000
74,0.2064544030017,3.1265327634799,0.5536658206830,0.3135402389143,0.3935042376910,1000.0000000000000
75,0.2064552863979,3.1265461415768,0.5536189866628,0.3135681063819,0.3934943079343,1000.0000000000000
76,0.2064672984234,3.1267280509514,0.5536189866628,0.3134092215928,0.3934401373722,1000.0000000000000
77,0.2064754317236,3.1268512211488,0.5536189866628,0.3133576490547,0.3934234614586,1000.0000000000000
78,0.2064703597849,3.1267744120210,0.5536189866628,0.3132461453549,0.3933825518647,1000.0000000000000
79,0.2064732121317,3.1268176077859,0.5536189866628,0.3132284432965,0.3933768409182,1000.0000000000000
80,0.2064732691196,3.1268184708074,0.5536189866628,0.3131902405870,0.3933632093050,1000.0000000000000
82,0.2064722186399,3.1268025624074,0.5535013534431,0.3130242052031,0.3932532716138,1000.0000000000000
84,0.2064815519510,3.1269439054959,0.5535013534431,0.3129798881979,0.3932394441073,1000.0000000000000
86,0.2065032078866,3.1272718616495,0.5535013534431,0.3123585383767,0.3930221740144,989.0000000000000
87,0.2065107795514,3.1273865264758,0.5535013534431,0.3123247054468,0.3930117133248,989.0000000000000
88,0.2065167722702,3.1274772798403,0.5535013534431,0.3123101945318,0.3930078150092,989.0000000000000
89,0.2065214679218,3.1275483904983,0.5535013534431,0.3118349507919,0.3928390913131,989.0000000000000
90,0.2065215113378,3.1275490479877,0.5535013534431,0.3114526888787,0.3927025785047,989.0000000000000
91,0.2065328067532,3.1277201050633,0.5534545194229,0.3114226025960,0.3926741821269,989.0000000000000
126968,0.2552316952752,3.8652130734641,0.0096121689164,0.9347896982512,0.3926654707557,0.0000019110377
126970,0.2552206902295,3.8650464137288,0.0096121689164,0.9346011748805,0.3925957827564,0.0000019110377
126982,0.2552149346340,3.8649592513449,0.0095846062057,0.9344359976533,0.3925237449573,0.0000019110377
126984,0.2552249823842,3.8651114138558,0.0095846062057,0.9343093079931,0.3924806517395,0.0000019110377
127000,0.2552156162796,3.8649695741436,0.0097301271809,0.9340335151010,0.3924425133878,0.0000018900163
127001,0.2552102034341,3.8648876023456,0.0097014681322,0.9338603951250,0.3923672424801,0.0000018900163
127003,0.2552080379142,3.8648548078451,0.0096834639470,0.9337084084732,0.3923047814136,0.0000018900163
127018,0.2552098557177,3.8648823365496,0.0096834639470,0.9336046893247,0.3922681283899,0.0000018900163
127020,0.2552162595638,3.8649793160012,0.0096366299268,0.9336315513882,0.3922590225138,0.0000018900163
127028,0.2552192724787,3.8650249433976,0.0095897959066,0.9334703558864,0.3921820265934,0.0000018900163
127029,0.2552232155023,3.8650846563048,0.0096471305318,0.9332588790686,0.3921319160743,0.0000018900163
127030,0.2552256827713,3.8651220204751,0.0096433787416,0.9332333829190,0.3921217310971,0.0000018900163
127031,0.2552268550149,3.8651397728593,0.0096090672162,0.9332338712594,0.3921074517599,0.0000018900163
127038,0.2552192660406,3.8650248459000,0.0096090672162,0.9331702871569,0.3920831169431,0.0000018900163
127041,0.2552179480905,3.8650048869454,0.0096090672162,0.9329980760549,0.3920213305602,0.0000018900163
127046,0.2552154969508,3.8649677670356,0.0095622331959,0.9329878562154,0.3919970836504,0.0000018900163
127049,0.2552094850132,3.8648767226236,0.0095153991757,0.9328414932647,0.3919234511727,0.0000018900163
127054,0.2552145523402,3.8649534619121,0.0095153991757,0.9326859260481,0.3918689773083,0.0000018900163
127073,0.2552115525322,3.8649080330045,0.0094300225363,0.9326912501459,0.3918336459674,0.0000018900163
127077,0.2552054378807,3.8648154330988,0.0094228274733,0.9325339798239,0.3917730841144,0.0000018900163
127082,0.2552117542856,3.8649110883457,0.0094417737379,0.9324031678204,0.3917358388848,0.0000018900163
127088,0.2552106091762,3.8648937468781,0.0094333115505,0.9322000305402,0.3916594178238,0.0000018900163
127104,0.2552060513094,3.8648247228255,0.0094801455708,0.9320955827648,0.3916412100841,0.0000018900163
127109,0.2552090894567,3.8648707323408,0.0094801455708,0.9320198199259,0.3916148029589,0.0000018900163
127111,0.2552034088604,3.8647847057392,0.0094333115505,0.9320639974142,0.3916092916397,0.0000018900163
127112,0.2552011442514,3.8647504106409,0.0094373883856,0.9318660038201,0.3915398415835,0.0000018900163
127117,0.2552038434116,3.8647912865569,0.0094842224059,0.9317808207757,0.3915300691820,0.0000018900163
127119,0.2552152762031,3.8649644240461,0.0094640255445,0.9317969784576,0.3915296338689,0.0000018900163
127129,0.2552146583994,3.8649550680655,0.0094624664306,0.9317271131444,0.3915038813931,0.0000018900163
127130,0.2552221758165,3.8650689113674,0.0094624664306,0.9317135218047,0.3915006382183,0.0000018900163
127134,0.2552323526481,3.8652230286775,0.0094171915243,0.9317550024185,0.3914982299416,0.0000018900163
127149,0.2552282083179,3.8651602671971,0.0094640255445,0.9316831248330,0.3914917430275,0.0000018900163
127163,0.2552208364262,3.8650486277223,0.0095108595648,0.9315898717626,0.3914769303914,0.0000018692261
127181,0.2552145421146,3.8649533070555,0.0095108595648,0.9315900810321,0.3914756563495,0.0000018692261
127193,0.2552138979435,3.8649435517677,0.0094640255445,0.9313799598293,0.3913804033031,0.0000018692261
127204,0.2552130965506,3.8649314155233,0.0094640255445,0.9312551822422,0.3913356681521,0.0000018692261
127211,0.2552149580679,3.8649596062274,0.0094640255445,0.9310534161863,0.3912640077430,0.0000018692261
127233,0.2552139169401,3.8649438394515,0.0095108595648,0.9309303515795,0.3912399047219,0.0000018692261
127234,0.2552149913733,3.8649601106020,0.0095576935850,0.9307567674989,0.3911982123660,0.0000018692261
127250,0.2552145178407,3.8649529394535,0.0095465759456,0.9307063675014,0.3911753461930,0.0000018692261
127255,0.2552051327997,3.8648108129699,0.0094997419253,0.9307430880402,0.3911663778680,0.0000018692261
127258,0.2552070737954,3.8648402072902,0.0094997419253,0.9280657448675,0.3902105998054,0.0000018692261
127265,0.2552077310425,3.8648501605994,0.0095036479741,0.9279059120748,0.3901553315247,0.0000018692261
127277,0.2552124367900,3.8649214241497,0.0096212811937,0.9277260119440,0.3901425040894,0.0000018692261
127279,0.2552120339155,3.8649153230433,0.0096212811937,0.9276492655616,0.3901150083369,0.0000018692261
127287,0.2552046370683,3.8648033056443,0.0095946440348,0.9276834186814,0.3901142049158,0.0000018692261
127293,0.2552006478718,3.8647428934991,0.0095946440348,0.9275837899023,0.3900777683811,0.0000018692261
127300,0.2551957510946,3.8646687370058,0.0096414780550,0.9274907086479,0.3900635474895,0.0000018692261
127301,0.2551882798356,3.8645555927196,0.0096414780550,0.9274908815122,0.3900620082427,0.0000018692261
127304,0.2551879345061,3.8645503630711,0.0096414780550,0.9273668817306,0.3900176486072,0.0000018692261
127309,0.2551865993916,3.8645301441798,0.0096103178129,0.9272940695979,0.3899780037887,0.0000018692261
127313,0.2551934907931,3.8646345071388,0.0096103178129,0.9272688039138,0.3899704570590,0.0000018692261
127316,0.2551995908869,3.8647268865839,0.0096137610857,0.9272426808697,0.3899639102517,0.0000018486646
127319,0.2551898287595,3.8645790495283,0.0096137610857,0.9272186940705,0.3899532516533,0.0000018486646
127325,0.2552022369588,3.8647669585340,0.0095669270655,0.9272422742685,0.3899442603294,0.0000018486646
127336,0.2551947656697,3.8646538137920,0.0095161869965,0.9271039600181,0.3898715156485,0.0000018283293
127342,0.2551847769291,3.8645025449200,0.0093985537769,0.9267478834177,0.3896917907527,0.0000018283293
127352,0.2551931051905,3.8646286675972,0.0094453877971,0.9265955094083,0.3896592278140,0.0000018283293
127356,0.2551934085194,3.8646332611910,0.0093277545775,0.9265521064758,0.3895933775287,0.0000018283293
127373,0.2551983314997,3.8647078145021,0.0093277545775,0.9264204980533,0.3895474294450,0.0000018283293
127382,0.2551999313204,3.8647320420881,0.0092987870115,0.9264168253980,0.3895340459300,0.0000018283293
127399,0.2552104263745,3.8648909785418,0.0092519529913,0.9264521351935,0.3895288337885,0.0000018283293
127400,0.2552074624539,3.8648460931099,0.0093081747507,0.9262372211804,0.3894755386977,0.0000018283293
127402,0.2552041447405,3.8647958498624,0.0092837302680,0.9260939139069,0.3894131703831,0.0000018283293
127408,0.2551974000015,3.8646937079510,0.0092837302680,0.9259568784093,0.3893627838328,0.0000018283293
127422,0.2551949292144,3.8646562905028,0.0092837302680,0.9259442936813,0.3893577598327,0.0000018283293
127434,0.2551987753205,3.8647145356971,0.0093305642882,0.9257791672739,0.3893196820043,0.0000018283293
127461,0.2551921257894,3.8646138356072,0.0093975951697,0.9256434851681,0.3892985267305,0.0000018283293
127463,0.2551924217160,3.8646183171023,0.0093507611495,0.9256694953652,0.3892878077765,0.0000018283293
127469,0.2551906656121,3.8645917227723,0.0093507611495,0.9256428875666,0.3892779286833,0.0000018283293
127497,0.2551926053723,3.8646210983820,0.0093543586810,0.9255032239596,0.3892300062858,0.0000018283293
127504,0.2551996236362,3.8647273825373,0.0093543586810,0.9254962093677,0.3892290049881,0.0000018082177
127516,0.2551960981990,3.8646739935342,0.0093164496240,0.9253587771454,0.3891629198620,0.0000018082177
127556,0.2551969297593,3.8646865866321,0.0093073704022,0.9253609211366,0.3891599726695,0.0000018082177
127563,0.2551981500638,3.8647050668476,0.0092605363819,0.9254066502176,0.3891564942550,0.0000018082177
127564,0.2552043974538,3.8647996769368,0.0092696156038,0.9252166567107,0.3890938692527,0.0000018082177
127567,0.2552115025501,3.8649072760786,0.0093164496240,0.9250379802381,0.3890516504704,0.0000018082177
127582,0.2552074584125,3.8648460319070,0.0093164496240,0.9248487705791,0.3889832089912,0.0000018082177
127589,0.2552130741117,3.8649310757101,0.0093430867829,0.9246920136665,0.3889398436690,0.0000018082177
127594,0.2552110172585,3.8648999268523,0.0093307185468,0.9221634081367,0.3880310288386,0.0000018082177
127600,0.2552147138244,3.8649559074183,0.0092838845266,0.9220792143757,0.3879816800365,0.0000018082177
127605,0.2552100101308,3.8648846749716,0.0093028307912,0.9220420585285,0.3879755219844,0.0000018082177
127627,0.2552090991683,3.8648708794119,0.0093028307912,0.9219801667447,0.3879532225697,0.0000018082177
127631,0.2552132874201,3.8649343060391,0.0092978284044,0.9218684588934,0.3879120805110,0.0000018082177
127654,0.2552237705766,3.8650930623164,0.0094154616240,0.9215975332666,0.3878679819862,0.0000018082177
127660,0.2552219915182,3.8650661203655,0.0094622956442,0.9210572362554,0.3876947092641,0.0000018082177
127673,0.2552276108278,3.8651512188437,0.0094607365303,0.9209758045500,0.3876661624582,0.0000017883273
127682,0.2552313423519,3.8652077288139,0.0094607365303,0.9208919509617,0.3876370143604,0.0000017883273
127687,0.2552300591748,3.8651882964590,0.0095783697499,0.9207455706232,0.3876348749385,0.0000017883273
127693,0.2552232253935,3.8650848060960,0.0096252037701,0.9206410066531,0.3876161380048,0.0000017883273
127695,0.2552238782688,3.8650946931992,0.0096212977214,0.9204903131459,0.3875607847760,0.0000017883273
127712,0.2552131550046,3.8649323007471,0.0096212977214,0.9203949586241,0.3875244317473,0.0000017883273
127721,0.2552209635197,3.8650505524188,0.0096212977214,0.9203804169484,0.3875209115450,0.0000017883273
127729,0.2552225640150,3.8650747902219,0.0095744637012,0.9203535484204,0.3874915868825,0.0000017883273
127742,0.2552228915912,3.8650797510156,0.0095445375280,0.9203009833554,0.3874600583370,0.0000017883273
127749,0.2552177649631,3.8650021136743,0.0095678691450,0.9202741954683,0.3874593919357,0.0000017883273
127759,0.2552169037342,3.8649890712771,0.0096147031652,0.9201423723244,0.3874321994154,0.0000017883273
127767,0.2552176244335,3.8649999855038,0.0095678691450,0.9201779049880,0.3874249723650,0.0000017883273
127768,0.2552241577783,3.8650989260748,0.0095678691450,0.9201180386021,0.3874049915154,0.0000017883273
127774,0.2552305288053,3.8651954085157,0.0096855023646,0.9178023216904,0.3866297292182,0.0000017883273
127779,0.2552338239493,3.8652453099729,0.0098031355842,0.7930362433694,0.3421215358714,0.0000017883273
127788,0.2552335915112,3.8652417899442,0.0097852691300,0.7928903212847,0.3420617139812,0.0000017883273
127790,0.2552270680741,3.8651429994146,0.0097384351097,0.7928954059160,0.3420420603186,0.0000017883273
127809,0.2552290066305,3.8651723567934,0.0096290932912,0.7930188661254,0.3420397078761,0.0000017883273
127817,0.2552378492725,3.8653062692202,0.0095838183849,0.7930102447443,0.3420191201320,0.0000017883273
127827,0.2552285450286,3.8651653663234,0.0095838183849,0.7927551166751,0.3419260091979,0.0000017883273
127848,0.2552236699120,3.8650915378578,0.0095369843647,0.7922659589395,0.3417301936158,0.0000017686557
127852,0.2552198908791,3.8650343084160,0.0095780281772,0.7920554376890,0.3416717878675,0.0000017686557
127861,0.2552238481992,3.8650942378281,0.0095617373646,0.7920638458993,0.3416686570202,0.0000017686557
127870,0.2552186226515,3.8650151024549,0.0096085713849,0.7920050719108,0.3416666182727,0.0000017686557
127871,0.2552217890635,3.8650630544038,0.0096085713849,0.7918309771827,0.3416051201009,0.0000017686557
127873,0.2552217394446,3.8650623029786,0.0095617373646,0.7918664365360,0.3415977018001,0.0000017686557
127876,0.2552171538001,3.8649928582607,0.0095149033444,0.7913158407723,0.3413800060949,0.0000017686557
127882,0.2552156832599,3.8649705884906,0.0095590653849,0.7912283915213,0.3413673856925,0.0000017686557
127883,0.2552210315490,3.8650515826511,0.0095747226353,0.7911920494008,0.3413622626759,0.0000017686557
127886,0.2552149454873,3.8649594157065,0.0095747226353,0.7910458732635,0.3413087527565,0.0000017686557
127892,0.2552128243001,3.8649272925792,0.0095747226353,0.7908133614699,0.3412252582901,0.0000017686557
127897,0.2552085652623,3.8648627939731,0.0096215566555,0.7906958264502,0.3412024405694,0.0000017686557
127898,0.2552013344750,3.8647532913750,0.0095982250386,0.7906704404386,0.3411818254178,0.0000017686557
127901,0.2551991679088,3.8647204810302,0.0095563934052,0.7905642530809,0.3411255092544,0.0000017686557
127903,0.2551944550442,3.8646491096981,0.0095095593849,0.7906189535645,0.3411239635189,0.0000017686557
127910,0.2551923784212,3.8646176614485,0.0095095593849,0.7905469592009,0.3410978062556,0.0000017686557
127922,0.2551850283178,3.8645063519354,0.0095563934052,0.7904950969057,0.3410977807081,0.0000017686557
127931,0.2551971464248,3.8646898678014,0.0095123690956,0.7904910862144,0.3410800774943,0.0000017686557
127933,0.2551825965746,3.8644695257660,0.0095592031158,0.7904233207954,0.3410728294568,0.0000017686557
127934,0.2552001616163,3.8647355296749,0.0096060371360,0.7902400337832,0.3410312054701,0.0000017686557
127935,0.2551938957736,3.8646406401393,0.0095592031158,0.7902642461977,0.3410184383574,0.0000017686557
127943,0.2551952791631,3.8646615901041,0.0095966493969,0.7901303770619,0.3409869727986,0.0000017686557
127945,0.2551903727132,3.8645872871302,0.0095498153767,0.7899853624558,0.3409140587628,0.0000017686557
127958,0.2551950547328,3.8646581913464,0.0095029813564,0.7899924393440,0.3408975177898,0.0000017492005
127961,0.2551969023307,3.8646861712547,0.0094550509981,0.7895266070669,0.3407110034511,0.0000017492005
127967,0.2552095396206,3.8648775495941,0.0094824594501,0.7893757706388,0.3406715877683,0.0000017492005
127988,0.2552135624651,3.8649384713040,0.0094824594501,0.7892312193677,0.3406208243525,0.0000017492005
127993,0.2552115594087,3.8649081371413,0.0095264837597,0.7891658752693,0.3406159255094,0.0000017492005
127997,0.2552065543692,3.8648323411308,0.0095260044561,0.7890183535762,0.3405619612661,0.0000017492005
128010,0.2552059645641,3.8648234091594,0.0095260044561,0.7889966447783,0.3405540817372,0.0000017492005
128022,0.2551994155512,3.8647242313119,0.0095260044561,0.7889484100236,0.3405354516792,0.0000017299593
128032,0.2552032686124,3.8647825818320,0.0094791704359,0.7889430380466,0.3405142870489,0.0000017299593
128036,0.2552005239216,3.8647410164040,0.0094791704359,0.7886490961586,0.3404087196552,0.0000017299593
128038,0.2552010562442,3.8647490778657,0.0094791704359,0.7885532846635,0.3403746153332,0.0000017299593
128049,0.2552082711659,3.8648583401945,0.0094791704359,0.7884844678263,0.3403515839460,0.0000017299593
128055,0.2552085469685,3.8648625169321,0.0093839432815,0.7885595209276,0.3403376360880,0.0000017299593
128062,0.2552093525199,3.8648747161537,0.0093464970004,0.7885535083777,0.3403196129608,0.0000017299593
128063,0.2552083637832,3.8648597427862,0.0093464970004,0.7885002794931,0.3403003907727,0.0000017299593
128078,0.2552094232184,3.8648757868068,0.0093933310206,0.7883010362957,0.3402495312327,0.0000017299593
128079,0.2552029717293,3.8647780858528,0.0093464970004,0.7882689090741,0.3402166030401,0.0000017299593
128080,0.2551941825883,3.8646449836435,0.0093839432815,0.7881198659176,0.3401775383601,0.0000017299593
128090,0.2551930947714,3.8646285098110,0.0093371092613,0.7880127559460,0.3401189799722,0.0000017299593
128101,0.2551979145326,3.8647014999785,0.0093494774974,0.7878257047485,0.3400585094518,0.0000017299593
128108,0.2551903029128,3.8645862300771,0.0093026434772,0.7877401932949,0.3400062668626,0.0000017299593
128115,0.2551977850452,3.8646995390284,0.0093494774974,0.7876221362448,0.3399857786674,0.0000017299593
128124,0.2551918446352,3.8646095778257,0.0093963115176,0.7875623697681,0.3399832322751,0.0000017299593
128126,0.2551862431135,3.8645247487254,0.0093839432815,0.7875464786990,0.3399710558946,0.0000017299593
128135,0.2551732130323,3.8643274219787,0.0095015765011,0.7873514274825,0.3399490168226,0.0000017299593
128148,0.2551825509944,3.8644688355018,0.0095015765011,0.7872008580409,0.3398972430139,0.0000017299593
128150,0.2551777915198,3.8643967583120,0.0094547424809,0.7872372111351,0.3398891346514,0.0000017299593
128152,0.2551781567272,3.8644022889904,0.0095015765011,0.7869475577171,0.3398058369839,0.0000017299593
128155,0.2551887996784,3.8645634651877,0.0095015765011,0.7869330476910,0.3398029354641,0.0000017299593
128160,0.2551997198971,3.8647288403067,0.0094547424809,0.7869195416378,0.3397803801976,0.0000017299593
128176,0.2551995039356,3.8647255697992,0.0094079084606,0.7869519980810,0.3397718537840,0.0000017299593
128177,0.2552092212979,3.8648727289358,0.0093953859659,0.7869503209801,0.3397679703278,0.0000017299593
128179,0.2552074569368,3.8648460095590,0.0093883286338,0.7867863989408,0.3397060240941,0.0000017299593
128188,0.2552091981304,3.8648723780889,0.0094661851653,0.7866305928710,0.3396841192670,0.0000017109297
128194,0.2552096652160,3.8648794516035,0.0095130191855,0.7865521825221,0.3396762873837,0.0000017109297
128201,0.2552089106848,3.8648680250298,0.0095319654501,0.7863312615908,0.3396053451935,0.0000017109297
128218,0.2552078971648,3.8648526763454,0.0095516995356,0.7860760660615,0.3395224442154,0.0000017109297
128227,0.2552154380520,3.8649668750759,0.0095516995356,0.7860317532842,0.3395082341279,0.0000017109297
128246,0.2552125872775,3.8649237031228,0.0095651806375,0.7858562422913,0.3394507183653,0.0000017109297
128252,0.2552132909888,3.8649343600842,0.0095651806375,0.7858070619893,0.3394333047670,0.0000017109297
128254,0.2552120489794,3.8649155511691,0.0096333243849,0.7856352518217,0.3394008823111,0.0000017109297
128268,0.2552146739936,3.8649553042231,0.0096333243849,0.7855798387679,0.3393816544378,0.0000017109297
128278,0.2552196903877,3.8650312721863,0.0096801584051,0.7855174791412,0.3393805298071,0.0000017109297
128288,0.2552186449188,3.8650154396692,0.0096801584051,0.7855141973535,0.3393791337110,0.0000017109297
128308,0.2552204652356,3.8650430064353,0.0095903964134,0.7855865755463,0.3393669037085,0.0000017109297
128310,0.2552249018206,3.8651101938047,0.0095435623931,0.7855552715686,0.3393366026903,0.0000017109297
128318,0.2552089081683,3.8648679869203,0.0095452757657,0.7853030424509,0.3392438279539,0.0000017109297
128319,0.2552086830120,3.8648645771668,0.0095174045378,0.7851516867791,0.3391777792970,0.0000017109297
128321,0.2552083991941,3.8648602790460,0.0095446587312,0.7850522085140,0.3391538708957,0.0000017109297
128324,0.2551954492494,3.8646641658812,0.0094983040146,0.7850522975431,0.3391312613965,0.0000017109297
128325,0.2551985957576,3.8647118164069,0.0095446587312,0.7849055284454,0.3390993844205,0.0000017109297
128330,0.2551953576523,3.8646627787399,0.0095311776293,0.7849085738771,0.3390940005798,0.0000017109297
128343,0.2551839502650,3.8644900259692,0.0095780116495,0.7847799093418,0.3390656762429,0.0000017109297
128352,0.2551862449668,3.8645247767922,0.0095590653849,0.7847926011768,0.3390625809353,0.0000016921095
128368,0.2551847172176,3.8645016406524,0.0095127106682,0.7848005227404,0.3390452163832,0.0000016921095
128382,0.2551885096169,3.8645590725137,0.0094658766480,0.7847383870698,0.3390037660063,0.0000016921095
128384,0.2551926962278,3.8646224742914,0.0094491065318,0.7847493259075,0.3390013826723,0.0000016921095
128387,0.2551949390883,3.8646564400334,0.0094766692425,0.7846760942641,0.3389875217172,0.0000016921095
128406,0.2551833782704,3.8644813637183,0.0095217898901,0.7845331560499,0.3389533324572,0.0000016921095
128413,0.2551889840082,3.8645662566660,0.0095177130551,0.7845175851834,0.3389472254480,0.0000016921095
128420,0.2551931905280,3.8646299599428,0.0094964033279,0.7843524477396,0.3388800164464,0.0000016921095
128426,0.2551921346724,3.8646139701317,0.0093787701083,0.7843737479322,0.3388369831663,0.0000016921095
128436,0.2551861159230,3.8645228225616,0.0094256041286,0.7842199282480,0.3388008295557,0.0000016921095
128438,0.2551893117508,3.8645712199802,0.0094724381488,0.7840558885551,0.3387630004943,0.0000016921095
128439,0.2551991355479,3.8647199909592,0.0095208478107,0.7839806450258,0.3387589799026,0.0000016921095
128456,0.2551979468459,3.8647019893280,0.0095078460123,0.7839929295973,0.3387575403284,0.0000016921095
128462,0.2552016715901,3.8647583966251,0.0095078460123,0.7839441256098,0.3387409084924,0.0000016921095
128468,0.2551985692859,3.8647114155224,0.0095202142485,0.7837908748258,0.3386908119627,0.0000016921095
128480,0.2551944178073,3.8646485457861,0.0095670482687,0.7836189391467,0.3386485884834,0.0000016921095
128492,0.2551950372054,3.8646579259122,0.0095394855581,0.7834233585891,0.3385670584221,0.0000016921095
128497,0.2551939861166,3.8646420082881,0.0094218523384,0.7834310032366,0.3385191491831,0.0000016921095
128502,0.2551864311486,3.8645275963183,0.0094218523384,0.7834332903074,0.3385183470724,0.0000016921095
128518,0.2551823533105,3.8644658417884,0.0094218523384,0.7832233358239,0.3384424895058,0.0000016921095
128519,0.2551841445659,3.8644929684506,0.0093961737867,0.7832425828669,0.3384387421966,0.0000016921095
128528,0.2551878724691,3.8645494235874,0.0093682860311,0.7832640672133,0.3384352621186,0.0000016734963
128541,0.2551778187674,3.8643971709474,0.0093214520109,0.7832093520922,0.3383934949163,0.0000016734963
128555,0.2551774000215,3.8643908294851,0.0093541878947,0.7830574940998,0.3383531998522,0.0000016550878
128561,0.2551779692131,3.8643994492873,0.0093231653834,0.7830512591730,0.3383377997004,0.0000016550878
128587,0.2551764289440,3.8643761235480,0.0093231653834,0.7829877291077,0.3383147803337,0.0000016550878
128595,0.2551782502528,3.8644037053362,0.0093020099150,0.7828530218861,0.3382579942628,0.0000016550878
128598,0.2551767402351,3.8643808377210,0.0091904919479,0.7828966903803,0.3382254731639,0.0000016550878
128601,0.2551653206935,3.8642079008864,0.0091779694532,0.7829105069397,0.3382225938213,0.0000016550878
128606,0.2551669842804,3.8642330941440,0.0091311354329,0.7829397230908,0.3382133129209,0.0000016550878
128612,0.2551576805585,3.8640921991528,0.0091436579277,0.7829259065314,0.3382117515642,0.0000016550878
128613,0.2551519098356,3.8640048076807,0.0091436579277,0.7829136040000,0.3382061212195,0.0000016550878
128626,0.2551461211010,3.8639171434393,0.0090968239075,0.7825623512530,0.3380593616438,0.0000016550878
128632,0.2551604056487,3.8641334677511,0.0090832050746,0.7824946985182,0.3380324242847,0.0000016550878
128647,0.2551650122731,3.8642032301873,0.0090832050746,0.7822974704553,0.3379629728246,0.0000016550878
128649,0.2551649358489,3.8642020728229,0.0090728587283,0.7821400379336,0.3379022963989,0.0000016550878
128658,0.2551626000683,3.8641666999062,0.0090260247081,0.7821680629453,0.3378917330843,0.0000016550878
128660,0.2551662174043,3.8642214806191,0.0089791906879,0.7821039419993,0.3378495361669,0.0000016550878
128663,0.2551694040135,3.8642697384320,0.0089459755005,0.7818125013155,0.3377318979729,0.0000016550878
128674,0.2551628789742,3.8641709236390,0.0089459755005,0.7817495529770,0.3377080182007,0.0000016550878
128680,0.2551668044576,3.8642303709188,0.0090636087201,0.7815997613854,0.3377057766158,0.0000016550878
128688,0.2551574644998,3.8640889271727,0.0091743553940,0.7813941156032,0.3376777931343,0.0000016550878
128694,0.2551566877976,3.8640771648416,0.0091275213737,0.7814480037522,0.3376768007426,0.0000016368818
128698,0.2551525896900,3.8640151033537,0.0091738760904,0.7813244589305,0.3376516657332,0.0000016368818
128703,0.2551538389678,3.8640340223387,0.0091275213737,0.7813204721298,0.3376306432710,0.0000016368818
128716,0.2551588244187,3.8641095217010,0.0090116015267,0.7812598711307,0.3375603884336,0.0000016368818
128719,0.2551666254940,3.8642276607046,0.0089647675065,0.7812672578405,0.3375446264802,0.0000016368818
128792,0.2551621458810,3.8641598217211,0.0089179334862,0.7812426557189,0.3375148083682,0.0000016368818
128800,0.2551663902110,3.8642240975928,0.0089014884150,0.7811617949892,0.3374797911478,0.0000016368818
128801,0.2551596511196,3.8641220412085,0.0089433200484,0.7810027939092,0.3374394887997,0.0000016368818
128803,0.2551686134098,3.8642577655791,0.0089433200484,0.6660730870354,0.2963950854069,0.0000016368818
128810,0.2551669982379,3.8642333055152,0.0089275085394,0.6654505947724,0.2961656442723,0.0000016368818
128813,0.2551663434409,3.8642233893092,0.0089743425597,0.6652702844902,0.2961211791523,0.0000016368818
128826,0.2551676737760,3.8642435358228,0.0089810748468,0.6652170191859,0.2961053261670,0.0000016368818
128827,0.2551712317665,3.8642974178123,0.0090279088670,0.6650799425507,0.2960772043754,0.0000016368818
128844,0.2551701393308,3.8642808740322,0.0090274295634,0.6650753369574,0.2960751200114,0.0000016368818
128854,0.2551689327786,3.8642626020804,0.0089810748468,0.6650522545667,0.2960467514464,0.0000016368818
128862,0.2551731501846,3.8643264702177,0.0089810748468,0.6649041288951,0.2959947531507,0.0000016188761
128866,0.2551808138456,3.8644425282275,0.0090279088670,0.6646881139253,0.2959393188832,0.0000016188761
128886,0.2551809767533,3.8644449952920,0.0090545460259,0.6646335769989,0.2959312922436,0.0000016188761
128893,0.2551778973246,3.8643983606122,0.0091013800461,0.6645392513832,0.2959170163690,0.0000016188761
128909,0.2551672511698,3.8642371359011,0.0091504067425,0.6644632314315,0.2959085965087,0.0000016188761
128912,0.2551636323122,3.8641823321438,0.0091420988138,0.6642580863590,0.2958309944010,0.0000016188761
128913,0.2551574633581,3.8640889098827,0.0091154616549,0.6641035843184,0.2957630772568,0.0000016188761
128920,0.2551696883311,3.8642740441211,0.0090864940889,0.6640988148178,0.2957515788297,0.0000016188761
128929,0.2551650228004,3.8642033896114,0.0090675478243,0.6639679656979,0.2956957274169,0.0000016188761
128933,0.2551599779049,3.8641269900251,0.0090675478243,0.6638084996970,0.2956376942246,0.0000016188761
128935,0.2551656046563,3.8642122012019,0.0091388263272,0.6636599942497,0.2956164102272,0.0000016188761
128937,0.2551686887418,3.8642589064029,0.0090211931076,0.6636850338608,0.2955755995839,0.0000016188761
128938,0.2551627763282,3.8641693691752,0.0090027096188,0.6635804253605,0.2955290509643,0.0000016188761
128940,0.2551671762217,3.8642360008910,0.0090027096188,0.6635454540718,0.2955175040527,0.0000016188761
128951,0.2551646796662,3.8641981932084,0.0090838551646,0.6633936964243,0.2954975465791,0.0000016188761
128962,0.2551669541977,3.8642326385732,0.0091306891848,0.6632421564581,0.2954639842852,0.0000016188761
128972,0.2551731813154,3.8643269416597,0.0092738466975,0.5587824684397,0.2582196404521,0.0000016188761
128975,0.2551785516173,3.8644082691810,0.0093189673452,0.5586469880568,0.2581917428005,0.0000016188761
129005,0.2551810436898,3.8644460089738,0.0093189673452,0.5586412478232,0.2581902267326,0.0000016188761
129014,0.2551795841300,3.8644239054899,0.0092721333249,0.5586431840628,0.2581705337610,0.0000016188761
129023,0.2551738337830,3.8643368225891,0.0093897665446,0.5584945687052,0.2581666388673,0.0000016188761
129025,0.2551731265079,3.8643261116582,0.0093897665446,0.5584823720380,0.2581621313558,0.0000016188761
129054,0.2551789005092,3.8644135527781,0.0093642422514,0.5585001099091,0.2581587646130,0.0000016010685
129077,0.2551758506403,3.8643673657513,0.0093642422514,0.5584395980061,0.2581364996757,0.0000016010685
129078,0.2551701808173,3.8642815023022,0.0093174082312,0.5582913593050,0.2580622705975,0.0000016010685
129083,0.2551682370435,3.8642520659107,0.0093174082312,0.5582798979632,0.2580577607381,0.0000016010685
129089,0.2551813003438,3.8644498957257,0.0093174082312,0.5582552553664,0.2580517590893,0.0000016010685
129090,0.2551794530367,3.8644219202217,0.0092705742110,0.5581801339800,0.2580044624483,0.0000016010685
129096,0.2551835255705,3.8644835944221,0.0092563218159,0.5581631871240,0.2579931745162,0.0000016010685
129103,0.2551910636561,3.8645977507264,0.0092094877957,0.5581857463570,0.2579827749663,0.0000016010685
129105,0.2551980621046,3.8647037347997,0.0092130853272,0.5581384434865,0.2579689225507,0.0000016010685
129109,0.2551903966373,3.8645876494341,0.0092115262132,0.5581177778742,0.2579592311830,0.0000016010685
129118,0.2551791530728,3.8644173775867,0.0091646921930,0.5581013273491,0.2579308749373,0.0000016010685
129120,0.2551735747378,3.8643328996252,0.0091646921930,0.5579710384276,0.2578831478221,0.0000016010685
129171,0.2551748084634,3.8643515830893,0.0092115262132,0.5578553494388,0.2578621664188,0.0000016010685
129179,0.2551681624889,3.8642509368601,0.0091646921930,0.5578897154602,0.2578529441375,0.0000016010685
129183,0.2551736877001,3.8643346103186,0.0092115262132,0.5572408825836,0.2576424738070,0.0000016010685
129186,0.2551707626286,3.8642903132164,0.0091646921930,0.5572698314450,0.2576321141621,0.0000016010685
129198,0.2551617597141,3.8641539736335,0.0091646921930,0.5571346529423,0.2575819069294,0.0000016010685
129205,0.2551596911929,3.8641226480764,0.0091444953317,0.5571368477411,0.2575735917339,0.0000015834568
129210,0.2551483734056,3.8639512522023,0.0090992204254,0.5571181173585,0.2575450735401,0.0000015834568
129215,0.2551476388849,3.8639401286656,0.0091075283542,0.5570711398515,0.2575316990027,0.0000015834568
129223,0.2551492639364,3.8639647383458,0.0092168536450,0.5547509623978,0.2567502661192,0.0000015834568
129233,0.2551468217710,3.8639277543428,0.0092387804066,0.5547070577068,0.2567434597348,0.0000015834568
129234,0.2551503738047,3.8639815461226,0.0092085457162,0.5545033428637,0.2566585078593,0.0000015834568
129251,0.2551534156854,3.8640276121771,0.0091830214231,0.5545256619556,0.2566561918123,0.0000015834568
129254,0.2551532311013,3.8640248168464,0.0091704989284,0.5545299845999,0.2566523292767,0.0000015834568
129270,0.2551538161159,3.8640336762710,0.0091704989284,0.5545236861480,0.2566502051898,0.0000015834568
129276,0.2551631544301,3.8641750951263,0.0092173329486,0.5543676481662,0.2566165501295,0.0000015660387
129288,0.2551615958531,3.8641514921323,0.0092173329486,0.5541898391042,0.2565527129123,0.0000015660387
129306,0.2551593394669,3.8641173215587,0.0091704989284,0.5542270545711,0.2565454489162,0.0000015660387
129312,0.2551654351226,3.8642096337937,0.0092173329486,0.5540990431386,0.2565211084823,0.0000015660387
129317,0.2551641032882,3.8641894645746,0.0091704989284,0.5539345669271,0.2564420098621,0.0000015660387
129360,0.2551714485940,3.8643007014345,0.0091764599224,0.5538356162699,0.2564107990475,0.0000015660387
129366,0.2551737276563,3.8643352154130,0.0091296259021,0.5536904239751,0.2563393613041,0.0000015660387
129368,0.2551776494323,3.8643946065469,0.0090827918819,0.5535548705411,0.2562717180210,0.0000015660387
129372,0.2551735964599,3.8643332285823,0.0090359578617,0.5534120746958,0.2561997792878,0.0000015488123
129380,0.2551759423877,3.8643687551685,0.0089776811570,0.5534110086766,0.2561749255349,0.0000015488123
129383,0.2551724639804,3.8643160783829,0.0089443282387,0.5533600811563,0.2561416976539,0.0000015488123
129393,0.2551728421116,3.8643218047786,0.0089676598557,0.5533169201419,0.2561363632984,0.0000015488123
129414,0.2551717547802,3.8643053382984,0.0089676598557,0.5529539408185,0.2560064948262,0.0000015488123
129419,0.2551790983986,3.8644165496039,0.0089676598557,0.5529460616397,0.2560052544663,0.0000015488123
129433,0.2551729970714,3.8643241514804,0.0090165322934,0.5528555818069,0.2559925781435,0.0000015488123
129436,0.2551779545565,3.8643992273287,0.0090465961975,0.5527302852913,0.2559617762365,0.0000015488123
129453,0.2551731994421,3.8643272161698,0.0090465961975,0.5525908870536,0.2559109721985,0.0000015488123
129519,0.2551749685309,3.8643540071415,0.0090360955926,0.5524596311791,0.2558599739317,0.0000015488123
129578,0.2551796146018,3.8644243669537,0.0090360955926,0.5524083827199,0.2558426664972,0.0000015317754
129584,0.2551785999992,3.8644090018739,0.0090360955926,0.5522442779056,0.2557838402201,0.0000015317754
129588,0.2551833876833,3.8644815062669,0.0090360955926,0.5521003279210,0.2557334554436,0.0000015317754
129589,0.2551785726018,3.8644085869690,0.0091303971952,0.5519259612994,0.2557105648195,0.0000015317754
129597,0.2551793881532,3.8644209376292,0.0090835631750,0.5519273219881,0.2556911538179,0.0000015317754
129610,0.2551835173694,3.8644834702254,0.0091188002522,0.5517765111297,0.2556532792336,0.0000015317754
129619,0.2551915800001,3.8646055702072,0.0091188002522,0.5516192468149,0.2555988411134,0.0000015317754
129629,0.2551937053323,3.8646377561080,0.0091388593826,0.5514472749200,0.2555464747781,0.0000015317754
129647,0.2551932546229,3.8646309305920,0.0091448038489,0.5513050104417,0.2554981170836,0.0000015317754
129654,0.2551891126010,3.8645682040675,0.0091181666900,0.5512337358611,0.2554603583749,0.0000015317754
129663,0.2551938778746,3.8646403690784,0.0091383635513,0.5511079140640,0.2554250989466,0.0000015317754
129670,0.2551950003247,3.8646573673931,0.0090440619487,0.5511305158626,0.2553929965699,0.0000015317754
129681,0.2551873763204,3.8645419099417,0.0090608320648,0.5511134714842,0.2553924627694,0.0000015317754
129688,0.2551839176935,3.8644895327081,0.0090691399936,0.5510999640092,0.2553904580777,0.0000015317754
129719,0.2551800633520,3.8644311627982,0.0090691399936,0.5510832305536,0.2553836559133,0.0000015149258
129726,0.2551841236025,3.8644926509824,0.0091628080341,0.5507580252055,0.2553085246457,0.0000015149258
129732,0.2551813211231,3.8644502104072,0.0091574806023,0.5506369416074,0.2552623967872,0.0000015149258
129733,0.2551709872775,3.8642937152850,0.0091372837410,0.5506385565693,0.2552521033661,0.0000015149258
129747,0.2551628545847,3.8641705542864,0.0091372837410,0.5504905843865,0.2551975134380,0.0000015149258
129750,0.2551592574265,3.8641160791441,0.0091372837410,0.5504614585895,0.2551863405481,0.0000015149258
129759,0.2551643463625,3.8641931456781,0.0091148942035,0.5504420920110,0.2551709188831,0.0000015149258
129779,0.2551583734735,3.8641026926144,0.0089972609839,0.5499008154534,0.2549259116850,0.0000015149258
129787,0.2551577203691,3.8640928020412,0.0090440950041,0.5497958176223,0.2549083442317,0.0000015149258
129810,0.2551420216815,3.8638550620836,0.0090196505214,0.5492040410728,0.2546831552526,0.0000015149258
129822,0.2551428234573,3.8638672041266,0.0089930133625,0.5492052993529,0.2546723605222,0.0000015149258
129825,0.2551470778527,3.8639316324280,0.0089930133625,0.5490140875636,0.2546049822536,0.0000015149258
129878,0.2551583047786,3.8641016523029,0.0089461793422,0.5490523411841,0.2546009783078,0.0000015149258
129889,0.2551595362127,3.8641203010650,0.0089461793422,0.5490373741851,0.2545958968298,0.0000014982617
129892,0.2551644555586,3.8641947993358,0.0088366997928,0.5491400511749,0.2545867015219,0.0000014982617
129928,0.2551659977209,3.8642181537479,0.0088753801428,0.5489839223430,0.2545478489811,0.0000014982617
129930,0.2551758262640,3.8643669965983,0.0089043477088,0.5489229305192,0.2545405869743,0.0000014982617
129953,0.2551726704842,3.8643192056638,0.0088691106316,0.5488661075944,0.2545045152296,0.0000014982617
129957,0.2551676748293,3.8642435517731,0.0089043477088,0.5488056704764,0.2544969616516,0.0000014982617
129964,0.2551731784039,3.8643268975686,0.0089043477088,0.5487763569188,0.2544876718613,0.0000014982617
129965,0.2551734561037,3.8643311030368,0.0089125013790,0.5487548691682,0.2544835516019,0.0000014982617
129969,0.2551667349945,3.8642293189730,0.0089125013790,0.5487269455509,0.2544721386437,0.0000014982617
129979,0.2551685248713,3.8642564247579,0.0089125013790,0.5486062140310,0.2544294037888,0.0000014982617
129981,0.2551534462570,3.8640280751512,0.0089125013790,0.5481090818006,0.2542486254320,0.0000014982617
130003,0.2551526803751,3.8640164766826,0.0089125013790,0.5480323656363,0.2542210626843,0.0000014982617
130004,0.2551647506130,3.8641992676218,0.0088940178902,0.5480360245302,0.2542170344165,0.0000014982617
130022,0.2551642807442,3.8641921519587,0.0089381799307,0.5478829680232,0.2541811972809,0.0000014982617
130029,0.2551651616801,3.8642054927975,0.0088913459105,0.5478885295927,0.2541633006048,0.0000014982617
130030,0.2551675885193,3.8642422447009,0.0088471838700,0.5479073760050,0.2541516249145,0.0000014982617
130041,0.2551664171689,3.8642245058426,0.0088291796848,0.5478163961520,0.2541111650268,0.0000014982617
130043,0.2551700244973,3.8642791350014,0.0088291796848,0.5477868947714,0.2541014018184,0.0000014982617
130066,0.2551764375528,3.8643762539183,0.0088592435889,0.5476521298492,0.2540675302455,0.0000014817808
130078,0.2551641838529,3.8641906846423,0.0088467210941,0.5476427749888,0.2540561966477,0.0000014817808
130098,0.2551608076071,3.8641395549842,0.0088935551143,0.5474964738733,0.2540232944910,0.0000014817808
130108,0.2551671024117,3.8642348831173,0.0088935551143,0.5473678521679,0.2539787070543,0.0000014817808
130145,0.2551661948394,3.8642211388972,0.0088935551143,0.5472767488219,0.2539459756653,0.0000014817808
130160,0.2551713923841,3.8642998501954,0.0088467210941,0.5471031418737,0.2538650152204,0.0000014817808
130162,0.2551647532916,3.8641993081868,0.0088119467928,0.5470818743869,0.2538410937547,0.0000014817808
130190,0.2551667005161,3.8642287968349,0.0087651127725,0.5470808033967,0.2538210567976,0.0000014817808
130198,0.2551563950248,3.8640727311091,0.0088119467928,0.5469386008870,0.2537881335904,0.0000014817808
130199,0.2551567130040,3.8640775465665,0.0088119467928,0.5467963240489,0.2537373885724,0.0000014817808
130202,0.2551526355857,3.8640157983943,0.0087651127725,0.5468379058397,0.2537312937565,0.0000014817808
130235,0.2551544687380,3.8640435595409,0.0087367622410,0.5468409554385,0.2537206254895,0.0000014654812
130241,0.2551595239846,3.8641201158838,0.0086899282208,0.5466673823061,0.2536396466292,0.0000014654812
130265,0.2551542415265,3.8640401186630,0.0087367622410,0.5465723627903,0.2536246508555,0.0000014654812
130275,0.2551553969102,3.8640576157226,0.0087367622410,0.5465261966262,0.2536084105220,0.0000014654812
130279,0.2551559198330,3.8640655348340,0.0087367622410,0.5463277429345,0.2535376462584,0.0000014654812
130287,0.2551537704442,3.8640329846226,0.0087367622410,0.5461341737479,0.2534680538227,0.0000014654812
130350,0.2551530871285,3.8640226365312,0.0087835962613,0.5459861723702,0.2534351214860,0.0000014654812
130359,0.2551626872350,3.8641680199524,0.0087492847358,0.5459715970015,0.2534172682234,0.0000014493609
130363,0.2551591293268,3.8641141392095,0.0087961187560,0.5458178216802,0.2533816577798,0.0000014493609
130381,0.2551552086778,3.8640547651432,0.0086888318827,0.5459257530597,0.2533733844735,0.0000014493609
130385,0.2551662205353,3.8642215280350,0.0087635371309,0.5457746929052,0.2533538106369,0.0000014493609
130407,0.2551597837030,3.8641240490429,0.0086797526608,0.5435642960264,0.2525270962290,0.0000014334179
130409,0.2551622752828,3.8641617813736,0.0087010458603,0.5434290687433,0.2524884603376,0.0000014334179
130416,0.2551610924780,3.8641438690511,0.0087189123145,0.5433475225260,0.2524667402822,0.0000014334179
130441,0.2551693345851,3.8642686870132,0.0087301842126,0.5433196560832,0.2524633849605,0.0000014334179
130454,0.2551641041652,3.8641894778570,0.0087626115791,0.5431001836534,0.2523977785884,0.0000014334179
130464,0.2551568455227,3.8640795534211,0.0088066358887,0.5430470388982,0.2523961104565,0.0000014334179
130504,0.2551579356565,3.8640960623403,0.0087799987298,0.5428886842281,0.2523283728920,0.0000014334179
130522,0.2551611229780,3.8641443309407,0.0087799987298,0.5428363034838,0.2523103484808,0.0000014334179
130533,0.2551638789246,3.8641860668272,0.0087331647096,0.5427182045239,0.2522486891179,0.0000014334179
130548,0.2551600628650,3.8641282766552,0.0087331647096,0.5427130839490,0.2522460426141,0.0000014334179
130551,0.2551590206516,3.8641124934399,0.0088507979292,0.5425325182426,0.2522317457673,0.0000014334179
130553,0.2551547121545,3.8640472458252,0.0088774350881,0.5424496144035,0.2522126299293,0.0000014334179
130574,0.2551580582749,3.8640979192656,0.0088306010678,0.5424844981487,0.2522057337125,0.0000014176503
130581,0.2551577232144,3.8640928451307,0.0088306010678,0.5424643144923,0.2521984534651,0.0000014176503
130582,0.2551579680328,3.8640965526457,0.0088070986646,0.5424859711268,0.2521961679800,0.0000014176503
130583,0.2551532172437,3.8640246069884,0.0088070986646,0.5422779648985,0.2521208620151,0.0000014176503
130624,0.2551536220186,3.8640307368734,0.0088539326848,0.5422210407865,0.2521206904355,0.0000014176503
130625,0.2551511016128,3.8639925680044,0.0088306010678,0.5420960456624,0.2520655099684,0.0000014176503
130636,0.2551543835751,3.8640422698384,0.0088180785731,0.5419428608341,0.2520061375953,0.0000014176503
130640,0.2551529508692,3.8640205730288,0.0088180785731,0.5419195812724,0.2519975164577,0.0000014176503
130642,0.2551505512227,3.8639842329296,0.0088077322268,0.5417545896971,0.2519336425367,0.0000014176503
130655,0.2551515770050,3.8639997673133,0.0088890155034,0.5416015617018,0.2519140451817,0.0000014176503
130665,0.2551500767686,3.8639770478271,0.0088890155034,0.5414447307195,0.2518577126374,0.0000014176503
130676,0.2551505256699,3.8639838459607,0.0088890155034,0.5414221033330,0.2518497276211,0.0000014176503
130690,0.2551358699066,3.8637618999830,0.0089358495236,0.5413067216801,0.2518254510901,0.0000014176503
130704,0.2551352220193,3.8637520884172,0.0089358495236,0.5412993760194,0.2518226888069,0.0000014176503
130706,0.2551359748557,3.8637634893260,0.0089190794074,0.5412963021325,0.2518145651196,0.0000014176503
130709,0.2551291247137,3.8636597511968,0.0089016922568,0.5412896161225,0.2518032577353,0.0000014176503
130711,0.2551211255275,3.8635386120141,0.0089016922568,0.5411359053908,0.2517466469341,0.0000014176503
130730,0.2551192584812,3.8635103375804,0.0089485262770,0.5410371037151,0.2517310322629,0.0000014176503
130731,0.2551146114361,3.8634399630148,0.0089480469734,0.5410400182723,0.2517308719650,0.0000014020562
130741,0.2551093344885,3.8633600492460,0.0089480469734,0.5410201359723,0.2517226403691,0.0000014020562
130748,0.2551074203262,3.8633310612895,0.0089016922568,0.5409569544909,0.2516797990695,0.0000014020562
130753,0.2551093339582,3.8633600412154,0.0089010586946,0.5409417589051,0.2516745106120,0.0000014020562
130758,0.2551038017500,3.8632762617943,0.0089010586946,0.5409382561971,0.2516720741716,0.0000014020562
130761,0.2551039352906,3.8632782841257,0.0089010586946,0.5407869358709,0.2516180598138,0.0000014020562
130790,0.2551169587044,3.8634755099017,0.0088731874667,0.5407154363345,0.2515833701847,0.0000014020562
130798,0.2551209703523,3.8635362620499,0.0088731874667,0.5406299601039,0.2515537025983,0.0000014020562
130802,0.2551239043162,3.8635806938187,0.0088431235626,0.5406506780475,0.2515488460401,0.0000014020562
130803,0.2551243203941,3.8635869948779,0.0087962895424,0.5406512359119,0.2515290627140,0.0000014020562
130808,0.2551208010917,3.8635336987791,0.0087962895424,0.5404689766942,0.2514632160000,0.0000014020562
130820,0.2551246415289,3.8635918581227,0.0087962895424,0.5402588385943,0.2513889896294,0.0000014020562
130830,0.2551240329420,3.8635826417205,0.0087962895424,0.5401890135226,0.2513639216924,0.0000014020562
130857,0.2551288549358,3.8636556656979,0.0087494555221,0.5401912484652,0.2513456814476,0.0000014020562
130876,0.2551330995668,3.8637199461278,0.0087962895424,0.5400761269174,0.2513255478958,0.0000014020562
130879,0.2551314395878,3.8636948075077,0.0088431235626,0.5399773454581,0.2513099848164,0.0000014020562
130904,0.2551361209551,3.8637657018467,0.0087962895424,0.5399742381021,0.2512898064736,0.0000013866336
130911,0.2551335780842,3.8637271927657,0.0087598018685,0.5398688133025,0.2512359722840,0.0000013866336
130947,0.2551359471010,3.8637630690105,0.0087923834936,0.5397953199814,0.2512241958694,0.0000013866336
130949,0.2551327107138,3.8637140573625,0.0087923834936,0.5397969615832,0.2512240886442,0.0000013866336
130977,0.2551273691575,3.8636331651624,0.0086874435551,0.5395968406194,0.2511064979929,0.0000013866336
130978,0.2551315599977,3.8636966309882,0.0087342775753,0.5394907830810,0.2510895900607,0.0000013866336
131015,0.2551169565482,3.8634754772483,0.0087811115956,0.5393766846551,0.2510657830353,0.0000013866336
131057,0.2551128757948,3.8634136785710,0.0087839213062,0.5392447254411,0.2510189844591,0.0000013866336
131060,0.2551110627642,3.8633862221470,0.0087370872860,0.5369360660699,0.2501740030256,0.0000013866336
131065,0.2551092327332,3.8633585082704,0.0088030218295,0.5367848139117,0.2501478499096,0.0000013866336
131080,0.2551120353866,3.8634009514797,0.0088498558497,0.5366898287528,0.2501345989301,0.0000013713806
131109,0.2551166509040,3.8634708485923,0.0088030218295,0.5367366927420,0.2501322533856,0.0000013713806
131132,0.2551136866831,3.8634259586131,0.0088030218295,0.5366917224505,0.2501155573770,0.0000013713806
131135,0.2551147857071,3.8634426021643,0.0088030218295,0.5364898488172,0.2500436951560,0.0000013713806
131143,0.2551130258951,3.8634159516793,0.0088030218295,0.5363311350962,0.2499866345816,0.0000013713806
131174,0.2551084438197,3.8633465610125,0.0087961352838,0.5363368048243,0.2499847262345,0.0000013713806
131212,0.2551099903619,3.8633699817526,0.0087961352838,0.5363234943619,0.2499803038999,0.0000013713806
131244,0.2551173926253,3.8634820811730,0.0087493012635,0.5363346868722,0.2499658157013,0.0000013562954
131254,0.2551192939654,3.8635108749508,0.0087961352838,0.5362398998647,0.2499524423516,0.0000013562954
131260,0.2551253691605,3.8636028773306,0.0087961352838,0.5362262906539,0.2499488837467,0.0000013562954
131267,0.2551283015435,3.8636472851591,0.0087961352838,0.5361478927215,0.2499215128529,0.0000013562954
131305,0.2551304007723,3.8636790757499,0.0088871313445,0.5359434633882,0.2498879505232,0.0000013562954
131311,0.2551327986958,3.8637153897559,0.0088402973242,0.5359334309275,0.2498648096193,0.0000013562954
131320,0.2551368184483,3.8637762646397,0.0088471838700,0.5359003096967,0.2498567933606,0.0000013562954
131329,0.2551431150402,3.8638716198398,0.0088471838700,0.5357634566870,0.2498092665554,0.0000013562954
131341,0.2551477611067,3.8639419795850,0.0088471838700,0.4418764846465,0.2162792006980,0.0000013562954
131346,0.2551514605511,3.8639980037426,0.0088280833467,0.4417709360641,0.2162341115753,0.0000013562954
131353,0.2551485385001,3.8639537523831,0.0088471838700,0.4417244767442,0.2162250787458,0.0000013562954
131358,0.2551545079233,3.8640441529601,0.0088471838700,0.4416950646833,0.2162158536004,0.0000013562954
131369,0.2551662231368,3.8642215674319,0.0088761514360,0.4416406106584,0.2162113308084,0.0000013562954
131375,0.2551678025327,3.8642454857060,0.0088813246091,0.4415193879663,0.2161705925060,0.0000013562954
131381,0.2551621652177,3.8641601145545,0.0088714575664,0.4415288209027,0.2161685246832,0.0000013562954
131384,0.2551647831822,3.8641997608485,0.0088714575664,0.4415166402802,0.2161647354533,0.0000013413761
131403,0.2551634044853,3.8641788819471,0.0088714575664,0.4415120969125,0.2161628173869,0.0000013413761
131481,0.2551592612570,3.8641161371529,0.0089182915866,0.4413049719008,0.2161080280567,0.0000013266210
131486,0.2551606884325,3.8641377502112,0.0088714575664,0.4412888191300,0.2160824933104,0.0000013266210
131489,0.2551566068345,3.8640759387428,0.0088128723445,0.4412503155241,0.2160427594422,0.0000013266210
131530,0.2551621800932,3.8641603398287,0.0088227393872,0.4412244106356,0.2160389306986,0.0000013266210
131537,0.2551614007609,3.8641485376690,0.0088227393872,0.4411451067747,0.2160104408914,0.0000013266210
131552,0.2551619092814,3.8641562386714,0.0088227393872,0.4410920432624,0.2159915986057,0.0000013266210
131553,0.2551663020974,3.8642227632067,0.0088695734075,0.4410264269398,0.2159891772454,0.0000013266210
131556,0.2551604815105,3.8641346165971,0.0088341655439,0.4410577777243,0.2159839518869,0.0000013266210
131626,0.2551606466579,3.8641371175795,0.0088809995642,0.4409707269547,0.2159729694380,0.0000013120282
131628,0.2551491861658,3.8639635605928,0.0088809995642,0.4409536425931,0.2159644120606,0.0000013120282
131638,0.2551500463821,3.8639765876554,0.0088465503078,0.4408047273800,0.2158966484209,0.0000013120282
131648,0.2551466324292,3.8639248869620,0.0088465503078,0.4406994636724,0.2158583226783,0.0000013120282
131657,0.2551481988412,3.8639486086102,0.0088509356601,0.4406903161173,0.2158572707908,0.0000013120282
131720,0.2551518161199,3.8640033884560,0.0088091205544,0.4407208082782,0.2158510152198,0.0000013120282
131727,0.2551555132128,3.8640593770025,0.0087038720986,0.4407452001270,0.2158154123475,0.0000013120282
131745,0.2551596014703,3.8641212893219,0.0087507061189,0.4406753986772,0.2158114310364,0.0000013120282
131746,0.2551668892680,3.8642316552818,0.0086619027343,0.4405286430541,0.2157225213914,0.0000013120282
131749,0.2551652032979,3.8642061230538,0.0087087367545,0.4403937996245,0.2156940734674,0.0000013120282
131760,0.2551582176582,3.8641003329572,0.0086493802395,0.4402345355394,0.2156102580078,0.0000012975959
131780,0.2551706294288,3.8642882960464,0.0086025462193,0.4381824712755,0.2148599658557,0.0000012975959
131787,0.2551767809041,3.8643814536103,0.0086493802395,0.4379893754231,0.2148123929475,0.0000012975959
131805,0.2551761241947,3.8643715084435,0.0086025462193,0.4379434859363,0.2147757913987,0.0000012975959
131815,0.2551748221852,3.8643517908907,0.0085176488835,0.4377971102937,0.2146868508089,0.0000012975959
131818,0.2551792450905,3.8644187710972,0.0085176488835,0.4377153944473,0.2146586143435,0.0000012975959
131826,0.2551779930740,3.8643998106358,0.0085644829037,0.4375694250830,0.2146262858614,0.0000012975959
131835,0.2551836708831,3.8644857950277,0.0086113169239,0.4374776569614,0.2146147999286,0.0000012975959
131875,0.2551823555678,3.8644658759733,0.0085530567470,0.4373712989908,0.2145515644385,0.0000012975959
131890,0.2551845508659,3.8644991214326,0.0085646371623,0.4372354324174,0.2145084741185,0.0000012975959
131916,0.2551872212588,3.8645395616979,0.0085281494884,0.4371852507253,0.2144754867381,0.0000012975959
131937,0.2551863137380,3.8645258182586,0.0085749835087,0.4370537973842,0.2144484163705,0.0000012833223
131939,0.2551934198317,3.8646334325040,0.0085281494884,0.4370580091028,0.2144313715671,0.0000012833223
131949,0.2551846683472,3.8645009005616,0.0085655792418,0.4370092295073,0.2144281162878,0.0000012833223
131957,0.2551800158170,3.8644304429313,0.0085834456960,0.4369362121800,0.2144086987520,0.0000012833223
132021,0.2551790270943,3.8644154697753,0.0086449948872,0.4367725371734,0.2143764097481,0.0000012833223
132077,0.2551731282210,3.8643261376017,0.0086449948872,0.4366472175670,0.2143303887015,0.0000012833223
132093,0.2551618288883,3.8641550212035,0.0085981608670,0.4366717319215,0.2143166508196,0.0000012692058
132102,0.2551608700487,3.8641405005949,0.0085878145207,0.4366610641092,0.2143082012726,0.0000012692058
132162,0.2551538079874,3.8640335531743,0.0085878145207,0.4365380614056,0.2142627584367,0.0000012692058
132182,0.2551471840058,3.8639332400040,0.0086346485409,0.4364804527168,0.2142608362033,0.0000012692058
132184,0.2551440360624,3.8638855677431,0.0086814825611,0.4363829203846,0.2142454003912,0.0000012692058
132197,0.2551367598385,3.8637753770565,0.0086842922718,0.4363460380913,0.2142318731145,0.0000012692058
132220,0.2551366416500,3.8637735872180,0.0087654378175,0.4361956715167,0.2142129221027,0.0000012692058
132226,0.2551400908847,3.8638258222162,0.0088652045829,0.4360581564043,0.2142073058695,0.0000012692058
132276,0.2551353511919,3.8637540445992,0.0088623948722,0.4360508216521,0.2142024665050,0.0000012552445
132291,0.2551359811992,3.8637635853921,0.0088623948722,0.4359589546423,0.2141697918602,0.0000012552445
132292,0.2551380935843,3.8637955752207,0.0088623948722,0.4358068536867,0.2141159227443,0.0000012552445
132304,0.2551444002915,3.8638910836067,0.0088623948722,0.4357694643740,0.2141039208555,0.0000012552445
132311,0.2551411529006,3.8638419053197,0.0088155608520,0.4339451247207,0.2134316033870,0.0000012552445
132312,0.2551357763587,3.8637604832996,0.0088155608520,0.4338018113261,0.2133792679156,0.0000012552445
132316,0.2551345753623,3.8637422954836,0.0089331940716,0.4336515886479,0.2133757738397,0.0000012552445
132326,0.2551338164199,3.8637308021073,0.0089800280918,0.4334937112372,0.2133392981426,0.0000012552445
132352,0.2551336959843,3.8637289782377,0.0089331940716,0.4335149662435,0.2133267916857,0.0000012552445
132369,0.2551354736532,3.8637558991463,0.0089331940716,0.4333661979113,0.2132740410676,0.0000012552445
132386,0.2551336119894,3.8637277062236,0.0089800280918,0.4332258998588,0.2132436074152,0.0000012552445
132425,0.2551387958711,3.8638062106099,0.0089331940716,0.4332657999633,0.2132388965614,0.0000012552445
132469,0.2551449214216,3.8638989755687,0.0089599689614,0.4332280990435,0.2132382195179,0.0000012414368
132472,0.2551389413284,3.8638084134055,0.0089687396660,0.4330796384780,0.2131876753122,0.0000012414368
132482,0.2551428057267,3.8638669356149,0.0090155736863,0.4329809501635,0.2131733292939,0.0000012414368
132507,0.2551398072306,3.8638215265757,0.0089887987965,0.4329447219818,0.2131482731700,0.0000012414368
132541,0.2551430496499,3.8638706295733,0.0089887987965,0.4328912489811,0.2131298704738,0.0000012414368
132547,0.2551421712537,3.8638573271955,0.0089887987965,0.4328358621419,0.2131099012321,0.0000012414368
132567,0.2551433319543,3.8638749047747,0.0090356328167,0.4326588362278,0.2130669981359,0.0000012414368
132581,0.2551464019459,3.8639213965377,0.0090356328167,0.4326220937283,0.2130545336699,0.0000012414368
132588,0.2551484697480,3.8639527112049,0.0090144773482,0.4326139421215,0.2130429988529,0.0000012414368
132598,0.2551482706775,3.8639496964947,0.0090345364786,0.4325594588250,0.2130320946450,0.0000012414368
132602,0.2551542438486,3.8640401538300,0.0090345364786,0.4325270818795,0.2130218114154,0.0000012277810
132621,0.2551538451188,3.8640341154889,0.0089761220431,0.4325303641831,0.2129978634664,0.0000012277810
132634,0.2551482358633,3.8639491692697,0.0089292880228,0.4325570077438,0.2129861053176,0.0000012277810
132640,0.2551467693230,3.8639269600739,0.0089292880228,0.4307120027513,0.2123268607045,0.0000012277810
132661,0.2551509913009,3.8639908974476,0.0089292880228,0.4305199071007,0.2122591598245,0.0000012277810
132672,0.2551590621561,3.8641131219812,0.0088824540026,0.4305696823752,0.2122585944543,0.0000012277810
132716,0.2551611451540,3.8641446667734,0.0087648207830,0.4305022506062,0.2121845437994,0.0000012277810
132740,0.2551650255589,3.8642034313859,0.0087720158460,0.4304844253745,0.2121820927589,0.0000012277810
132750,0.2551689018783,3.8642621341280,0.0088089828235,0.4303372776249,0.2121462136215,0.0000012277810
132756,0.2551706379651,3.8642884253196,0.0088089828235,0.4303205445239,0.2121406095325,0.0000012277810
132760,0.2551698894964,3.8642770905564,0.0088078864854,0.4303146488827,0.2121378737011,0.0000012277810
132779,0.2551692243904,3.8642670182315,0.0088547205056,0.4301700933843,0.2121061759376,0.0000012142754
132785,0.2551712993172,3.8642984407945,0.0088547205056,0.4301686942936,0.2121061208895,0.0000012142754
132829,0.2551779361329,3.8643989483236,0.0089015545259,0.4299912775546,0.2120642516662,0.0000012142754
132856,0.2551751993676,3.8643575029189,0.0089015545259,0.4298855574797,0.2120259080469,0.0000012142754
132883,0.2551807202788,3.8644411112578,0.0089483885461,0.4297388339605,0.2119947615654,0.0000012009184
132888,0.2551814447446,3.8644520825230,0.0089053228437,0.4296109874035,0.2119308005938,0.0000012009184
132937,0.2551819506781,3.8644597443487,0.0087876896241,0.4297176750212,0.2119185974918,0.0000012009184
132945,0.2551819600842,3.8644598867937,0.0087876896241,0.4297168294090,0.2119182975030,0.0000011877083
132958,0.2551789285634,3.8644139776303,0.0088144645139,0.4296245840551,0.2118961780750,0.0000011877083
132982,0.2551888230435,3.8645638190276,0.0087781310986,0.4295180126320,0.2118446656345,0.0000011877083
133021,0.2551993398575,3.8647230850110,0.0088249651188,0.4293875665287,0.2118204030663,0.0000011877083
133037,0.2551973048409,3.8646922668452,0.0088249651188,0.4293831207677,0.2118183792196,0.0000011877083
133044,0.2551983514327,3.8647081163661,0.0088249651188,0.4292937294834,0.2117866780306,0.0000011877083
133049,0.2551989513450,3.8647172014007,0.0088249651188,0.4292417125905,0.2117682291215,0.0000011877083
133050,0.2552041619194,3.8647961100190,0.0088249651188,0.4292117818763,0.2117586561323,0.0000011877083
133104,0.2552049741884,3.8648084109708,0.0088249651188,0.4291256728957,0.2117280769826,0.0000011877083
133205,0.2552003796138,3.8647388310165,0.0088249651188,0.4291114609580,0.2117220167389,0.0000011746435
133226,0.2551982424126,3.8647064653718,0.0088249651188,0.4273635224410,0.2110972950111,0.0000011746435
133274,0.2551952320750,3.8646608770047,0.0088680308212,0.4273098363659,0.2110959330701,0.0000011746435
133278,0.2551934493400,3.8646338793760,0.0088211968010,0.4272320592646,0.2110477017964,0.0000011746435
133286,0.2551945804511,3.8646510088531,0.0088630284344,0.4271581772653,0.2110394855919,0.0000011617224
133288,0.2551941264056,3.8646441328153,0.0088161944142,0.4271691710770,0.2110232429348,0.0000011617224
133291,0.2551949369157,3.8646564071310,0.0087977109254,0.4271537893871,0.2110100016597,0.0000011617224
133353,0.2551889906781,3.8645663576752,0.0088243480843,0.4271218116937,0.2110087227863,0.0000011617224
133378,0.2551832595336,3.8644795655763,0.0088243480843,0.4270945329958,0.2109977522919,0.0000011617224
133422,0.2551816137194,3.8644546414670,0.0088243480843,0.4270917785556,0.2109964158887,0.0000011617224
133444,0.2551885927423,3.8645603313597,0.0088243480843,0.4270531375507,0.2109841110347,0.0000011617224
133455,0.2551911984038,3.8645997913365,0.0088243480843,0.4269161975299,0.2109357622405,0.0000011489435
133463,0.2551880220513,3.8645516888511,0.0088243480843,0.4268626584199,0.2109159604828,0.0000011489435
133464,0.2551850440007,3.8645065894361,0.0088404846383,0.4267319199180,0.2108755456730,0.0000011489435
133501,0.2551817585479,3.8644568347413,0.0087974189359,0.4267695675602,0.2108698305043,0.0000011489435
133534,0.2551784146006,3.8644061942092,0.0087974189359,0.3430383645085,0.1809651128542,0.0000011489435
133550,0.2551806582892,3.8644401724912,0.0088176157972,0.3429703515653,0.1809499591055,0.0000011489435
133553,0.2551805846045,3.8644390566145,0.0087707817770,0.3429509129252,0.1809229292215,0.0000011489435
133572,0.2551856405875,3.8645156241093,0.0087609147343,0.3428041266105,0.1808673602300,0.0000011489435
133614,0.2551755001727,3.8643620582929,0.0087609147343,0.3426639033592,0.1808151075514,0.0000011489435
133683,0.2551723870857,3.8643149138947,0.0087140807140,0.3427063286454,0.1808095206263,0.0000011363051
133691,0.2551703838920,3.8642845776527,0.0087140807140,0.3427040452786,0.1808082758824,0.0000011363051
133707,0.2551704436340,3.8642854823808,0.0087140807140,0.3427026168158,0.1808077785189,0.0000011363051
133713,0.2551649472651,3.8642022457102,0.0087136014104,0.3426855766077,0.1808003095212,0.0000011363051
133731,0.2551562854270,3.8640710713667,0.0087136014104,0.3426720101859,0.1807936082624,0.0000011363051
133780,0.2551564010811,3.8640728228254,0.0087136014104,0.3426669428718,0.1807918232903,0.0000011363051
133819,0.2551551492639,3.8640538653830,0.0086772679951,0.3426098585914,0.1807555963371,0.0000011238057
133832,0.2551622290488,3.8641610812096,0.0086604978790,0.3426068492925,0.1807488514916,0.0000011238057
133856,0.2551575681469,3.8640904967975,0.0087073318992,0.3424401135797,0.1807083759810,0.0000011238057
133936,0.2551677267430,3.8642443379509,0.0086659795694,0.3423854164152,0.1806732956944,0.0000011238057
134017,0.2551614120801,3.8641487090857,0.0086659795694,0.3423839151480,0.1806714063855,0.0000011114439
134018,0.2551790496542,3.8644158114210,0.0087128135896,0.3422518298890,0.1806480842818,0.0000011114439
134053,0.2551800419836,3.8644308391962,0.0087001368362,0.3422426983750,0.1806396027745,0.0000011114439
134074,0.2551737959658,3.8643362498884,0.0087001368362,0.3421911353641,0.1806198489811,0.0000011114439
134169,0.2551705273273,3.8642867498283,0.0087001368362,0.3421894672136,0.1806185527905,0.0000010992180
134171,0.2551711819677,3.8642966636618,0.0085951803700,0.3422080809650,0.1805803594963,0.0000010992180
134187,0.2551750803089,3.8643556999010,0.0085607145859,0.3422147853427,0.1805688182254,0.0000010992180
134240,0.2551776565375,3.8643947141482,0.0085607145859,0.3420729685788,0.1805187214301,0.0000010992180
134269,0.2551818901772,3.8644588281274,0.0085607145859,0.3420168622586,0.1804995906672,0.0000010992180
134284,0.2551845544475,3.8644991756715,0.0085405177246,0.3420251616031,0.1804944698361,0.0000010992180
134289,0.2551774856305,3.8643921259434,0.0085405177246,0.3420188621478,0.1804907052842,0.0000010992180
134350,0.2551803392350,3.8644353407532,0.0085873517448,0.3419377232589,0.1804824103192,0.0000010871266
134357,0.2551762070579,3.8643727633186,0.0086341857650,0.3418754567444,0.1804793585347,0.0000010871266
134363,0.2551734638714,3.8643312206707,0.0085165525454,0.3419893562092,0.1804690348523,0.0000010871266
134403,0.2551828580478,3.8644734854990,0.0084822410199,0.3418809169635,0.1804176146486,0.0000010871266
134428,0.2551830873440,3.8644769579474,0.0084354069997,0.3418870205584,0.1803997719159,0.0000010871266
134492,0.2551808028523,3.8644423617454,0.0084227302463,0.3417498704158,0.1803448672938,0.0000010751682
134534,0.2551896947643,3.8645770203139,0.0084227302463,0.3415590422566,0.1802786197896,0.0000010751682
134655,0.2551976388354,3.8646973248369,0.0083340811204,0.3416168839095,0.1802629873411,0.0000010633414
134679,0.2552075450665,3.8648473441910,0.0083340811204,0.3414919644956,0.1802204960286,0.0000010633414
134820,0.2551999913496,3.8647329511667,0.0083439481631,0.3414825986097,0.1802197611483,0.0000010516446
134842,0.2552057289417,3.8648198409078,0.0083679133423,0.3414490403282,0.1802192763228,0.0000010516446
134855,0.2552117373204,3.8649108314245,0.0084855465619,0.3403770222546,0.1798881144718,0.0000010516446
134864,0.2552173779769,3.8649962531797,0.0085323805821,0.3402853703277,0.1798766620758,0.0000010516446
135007,0.2552155065647,3.8649679126286,0.0085323805821,0.3401983236459,0.1798451729583,0.0000010400765
135018,0.2552143975326,3.8649511175156,0.0084147473625,0.3402187031370,0.1798017994613,0.0000010400765
135115,0.2552181005044,3.8650071950920,0.0084147473625,0.3401715692518,0.1797857594248,0.0000010400765
135127,0.2552112365850,3.8649032483188,0.0084147473625,0.3400762550235,0.1797502477891,0.0000010400765
135158,0.2552074711099,3.8648462241965,0.0083679133423,0.3400632381792,0.1797247203057,0.0000010286357
135250,0.2552080898771,3.8648555947685,0.0083477164809,0.3400773705904,0.1797212443906,0.0000010286357
135260,0.2551988940668,3.8647163339843,0.0083477164809,0.3400700079435,0.1797166443431,0.0000010286357
135310,0.2552009752729,3.8647478516409,0.0083013617643,0.3401146266603,0.1797131592647,0.0000010286357
135311,0.2552039554594,3.8647929834020,0.0083013617643,0.3400765162739,0.1797001870238,0.0000010286357
135652,0.2551942167240,3.8646455005926,0.0082894563040,0.3400905834553,0.1796980218052,0.0000010061301
135744,0.2551962621145,3.8646764758597,0.0083290952613,0.3400151652053,0.1796885131384,0.0000009950627
135755,0.2551971852719,3.8646904560994,0.0083290952613,0.3400133881586,0.1796880762983,0.0000009950627
135799,0.2551989862529,3.8647177300435,0.0084467284809,0.3384016752556,0.1791632647087,0.0000009950627
135880,0.2551985186077,3.8647106480536,0.0084669253422,0.3383148046960,0.1791407950969,0.0000009841170
135949,0.2551888848738,3.8645647553815,0.0084302834097,0.3383070622484,0.1791202618801,0.0000009841170
136043,0.2551946096604,3.8646514511963,0.0084771174299,0.3378374108721,0.1789738277087,0.0000009732917
136100,0.2551947900753,3.8646541833898,0.0085239514501,0.3377772782294,0.1789724621481,0.0000009732917
136102,0.2552048473103,3.8648064895365,0.0085239514501,0.3377635908488,0.1789697289197,0.0000009732917
136126,0.2552006313100,3.8647426426875,0.0084843124929,0.3376879610457,0.1789248267226,0.0000009625855
136160,0.2551980659507,3.8647037930436,0.0084374784727,0.3376610013132,0.1788945768039,0.0000009625855
136375,0.2551958887930,3.8646708223020,0.0085548031750,0.3375133424291,0.1788916569696,0.0000009415251
136423,0.2552090340015,3.8648698925306,0.0085079691548,0.3375515107507,0.1788880336205,0.0000009415251
136525,0.2552084309661,3.8648607601993,0.0085079691548,0.2644385319020,0.1527761262384,0.0000009311683
136656,0.2552152884101,3.8649646089090,0.0085079691548,0.2644080667011,0.1527667152617,0.0000009311683
136685,0.2552080074391,3.8648543463321,0.0085548031750,0.2643245222243,0.1527553894635,0.0000009209255
136819,0.2552134670846,3.8649370268670,0.0085438397942,0.2643081520587,0.1527460143080,0.0000009209255
136912,0.2552180981070,3.8650071587856,0.0085236429329,0.2643164514031,0.1527413149239,0.0000009107953
136934,0.2552201734515,3.8650385876743,0.0085537068369,0.2641537415224,0.1526965334991,0.0000009107953
136950,0.2552220860628,3.8650675521428,0.0085537068369,0.2641412666798,0.1526924880435,0.0000009107953
136993,0.2552115626489,3.8649081862106,0.0086005408572,0.2640863263758,0.1526906832121,0.0000009107953
137117,0.2552001677536,3.8647356226183,0.0085068728167,0.2642031387558,0.1526898167100,0.0000009007766
137330,0.2551976099472,3.8646968873559,0.0083942419839,0.2642200390539,0.1526470340725,0.0000008908680
137495,0.2552051469629,3.8648110274565,0.0083942419839,0.2641684887038,0.1526302383079,0.0000008810685
137843,0.2552073547952,3.8648444627336,0.0083566579719,0.2641718152736,0.1526157920418,0.0000008617916
137848,0.2552020619033,3.8647643075052,0.0083528896541,0.2641595575444,0.1526086650969,0.0000008617916
137879,0.2551971728270,3.8646902676346,0.0082936708700,0.2642204507150,0.1526039855197,0.0000008523119
137975,0.2551999244087,3.8647319374185,0.0081798059682,0.2643301966591,0.1525949708808,0.0000008523119
138047,0.2551964021151,3.8646785960209,0.0081798059682,0.2643071083210,0.1525859702685,0.0000008429364
138130,0.2551966995268,3.8646831000048,0.0082266399884,0.2642307884797,0.1525788486364,0.0000008429364
138186,0.2551924523638,3.8646187812308,0.0082488752673,0.2641210425356,0.1525482729552,0.0000008429364
138673,0.2551862119024,3.8645242760674,0.0082488752673,0.2641034304868,0.1525406456961,0.0000008154244
139026,0.2551883019115,3.8645559270368,0.0082574917133,0.2640301801368,0.1525186254785,0.0000007975837
139125,0.2551825338862,3.8644685764158,0.0082574917133,0.2640177050478,0.1525129340841,0.0000007888103
139920,0.2551792325342,3.8644185809446,0.0082412009007,0.2640356132119,0.1525116406476,0.0000007463698
139932,0.2551838620007,3.8644886893006,0.0082292954405,0.2640447936536,0.1525108090652,0.0000007463698
140137,0.2551850301226,3.8645063792665,0.0082623563692,0.2639984282045,0.1525086692576,0.0000007381597
140231,0.2551853412446,3.8645110908794,0.0082623563692,0.2639840913099,0.1525036156071,0.0000007381597
140308,0.2551798420780,3.8644278118385,0.0083091903895,0.2639016107089,0.1524930515796,0.0000007300399
140388,0.2551786840568,3.8644102748370,0.0083560244097,0.2638235931786,0.1524850117515,0.0000007300399
140514,0.2551830996308,3.8644771440172,0.0083533524300,0.2637987683085,0.1524759467868,0.0000007220095
140932,0.2551828553971,3.8644734453574,0.0083065184097,0.2638530639342,0.1524752140229,0.0000006984443
141023,0.2551912722988,3.8646009103985,0.0083533524300,0.2637764587013,0.1524697303559,0.0000006984443
141687,0.2551737797170,3.8643360038167,0.0083533524300,0.2637859924066,0.1524693868402,0.0000006682161
141844,0.2551862665796,3.8645251040950,0.0083533524300,0.2637738087842,0.1524677113028,0.0000006608657
142453,0.2551833254030,3.8644805630985,0.0083076147478,0.2637705297465,0.1524463081020,0.0000006392962
142698,0.2551737664392,3.8643358027383,0.0083076147478,0.2637666967756,0.1524428908344,0.0000006253090
142745,0.2551831869732,3.8644784667261,0.0082607807276,0.2638005927175,0.1524369434909,0.0000006253090
142810,0.2551843015197,3.8644953453487,0.0082139467073,0.2638268390733,0.1524264842978,0.0000006184306
142883,0.2551857470064,3.8645172357106,0.0082139467073,0.2638179557127,0.1524236214162,0.0000006184306
143137,0.2551889604667,3.8645659001553,0.0082139467073,0.2637985841580,0.1524173916024,0.0000006116279
143269,0.2551863599290,3.8645265177727,0.0083076147478,0.2636744840437,0.1524126563209,0.0000006049000
143626,0.2551787434323,3.8644111740158,0.0082946129495,0.2636228383351,0.1523870071192,0.0000005916654
143721,0.2551767398504,3.8643808318943,0.0083044799922,0.2635671881774,0.1523709314565,0.0000005851571
143824,0.2551685939581,3.8642574710040,0.0082844208618,0.2634903344721,0.1523331413861,0.0000005787203
143935,0.2551761176130,3.8643714087694,0.0083229634809,0.2634132507541,0.1523237419639,0.0000005787203
143941,0.2551766965220,3.8643801757327,0.0082761294607,0.2634276261364,0.1523089283580,0.0000005787203
144026,0.2551803213325,3.8644350696396,0.0081622645589,0.2635202988068,0.1522940032418,0.0000005723544
144116,0.2551836120304,3.8644849037662,0.0081622645589,0.2634696792910,0.1522766299928,0.0000005723544
144336,0.2551878886017,3.8645496678977,0.0081622645589,0.2634613195527,0.1522745607802,0.0000005598319
144397,0.2551810705616,3.8644464159181,0.0082062888685,0.2633961241266,0.1522686832521,0.0000005598319
144592,0.2551802610178,3.8644341562373,0.0081762249644,0.2633882628577,0.1522528176520,0.0000005536737
144608,0.2551832465505,3.8644793689600,0.0081757456608,0.2633778091589,0.1522495185294,0.0000005536737
144639,0.2551883780054,3.8645570793975,0.0081724566466,0.2633494427411,0.1522390776858,0.0000005536737
144678,0.2551914537374,3.8646036580929,0.0081556865304,0.2633520519677,0.1522334814452,0.0000005475833
144741,0.2552038764377,3.8647917867014,0.0081584962411,0.2632745082242,0.1522096534200,0.0000005475833
144821,0.2552038069558,3.8647907344716,0.0081116622209,0.2632864472571,0.1521938307484,0.0000005475833
145077,0.2552031917653,3.8647814180647,0.0081547279233,0.2632253120418,0.1521903216460,0.0000005356027
145137,0.2552016304160,3.8647577730876,0.0081246640192,0.2005536285258,0.1297943584280,0.0000005356027
145244,0.2552090617817,3.8648703132323,0.0081246640192,0.2005010204102,0.1297771622508,0.0000005297111
145283,0.2552100381546,3.8648850993628,0.0081246640192,0.2003592742357,0.1297267478398,0.0000005297111
146395,0.2552093279789,3.8648743445060,0.0081425304735,0.2003209221117,0.1297205555240,0.0000004902449
146792,0.2552131601401,3.8649323785192,0.0081893644937,0.2001806170967,0.1296913394904,0.0000004795189
146899,0.2552094223020,3.8648757729287,0.0081017951781,0.2002627388692,0.1296823380229,0.0000004742442
147024,0.2552037303632,3.8647895745586,0.0080587294757,0.2002912930477,0.1296728595130,0.0000004742442
147238,0.2552019895587,3.8647632119217,0.0080244179503,0.2002244412235,0.1296339058925,0.0000004638682
147335,0.2552004111083,3.8647393079672,0.0080712519705,0.2001464374545,0.1296257808872,0.0000004638682
147391,0.2551995350891,3.8647260415861,0.0081180859907,0.2000848414481,0.1296236663180,0.0000004587656
147602,0.2551973665201,3.8646932009112,0.0081649200110,0.2000107013580,0.1296167947440,0.0000004537192
147611,0.2551942543050,3.8646460697172,0.0080472867913,0.2000908394045,0.1295943343347,0.0000004537192
147664,0.2552007049774,3.8647437583017,0.0080815983168,0.2000051774518,0.1295798280066,0.0000004537192
147992,0.2551985716155,3.8647114508011,0.0080815983168,0.2000063464972,0.1295797883738,0.0000004437923
148125,0.2551987718075,3.8647144824965,0.0080909860559,0.1999937566642,0.1295793582200,0.0000004389106
148308,0.2551710141888,3.8642941228278,0.0080350728138,0.2000263379460,0.1295610835128,0.0000004293076
148359,0.2551739213202,3.8643381482467,0.0080704641497,0.1998801305256,0.1295246572490,0.0000004293076
148386,0.2551762057327,3.8643727432494,0.0080704641497,0.1998730139501,0.1295226051319,0.0000004293076
148739,0.2551765743034,3.8643783248609,0.0080704641497,0.1998677512131,0.1295208045624,0.0000004199148
148804,0.2551739677759,3.8643388517698,0.0080447855979,0.1997935742037,0.1294827491381,0.0000004152958
148872,0.2551800899194,3.8644315651328,0.0080447855979,0.1997667507713,0.1294744812287,0.0000004152958
148892,0.2551820282941,3.8644609197608,0.0079888558281,0.1997046129834,0.1294287346263,0.0000004152958
149233,0.2551828332530,3.8644731100083,0.0079794680889,0.1996527241490,0.1294063520741,0.0000004062095
149337,0.2551829095430,3.8644742653398,0.0079767961092,0.1996030790704,0.1293874929026,0.0000004017412
149377,0.2551774948094,3.8643922649474,0.0079594089585,0.1995908130292,0.1293745002375,0.0000004017412
149732,0.2551776397245,3.8643944595336,0.0079785094818,0.1995367589052,0.1293634121850,0.0000003929515
149804,0.2551870374161,3.8645367775961,0.0079636400522,0.1995485472824,0.1293632634981,0.0000003886290
149829,0.2551852924322,3.8645103516665,0.0080104740725,0.1994819856919,0.1293591892993,0.0000003886290
150324,0.2551758914561,3.8643679838636,0.0079573705410,0.1472443171408,0.1106781059513,0.0000003759448
150332,0.2551782830354,3.8644042017940,0.0079512718161,0.1472044480428,0.1106617657298,0.0000003759448
150688,0.2551810804660,3.8644465659102,0.0079736613536,0.1471593733861,0.1106558626036,0.0000003677195
150957,0.2551827183227,3.8644713695106,0.0079736613536,0.1060421616688,0.0959714951024,0.0000003636746
150998,0.2551871232206,3.8645380770139,0.0079512718161,0.1060449126171,0.0959638259746,0.0000003596742
151111,0.2551864626712,3.8645280736939,0.0079512718161,0.1060322652118,0.0959591674978,0.0000003596742
151157,0.2551839750872,3.8644904018758,0.0079512718161,0.1060271902356,0.0959568219526,0.0000003557178
151493,0.2551892850451,3.8645708155501,0.0080267648850,0.1054569377873,0.0957866523844,0.0000003479350
151634,0.2551824450807,3.8644672315507,0.0080718855327,0.1053238894562,0.0957570068371,0.0000003479350
151766,0.2551825655792,3.8644690563737,0.0080779842576,0.1053116581666,0.0957552780798,0.0000003441077
151945,0.2551754533656,3.8643613494486,0.0081187195529,0.1052570512370,0.0957517095428,0.0000003403226
152209,0.2551806406900,3.8644399059693,0.0080958507119,0.1052801616722,0.0957512739073,0.0000003328766
152271,0.2551749281498,3.8643533956129,0.0080507300642,0.1052553292161,0.0957218436368,0.0000003328766
152275,0.2551842557759,3.8644946526080,0.0080507300642,0.1052482338748,0.0957213083634,0.0000003328766
152521,0.2551838997115,3.8644892603899,0.0080076643618,0.1052475234392,0.0957025216072,0.0000003255936
152579,0.2551822851298,3.8644648092653,0.0080278612231,0.1050961832295,0.0956567813483,0.0000003255936
152858,0.2551792731760,3.8644191964224,0.0079897979075,0.1051379455688,0.0956547382013,0.0000003184700
153039,0.2551804116924,3.8644364380433,0.0080328636099,0.1050855101352,0.0956547119580,0.0000003149668
153205,0.2551656702087,3.8642131939234,0.0080796976302,0.1050061262898,0.0956432734183,0.0000003115022
153670,0.2551623795108,3.8641633597968,0.0080366319278,0.1050587732765,0.0956429140344,0.0000003046868
154085,0.2551553945267,3.8640575796277,0.0080366319278,0.1050629535792,0.0956429102173,0.0000002947423
154440,0.2551548944817,3.8640500069768,0.0080725025672,0.1050081846687,0.0956386158708,0.0000002882937
154577,0.2551468493623,3.8639281721834,0.0079882222659,0.1050803258495,0.0956265364950,0.0000002851224
154779,0.2551477105111,3.8639412133691,0.0080298831130,0.1050172771629,0.0956220582875,0.0000002819861
154857,0.2551498881814,3.8639741918736,0.0080037252576,0.1050195797120,0.0956121367607,0.0000002819861
154963,0.2551631188032,3.8641745555947,0.0079703723393,0.1050267863332,0.0956032515794,0.0000002788842
155202,0.2551598270037,3.8641247047869,0.0080145343798,0.1049651629770,0.0955994644411,0.0000002758165
155478,0.2551603534133,3.8641326767008,0.0079943375185,0.1049743176346,0.0955941909660,0.0000002697819
155509,0.2551532046123,3.8640244156987,0.0080411715387,0.1048745771818,0.0955771092127,0.0000002697819
155859,0.2551548615197,3.8640495078018,0.0080761000987,0.1048195318685,0.0955727746067,0.0000002638794
155959,0.2551421482968,3.8638569795382,0.0080648116729,0.1048312888387,0.0955694113658,0.0000002609767
156010,0.2551448942379,3.8638985639001,0.0081036462816,0.1047679055071,0.0955640062813,0.0000002609767
156233,0.2551360242800,3.8637642378042,0.0081149347074,0.1047561485369,0.0955627445549,0.0000002552668
156245,0.2551406704664,3.8638345993648,0.0080681006872,0.1047685233877,0.0955480880329,0.0000002552668
156322,0.2551410460553,3.8638402872603,0.0081111663896,0.1047157651211,0.0955477830078,0.0000002552668
156454,0.2551552777014,3.8640558104326,0.0081279365057,0.1046484125149,0.0955339653367,0.0000002524589
156505,0.2551555663123,3.8640601811378,0.0080891018970,0.1046525358499,0.0955188563977,0.0000002524589
156722,0.2551525558301,3.8640145905812,0.0080154929870,0.1047260875207,0.0955129330725,0.0000002496818
156877,0.2551530053599,3.8640213982323,0.0080154929870,0.1046583909538,0.0954888520550,0.0000002469353
157391,0.2551517642435,3.8640026028427,0.0080623270072,0.1045729853457,0.0954781558216,0.0000002388758
158088,0.2551575846797,3.8640907471703,0.0080455568910,0.1045054004079,0.0954480783875,0.0000002285374
158369,0.2551480503998,3.8639463606213,0.0079987228708,0.1045171890215,0.0954301738237,0.0000002235372
158457,0.2551528017504,3.8640183147833,0.0079987228708,0.1044491947992,0.0954069083194,0.0000002210783
158634,0.2551510047677,3.8639911013876,0.0080479038258,0.0733671214113,0.0843268603082,0.0000002186464
158743,0.2551511940636,3.8639939680732,0.0080479038258,0.0732142435093,0.0842723016209,0.0000002186464
158744,0.2551461961678,3.8639182802475,0.0080399044143,0.0731385710607,0.0842407764495,0.0000002186464
158823,0.2551364484945,3.8637706620835,0.0080867384345,0.0729987460951,0.0842088218976,0.0000002162413
159107,0.2551351140201,3.8637504528850,0.0080622939518,0.0730116560621,0.0842026704344,0.0000002138627
159464,0.2551345379158,3.8637417283967,0.0080399044143,0.0730373733745,0.0842021362219,0.0000002068825
159558,0.2551275450716,3.8636358291946,0.0080601012756,0.0730135618397,0.0842007894334,0.0000002068825
159567,0.2551333841946,3.8637242565136,0.0080132672554,0.0730242108149,0.0841857721565,0.0000002068825
159619,0.2551388399965,3.8638068788417,0.0080601012756,0.0729445864721,0.0841785757146,0.0000002068825
160289,0.2551421843924,3.8638575261674,0.0080132672554,0.0729565142480,0.0841634805678,0.0000001979288
160412,0.2551332428405,3.8637221158560,0.0080132672554,0.0523849585936,0.0768145803587,0.0000001957516
160482,0.2551263233064,3.8636173268578,0.0080159392351,0.0523598622657,0.0768052797613,0.0000001935983
160517,0.2551244726949,3.8635893013110,0.0080468074877,0.0522835831969,0.0767908699283,0.0000001935983
160605,0.2551254107076,3.8636035065179,0.0080886225934,0.0520535002718,0.0767268192173,0.0000001935983
160876,0.2551275851219,3.8636364357146,0.0080635610762,0.0520384809812,0.0767111804807,0.0000001893626
160911,0.2551298980312,3.8636714622694,0.0080220544878,0.0520819478947,0.0767094114638,0.0000001893626
160919,0.2551266917496,3.8636229065383,0.0080662165282,0.0520305937130,0.0767093102131,0.0000001893626
160961,0.2551373821065,3.8637848006456,0.0081130505485,0.0519556398241,0.0767049034808,0.0000001893626
160973,0.2551367976451,3.8637759495979,0.0081127420312,0.0519135557492,0.0766896159906,0.0000001893626
160978,0.2551500216840,3.8639762136279,0.0081127420312,0.0518880741704,0.0766833491494,0.0000001893626
161034,0.2551564469829,3.8640735179599,0.0081388998865,0.0518526101113,0.0766832707732,0.0000001872796
161108,0.2551543677333,3.8640420299314,0.0080571373064,0.0519325056127,0.0766763182215,0.0000001872796
161403,0.2551513713680,3.8639966531595,0.0080571373064,0.0518408073969,0.0766429267805,0.0000001831821
161662,0.2551516301026,3.8640005714200,0.0080571373064,0.0518375332904,0.0766418128999,0.0000001811671
161862,0.2551471695532,3.8639330211357,0.0080734281189,0.0517692513576,0.0766234524401,0.0000001772034
162225,0.2551440805532,3.8638862415090,0.0080806231819,0.0517610274020,0.0766229369829,0.0000001733263
162631,0.2551429158319,3.8638686030418,0.0080336349031,0.0517965556340,0.0766152382203,0.0000001695341
163366,0.2551399255331,3.8638233181413,0.0079872801864,0.0518328648638,0.0766076987169,0.0000001604126
163793,0.2551408575225,3.8638374321313,0.0080536940335,0.0517412493015,0.0766036416626,0.0000001551770
163913,0.2551429131264,3.8638685620701,0.0080922366527,0.0516886016499,0.0766017976818,0.0000001534701
164393,0.2551428152231,3.8638670794280,0.0080651367179,0.0517060612399,0.0765963980126,0.0000001484611
164941,0.2551458830180,3.8639135379249,0.0080825238685,0.0516142794639,0.0765717278275,0.0000001436156
165064,0.2551312391303,3.8636917717926,0.0081398419660,0.0515342509967,0.0765645731550,0.0000001436156
166141,0.2551320839177,3.8637045652005,0.0080956799255,0.0515090439110,0.0765368250615,0.0000001329155
166630,0.2551352758030,3.8637529029149,0.0080488459053,0.0515287473995,0.0765244742742,0.0000001285773
166722,0.2551324183124,3.8637096292533,0.0080668500905,0.0514851739304,0.0765160160809,0.0000001285773
166871,0.2551295849966,3.8636667216929,0.0079492168708,0.0516232099481,0.0765142932825,0.0000001271630
167075,0.2551257342637,3.8636084064310,0.0079858753311,0.0514970504833,0.0764841219424,0.0000001257642
168575,0.2551226043681,3.8635610074857,0.0079390413109,0.0515407049428,0.0764789704060,0.0000001138475
168752,0.2551229127315,3.8635656773210,0.0079390413109,0.0515275734162,0.0764743466529,0.0000001125952
169359,0.2551214222269,3.8635431052116,0.0079390413109,0.0515004730892,0.0764643485708,0.0000001077222
169403,0.2551288997876,3.8636563449298,0.0078976889810,0.0515052951289,0.0764499506352,0.0000001077222
170040,0.2551263798774,3.8636181835660,0.0078976889810,0.0514933777479,0.0764451544470,0.0000001030600
171166,0.2551250005131,3.8635972945574,0.0079445230013,0.0514255192002,0.0764406953963,0.0000000964424
171278,0.2551269710567,3.8636271363478,0.0078976889810,0.0514407429743,0.0764264829948,0.0000000953815
