0,0.2063240533919,3.124558757017,0.5553584234398,0.3201241934734,0.3965531191558,1000
1,0.2063221799341,3.124530385487,0.5553584234398,0.3201234591201,0.3965524554316,1000.0000000000000
3,0.2063318090267,3.1246762078727,0.5552407902202,0.3200912437662,0.3964925990880,1000.0000000000000
4,0.2063371392706,3.1247569287578,0.5552407902202,0.3199451700248,0.3964415720898,1000.0000000000000
6,0.2063480645408,3.1249223803766,0.5552407902202,0.3199185278753,0.3964343981657,1000.0000000000000
8,0.2063537425227,3.1250083673842,0.5551231570006,0.3199886787087,0.3964102545082,1000.0000000000000
10,0.2063569866686,3.1250574965301,0.5550763229804,0.3200039277411,0.3963963240424,1000.0000000000000
11,0.2063534690304,3.1250042256339,0.5549586897607,0.3199545432887,0.3963275187214,1000.0000000000000
12,0.2063452921893,3.1248803960568,0.5549118557405,0.3198973713682,0.3962852762752,1000.0000000000000
13,0.2063413452731,3.1248206241999,0.5549118557405,0.3196354993185,0.3961909047753,1000.0000000000000
14,0.2063439598210,3.1248602187530,0.5549118557405,0.3195247356719,0.3961519065904,1000.0000000000000
15,0.2063446639881,3.1248708826156,0.5549118557405,0.3193848714984,0.3961021059928,1000.0000000000000
17,0.2063501291077,3.1249536460501,0.5548181877000,0.3194326215265,0.3960801872254,1000.0000000000000
18,0.2063496689928,3.1249466780998,0.5548650217203,0.3193276693720,0.3960626774400,1000.0000000000000
19,0.2063442467252,3.1248645636119,0.5548181877000,0.3193731738898,0.3960576954161,1000.0000000000000
20,0.2063411967031,3.1248183742659,0.5548181877000,0.3192031382686,0.3959963148323,1000.0000000000000
21,0.2063425035263,3.1248381647162,0.5548650217203,0.3188958650963,0.3959069261701,1000.0000000000000
27,0.2063744683831,3.1253222385388,0.5547473885007,0.3189764084192,0.3958921270178,1000.0000000000000
28,0.2063697449636,3.1252507073639,0.5547005544804,0.3189579380588,0.3958644465762,1000.0000000000000
29,0.2063774979462,3.1253681180548,0.5545829212608,0.3188938109840,0.3957927911659,1000.0000000000000
31,0.2063918379189,3.1255852817187,0.5545829212608,0.3182577320429,0.3955686929669,1000.0000000000000
32,0.2063879786992,3.1255268379336,0.5545829212608,0.3169121350645,0.3950872956418,1000.0000000000000
33,0.2063847485451,3.1254779206781,0.5545829212608,0.3166976330333,0.3950099955976,1000.0000000000000
34,0.2063904963621,3.1255649652657,0.5545829212608,0.3161381735316,0.3948114203078,1000.0000000000000
35,0.2063919779946,3.1255874030168,0.5545829212608,0.3154354185411,0.3945607538753,1000.0000000000000
37,0.2063973952090,3.1256694409782,0.5545829212608,0.3154117401708,0.3945534581461,1000.0000000000000
40,0.2064097039612,3.1258558439631,0.5545829212608,0.3152412584931,0.3944952094224,1000.0000000000000
42,0.2064225610895,3.1260505515222,0.5544652880412,0.3152692295069,0.3944575399322,1000.0000000000000
46,0.2064185365047,3.1259896034579,0.5544184540209,0.3153140211847,0.3944526028259,1000.0000000000000
47,0.2064131266096,3.1259076763395,0.5544652880412,0.3149004403158,0.3943238078325,1000.0000000000000
48,0.2064228360816,3.1260547159852,0.5544652880412,0.3148565398196,0.3943102096850,1000.0000000000000
49,0.2064268799365,3.1261159558750,0.5543476548216,0.3148620114245,0.3942626161330,1000.0000000000000
50,0.2064347766974,3.1262355439350,0.5543476548216,0.3147630861445,0.3942289778389,1000.0000000000000
51,0.2064408741414,3.1263278832518,0.5542300216019,0.3148107547748,0.3941968947079,1000.0000000000000
52,0.2064427150344,3.1263557616223,0.5541831875817,0.3148515199198,0.3941917764423,1000.0000000000000
55,0.2064478243720,3.1264331371159,0.5540655543621,0.3149312009299,0.3941709145670,1000.0000000000000
57,0.2064558683937,3.1265549552852,0.5540655543621,0.3147764604618,0.3941173738330,1000.0000000000000
58,0.2064502360161,3.1264696589054,0.5540655543621,0.3146357800777,0.3940659239007,1000.0000000000000
59,0.2064587050122,3.1265979128618,0.5540655543621,0.3144990338122,0.3940189007336,1000.0000000000000
60,0.2064518858017,3.1264946431574,0.5540655543621,0.3143758022193,0.3939734281910,1000.0000000000000
61,0.2064614099720,3.1266388766059,0.5539479211425,0.3138951161519,0.3937533812521,1000.0000000000000
63,0.2064592671043,3.1266064251490,0.5539010871222,0.3138618692889,0.3937209764636,1000.0000000000000
64,0.2064583767610,3.1265929418455,0.5539479211425,0.3137789775290,0.3937112531988,1000.0000000000000
65,0.2064606382448,3.1266271896165,0.5539479211425,0.3137663269728,0.3937072197467,1000.0000000000000
66,0.2064597156057,3.1266132172263,0.5539479211425,0.3136600818273,0.3936690773435,1000.0000000000000
68,0.2064653431465,3.1266984403583,0.5539479211425,0.3136274953664,0.3936586452233,1000.0000000000000
69,0.2064683170101,3.1267434763648,0.5539947551627,0.3131077120219,0.3934937172940,1000.0000000000000
70,0.2064649561250,3.1266925793280,0.5538771219431,0.3131371726092,0.3934531045057,1000.0000000000000
71,0.2064720844547,3.1268005303149,0.5538771219431,0.3131158834789,0.3934470287441,1000.0000000000000
75,0.2064742032803,3.1268326176790,0.5538302879228,0.3131157588664,0.3934273665507,1000.0000000000000
76,0.2064754128346,3.1268509350950,0.5538302879228,0.3131052422011,0.3934238697890,1000.0000000000000
78,0.2064721600734,3.1268016754790,0.5538771219431,0.3127916214888,0.3933312370945,1000.0000000000000
84,0.2064852057688,3.1269992386866,0.5537126547032,0.3129451921635,0.3933183933102,1000.0000000000000
85,0.2064849976075,3.1269960863047,0.5537126547032,0.3126875876375,0.3932263470878,1000.0000000000000
86,0.2064955802698,3.1271563494905,0.5536658206830,0.3125453509849,0.3931577442737,989.0000000000000
87,0.2064965201333,3.1271705827267,0.5536658206830,0.3122931773844,0.3930678836728,989.0000000000000
89,0.2064886683842,3.1270516763218,0.5536658206830,0.3117662243601,0.3928780036465,989.0000000000000
90,0.2064924143126,3.1271084044301,0.5535481874634,0.3117684631521,0.3928291916770,989.0000000000000
91,0.2064913140998,3.1270917428755,0.5535481874634,0.3115294666328,0.3927436000174,989.0000000000000
92,0.2064939080801,3.1271310259535,0.5534305542437,0.3115253391143,0.3926922675196,989.0000000000000
93,0.2064949650806,3.1271470331044,0.5534305542437,0.3115244256917,0.3926921677973,989.0000000000000
94,0.2064950926316,3.1271489647277,0.5534305542437,0.3115171218034,0.3926895865982,989.0000000000000
95,0.2064814794598,3.1269428076935,0.5534305542437,0.3114269054482,0.3926544493631,989.0000000000000
97,0.2064916390349,3.1270966636721,0.5534305542437,0.3113609334296,0.3926330649797,989.0000000000000
98,0.2064983214250,3.1271978613760,0.5534305542437,0.3109180355500,0.3924763191062,989.0000000000000
100,0.2065009226421,3.1272372540475,0.5534773882640,0.3106612095514,0.3924052246619,989.0000000000000
101,0.2064993784202,3.1272138684462,0.5534773882640,0.3102908613039,0.3922726265260,989.0000000000000
102,0.2064979358475,3.1271920222151,0.5535242222842,0.3100292183972,0.3921989452310,989.0000000000000
103,0.2065024208849,3.1272599433445,0.5535242222842,0.3096958747647,0.3920808550131,989.0000000000000
104,0.2065051030901,3.1273005624949,0.5535242222842,0.3095656749393,0.3920349298337,989.0000000000000
105,0.2065018541521,3.1272513607777,0.5534065890646,0.3094583511387,0.3919454894670,989.0000000000000
106,0.2064958028683,3.1271597205099,0.5532889558450,0.3091947593383,0.3917996385976,989.0000000000000
110,0.2065233300594,3.1275765905958,0.5532421218247,0.3092219196996,0.3917951656875,989.0000000000000
111,0.2065169312892,3.1274796880133,0.5532889558450,0.3089404083866,0.3917133264907,989.0000000000000
113,0.2065213343331,3.1275463674401,0.5532889558450,0.3089248279324,0.3917087055522,989.0000000000000
115,0.2065393736358,3.1278195535286,0.5532421218247,0.3088182722346,0.3916544437878,989.0000000000000
116,0.2065410764753,3.1278453412253,0.5531952878045,0.3086775050969,0.3915844629813,989.0000000000000
117,0.2065308404046,3.1276903268009,0.5530776545849,0.3086774726546,0.3915318437140,989.0000000000000
125,0.2065460384614,3.1279204852364,0.5529600213653,0.3087156642029,0.3914983260421,989.0000000000000
126,0.2065476145924,3.1279443540673,0.5529600213653,0.3087061926304,0.3914952810800,989.0000000000000
127,0.2065441567950,3.1278919893973,0.5530068553855,0.3085632250971,0.3914635520131,989.0000000000000
134758,0.2535721187005,3.8400805480301,0.0066282231403,0.9000074956613,0.3786087980893,0.0000012833223
134770,0.2535700825178,3.8400497122045,0.0066130286658,0.9000246670301,0.3786079824785,0.0000012833223
134782,0.2535595276159,3.8398898694194,0.0066598626860,0.8999138691655,0.3785862217708,0.0000012833223
134825,0.2535587436875,3.8398779976571,0.0066277438367,0.8998185101407,0.3785382317705,0.0000012692058
134853,0.2535607118678,3.8399078036582,0.0066277438367,0.8998032830434,0.3785332152743,0.0000012692058
134923,0.2535712405910,3.8400672499931,0.0066277438367,0.8997699937147,0.3785235823833,0.0000012692058
134928,0.2535709220616,3.8400624262036,0.0066277438367,0.8997680749043,0.3785228288376,0.0000012692058
134967,0.2535683165096,3.8400229678853,0.0066869626208,0.8996734837160,0.3785138674167,0.0000012692058
135039,0.2535658296132,3.8399853064797,0.0067048290751,0.8996328773187,0.3785064892774,0.0000012552445
135045,0.2535734869120,3.8401012681403,0.0067048290751,0.8995102945695,0.3784643505738,0.0000012552445
135104,0.2535810342844,3.8402155650832,0.0066725724948,0.8993659312944,0.3784005853067,0.0000012414368
135115,0.2535810213901,3.8402153698129,0.0066258927332,0.8993402305103,0.3783713980801,0.0000012414368
135209,0.2535926857735,3.8403920145172,0.0066258927332,0.8992556287986,0.3783436826938,0.0000012277810
135292,0.2535903303311,3.8403563438417,0.0066258927332,0.8992321379314,0.3783347883607,0.0000012277810
135302,0.2535881543372,3.8403233907249,0.0065790587130,0.8992853176071,0.3783332430946,0.0000012277810
135417,0.2535847220559,3.8402714124683,0.0065322246928,0.8993273285416,0.3783274397880,0.0000012142754
135464,0.2535860050592,3.8402908421901,0.0065790587130,0.8992502001695,0.3783202405931,0.0000012142754
135549,0.2535822167673,3.8402334725314,0.0065322246928,0.8993016092383,0.3783177174750,0.0000012009184
135601,0.2535802220187,3.8402032641809,0.0066374896762,0.8991540629221,0.3783097084803,0.0000012009184
135651,0.2535735023066,3.8401015012747,0.0065906556560,0.8991359918595,0.3782817428681,0.0000012009184
135752,0.2535783372771,3.8401747217702,0.0065727892018,0.8991500023387,0.3782801256239,0.0000011877083
135763,0.2535858222936,3.8402880743995,0.0065438216358,0.8990856135324,0.3782463188827,0.0000011877083
135829,0.2535949835276,3.8404268115639,0.0064261884162,0.8990069601538,0.3781697772749,0.0000011877083
135835,0.2535998103777,3.8404999090833,0.0064222823674,0.8988777241863,0.3781229818763,0.0000011746435
135902,0.2535977489607,3.8404686911119,0.0064741187745,0.8986695668829,0.3780704138531,0.0000011746435
135929,0.2535961000992,3.8404437208547,0.0064272847542,0.8986970161531,0.3780597921135,0.0000011746435
136027,0.2535961393814,3.8404443157422,0.0063286143270,0.8987777603074,0.3780463504031,0.0000011617224
136044,0.2535912577089,3.8403703879937,0.0063564855548,0.8987195931663,0.3780364751634,0.0000011617224
136073,0.2535880586864,3.8403219421947,0.0064033195751,0.8985391957014,0.3779914337155,0.0000011617224
136114,0.2535840041730,3.8402605408933,0.0063314240376,0.8985815132716,0.3779748659359,0.0000011617224
136148,0.2535846953957,3.8402710087270,0.0063614879417,0.8984179480776,0.3779294824446,0.0000011617224
136186,0.2535835207404,3.8402532198203,0.0062999387505,0.8982646555648,0.3778481051820,0.0000011489435
136196,0.2535836244037,3.8402547896899,0.0063898384731,0.8980956687093,0.3778263033997,0.0000011489435
136221,0.2535816612605,3.8402250599712,0.0063898384731,0.8980189967133,0.3777984998705,0.0000011489435
136337,0.2535813577103,3.8402204630253,0.0063937445219,0.8980071843082,0.3777958901288,0.0000011489435
136505,0.2535844570939,3.8402673999001,0.0063937445219,0.8951142906447,0.3767633779740,0.0000011363051
136520,0.2535805546486,3.8402083015085,0.0064152085076,0.8950735299786,0.3767571832061,0.0000011238057
136547,0.2535779609967,3.8401690234030,0.0063934360046,0.8951005445055,0.3767569443961,0.0000011238057
136584,0.2535786766950,3.8401798618947,0.0063906262940,0.8950912452004,0.3767525724179,0.0000011238057
136710,0.2535759321442,3.8401382985865,0.0064069171066,0.8950717486141,0.3767520030102,0.0000011114439
136786,0.2535750738584,3.8401253007594,0.0064069171066,0.8949853092662,0.3767209478961,0.0000011114439
136844,0.2535747773188,3.8401208099821,0.0064069171066,0.8949696306993,0.3767152848637,0.0000011114439
137070,0.2535767732590,3.8401510363776,0.0064069171066,0.8948927170398,0.3766882434011,0.0000010871266
137129,0.2535704066566,3.8400546209430,0.0063691623082,0.8949209628218,0.3766807862806,0.0000010871266
137260,0.2535692107345,3.8400365099725,0.0063699501291,0.8947064782819,0.3766042660277,0.0000010751682
137281,0.2535643839756,3.8399634138318,0.0063699501291,0.8946470714842,0.3765820150087,0.0000010751682
137384,0.2535721820248,3.8400815070097,0.0063231161088,0.8946792778192,0.3765751165588,0.0000010633414
137417,0.2535693935233,3.8400392781145,0.0062540302820,0.8947586032016,0.3765732413050,0.0000010633414
137432,0.2535682374820,3.8400217710961,0.0062540302820,0.8947380138593,0.3765656402453,0.0000010633414
137456,0.2535663519120,3.8399932161395,0.0062438547220,0.8946797129421,0.3765400534842,0.0000010633414
137621,0.2535719490766,3.8400779792556,0.0062438547220,0.8946701473179,0.3765378365822,0.0000010516446
137846,0.2535706635908,3.8400585119378,0.0062438547220,0.8946437143968,0.3765281207921,0.0000010400765
138438,0.2535711308971,3.8400655887964,0.0062438547220,0.8946335812113,0.3765246019343,0.0000009950627
138440,0.2535760427265,3.8401399732374,0.0062438547220,0.8946282370715,0.3765237458478,0.0000009950627
138544,0.2535807467428,3.8402112105710,0.0062438547220,0.8946116239426,0.3765188205910,0.0000009950627
138577,0.2535795845062,3.8401936097323,0.0062438547220,0.8945692415639,0.3765034349765,0.0000009841170
138644,0.2535832788486,3.8402495566249,0.0061970207018,0.8946198686210,0.3765022359901,0.0000009841170
138756,0.2535865853173,3.8402996295838,0.0062159834942,0.8945892028043,0.3765001193527,0.0000009732917
138941,0.2535874794725,3.8403131706152,0.0062476230399,0.8945418782326,0.3764969691300,0.0000009625855
139090,0.2535850724436,3.8402767187173,0.0062474687812,0.8945216513646,0.3764891633458,0.0000009519971
139110,0.2535831785176,3.8402480372185,0.0062808216996,0.8944447007859,0.3764755692628,0.0000009519971
139242,0.2535799915856,3.8401997745173,0.0062541845407,0.8944760378601,0.3764746622358,0.0000009415251
139263,0.2535850492934,3.8402763681326,0.0062541845407,0.8918782128820,0.3755479513953,0.0000009415251
139309,0.2535841064799,3.8402620902225,0.0062208316223,0.8918985974800,0.3755407354696,0.0000009415251
139730,0.2535770154289,3.8401547037826,0.0061722842295,0.8918887925232,0.3755149081628,0.0000009209255
139756,0.2535753588195,3.8401296161929,0.0061722842295,0.8918714554186,0.3755083613520,0.0000009107953
140010,0.2535786735603,3.8401798144227,0.0061934396980,0.8914390394004,0.3753637039908,0.0000009007766
140052,0.2535776638967,3.8401645241391,0.0061962494087,0.8913915913356,0.3753477460586,0.0000009007766
140083,0.2535825427478,3.8402384091595,0.0062228865676,0.8913175200016,0.3753337534041,0.0000008908680
140247,0.2535872162749,3.8403091847665,0.0062697205878,0.8885206605442,0.3743559482195,0.0000008908680
140328,0.2535897103100,3.8403469542814,0.0062697205878,0.8859414923709,0.3734353511651,0.0000008810685
140397,0.2535905130281,3.8403591105935,0.0062647182010,0.8859371128154,0.3734318151691,0.0000008810685
140490,0.2535955630931,3.8404355884679,0.0062343292520,0.8859521703652,0.3734252511869,0.0000008713767
140525,0.2536064050257,3.8405997780269,0.0061766861096,0.8859641089805,0.3734071340455,0.0000008713767
140547,0.2536050909857,3.8405798782855,0.0062235201298,0.8858773118093,0.3733959251987,0.0000008713767
141097,0.2536088221914,3.8406363834360,0.0062589114656,0.8857983920990,0.3733837068474,0.0000008429364
141185,0.2536043593115,3.8405687978575,0.0062589114656,0.8856430768737,0.3733272807926,0.0000008336641
141448,0.2535980521767,3.8404732829964,0.0062561017550,0.8856098853156,0.3733128709742,0.0000008154244
141495,0.2535939098637,3.8404105520637,0.0063029357752,0.8855500847572,0.3733106977163,0.0000008154244
141515,0.2535991928824,3.8404905577724,0.0063497697954,0.8854678896961,0.3733025461357,0.0000008154244
141596,0.2536041328124,3.8405653677695,0.0063966038157,0.8830475976210,0.3724592863883,0.0000008154244
141653,0.2536035615191,3.8405567161375,0.0064449969499,0.8829041958942,0.3724286889805,0.0000008064547
141808,0.2536001001182,3.8405042968966,0.0064449969499,0.8803353416926,0.3715104993226,0.0000007975837
141828,0.2536005565975,3.8405112097907,0.0064449969499,0.8803096409084,0.3715014182881,0.0000007975837
142031,0.2536063978274,3.8405996690163,0.0064449969499,0.8802766922324,0.3714909025960,0.0000007888103
142073,0.2536118834317,3.8406827426701,0.0064449969499,0.8778124131942,0.3706119784261,0.0000007888103
142157,0.2536105387342,3.8406623786540,0.0065023150473,0.8777348299231,0.3706085468644,0.0000007801334
142379,0.2536042745198,3.8405675137767,0.0065023150473,0.8777014779527,0.3705952931148,0.0000007715519
142382,0.2536126761042,3.8406947468531,0.0065023150473,0.8776355027506,0.3705735308821,0.0000007715519
142475,0.2536012658083,3.8405219500346,0.0065023150473,0.8776130151512,0.3705630545332,0.0000007630649
142567,0.2535958785134,3.8404403651726,0.0065023150473,0.8776076544752,0.3705599855857,0.0000007630649
142577,0.2536008649944,3.8405158801343,0.0065223741777,0.8775471586937,0.3705480452513,0.0000007630649
142584,0.2536037228352,3.8405591590992,0.0065012187092,0.8775295443089,0.3705333001647,0.0000007630649
142667,0.2536010356648,3.8405184647564,0.0065012187092,0.8752487790729,0.3697181653296,0.0000007463698
142683,0.2536009163158,3.8405166573417,0.0065004308884,0.8731604752461,0.3689719793220,0.0000007463698
142692,0.2535991198361,3.8404894515645,0.0065472649086,0.8710099216981,0.3682236112465,0.0000007463698
142795,0.2535995113475,3.8404953805894,0.0065472649086,0.8709898592815,0.3682165299930,0.0000007463698
142836,0.2535975745501,3.8404660498481,0.0064296316890,0.8710680937046,0.3681936415934,0.0000007381597
142924,0.2535888585804,3.8403340557402,0.0064464018052,0.8710039104981,0.3681760385045,0.0000007381597
142940,0.2535861027139,3.8402923210679,0.0064932358254,0.8709149399669,0.3681637444949,0.0000007381597
142996,0.2535881741246,3.8403236903836,0.0064464018052,0.8709174005457,0.3681449954238,0.0000007300399
143111,0.2535831028219,3.8402468908881,0.0064464018052,0.8708892561911,0.3681338571609,0.0000007300399
143124,0.2535852024825,3.8402786880188,0.0064587865690,0.8708710424175,0.3681331099250,0.0000007300399
143131,0.2535761567208,3.8401416995601,0.0064119525488,0.8708767828942,0.3681131499947,0.0000007300399
143136,0.2535711141142,3.8400653346361,0.0064587865690,0.8708129576529,0.3681093464301,0.0000007300399
143166,0.2535667010895,3.8399985040626,0.0064888504731,0.8706714656729,0.3680707524623,0.0000007220095
143469,0.2535572171084,3.8398548792371,0.0064230536605,0.8707302860266,0.3680615288158,0.0000007140674
143562,0.2535582248683,3.8398701406904,0.0064230536605,0.8706829614549,0.3680448431316,0.0000007062127
143837,0.2535552711682,3.8398254100376,0.0063870287625,0.8707104838362,0.3680386003757,0.0000006907614
143861,0.2535643430000,3.8399627933010,0.0062819345653,0.8708113687867,0.3680315343090,0.0000006907614
143910,0.2535619754983,3.8399269399999,0.0062562560136,0.8707507856677,0.3679983850653,0.0000006907614
143937,0.2535583298469,3.8398717304805,0.0062562560136,0.8690941371602,0.3674059436731,0.0000006907614
144035,0.2535594861089,3.8398892408401,0.0062562560136,0.8690509421093,0.3673907646396,0.0000006831630
144070,0.2535551367017,3.8398233736852,0.0062515621440,0.8689849788654,0.3673642626640,0.0000006831630
144200,0.2535561142945,3.8398381782917,0.0062390231216,0.8689691705417,0.3673534524515,0.0000006756483
144213,0.2535446567680,3.8396646662158,0.0061921891013,0.8689188941887,0.3673129697040,0.0000006756483
144222,0.2535409765157,3.8396089327011,0.0061453550811,0.8689687167339,0.3673099031217,0.0000006756483
144294,0.2535324026894,3.8394790912043,0.0061633592663,0.8689275477440,0.3673010787418,0.0000006756483
144624,0.2535363771426,3.8395392800780,0.0061633592663,0.8688660282413,0.3672799591594,0.0000006608657
144678,0.2535434579589,3.8396465115244,0.0061633592663,0.8688347761874,0.3672703150294,0.0000006535962
144793,0.2535426919056,3.8396349104604,0.0061633592663,0.8685918482122,0.3671833908840,0.0000006535962
144796,0.2535464419645,3.8396917011216,0.0062101932865,0.8685223412282,0.3671794422681,0.0000006535962
144853,0.2535363708474,3.8395391847437,0.0061633592663,0.8685551818734,0.3671689412505,0.0000006464067
144932,0.2535364243244,3.8395399945964,0.0061633592663,0.8685294810892,0.3671597738583,0.0000006464067
144945,0.2535334679702,3.8394952237512,0.0061699372948,0.8685165889719,0.3671573551814,0.0000006464067
144991,0.2535353182508,3.8395232442869,0.0061749396816,0.8684676758519,0.3671424265787,0.0000006464067
145052,0.2535310385304,3.8394584324635,0.0061694579912,0.8684731360710,0.3671411102781,0.0000006392962
145063,0.2535248939920,3.8393653799534,0.0062037695166,0.8683074078689,0.3670953098872,0.0000006392962
145146,0.2535262865620,3.8393864689472,0.0062037695166,0.8682208577632,0.3670646975430,0.0000006392962
145475,0.2535265229689,3.8393900490794,0.0061857653315,0.8682311851286,0.3670607204670,0.0000006253090
145497,0.2535311733445,3.8394604740806,0.0061885750421,0.8682137617316,0.3670566984960,0.0000006253090
145505,0.2535282377878,3.8394160181911,0.0062026731786,0.8681949188815,0.3670553819173,0.0000006253090
145573,0.2535262533506,3.8393859659959,0.0062173883495,0.8681152327892,0.3670328038639,0.0000006184306
145879,0.2535287334608,3.8394235246324,0.0062173883495,0.8680527323288,0.3670110137231,0.0000006049000
146093,0.2535406029122,3.8396032748728,0.0062642223697,0.8662073871659,0.3663745770560,0.0000005982461
146169,0.2535428926238,3.8396379501241,0.0062642223697,0.8662053966368,0.3663743568052,0.0000005982461
146351,0.2535412527273,3.8396131156327,0.0062548346306,0.8661874573951,0.3663635752101,0.0000005916654
146670,0.2535431285142,3.8396415224336,0.0062662773150,0.8644470275660,0.3657472990902,0.0000005787203
146726,0.2535473769763,3.8397058608821,0.0062690870256,0.8643841603806,0.3657269610704,0.0000005723544
146772,0.2535391601475,3.8395814257337,0.0062690870256,0.8643708887703,0.3657204604606,0.0000005723544
146906,0.2535312978222,3.8394623591630,0.0062690870256,0.8643742220023,0.3657199661166,0.0000005660585
146949,0.2535345709013,3.8395119264720,0.0062527962130,0.8643488321317,0.3657046179029,0.0000005660585
147085,0.2535348219337,3.8395157280901,0.0062527962130,0.8628382179687,0.3651651666373,0.0000005598319
147245,0.2535376923466,3.8395591974467,0.0062527962130,0.8628283716534,0.3651622651846,0.0000005536737
147255,0.2535445429728,3.8396629429074,0.0062477938262,0.8628124805480,0.3651559139011,0.0000005536737
147317,0.2535497675856,3.8397420641224,0.0062896254596,0.8626721824954,0.3651248548565,0.0000005536737
147413,0.2535451097730,3.8396715264955,0.0062802377205,0.8625782128603,0.3650862728531,0.0000005475833
147571,0.2535457971560,3.8396819361816,0.0062852401073,0.8624535961401,0.3650440580580,0.0000005415599
147651,0.2535485553796,3.8397237065490,0.0063654270458,0.8623393854463,0.3650382254032,0.0000005415599
147733,0.2535442827894,3.8396590027061,0.0063365972108,0.8623567445757,0.3650311538936,0.0000005356027
147735,0.2535432617257,3.8396435397808,0.0063365972108,0.8623544054626,0.3650300996968,0.0000005356027
148022,0.2535413149834,3.8396140584349,0.0063032442925,0.8623796366496,0.3650243995681,0.0000005297111
148044,0.2535434251357,3.8396460144523,0.0063269009544,0.8609171670500,0.3645126797417,0.0000005297111
148269,0.2535400147177,3.8395943672909,0.0063032442925,0.8608616944817,0.3644819987369,0.0000005181216
148702,0.2535497490883,3.8397417840011,0.0062614126591,0.8608951324771,0.3644780989718,0.0000005067856
148926,0.2535384825547,3.8395711643089,0.0062781827752,0.8608655741356,0.3644723153567,0.0000004956976
148939,0.2535371664132,3.8395512327434,0.0063200144086,0.8607989757769,0.3644661760411,0.0000004956976
149085,0.2535233793363,3.8393424421001,0.0063200144086,0.7360555627867,0.3199120027425,0.0000004956976
149468,0.2535123106271,3.8391748182501,0.0063200144086,0.7354377070197,0.3196889681023,0.0000004795189
149487,0.2535130325710,3.8391857513242,0.0063200144086,0.7352587409588,0.3196252063542,0.0000004795189
149539,0.2535166271811,3.8392401878772,0.0063032442925,0.7352674532781,0.3196219009777,0.0000004795189
149697,0.2535149245219,3.8392144029120,0.0063778118097,0.7351628506976,0.3196161355651,0.0000004742442
150114,0.2535193141261,3.8392808788071,0.0063309777894,0.7352095573887,0.3196136854327,0.0000004587656
150123,0.2535049515736,3.8390633731969,0.0063778118097,0.7351427451580,0.3196068179549,0.0000004587656
150270,0.2535013204570,3.8390083837907,0.0063735807160,0.7351069763733,0.3195914519667,0.0000004587656
150328,0.2535000715750,3.8389894707984,0.0063267466957,0.7351518602342,0.3195871425765,0.0000004537192
150826,0.2534927512061,3.8388786115832,0.0062799126755,0.7351826897505,0.3195765127446,0.0000004389106
150958,0.2534967587053,3.8389393009036,0.0062330786553,0.7352290682043,0.3195738635049,0.0000004389106
151052,0.2534926348226,3.8388768490784,0.0061733970953,0.7352624912076,0.3195593387913,0.0000004340825
151060,0.2534920984428,3.8388687261760,0.0061511618165,0.6203365202732,0.2785047048281,0.0000004340825
151068,0.2534908276869,3.8388494819269,0.0061156162220,0.6203720218990,0.2785018778491,0.0000004340825
151271,0.2534950571194,3.8389135321914,0.0061156162220,0.6203172530907,0.2784832238674,0.0000004293076
151293,0.2534997903385,3.8389852117697,0.0061427161568,0.6202811172624,0.2784829467334,0.0000004293076
151484,0.2535095492566,3.8391330002249,0.0061895501770,0.6202142496529,0.2784812283640,0.0000004199148
151526,0.2535055554775,3.8390725186811,0.0061649514356,0.6201980382528,0.2784640404508,0.0000004199148
151534,0.2535076417678,3.8391041133317,0.0061879745353,0.6200821523229,0.2784329667236,0.0000004199148
151666,0.2535168115088,3.8392429793252,0.0062348085556,0.6200023508658,0.2784265028706,0.0000004107275
151692,0.2535039575253,3.8390483193914,0.0062816425758,0.6199352693842,0.2784198624966,0.0000004107275
151793,0.2535030141636,3.8390340331793,0.0062604871073,0.6199596135031,0.2784192880465,0.0000004107275
151818,0.2535022173669,3.8390219665386,0.0061552221238,0.6200735182191,0.2784146839956,0.0000004062095
152394,0.2535095662958,3.8391332582664,0.0061763775923,0.6200426464619,0.2784142997679,0.0000003929515
152479,0.2535067172930,3.8390901131424,0.0061763775923,0.6200062044058,0.2784006742473,0.0000003929515
152789,0.2534999693596,3.8389879228556,0.0061887623562,0.6199696276955,0.2783914729067,0.0000003843541
152817,0.2535005802503,3.8389971741464,0.0061763775923,0.6199725258863,0.2783873311240,0.0000003843541
152887,0.2535127765117,3.8391818735770,0.0062637761215,0.6197911304043,0.2783626170204,0.0000003801262
153174,0.2535131197655,3.8391870717919,0.0062293268652,0.6198151684283,0.2783565116163,0.0000003718094
153186,0.2535188048680,3.8392731666341,0.0062293268652,0.6197647588722,0.2783397264397,0.0000003718094
153537,0.2535139003408,3.8391988927768,0.0061824928449,0.6197835750641,0.2783253238152,0.0000003636746
153767,0.2535128727707,3.8391833313176,0.0061813965069,0.6197566388493,0.2783150136857,0.0000003596742
153866,0.2535113486086,3.8391602495011,0.0061345624866,0.6197728803341,0.2783004158869,0.0000003557178
154287,0.2535171845114,3.8392486280535,0.0061193680121,0.6197556446978,0.2782889989354,0.0000003479350
154519,0.2535226475306,3.8393313596793,0.0061662020323,0.6196747466400,0.2782813491418,0.0000003441077
154691,0.2535250909484,3.8393683626478,0.0061662020323,0.5150596841063,0.2409193503979,0.0000003403226
154800,0.2535177527330,3.8392572331667,0.0061662020323,0.5150422526550,0.2409115524049,0.0000003365790
154891,0.2535174579077,3.8392527683497,0.0061405234806,0.5150623276185,0.2409076537642,0.0000003328766
155153,0.2535256001704,3.8393760742752,0.0061344247557,0.5150450686263,0.2409006208698,0.0000003292150
155574,0.2535223703895,3.8393271626724,0.0061405234806,0.5150323029507,0.2408979833433,0.0000003184700
155679,0.2535102478107,3.8391435790852,0.0061812587759,0.5149641336492,0.2408884974524,0.0000003184700
155791,0.2535002003111,3.8389914203700,0.0061992629611,0.5149280661168,0.2408811792346,0.0000003149668
157013,0.2535111175895,3.8391567509616,0.0062280927962,0.5148773251086,0.2408777525063,0.0000002915002
157907,0.2535118804827,3.8391683041696,0.0062003592992,0.5148580267357,0.2408591379230,0.0000002758165
158755,0.2535068172665,3.8390916271352,0.0062003592992,0.4208105118964,0.2072696547912,0.0000002609767
158776,0.2535065152733,3.8390870537695,0.0062003592992,0.4206903409372,0.2072266718786,0.0000002609767
158830,0.2535012219948,3.8390068926853,0.0061411405151,0.4207494250632,0.2072212595994,0.0000002581060
158841,0.2534985896022,3.8389670278946,0.0061411405151,0.4207421102633,0.2072180830867,0.0000002581060
158964,0.2534987810148,3.8389699266338,0.0061851648247,0.4206495023057,0.2072039173943,0.0000002552668
158973,0.2535002193253,3.8389917083206,0.0061879745353,0.4206320789087,0.2071992071237,0.0000002552668
159006,0.2534989478724,3.8389724535153,0.0061851648247,0.4206353402803,0.2071988952833,0.0000002552668
159303,0.2534953727727,3.8389183124264,0.0062146116942,0.4205841868316,0.2071924801887,0.0000002496818
159532,0.2534893251450,3.8388267275253,0.0062146116942,0.4205473647092,0.2071780335105,0.0000002469353
160086,0.2534877140501,3.8388023292031,0.0062146116942,0.4204787122847,0.2071531695528,0.0000002388758
160602,0.2534885889927,3.8388155792797,0.0062146116942,0.4204708167596,0.2071505372101,0.0000002310792
160730,0.2534818687416,3.8387138082105,0.0062146116942,0.4204386140924,0.2071375962037,0.0000002285374
160806,0.2534735765843,3.8385882322921,0.0061726423299,0.4204562792130,0.2071241414141,0.0000002285374
160813,0.2534711794468,3.8385519301881,0.0061754520406,0.4204208151742,0.2071121661754,0.0000002285374
161615,0.2534735994432,3.8385885784647,0.0061754520406,0.4203965872499,0.2071040319159,0.0000002162413
162328,0.2534611747714,3.8384004200007,0.0062108433764,0.4203273301287,0.2070918025154,0.0000002068825
162843,0.2534608230974,3.8383950942718,0.0062180384394,0.4202945042474,0.2070830872261,0.0000002001302
163102,0.2534546430658,3.8383015042531,0.0061826471036,0.4202578591353,0.2070535076782,0.0000001957516
164358,0.2534507596438,3.8382426939501,0.0060650138839,0.4203710535938,0.2070426878717,0.0000001811671
164419,0.2534516522014,3.8382562107873,0.0061060576965,0.4203065805674,0.2070374432586,0.0000001791743
164561,0.2534529968087,3.8382765734365,0.0061060576965,0.4203054243935,0.2070373184695,0.0000001772034
164750,0.2534500298702,3.8382316423031,0.0061060576965,0.4203021620232,0.2070355175647,0.0000001752541
164751,0.2534465878020,3.8381795158339,0.0060592236763,0.4203564031126,0.2070340800733,0.0000001752541
164996,0.2534408567814,3.8380927256110,0.0060564139656,0.4203227685232,0.2070196354824,0.0000001733263
165107,0.2534421443405,3.8381122243267,0.0059979830024,0.4203575843160,0.2070073037583,0.0000001714197
165140,0.2534433637178,3.8381306905024,0.0060007927130,0.4203300213144,0.2069989252860,0.0000001714197
165283,0.2534504107855,3.8382374108609,0.0059605367213,0.4203098560028,0.2069759809070,0.0000001695341
165290,0.2534489636600,3.8382154956816,0.0059691531673,0.4202762029538,0.2069673446252,0.0000001695341
165680,0.2534528475547,3.8382743131435,0.0060101969799,0.4202073113832,0.2069611629614,0.0000001658249
165690,0.2534548689760,3.8383049254237,0.0059813671448,0.4202203834827,0.2069539090864,0.0000001658249
166506,0.2534554578658,3.8383138435340,0.0059633629597,0.4202275382511,0.2069488744722,0.0000001569030
166732,0.2534577488508,3.8383485380695,0.0059978122160,0.4201630084953,0.2069410830232,0.0000001551770
166748,0.2534566870510,3.8383324582397,0.0059661726703,0.4201598633184,0.2069261724119,0.0000001551770
166847,0.2534627913642,3.8384249015819,0.0059589776073,0.4201513760440,0.2069213657112,0.0000001534701
167186,0.2534509163108,3.8382450665046,0.0059589776073,0.3366383027214,0.1770927234417,0.0000001501123
167210,0.2534576340098,3.8383467989247,0.0059498983854,0.3366230617294,0.1770848286421,0.0000001501123
167451,0.2534520381484,3.8382620555449,0.0059367423285,0.3365979541292,0.1770690242187,0.0000001468280
167477,0.2534476839190,3.8381961153631,0.0059835763487,0.3365367196190,0.1770662934246,0.0000001468280
167681,0.2534487612423,3.8382124302799,0.0059757477235,0.3365034253379,0.1770512783398,0.0000001452129
167719,0.2534371244002,3.8380362026603,0.0060225817437,0.3364517486908,0.1770504005084,0.0000001452129
168075,0.2534392181264,3.8380679099217,0.0060058116276,0.3364484663872,0.1770424897200,0.0000001420358
168232,0.2534399792811,3.8380794368012,0.0060058116276,0.2633252089898,0.1509272037541,0.0000001404734
168258,0.2534359787923,3.8380188536455,0.0060058116276,0.2633154427667,0.1509228585697,0.0000001404734
168265,0.2534320221197,3.8379589340382,0.0059741720818,0.2633213342969,0.1509105550239,0.0000001404734
168283,0.2534311705997,3.8379460386729,0.0058690778847,0.2633997371374,0.1508933331996,0.0000001404734
168436,0.2534420258759,3.8381104303061,0.0058690778847,0.2633316128456,0.1508713292260,0.0000001389282
168554,0.2534392249804,3.8380680137179,0.0058690778847,0.2632946430460,0.1508575255343,0.0000001374000
168715,0.2534401044737,3.8380813327095,0.0058690778847,0.2632665767507,0.1508476903202,0.0000001358886
168830,0.2534408899085,3.8380932272855,0.0059005631718,0.2632047171605,0.1508392596113,0.0000001343938
168925,0.2534392062703,3.8380677303733,0.0059005631718,0.2632010926081,0.1508376043487,0.0000001343938
168940,0.2534373344842,3.8380393841597,0.0059058906036,0.2631848716009,0.1508336932199,0.0000001343938
169062,0.2534376047851,3.8380434775800,0.0059058906036,0.2631665144429,0.1508271950136,0.0000001329155
169087,0.2534338148655,3.8379860832715,0.0059527246238,0.2630396923521,0.1508011610071,0.0000001329155
169454,0.2534380396738,3.8380500635075,0.0059484935301,0.2629775289784,0.1507780517924,0.0000001300074
169634,0.2534517399271,3.8382575392997,0.0059827885279,0.2629075564025,0.1507706952115,0.0000001285773
170312,0.2534460462017,3.8381713138725,0.0059207600331,0.2629573658103,0.1507606805611,0.0000001230126
170393,0.2534475869143,3.8381946463291,0.0059044692205,0.2629634280874,0.1507561940359,0.0000001216595
170396,0.2534531637625,3.8382791017758,0.0059044692205,0.2629553095896,0.1507544896113,0.0000001216595
170450,0.2534509423627,3.8382454610333,0.0059513032408,0.2628849277292,0.1507489489413,0.0000001203212
170650,0.2534532360351,3.8382801962676,0.0059541129514,0.2628536949860,0.1507394900532,0.0000001189977
170853,0.2534660301079,3.8384739489180,0.0058729839334,0.2627830992536,0.1506822492995,0.0000001163941
172308,0.2534644603702,3.8384501769066,0.0058833137520,0.2627122896491,0.1506610508478,0.0000001065372
172424,0.2534570570957,3.8383380621732,0.0058717333367,0.2627266663725,0.1506596359407,0.0000001053653
173122,0.2534644516317,3.8384500445717,0.0058800247378,0.2626930535776,0.1506527693721,0.0000001008052
173394,0.2534718562138,3.8385621791063,0.0058717333367,0.2626591291757,0.1506386867529,0.0000000996963
173577,0.2534780488112,3.8386559594198,0.0058717333367,0.2626248931667,0.1506277865920,0.0000000975151
173884,0.2534654955451,3.8384658535308,0.0058303810069,0.2626403873479,0.1506129078154,0.0000000964424
174075,0.2534684714354,3.8385109202312,0.0058303810069,0.2626345322439,0.1506114543977,0.0000000953815
174434,0.2534730157988,3.8385797397906,0.0057981244267,0.2625997892156,0.1505861957167,0.0000000922684
174834,0.2534715210423,3.8385571032899,0.0058449584469,0.2625362231590,0.1505832449717,0.0000000902497
