0,0.2063240533919,3.124558757017,0.5553584234398,0.3201241934734,0.3965531191558,1000
1,0.2063286199689,3.124627912977,0.5553584234398,0.319594891529,0.3963650612993,1000.0000000000000
2,0.2063255064096,3.1245807614277,0.5553115894196,0.3196423040533,0.3963612554295,1000.0000000000000
4,0.2063057422299,3.1242814539066,0.5553115894196,0.3192222071539,0.3962069856412,1000.0000000000000
5,0.2063136479422,3.1244011775265,0.5553115894196,0.3191911258426,0.3961975792541,1000.0000000000000
6,0.2063176201856,3.1244613329369,0.5551939562000,0.3191007575556,0.3961157418239,1000.0000000000000
7,0.2063177320923,3.1244630276444,0.5551939562000,0.3187984541426,0.3960078002993,1000.0000000000000
9,0.2063277418540,3.1246146148594,0.5551939562000,0.3186686115583,0.3959635728967,1000.0000000000000
10,0.2063330148219,3.1246944683604,0.5551471221798,0.3186487673255,0.3959375438694,1000.0000000000000
13,0.2063370503360,3.1247555819370,0.5551471221798,0.3186454904739,0.3959372383183,1000.0000000000000
134219,0.2545941277048,3.8555577894450,0.0117316879256,0.8665128556766,0.3690526277894,0.0000012552445
134259,0.2545867523756,3.8554460979146,0.0116734112210,0.8649812360039,0.3684790646052,0.0000012552445
134273,0.2545824970721,3.8553816558600,0.0116734112210,0.8649382803034,0.3684628114328,0.0000012552445
134318,0.2545847828403,3.8554162713921,0.0116684088342,0.8648728675333,0.3684377956566,0.0000012414368
134381,0.2545924324028,3.8555321158966,0.0116101486573,0.8648640037363,0.3684113005595,0.0000012414368
134410,0.2545930580891,3.8555415912514,0.0116569826775,0.8647255856433,0.3683820713249,0.0000012414368
134422,0.2545953927520,3.8555769472419,0.0115976261625,0.8647097048064,0.3683514613759,0.0000012414368
134451,0.2545914845675,3.8555177619363,0.0116211120381,0.8646464035149,0.3683380816790,0.0000012414368
134459,0.2545901156676,3.8554970314003,0.0116464820726,0.8644433426815,0.3682761394890,0.0000012414368
134476,0.2545906877087,3.8555056943558,0.0116381906715,0.8644328204624,0.3682689506762,0.0000012277810
134477,0.2545848366909,3.8554170869031,0.0116381906715,0.8643630096771,0.3682427644634,0.0000012277810
134489,0.2545880269254,3.8554653996178,0.0116031078529,0.8643981539431,0.3682409641150,0.0000012142754
134648,0.2545894860629,3.8554874967057,0.0116031078529,0.8642638036991,0.3681932945572,0.0000012009184
134683,0.2546028528507,3.8556899225171,0.0116499418731,0.8640722247868,0.3681478095518,0.0000012009184
134789,0.2546000250813,3.8556470989515,0.0116499418731,0.8640733876376,0.3681476189050,0.0000012009184
134805,0.2546015364957,3.8556699877190,0.0116615222885,0.8639152651619,0.3680964335020,0.0000012009184
134871,0.2545944112376,3.8555620832481,0.0116615222885,0.8638896768716,0.3680857679858,0.0000011877083
134901,0.2545951744124,3.8555736407210,0.0116967758934,0.8637157086965,0.3680389087200,0.0000011877083
134903,0.2545922298489,3.8555290484330,0.0116967758934,0.8637060618765,0.3680348324493,0.0000011877083
135034,0.2545961749206,3.8555887923549,0.0116967758934,0.8635817582927,0.3679912836847,0.0000011746435
135105,0.2546007931432,3.8556587304342,0.0117436099136,0.8635177617781,0.3679894891287,0.0000011746435
135209,0.2546008331732,3.8556593366454,0.0116967758934,0.8635707036109,0.3679883337810,0.0000011617224
135232,0.2546054622045,3.8557294384100,0.0116967758934,0.8634431201445,0.3679437601926,0.0000011617224
135305,0.2546056806049,3.8557327458528,0.0116732900178,0.8634545807745,0.3679378346996,0.0000011617224
135346,0.2546066610624,3.8557475938408,0.0116715766452,0.8634492948329,0.3679354226588,0.0000011489435
135442,0.2546092881252,3.8557873779175,0.0116950625208,0.8634021480990,0.3679292128568,0.0000011489435
135672,0.2546057820190,3.8557342816611,0.0116967758934,0.8633694026817,0.3679175010590,0.0000011238057
135690,0.2546004910725,3.8556541558935,0.0116967758934,0.8633690032361,0.3679162246256,0.0000011238057
135740,0.2546067104497,3.8557483417585,0.0117000649076,0.8633382267391,0.3679079753207,0.0000011238057
135773,0.2545986170050,3.8556257751310,0.0117000649076,0.8631901680251,0.3678533628990,0.0000011238057
135808,0.2545857658667,3.8554311582841,0.0117000649076,0.8631913092852,0.3678510166765,0.0000011238057
135857,0.2545855158163,3.8554273715357,0.0117000649076,0.8631845513588,0.3678485495492,0.0000011114439
135903,0.2545723276824,3.8552276512492,0.0117000649076,0.8630380804268,0.3677934124733,0.0000011114439
136030,0.2545811972327,3.8553619711714,0.0116842533986,0.8629286079244,0.3677494394080,0.0000010992180
136197,0.2545825042046,3.8553817638746,0.0116624808956,0.8629452383014,0.3677463278211,0.0000010871266
136405,0.2545897119586,3.8554909176567,0.0116624808956,0.8629212902034,0.3677393194476,0.0000010751682
136506,0.2545940248684,3.8555562320965,0.0116859667712,0.8628859184522,0.3677376762495,0.0000010751682
137219,0.2545899774640,3.8554949384537,0.0116859667712,0.7375275387781,0.3229659590650,0.0000010173207
137433,0.2545879694908,3.8554645298317,0.0115683335516,0.7374691368969,0.3228942567333,0.0000010061301
137646,0.2545881804433,3.8554677244829,0.0115683335516,0.7374549450932,0.3228892334361,0.0000009950627
137899,0.2545808448306,3.8553566344164,0.0115933950688,0.7373906957804,0.3228754559862,0.0000009732917
137958,0.2545851447039,3.8554217514335,0.0115933950688,0.7373761208036,0.3228711720388,0.0000009732917
138227,0.2545765874099,3.8552921603001,0.0115933950688,0.7373611626537,0.3228639961365,0.0000009519971
138328,0.2545699218650,3.8551912176977,0.0115933950688,0.7373357882930,0.3228535055338,0.0000009519971
138612,0.2545655696344,3.8551253077856,0.0115916816962,0.7373049933364,0.3228408404116,0.0000009311683
138752,0.2545680491355,3.8551628571976,0.0116195529241,0.7372688849430,0.3228404206904,0.0000009209255
138802,0.2545699115306,3.8551910611951,0.0115493872869,0.7373337306550,0.3228339079706,0.0000009209255
138852,0.2545596948089,3.8550363397907,0.0115373275681,0.7373211850469,0.3228220696478,0.0000009209255
138924,0.2545723762733,3.8552283871067,0.0115215160591,0.7372720210813,0.3228004521843,0.0000009107953
139214,0.2545783287748,3.8553185314224,0.0115215160591,0.7372221335190,0.3227839107339,0.0000009007766
139312,0.2545816622250,3.8553690129870,0.0115215160591,0.7371727556814,0.3227669901026,0.0000008908680
139578,0.2545812529628,3.8553628151451,0.0115215160591,0.7371703431397,0.3227660407815,0.0000008713767
139704,0.2545715146016,3.8552153380024,0.0115232294316,0.7371516017655,0.3227579949444,0.0000008713767
140150,0.2545752869985,3.8552724669496,0.0115232294316,0.7371151872771,0.3227457981408,0.0000008429364
140364,0.2545798417689,3.8553414441117,0.0115232294316,0.7370906159650,0.3227379986944,0.0000008336641
140907,0.2545800699912,3.8553449002962,0.0115215160591,0.7370848652449,0.3227352594680,0.0000008064547
140936,0.2545781047280,3.8553151384718,0.0114997435561,0.7371014956219,0.3227314466879,0.0000007975837
141347,0.2545707229246,3.8552033488960,0.0113821103364,0.7372244504290,0.3227233630669,0.0000007801334
141377,0.2545652848436,3.8551209949320,0.0113821103364,0.7372218501266,0.3227212690845,0.0000007801334
141593,0.2545605550756,3.8550493676161,0.0113888426235,0.7371714908746,0.3227051553815,0.0000007715519
141630,0.2545661711889,3.8551344176898,0.0113763201288,0.7371529585560,0.3226943733657,0.0000007630649
141900,0.2545664546996,3.8551387111592,0.0113763201288,0.7371353522969,0.3226881461683,0.0000007546711
141957,0.2545621305312,3.8550732262182,0.0113396616685,0.6222274961503,0.2816329887397,0.0000007463698
142706,0.2545489570751,3.8548737282114,0.0113864956888,0.6220619290727,0.2815911064801,0.0000007140674
142783,0.2545430102868,3.8547836704160,0.0114077888882,0.6220224941321,0.2815848739179,0.0000007140674
143200,0.2545434617678,3.8547905076156,0.0114077888882,0.6220191385078,0.2815837722265,0.0000006907614
143590,0.2545427482371,3.8547797019513,0.0114887636475,0.5175729024303,0.2443160956249,0.0000006756483
143730,0.2545469018479,3.8548426039776,0.0115166348754,0.5175079923530,0.2443057483258,0.0000006682161
143801,0.2545501295900,3.8548914847047,0.0114356601161,0.5174512409723,0.2442514681663,0.0000006682161
144132,0.2545482548489,3.8548630937408,0.0114439515171,0.5173740031319,0.2442270349506,0.0000006535962
144628,0.2545471567380,3.8548464640164,0.0114439515171,0.5173381261339,0.2442139864276,0.0000006322639
144699,0.2545485790922,3.8548680040608,0.0114608593642,0.5173019727331,0.2442086255091,0.0000006253090
145156,0.2545504436007,3.8548962400632,0.0114395661648,0.5172910120858,0.2441959848728,0.0000006116279
145425,0.2545407280215,3.8547491079304,0.0114226583177,0.5173016201061,0.2441904453215,0.0000005982461
145641,0.2545367430965,3.8546887604714,0.0113634560613,0.5173738472553,0.2441900144239,0.0000005916654
145742,0.2545361702302,3.8546800850196,0.0113947870898,0.5172404248544,0.2441556683930,0.0000005851571
145743,0.2545330727420,3.8546331768487,0.0113947870898,0.5172151721251,0.2441459858136,0.0000005851571
146719,0.2545301471066,3.8545888712073,0.0113986931386,0.5171537500538,0.2441250964586,0.0000005475833
147189,0.2545407450321,3.8547493655381,0.0114455271588,0.5170885783774,0.2441241635669,0.0000005356027
147612,0.2545339852969,3.8546469965240,0.0114455271588,0.5170921196226,0.2441239797826,0.0000005181216
148203,0.2545291002153,3.8545730171494,0.0113986931386,0.5171174092712,0.2441118932738,0.0000005012109
148336,0.2545282563594,3.8545602378470,0.0113986931386,0.4230757859621,0.2105254184086,0.0000004956976
148399,0.2545361618818,3.8546799585921,0.0114538185599,0.4229439034234,0.2105036367230,0.0000004956976
148438,0.2545363823677,3.8546832976168,0.0114237546558,0.4229645821524,0.2104981847000,0.0000004902449
148498,0.2545459369857,3.8548279921637,0.0113769206356,0.4229843145096,0.2104872076656,0.0000004902449
148766,0.2545453621987,3.8548192876237,0.0114069845396,0.4229159472652,0.2104755521543,0.0000004795189
148890,0.2545456007003,3.8548228994776,0.0114069845396,0.4229094742806,0.2104732914815,0.0000004795189
148917,0.2545362869615,3.8546818527918,0.0115161555719,0.3394414172184,0.1807080628863,0.0000004795189
149179,0.2545346410768,3.8546569276141,0.0115238299384,0.3394094057479,0.1806995665429,0.0000004690275
149418,0.2545389937653,3.8547228444606,0.0115238299384,0.2663988650256,0.1546253061467,0.0000004638682
149449,0.2545407782080,3.8547498679514,0.0115706639586,0.2663202462159,0.1546176821040,0.0000004587656
149600,0.2545425600256,3.8547768516873,0.0116174979789,0.2662498195600,0.1546129832679,0.0000004587656
149754,0.2545432022285,3.8547865771682,0.0116174979789,0.2662423108720,0.1546104392085,0.0000004537192
149803,0.2545348994346,3.8546608401697,0.0116174979789,0.2661316536221,0.1545691395920,0.0000004437923
149916,0.2545325657569,3.8546254990979,0.0116174979789,0.2661196589993,0.1545643557243,0.0000004437923
150055,0.2545291166613,3.8545732662057,0.0116174979789,0.2660335500186,0.1545328634250,0.0000004389106
150176,0.2545335776397,3.8546408229886,0.0116261144249,0.2660186454311,0.1545321890446,0.0000004340825
150233,0.2545392319240,3.8547264511216,0.0116560405980,0.2659679843612,0.1545281329405,0.0000004340825
150377,0.2545378020593,3.8547047973394,0.0116762374594,0.2658817490256,0.1545056840045,0.0000004293076
150622,0.2545347366880,3.8546583755453,0.0115786633702,0.2658674992997,0.1544581204846,0.0000004199148
150953,0.2545335378988,3.8546402211556,0.0115786633702,0.2658563062632,0.1544538660881,0.0000004152958
151184,0.2545321226130,3.8546187881536,0.0115786633702,0.2658449160416,0.1544494948763,0.0000004062095
151940,0.2545360393816,3.8546781034570,0.0115786633702,0.2658081288448,0.1544371958993,0.0000003886290
153319,0.2545408074027,3.8547503100748,0.0116054382600,0.2657460632339,0.1544275262813,0.0000003557178
153941,0.2545371170513,3.8546944236195,0.0116054382600,0.2033835323735,0.1321544030415,0.0000003403226
154003,0.2545419358175,3.8547673987182,0.0116522722802,0.2033212584027,0.1321532666534,0.0000003403226
154044,0.2545408305805,3.8547506610771,0.0116300370014,0.2030454000281,0.1320449795636,0.0000003365790
154069,0.2545445914862,3.8548076160014,0.0116300370014,0.2030083364285,0.1320325484721,0.0000003365790
154184,0.2545501791325,3.8548922349731,0.0116522722802,0.2028597116643,0.1319901949572,0.0000003365790
154297,0.2545470202158,3.8548443965336,0.0116522722802,0.2028485504792,0.1319855319089,0.0000003328766
154331,0.2545476671525,3.8548541937034,0.0116505589076,0.2028167712272,0.1319735865028,0.0000003328766
154713,0.2545504513848,3.8548963579459,0.0116505589076,0.2027910644176,0.1319650021206,0.0000003220121
155196,0.2545543734244,3.8549557530719,0.0116505589076,0.2027535290028,0.1319524370524,0.0000003149668
155342,0.2545621047900,3.8550728363963,0.0116505589076,0.2027131998876,0.1319396905181,0.0000003115022
155474,0.2545705905515,3.8552013442449,0.0116505589076,0.2026725668171,0.1319269970847,0.0000003080756
155486,0.2545720951664,3.8552241300405,0.0116505589076,0.2026516243328,0.1319198400435,0.0000003080756
155666,0.2545681137442,3.8551638356284,0.0115329256880,0.2027538074257,0.1319050666064,0.0000003046868
155811,0.2545697136579,3.8551880646226,0.0115113074437,0.2026975747717,0.1318760613924,0.0000003013353
156037,0.2545725970008,3.8552317297899,0.0115293116288,0.2026595675417,0.1318708213203,0.0000002980206
156247,0.2545669046736,3.8551455255368,0.0114824776086,0.1506026608607,0.1132577774268,0.0000002915002
156372,0.2545618779535,3.8550694011984,0.0114569367878,0.1506279081532,0.1132547710967,0.0000002915002
156515,0.2545592757391,3.8550299934237,0.0114325088327,0.1506464449400,0.1132503646367,0.0000002882937
156545,0.2545561573016,3.8549827679979,0.0114325088327,0.1505533676513,0.1132164545113,0.0000002882937
156561,0.2545623592013,3.8550766891846,0.0114145046476,0.1505150840185,0.1131963946844,0.0000002882937
156614,0.2545559759095,3.8549800210067,0.0114076181018,0.1504596131312,0.1131722644283,0.0000002851224
156638,0.2545565438672,3.8549886221238,0.0113993267008,0.1504496622293,0.1131652787823,0.0000002851224
156668,0.2545571317996,3.8549975257352,0.0113993267008,0.1504412276551,0.1131623924199,0.0000002851224
156711,0.2545562806811,3.8549846364488,0.0113780335014,0.1504297000750,0.1131489673876,0.0000002851224
156726,0.2545558512579,3.8549781332912,0.0113780335014,0.1504216573794,0.1131460029771,0.0000002851224
156800,0.2545583753372,3.8550163577928,0.0114481991385,0.1502446738909,0.1131134064498,0.0000002819861
157016,0.2545590941590,3.8550272435853,0.0114481991385,0.1502124577525,0.1131020547193,0.0000002788842
157042,0.2545543742817,3.8549557660538,0.0114214242487,0.1502260780149,0.1130944327437,0.0000002788842
157683,0.2545490580636,3.8548752575741,0.0114214242487,0.1502225496079,0.1130920334087,0.0000002668143
157725,0.2545545478013,3.8549583938248,0.0114214242487,0.1501695475000,0.1130742804569,0.0000002668143
157847,0.2545600000450,3.8550409622677,0.0114460064624,0.1501333039403,0.1130730399008,0.0000002638794
158265,0.2545586599467,3.8550206679008,0.0113868042060,0.1501999201979,0.1130711718618,0.0000002581060
158294,0.2545595388535,3.8550339780107,0.0113868042060,0.1501515342123,0.1130540794899,0.0000002552668
158378,0.2545757328613,3.8552792190680,0.0113399701858,0.1088116128327,0.0982732202758,0.0000002552668
158478,0.2545845443224,3.8554126592925,0.0113868042060,0.1087271187306,0.0982650037040,0.0000002524589
158717,0.2545773924965,3.8553043524813,0.0113868042060,0.1086649458782,0.0982412665798,0.0000002496818
158899,0.2545811463884,3.8553612011886,0.0113868042060,0.1083916010724,0.0981444478402,0.0000002469353
158958,0.2545833839535,3.8553950867371,0.0113868042060,0.1083054920918,0.0981141741111,0.0000002442190
159175,0.2545822001341,3.8553771590489,0.0113868042060,0.1082680119071,0.0981005346553,0.0000002415326
159209,0.2545792616056,3.8553326581546,0.0114048083912,0.1082349306099,0.0980958063009,0.0000002415326
160169,0.2545839684519,3.8554039383453,0.0114315832810,0.1081678259481,0.0980843239130,0.0000002260235
160606,0.2545795720399,3.8553373593527,0.0114135790958,0.1081828647339,0.0980810367403,0.0000002210783
160925,0.2545854521851,3.8554264079089,0.0114348722952,0.1081409889050,0.0980764667751,0.0000002162413
161264,0.2545875197927,3.8554577196318,0.0114638398612,0.1080914320740,0.0980716256368,0.0000002115102
161324,0.2545888665913,3.8554781154661,0.0114348722952,0.1081162887916,0.0980683769645,0.0000002115102
161375,0.2545942156038,3.8555591205830,0.0114348722952,0.1080623736604,0.0980502677775,0.0000002091836
161457,0.2545909757701,3.8555100567408,0.0114348722952,0.1080529861185,0.0980462208339,0.0000002091836
161523,0.2545974369248,3.8556079040698,0.0114348722952,0.1080140211309,0.0980336893000,0.0000002068825
161536,0.2546016517871,3.8556717336846,0.0114817063155,0.1079506077580,0.0980320165746,0.0000002068825
161917,0.2545984141185,3.8556227026297,0.0115285403357,0.1078869860252,0.0980286724640,0.0000002023562
162154,0.2545900242118,3.8554956463999,0.0114726270936,0.1079491282994,0.0980251054781,0.0000002001302
162377,0.2545842067273,3.8554075467732,0.0114480448799,0.1079709040070,0.0980211006783,0.0000001957516
162407,0.2545857509330,3.8554309321295,0.0114948789001,0.1078552001825,0.0980001805080,0.0000001957516
162638,0.2545839395760,3.8554035010502,0.0114709137210,0.1078739799082,0.0979962286139,0.0000001935983
162762,0.2545777142526,3.8553092251362,0.0114240797008,0.1079161596923,0.0979898871017,0.0000001914687
162773,0.2545827269875,3.8553851376844,0.0114486619144,0.1078793528507,0.0979883511930,0.0000001914687
162908,0.2545768823135,3.8552966263009,0.0114486619144,0.1078766138598,0.0979861205518,0.0000001893626
163037,0.2545738171229,3.8552502072443,0.0114893972097,0.1078125938666,0.0979800574257,0.0000001872796
163197,0.2545799740472,3.8553434473268,0.0115106904092,0.1077583289939,0.0979711221119,0.0000001872796
163465,0.2545744247361,3.8552594089003,0.0115106904092,0.1077450398450,0.0979651868492,0.0000001831821
163525,0.2545856670687,3.8554296620933,0.0115575244294,0.1076772796032,0.0979634675570,0.0000001831821
163971,0.2545927122376,3.8555363536978,0.0115362312300,0.1076225767927,0.0979363148612,0.0000001772034
163995,0.2545894179488,3.8554864651910,0.0115584830366,0.1075919804542,0.0979342181669,0.0000001772034
164202,0.2545859451385,3.8554338731654,0.0114408498169,0.1076680034386,0.0979102108221,0.0000001752541
164565,0.2545908593989,3.8555082944213,0.0114195566175,0.1076132820543,0.0978825948695,0.0000001695341
165028,0.2545837447414,3.8554005504870,0.0114300406947,0.1074824309153,0.0978388309264,0.0000001658249
165393,0.2545726327385,3.8552322709995,0.0114195566175,0.1074940151384,0.0978360938295,0.0000001621968
165440,0.2545725190213,3.8552305488733,0.0114195566175,0.1074764593942,0.0978297995529,0.0000001604126
165855,0.2545749018011,3.8552666335432,0.0114195566175,0.1074252772188,0.0978120308002,0.0000001569030
166052,0.2545741322074,3.8552549788635,0.0113142916340,0.1075406033269,0.0978079402186,0.0000001551770
166237,0.2545802510984,3.8553476429719,0.0113036367705,0.1074930518155,0.0977877023568,0.0000001534701
166322,0.2545692974448,3.8551817615164,0.0113504707907,0.1073944154344,0.0977701995893,0.0000001517819
166498,0.2545780586738,3.8553144410302,0.0113504707907,0.1073509928919,0.0977565689447,0.0000001501123
166535,0.2545733705576,3.8552434444861,0.0113036367705,0.1073997407275,0.0977529025667,0.0000001501123
167284,0.2545721604158,3.8552251181737,0.0113036367705,0.1073602765616,0.0977385489056,0.0000001404734
167398,0.2545722684165,3.8552267537288,0.0113216409556,0.1073327385420,0.0977364531209,0.0000001404734
167757,0.2545786581963,3.8553235201612,0.0113036367705,0.1073450170809,0.0977344914726,0.0000001374000
168874,0.2545716613389,3.8552175601830,0.0113036367705,0.1073490916522,0.0977344473500,0.0000001271630
168886,0.2545602444313,3.8550446632381,0.0113036367705,0.1073505996888,0.0977325394543,0.0000001271630
169210,0.2545531113999,3.8549366410505,0.0113216409556,0.1073213420795,0.0977282778808,0.0000001243808
170397,0.2545596539989,3.8550357217655,0.0113477988110,0.1072821675523,0.0977268994731,0.0000001151138
170866,0.2545662358018,3.8551353961841,0.0113504707907,0.1072691285264,0.0977247981987,0.0000001113567
170897,0.2545672843718,3.8551512756631,0.0113973048109,0.1072005434035,0.0977205999284,0.0000001113567
171144,0.2545641367690,3.8551036085612,0.0113227372937,0.1072731173831,0.0977138872132,0.0000001101317
172097,0.2545709776432,3.8552072063386,0.0113227372937,0.1072688550512,0.0977138308534,0.0000001030600
172393,0.2545694267751,3.8551837200867,0.0113973048109,0.1071651169222,0.0977084067001,0.0000001008052
172534,0.2545662410788,3.8551354760987,0.0113955914384,0.1070961193587,0.0976823477614,0.0000001008052
172553,0.2545659718521,3.8551313989459,0.0113487574181,0.1071463397979,0.0976801542182,0.0000000996963
173115,0.2545672160272,3.8551502406565,0.0113199275831,0.1071671791348,0.0976755078038,0.0000000964424
173599,0.2545739030445,3.8552515084355,0.0113199275831,0.1071623513813,0.0976752165385,0.0000000932947
173756,0.2545714077495,3.8552137198409,0.0113640896236,0.1070939192447,0.0976691683724,0.0000000922684
