0,0.2063240533919,3.124558757017,0.5553584234398,0.3201241934734,0.3965531191558,1000
1,0.2063180466641,3.124467791501,0.5553584234398,0.3200566641083,0.3965277143695,1000.0000000000000
2,0.2063200278634,3.1244977946609,0.5553115894196,0.3199970445986,0.3964867745072,1000.0000000000000
3,0.2063175132293,3.1244597131970,0.5551939562000,0.3200127759544,0.3964414397614,1000.0000000000000
4,0.2063251599595,3.1245755148075,0.5551471221798,0.3200237053862,0.3964269099920,1000.0000000000000
5,0.2063290961582,3.1246351243593,0.5551471221798,0.3199536457985,0.3964027321818,1000.0000000000000
6,0.2063101302095,3.1243479052005,0.5551471221798,0.3199415028381,0.3963943312784,1000.0000000000000
7,0.2063062344307,3.1242889077657,0.5551471221798,0.3193806765903,0.3961932013802,1000.0000000000000
8,0.2063026250203,3.1242342470768,0.5551471221798,0.3193363036201,0.3961765804457,1000.0000000000000
9,0.2063103960386,3.1243519308989,0.5551471221798,0.3193207140686,0.3961726779669,1000.0000000000000
10,0.2063026104314,3.1242340261439,0.5551471221798,0.3192518724663,0.3961464233360,1000.0000000000000
11,0.2063076178404,3.1243098580367,0.5551471221798,0.3192282482637,0.3961390591370,1000.0000000000000
13,0.2062990674761,3.1241803718462,0.5551471221798,0.3190164836675,0.3960615967032,1000.0000000000000
14,0.2063105048514,3.1243535787542,0.5551471221798,0.3190041130860,0.3960596295045,1000.0000000000000
16,0.2062978569138,3.1241620391663,0.5551471221798,0.3184938121579,0.3958746689007,1000.0000000000000
17,0.2062972778110,3.1241532692692,0.5551002881595,0.3185461949588,0.3958731812275,1000.0000000000000
18,0.2062938786949,3.1241017932632,0.5549826549399,0.3182909911925,0.3957308944062,1000.0000000000000
20,0.2063029398941,3.1242390155065,0.5549826549399,0.3178257389466,0.3955666745753,1000.0000000000000
21,0.2063021603062,3.1242272094758,0.5548650217203,0.3176943087160,0.3954691539157,1000.0000000000000
24,0.2063125638612,3.1243847602714,0.5549118557405,0.3176313544048,0.3954689712893,1000.0000000000000
25,0.2063153899336,3.1244275581374,0.5549118557405,0.3172158108635,0.3953211684687,1000.0000000000000
26,0.2063191398366,3.1244843464373,0.5547942225209,0.3170751675805,0.3952213280384,1000.0000000000000
27,0.2063228157037,3.1245400135423,0.5547942225209,0.3167092275859,0.3950914228690,1000.0000000000000
28,0.2063196638322,3.1244922817945,0.5547942225209,0.3164425286622,0.3949954978523,1000.0000000000000
29,0.2063134532476,3.1243982290840,0.5547473885007,0.3163817346779,0.3949523831526,1000.0000000000000
30,0.2063189022062,3.1244807477780,0.5546297552810,0.3162891619625,0.3948700748655,1000.0000000000000
36,0.2063257332062,3.1245841960216,0.5546765893013,0.3157694984828,0.3947060162743,1000.0000000000000
37,0.2063368685730,3.1247528293305,0.5546297552810,0.3157137376495,0.3946684161181,1000.0000000000000
38,0.2063325049998,3.1246867476460,0.5546297552810,0.3156231285390,0.3946351206700,1000.0000000000000
39,0.2063335788863,3.1247030105171,0.5546297552810,0.3155210552681,0.3945988960490,1000.0000000000000
40,0.2063380052872,3.1247700436597,0.5546297552810,0.3154567764316,0.3945768878361,1000.0000000000000
41,0.2063394567044,3.1247920238328,0.5546297552810,0.3154494348791,0.3945745768711,1000.0000000000000
42,0.2063361049873,3.1247412656350,0.5545121220614,0.3151874401759,0.3944298748721,1000.0000000000000
43,0.2063342746554,3.1247135472022,0.5543944888418,0.3150372076515,0.3943254139482,1000.0000000000000
44,0.2063309580864,3.1246633212848,0.5542768556222,0.3149487738177,0.3942427055058,1000.0000000000000
46,0.2063357579171,3.1247360096247,0.5541592224025,0.3148176622715,0.3941464942517,1000.0000000000000
47,0.2063401298587,3.1248022180397,0.5541123883823,0.3148536231948,0.3941402025603,1000.0000000000000
48,0.2063353789522,3.1247302706049,0.5541592224025,0.3147477828597,0.3941214561122,1000.0000000000000
63,0.2063528108916,3.1249942588212,0.5541592224025,0.3146920742324,0.3941052955894,1000.0000000000000
68,0.2063422402815,3.1248341781528,0.5541592224025,0.3146801389357,0.3940987678528,1000.0000000000000
70,0.2063415934677,3.1248243828442,0.5541592224025,0.3146185872100,0.3940766464906,1000.0000000000000
71,0.2063448023137,3.1248729774107,0.5541592224025,0.3144134880268,0.3940040843922,1000.0000000000000
78,0.2063281229644,3.1246203863713,0.5542768556222,0.3141373397494,0.3939523000981,1000.0000000000000
87,0.2063465095723,3.1248988320302,0.5539947551627,0.3143534731505,0.3939125303890,989.0000000000000
126632,0.2537185483536,3.8422980696780,0.0094335870124,0.9387607906719,0.3936829371782,0.0000019974876
126635,0.2537146418098,3.8422389092193,0.0094274882875,0.9387098525681,0.3936612941425,0.0000019974876
126637,0.2537132247750,3.8422174497315,0.0094274882875,0.9385215803423,0.3935937504115,0.0000019974876
126658,0.2537156590106,3.8422543136459,0.0094274882875,0.9383849390105,0.3935454715578,0.0000019755152
126659,0.2537120646751,3.8421998812498,0.0094274882875,0.9383415144653,0.3935291925769,0.0000019755152
126664,0.2537104030375,3.8421747175121,0.0094274882875,0.9383345876457,0.3935263626476,0.0000019755152
126667,0.2537021213037,3.8420492994460,0.0094274882875,0.9383189807704,0.3935190141063,0.0000019755152
126669,0.2536990761126,3.8420031832592,0.0094274882875,0.9382864304575,0.3935067364536,0.0000019755152
126670,0.2536949042316,3.8419400045502,0.0094705539899,0.9381787101547,0.3934858276720,0.0000019755152
126671,0.2536922915962,3.8419004389612,0.0094705539899,0.9381281695425,0.3934672176029,0.0000019755152
126683,0.2536979842361,3.8419866479492,0.0095173880101,0.9380469111873,0.3934594883361,0.0000019755152
126711,0.2536942363202,3.8419298897408,0.0095642220303,0.9378493087361,0.3934081846302,0.0000019755152
126717,0.2536987542880,3.8419983095674,0.0095333703055,0.9378681931764,0.3934026750413,0.0000019755152
126725,0.2536880079980,3.8418355684140,0.0096074585191,0.9377359603918,0.3933848983620,0.0000019755152
126732,0.2536919833063,3.8418957702370,0.0096542925393,0.9376694248334,0.3933820592373,0.0000019755152
126734,0.2536990313683,3.8420025056537,0.0095366593197,0.9376810613038,0.3933373111816,0.0000019755152
126736,0.2536944791880,3.8419335677161,0.0095366593197,0.9376160578059,0.3933131201794,0.0000019755152
126753,0.2536884001133,3.8418415065837,0.0095834933399,0.9374674516578,0.3932788156192,0.0000019755152
126758,0.2536982734993,3.8419910285333,0.0096057286188,0.9373099536018,0.3932342114443,0.0000019755152
126774,0.2536973831698,3.8419775454378,0.0095822427432,0.9372268638489,0.3931942803724,0.0000019755152
126791,0.2536921381030,3.8418981144693,0.0095600074644,0.9372451406984,0.3931901544705,0.0000019755152
126808,0.2536897021602,3.8418612247011,0.0095600074644,0.9371056474433,0.3931398134631,0.0000019755152
126809,0.2536914779151,3.8418881166251,0.0095600074644,0.9369702814821,0.3930918489959,0.0000019755152
126822,0.2536909795584,3.8418805695416,0.0096068414846,0.9368603133284,0.3930725395875,0.0000019537845
126825,0.2536926419819,3.8419057451800,0.0096164000101,0.9337647526128,0.3919714349336,0.0000019537845
126854,0.2536999593532,3.8420165590009,0.0096135902994,0.9337262464717,0.3919580465868,0.0000019537845
126877,0.2536947893272,3.8419382644450,0.0095667562792,0.9337771573489,0.3919550494572,0.0000019537845
126891,0.2536907391710,3.8418769291298,0.0096135902994,0.9336656106156,0.3919344151705,0.0000019537845
126899,0.2536855444297,3.8417982602877,0.0096135902994,0.9335970954751,0.3919088323187,0.0000019537845
126908,0.2536807891755,3.8417262470106,0.0096604243196,0.9334542028685,0.3918768519848,0.0000019537845
126917,0.2536811372099,3.8417315176216,0.0097072583399,0.9333196506533,0.3918489439240,0.0000019537845
126918,0.2536829518905,3.8417589990329,0.0096826595985,0.9333034392533,0.3918330006806,0.0000019537845
126922,0.2536803690064,3.8417198839959,0.0096358255783,0.9333063444876,0.3918134130662,0.0000019537845
126931,0.2536784176525,3.8416903328118,0.0095181923587,0.9331136374880,0.3916937567535,0.0000019537845
126937,0.2536737092047,3.8416190283681,0.0095181923587,0.9322747564955,0.3913931474460,0.0000019537845
126943,0.2536618644664,3.8414396523810,0.0095208643384,0.9322248284717,0.3913739229849,0.0000019537845
126944,0.2536631974291,3.8414598386858,0.0095676983586,0.9321090404502,0.3913529274779,0.0000019537845
126947,0.2536547787341,3.8413323464879,0.0096145323789,0.9319759365954,0.3913236581037,0.0000019537845
126954,0.2536535222484,3.8413133183460,0.0096358255783,0.9318932130057,0.3913029703745,0.0000019537845
126970,0.2536513220260,3.8412799983128,0.0096826595985,0.9317732657147,0.3912797323030,0.0000019537845
126985,0.2536574158607,3.8413722829712,0.0095650263789,0.9318412137435,0.3912548910409,0.0000019537845
126998,0.2536602993527,3.8414159503962,0.0096182841690,0.9317693339690,0.3912526623512,0.0000019322929
127012,0.2536623070036,3.8414463541372,0.0096555596637,0.9317182954199,0.3912508397209,0.0000019322929
127029,0.2536600231160,3.8414117670838,0.0096555596637,0.9316116405345,0.3912122592859,0.0000019322929
127052,0.2536561782130,3.8413535401106,0.0095379264441,0.9316742689174,0.3911833884208,0.0000019322929
127072,0.2536569222766,3.8413648081627,0.0095379264441,0.9316375055675,0.3911704180951,0.0000019322929
127086,0.2536613199255,3.8414314058880,0.0094910924239,0.9316537506972,0.3911570905576,0.0000019322929
127089,0.2536635194450,3.8414647152752,0.0094910924239,0.9315839653814,0.3911326385561,0.0000019322929
127094,0.2536665666291,3.8415108616435,0.0094910924239,0.9315605048861,0.3911249127758,0.0000019322929
127099,0.2536661444966,3.8415044688949,0.0094442584036,0.9311510889548,0.3909585306204,0.0000019322929
127105,0.2536768863825,3.8416671433536,0.0094206017417,0.9309487734378,0.3908784383419,0.0000019322929
127114,0.2536707757209,3.8415746038699,0.0094206017417,0.9309044537357,0.3908613004494,0.0000019322929
127116,0.2536623098760,3.8414463976368,0.0094206017417,0.9308748953941,0.3908489297892,0.0000019322929
127147,0.2536619102667,3.8414403459781,0.0094206017417,0.9307234130180,0.3907947433100,0.0000019322929
127148,0.2536620197980,3.8414420047134,0.0093765774322,0.9305719126099,0.3907217919312,0.0000019322929
127161,0.2536619307540,3.8414406562362,0.0093994462732,0.9304858069204,0.3907008217502,0.0000019110377
127191,0.2536550506848,3.8413364648919,0.0094915386720,0.9303671019471,0.3906964209873,0.0000019110377
127212,0.2536547057386,3.8413312410489,0.0094915386720,0.9302455689578,0.3906529424312,0.0000019110377
127214,0.2536449901778,3.8411841091943,0.0094915386720,0.9302307207000,0.3906455575761,0.0000019110377
127215,0.2536469290581,3.8412134714773,0.0094447046518,0.9302564493409,0.3906350901278,0.0000019110377
127223,0.2536411655009,3.8411261885226,0.0093978706316,0.9302982577825,0.3906287149432,0.0000019110377
127233,0.2536499555181,3.8412593040011,0.0092802374120,0.9301209199873,0.3905168493544,0.0000019110377
127253,0.2536429772054,3.8411536248632,0.0092380972613,0.9301565490918,0.3905100186174,0.0000019110377
127271,0.2536417375514,3.8411348516198,0.0092407692410,0.9300962065434,0.3904893472012,0.0000019110377
127277,0.2536499869660,3.8412597802462,0.0092407692410,0.9300801766485,0.3904853899705,0.0000019110377
127279,0.2536465966196,3.8412084370502,0.0092652137238,0.9299968106421,0.3904653661009,0.0000019110377
127288,0.2536451904923,3.8411871427441,0.0091475805042,0.9300355881756,0.3904284996700,0.0000019110377
127308,0.2536474540949,3.8412214226033,0.0090576807815,0.9299255433336,0.3903511545458,0.0000019110377
127311,0.2536451992761,3.8411872757651,0.0090492185941,0.9269280745067,0.3892765201376,0.0000019110377
127329,0.2536348443730,3.8410304617502,0.0090224437043,0.9269268585985,0.3892623920241,0.0000019110377
127330,0.2536360014559,3.8410479845424,0.0090224437043,0.9268440442297,0.3892330634101,0.0000019110377
127340,0.2536328393074,3.8410000971607,0.0090224437043,0.9268307989012,0.3892276553324,0.0000018900163
127341,0.2536317477030,3.8409835659715,0.0090692777245,0.9267313988143,0.3892119931091,0.0000018900163
127354,0.2536319450267,3.8409865542291,0.0089837633542,0.9267681806484,0.3891885227462,0.0000018900163
127360,0.2536263961789,3.8409025228204,0.0089928425761,0.9267251541622,0.3891758582003,0.0000018900163
127381,0.2536219729694,3.8408355380078,0.0089460085559,0.9265315566960,0.3890856966946,0.0000018900163
127398,0.2536171636758,3.8407627063622,0.0088322979127,0.9263674069542,0.3889773080911,0.0000018900163
127404,0.2536136778967,3.8407099179377,0.0088764599532,0.9262602027093,0.3889572004969,0.0000018900163
127446,0.2536096571619,3.8406490281768,0.0088443411039,0.9262973221440,0.3889558306306,0.0000018900163
127490,0.2536095204078,3.8406469571811,0.0088872525477,0.9261133424323,0.3889084849050,0.0000018900163
127515,0.2536057091629,3.8405892399229,0.0089618200649,0.9259086674057,0.3888665274933,0.0000018692261
127524,0.2536100285697,3.8406546527543,0.0089618200649,0.9257460394284,0.3888093716600,0.0000018692261
127526,0.2536141376219,3.8407168799873,0.0089618200649,0.9256858049074,0.3887887398423,0.0000018692261
127540,0.2536109754122,3.8406689916789,0.0090086540851,0.9255762296018,0.3887689999112,0.0000018486646
127543,0.2536107237871,3.8406651810832,0.0090086540851,0.9255660344398,0.3887653048622,0.0000018486646
127547,0.2536193938076,3.8407964793400,0.0090554881054,0.9253978549079,0.3887271703282,0.0000018486646
127553,0.2536255396104,3.8408895509999,0.0090554881054,0.9252629011826,0.3886802895269,0.0000018486646
127580,0.2536343672602,3.8410232363847,0.0089378548857,0.9253816871462,0.3886741904876,0.0000018486646
127609,0.2536290713794,3.8409430358919,0.0088910208655,0.9253543774498,0.3886432304700,0.0000018486646
127619,0.2536341870430,3.8410205071865,0.0089218725904,0.9251471402700,0.3885835355730,0.0000018486646
127634,0.2536361416137,3.8410501070848,0.0088484179390,0.9249898929883,0.3884963141012,0.0000018486646
127638,0.2536305896000,3.8409660277306,0.0088510733910,0.9248245438855,0.3884372091838,0.0000018486646
127672,0.2536249060049,3.8408799557159,0.0088979074112,0.9247054530246,0.3884135305432,0.0000018283293
127690,0.2536178253393,3.8407727265521,0.0089225061526,0.9246721641388,0.3884106666877,0.0000018283293
127710,0.2536071466265,3.8406110087833,0.0089225061526,0.9246492639061,0.3884001997375,0.0000018283293
127769,0.2535985881933,3.8404814003979,0.0089693401728,0.9244640153703,0.3883522773192,0.0000018283293
127791,0.2536005699502,3.8405114120028,0.0089731084907,0.9243373857374,0.3883090921058,0.0000018283293
127836,0.2536086656050,3.8406340121010,0.0089485097493,0.9243555005252,0.3883067541384,0.0000018283293
127853,0.2536200272097,3.8408060715428,0.0089953437695,0.9241022880226,0.3882388274542,0.0000018082177
127858,0.2536225635879,3.8408444822973,0.0089550877778,0.9239606710683,0.3881715409123,0.0000018082177
127874,0.2536199786098,3.8408053355489,0.0089550877778,0.9239298692448,0.3881599863371,0.0000018082177
127884,0.2536306590767,3.8409670798814,0.0090019217980,0.9238451049849,0.3881520737816,0.0000018082177
127887,0.2536467805314,3.8412112221990,0.0090487558182,0.9237229857583,0.3881319860925,0.0000018082177
127888,0.2536534788751,3.8413126615029,0.0090487558182,0.9236918255627,0.3881222928106,0.0000018082177
127893,0.2536564847458,3.8413581822245,0.0091663890379,0.9233868479277,0.3880644305788,0.0000018082177
127894,0.2536569471558,3.8413651849322,0.0091195550176,0.9224264275217,0.3877014506558,0.0000018082177
127898,0.2536536076008,3.8413146109171,0.0091195550176,0.9223933062908,0.3876889060259,0.0000018082177
127906,0.2536467469349,3.8412107134146,0.0091436744554,0.9222310626360,0.3876398286227,0.0000018082177
127908,0.2536548863069,3.8413339755641,0.0090968404352,0.9222368016777,0.3876235507086,0.0000018082177
127928,0.2536455016386,3.8411918547242,0.0091436744554,0.9221781614842,0.3876206685049,0.0000018082177
127943,0.2536491954169,3.8412477930751,0.0091905084757,0.9220655016562,0.3876012960989,0.0000018082177
127945,0.2536520516815,3.8412910481709,0.0092107053370,0.9219378445165,0.3875649721178,0.0000018082177
127953,0.2536584846835,3.8413884691571,0.0092107053370,0.9219230654350,0.3875610723748,0.0000018082177
127968,0.2536580141110,3.8413813428363,0.0092107053370,0.9218849442756,0.3875473568381,0.0000018082177
127973,0.2536548632260,3.8413336260277,0.0092107053370,0.9218645407613,0.3875393946790,0.0000018082177
127978,0.2536602398189,3.8414150488201,0.0092107053370,0.9218267461254,0.3875270487218,0.0000018082177
127982,0.2536604880235,3.8414188076150,0.0092107053370,0.9218235573192,0.3875259630492,0.0000018082177
127992,0.2536658639028,3.8415002195999,0.0091438121863,0.9218932889713,0.3875233506917,0.0000018082177
127999,0.2536609255252,3.8414254331129,0.0091438121863,0.9218235573192,0.3874973883064,0.0000018082177
128000,0.2536580418888,3.8413817635012,0.0091738760904,0.9217039020631,0.3874669208946,0.0000018082177
128005,0.2536532200265,3.8413087415150,0.0091929766136,0.9215724189920,0.3874271153372,0.0000018082177
128014,0.2536584108404,3.8413873508824,0.0091929766136,0.9215466345650,0.3874190189306,0.0000017883273
128023,0.2536661093214,3.8415039362033,0.0092398106339,0.9213875660690,0.3873839301509,0.0000017883273
128028,0.2536669686781,3.8415169502486,0.0092866446541,0.9212534782930,0.3873562975303,0.0000017883273
128048,0.2536581965522,3.8413841057141,0.0092120771369,0.9211792652432,0.3872959556210,0.0000017883273
128060,0.2536648884927,3.8414854480491,0.0091652431167,0.9212052091973,0.3872865835832,0.0000017883273
128080,0.2536623319109,3.8414467313314,0.0090676690275,0.9211917933514,0.3872394269039,0.0000017883273
128090,0.2536544692789,3.8413276601173,0.0089500358078,0.9212474925441,0.3872072203860,0.0000017883273
128109,0.2536521645719,3.8412927577757,0.0089389181684,0.9210418740197,0.3871285266303,0.0000017883273
128110,0.2536561147567,3.8413525791317,0.0089982912111,0.9208912483976,0.3871010238232,0.0000017883273
128117,0.2536478314697,3.8412271375438,0.0091159244307,0.9206965242729,0.3870801187399,0.0000017883273
128144,0.2536402476850,3.8411122891755,0.0091159244307,0.9206834804776,0.3870738351448,0.0000017883273
128150,0.2536519796341,3.8412899570897,0.0091159244307,0.9206230581959,0.3870547697476,0.0000017883273
128157,0.2536483415599,3.8412348623185,0.0091196927486,0.9205628695029,0.3870341091918,0.0000017883273
128159,0.2536441650666,3.8411716137604,0.0090728587283,0.9204121694757,0.3869593210677,0.0000017883273
128215,0.2536382493251,3.8410820261355,0.0091904919479,0.9202415804551,0.3869475429956,0.0000017686557
128250,0.2536403352575,3.8411136153669,0.0092373259682,0.9201076243495,0.3869202202378,0.0000017686557
128270,0.2536333222015,3.8410074100800,0.0091196927486,0.9201958785596,0.3868998225638,0.0000017686557
128313,0.2536293797481,3.8409477058081,0.0090387179892,0.9200199509042,0.3868014429786,0.0000017686557
128347,0.2536322333299,3.8409909202750,0.0089918839690,0.9199365981774,0.3867522139064,0.0000017686557
128362,0.2536293323718,3.8409469883439,0.0089450499487,0.9199662037968,0.3867420939851,0.0000017492005
128397,0.2536341400015,3.8410197947921,0.0089450499487,0.9199097191344,0.3867229510978,0.0000017492005
128414,0.2536393424740,3.8410985807153,0.0089450499487,0.9198913029610,0.3867174887085,0.0000017492005
128435,0.2536436474554,3.8411637750879,0.0089450499487,0.9198247578232,0.3866946450839,0.0000017492005
128440,0.2536337094771,3.8410132749568,0.0089450499487,0.9198086641164,0.3866867677647,0.0000017492005
128476,0.2536408438168,3.8411213169589,0.0088274167291,0.9198923008914,0.3866677525916,0.0000017492005
128527,0.2536412349984,3.8411272409888,0.0087097835095,0.9199054658078,0.3866221239351,0.0000017299593
128568,0.2536432148170,3.8411572232392,0.0087097835095,0.9198914600954,0.3866175461418,0.0000017299593
128569,0.2536435333269,3.8411620467336,0.0086629494892,0.9198561925532,0.3865849471201,0.0000017299593
128575,0.2536375824224,3.8410719266024,0.0086818957539,0.9198213549621,0.3865793497572,0.0000017299593
128584,0.2536384048056,3.8410843807228,0.0087287297741,0.9196620905709,0.3865427175654,0.0000017299593
128591,0.2536375803399,3.8410718950649,0.0087287297741,0.9196413624994,0.3865351380115,0.0000017299593
128601,0.2536379792198,3.8410779356785,0.0086662219758,0.9196299646367,0.3865043637641,0.0000017299593
128677,0.2536308964005,3.8409706738989,0.0086543165155,0.9195587047039,0.3864722937010,0.0000017299593
128715,0.2536368810022,3.8410613043380,0.0086074824953,0.9195648961543,0.3864557156250,0.0000017109297
128741,0.2536499091260,3.8412586014418,0.0086074824953,0.9195348449043,0.3864477747765,0.0000017109297
128806,0.2536526759144,3.8413005015150,0.0085404516137,0.9195548183702,0.3864267735197,0.0000017109297
128840,0.2536510690943,3.8412761679304,0.0085175827726,0.9195536325852,0.3864162047746,0.0000017109297
128868,0.2536595881096,3.8414051793745,0.0085644167929,0.9194150005696,0.3863885905667,0.0000016921095
128880,0.2536517794299,3.8412869252096,0.0086619908821,0.9192749041877,0.3863787003229,0.0000016921095
128884,0.2536474664307,3.8412216094161,0.0087049188536,0.9191301026967,0.3863444589926,0.0000016921095
128914,0.2536493007379,3.8412493880513,0.0086215971594,0.9189738495544,0.3862533380673,0.0000016921095
128938,0.2536474239630,3.8412209662868,0.0086569884953,0.9188934899923,0.3862394037730,0.0000016921095
128971,0.2536404837481,3.8411158641001,0.0086347532164,0.9189065146286,0.3862330388347,0.0000016921095
129004,0.2536426216326,3.8411482400917,0.0086324062816,0.9188779246359,0.3862222804119,0.0000016734963
129042,0.2536358096699,3.8410450801475,0.0085855722614,0.9188683359409,0.3861973244488,0.0000016550878
129043,0.2536335369366,3.8410106620141,0.0085805698746,0.9188750103197,0.3861970772611,0.0000016550878
129047,0.2536340430377,3.8410183263788,0.0085392175447,0.9187428220896,0.3861322532021,0.0000016550878
129067,0.2536348503975,3.8410305529860,0.0085299675365,0.9186042375515,0.3860789674407,0.0000016550878
129068,0.2536361791854,3.8410506760670,0.0085299675365,0.9184275341952,0.3860161438393,0.0000016550878
129085,0.2536362961406,3.8410524472297,0.0085768015567,0.9182690207825,0.3859796286910,0.0000016550878
129087,0.2536351232858,3.8410346855892,0.0085175993004,0.9183253129622,0.3859741093193,0.0000016550878
129139,0.2536234275669,3.8408575663423,0.0084663799278,0.9183845671972,0.3859708141610,0.0000016550878
129141,0.2536255779165,3.8408901311051,0.0085094456302,0.9182409843947,0.3859384521075,0.0000016550878
129150,0.2536289946292,3.8409418735910,0.0085028676017,0.9182356353182,0.3859344547206,0.0000016550878
129167,0.2536298168664,3.8409543255006,0.0085497016220,0.9180632545144,0.3858931380645,0.0000016550878
129173,0.2536195426742,3.8407987337664,0.0085468919113,0.9180386974630,0.3858809619147,0.0000016550878
129175,0.2536242270157,3.8408696731466,0.0085937259315,0.9178936813424,0.3858502459535,0.0000016550878
129176,0.2536247063878,3.8408769327273,0.0085497016220,0.9179214554706,0.3858414004463,0.0000016550878
129187,0.2536221388151,3.8408380495648,0.0085497016220,0.9178244374792,0.3858062009695,0.0000016550878
129195,0.2536265209461,3.8409044122864,0.0085497016220,0.9150299457906,0.3848091072516,0.0000016550878
129231,0.2536290407926,3.8409425726865,0.0085965356422,0.9148864402300,0.3847784669558,0.0000016368818
129233,0.2536282016084,3.8409298641329,0.0086433696624,0.9147918391820,0.3847645727650,0.0000016368818
129259,0.2536391578269,3.8410957844313,0.0085965356422,0.9137025438220,0.3843578147460,0.0000016368818
129262,0.2536323048954,3.8409920040592,0.0086231728011,0.9136683907022,0.3843555646431,0.0000016368818
129267,0.2536306006353,3.8409661948489,0.0085846301819,0.9137014912473,0.3843505028024,0.0000016368818
129275,0.2536306120072,3.8409663670638,0.0085470461699,0.9135575052682,0.3842829742416,0.0000016368818
129337,0.2536342316350,3.8410211824850,0.0085818039435,0.9134922617331,0.3842753448023,0.0000016368818
129343,0.2536409726194,3.8411232675364,0.0085454705283,0.9133916162359,0.3842252730148,0.0000016368818
129364,0.2536223422888,3.8408411309583,0.0084986365080,0.9134311315392,0.3842153216865,0.0000016368818
129381,0.2536162253388,3.8407484962444,0.0084958267974,0.9134355791855,0.3842143951949,0.0000016188761
129386,0.2536095113817,3.8406468204914,0.0085426608176,0.9133008142633,0.3841848978834,0.0000016188761
129407,0.2536086347168,3.8406335443313,0.0085426608176,0.9132893570566,0.3841806181670,0.0000016188761
129415,0.2536048967079,3.8405769361557,0.0086602940372,0.9122103419421,0.3838448688612,0.0000016188761
129420,0.2536067347906,3.8406047719660,0.0086379044997,0.9122335195161,0.3838439449250,0.0000016188761
129424,0.2536027046747,3.8405437401387,0.0086841214855,0.9121022799870,0.3838160173480,0.0000016188761
129425,0.2535979161384,3.8404712228400,0.0086891238723,0.9120314353435,0.3837918334547,0.0000016188761
129435,0.2535990243741,3.8404880058944,0.0087359578925,0.9119256671821,0.3837743683134,0.0000016188761
129439,0.2535954023032,3.8404331534746,0.0087351700717,0.9117952537367,0.3837266782874,0.0000016188761
129447,0.2535904704226,3.8403584653792,0.0087487889045,0.9116285776241,0.3836719309154,0.0000016188761
129457,0.2535848299680,3.8402730466822,0.0087503645462,0.9115192111234,0.3836323380570,0.0000016188761
129464,0.2535862072897,3.8402939047568,0.0087503645462,0.9114928041890,0.3836232021494,0.0000016188761
129486,0.2535850947317,3.8402770562470,0.0087503645462,0.9106802874468,0.3833327791933,0.0000016188761
129487,0.2535836857367,3.8402557185133,0.0087971985664,0.9105401515457,0.3833025004526,0.0000016188761
129491,0.2535827149956,3.8402410176700,0.0088173954277,0.9104545641333,0.3832803813014,0.0000016188761
129498,0.2535781195903,3.8401714251359,0.0088173954277,0.9104002960040,0.3832600150970,0.0000016188761
129510,0.2535801400706,3.8402020231651,0.0088592270612,0.9102663245120,0.3832305289385,0.0000016188761
129536,0.2535804908431,3.8402073352421,0.0088592270612,0.9102357707843,0.3832196920584,0.0000016188761
129583,0.2535764315783,3.8401458619852,0.0088592270612,0.9102088606005,0.3832092114360,0.0000016010685
129593,0.2535804959246,3.8402074121958,0.0089060610814,0.9075052755859,0.3822645880137,0.0000016010685
129601,0.2535765627308,3.8401478481513,0.0089060610814,0.9074629697129,0.3822486359461,0.0000016010685
129622,0.2535739531075,3.8401083281771,0.0089060610814,0.9047434926117,0.3812768349192,0.0000016010685
129636,0.2535795770064,3.8401934961543,0.0089528951016,0.9046163134391,0.3812526906303,0.0000016010685
129651,0.2535840519719,3.8402612647576,0.0089997291219,0.9017969318727,0.3802667992865,0.0000016010685
129653,0.2535779100398,3.8401682517161,0.0089578974884,0.9016315141382,0.3801884775529,0.0000016010685
129687,0.2535760518433,3.8401401113026,0.0089110634682,0.9016730645172,0.3801828470661,0.0000016010685
129706,0.2535743056169,3.8401136665575,0.0088820959022,0.9016787211724,0.3801720784376,0.0000016010685
129716,0.2535801989346,3.8402029145978,0.0088352618820,0.9015280211452,0.3800994481301,0.0000015834568
129731,0.2535814867049,3.8402224165121,0.0088352618820,0.9015207919925,0.3800971422407,0.0000015834568
129740,0.2535820018630,3.8402302180345,0.0088352618820,0.9014380949735,0.3800677179820,0.0000015834568
129823,0.2535795654111,3.8401933205567,0.0088820959022,0.9013002925985,0.3800380524742,0.0000015834568
129856,0.2535747382599,3.8401202184754,0.0088679977658,0.9012878210267,0.3800265218934,0.0000015834568
129884,0.2535672358168,3.8400066019400,0.0088493600184,0.9012667132481,0.3800093881287,0.0000015660387
129922,0.2535668873072,3.8400013241327,0.0088493600184,0.9012642543773,0.3800084352799,0.0000015660387
129932,0.2535641771282,3.8399602813484,0.0088493600184,0.9012329964468,0.3799966909806,0.0000015660387
129936,0.2535640702218,3.8399586623649,0.0087317267988,0.9012077040494,0.3799372208361,0.0000015660387
129939,0.2535647048289,3.8399682728155,0.0087785608190,0.9010546950862,0.3799027824880,0.0000015660387
129995,0.2535666840637,3.8399982462247,0.0087345365095,0.9010508713983,0.3798829734457,0.0000015660387
130062,0.2535622077042,3.8399304565125,0.0087345365095,0.9010512631585,0.3798821541401,0.0000015488123
130080,0.2535637169538,3.8399533124956,0.0088521697291,0.9001201984755,0.3796003686867,0.0000015488123
130110,0.2535697570183,3.8400447828608,0.0088521697291,0.8991440443889,0.3792530365267,0.0000015488123
130123,0.2535729656297,3.8400933738739,0.0088560757778,0.8988056752945,0.3791345520021,0.0000015488123
130173,0.2535710180419,3.8400638797245,0.0088092417576,0.8987959324606,0.3791105833553,0.0000015488123
130196,0.2535728423757,3.8400915073220,0.0087635206032,0.8987619904315,0.3790792573502,0.0000015488123
130282,0.2535670082009,3.8400031549391,0.0088103546234,0.8985553811658,0.3790242898694,0.0000015317754
130287,0.2535729947525,3.8400938149076,0.0086927214038,0.8984909958012,0.3789521636919,0.0000015317754
130292,0.2535776713295,3.8401646367008,0.0086927214038,0.8984197343244,0.3789277152881,0.0000015317754
130297,0.2535774430212,3.8401611792149,0.0086192502246,0.8984282977005,0.3788992370653,0.0000015317754
130338,0.2535814361508,3.8402216509228,0.0086660842449,0.8982862600020,0.3788694367094,0.0000015317754
130420,0.2535861483761,3.8402930125731,0.0086192502246,0.8983123148795,0.3788596800624,0.0000015149258
130459,0.2535956266138,3.8404365504205,0.0085990533633,0.8983288854646,0.3788589733817,0.0000015149258
130461,0.2535979149203,3.8404712043935,0.0085990533633,0.8982678814413,0.3788376765820,0.0000014982617
130469,0.2535901789986,3.8403540520721,0.0085017877913,0.8983892033314,0.3788376628858,0.0000014982617
130496,0.2535923370355,3.8403867332499,0.0085017877913,0.8983685097280,0.3788307347496,0.0000014982617
130511,0.2535977044550,3.8404680171206,0.0085486218116,0.8982346160130,0.3788041374500,0.0000014982617
130528,0.2536004583854,3.8405097224722,0.0085954558318,0.8980911914731,0.3787735762509,0.0000014982617
130548,0.2536126061351,3.8406936872465,0.0086422898520,0.8979239299292,0.3787365147974,0.0000014982617
130566,0.2536104213855,3.8406606015324,0.0086339984510,0.8979171483336,0.3787300711807,0.0000014817808
130588,0.2536110664002,3.8406703695960,0.0086339984510,0.8979166623747,0.3787300358415,0.0000014817808
130622,0.2536059304590,3.8405925912174,0.0086825458438,0.8978584686093,0.3787289578204,0.0000014817808
130623,0.2536031405958,3.8405503417020,0.0086908372449,0.8977340013319,0.3786874608511,0.0000014817808
130684,0.2535974649380,3.8404643898899,0.0086908372449,0.8951526626802,0.3777643379775,0.0000014817808
130690,0.2535914986661,3.8403740370353,0.0086908372449,0.8950811531814,0.3777375203839,0.0000014817808
130711,0.2535927482133,3.8403929601006,0.0085739918461,0.8949304038825,0.3776338725092,0.0000014817808
130740,0.2535962333330,3.8404457385385,0.0086208258663,0.8948232079477,0.3776164067811,0.0000014654812
130779,0.2535864579199,3.8402977002849,0.0086208258663,0.8948146890277,0.3776112695783,0.0000014654812
130784,0.2535828440645,3.8402429722815,0.0086208258663,0.8947832410639,0.3775992637651,0.0000014654812
130792,0.2535841455089,3.8402626812748,0.0086676598865,0.8947108567983,0.3775937628455,0.0000014654812
130890,0.2535882460887,3.8403247802040,0.0086703153386,0.8946995213476,0.3775917312168,0.0000014654812
130927,0.2535903787094,3.8403570764802,0.0086686019660,0.8946544132148,0.3775753438570,0.0000014493609
130992,0.2536024309259,3.8405395945048,0.0087606943648,0.8944614891256,0.3775484931853,0.0000014493609
131018,0.2536033837953,3.8405540247001,0.0087383048273,0.8944348779875,0.3775295978777,0.0000014493609
131105,0.2536075483544,3.8406170925264,0.0087383048273,0.8943924786040,0.3775153476462,0.0000014334179
131168,0.2535911512500,3.8403687757877,0.0087383048273,0.8943521510341,0.3774974312775,0.0000014334179
131178,0.2535981876310,3.8404753343081,0.0087383048273,0.8943315913310,0.3774915963223,0.0000014334179
131229,0.2535991603143,3.8404900645634,0.0087138603446,0.8943295319059,0.3774805930385,0.0000014334179
131236,0.2536003403500,3.8405079349522,0.0086686019660,0.8943084718382,0.3774539280026,0.0000014334179
131256,0.2536063088974,3.8405983222663,0.0086382130170,0.8941557778226,0.3773876495648,0.0000014176503
131280,0.2536122075844,3.8406876516191,0.0086443117419,0.8941350227071,0.3773841147671,0.0000014176503
131304,0.2536218817413,3.8408341564553,0.0086911457621,0.8940082815879,0.3773609948383,0.0000014176503
131323,0.2536187681007,3.8407870036733,0.0085735125425,0.8938654943285,0.3772589179428,0.0000014176503
131501,0.2536172226147,3.8407635989283,0.0085735125425,0.8938551474952,0.3772548914696,0.0000014020562
131506,0.2536151148143,3.8407316785287,0.0085674138176,0.8938207655152,0.3772395467803,0.0000014020562
131541,0.2536212632023,3.8408247893379,0.0085674138176,0.8928686055278,0.3769008071537,0.0000014020562
131571,0.2536326912441,3.8409978548990,0.0085674138176,0.8928066073225,0.3768811138036,0.0000014020562
131585,0.2536318912097,3.8409857392272,0.0085674138176,0.8926860097216,0.3768378717959,0.0000013866336
131613,0.2536439734895,3.8411687125296,0.0084701482456,0.8927859386852,0.3768344645263,0.0000013866336
131675,0.2536422395202,3.8411424534041,0.0084701482456,0.8927761961986,0.3768306135019,0.0000013866336
131679,0.2536441691951,3.8411716762820,0.0084422770177,0.8927632570728,0.3768144610754,0.0000013866336
131704,0.2536316109626,3.8409814951826,0.0084422770177,0.8927413946488,0.3768039620170,0.0000013866336
131737,0.2536314307692,3.8409787663456,0.0084422770177,0.8927201300976,0.3767963289216,0.0000013866336
131744,0.2536270079278,3.8409117871068,0.0084422770177,0.8926770404821,0.3767799920214,0.0000013866336
131883,0.2536244856209,3.8408735894476,0.0084422770177,0.8926349465998,0.3767644179977,0.0000013713806
131891,0.2536235261601,3.8408590594316,0.0084422770177,0.8926076126374,0.3767544502695,0.0000013713806
131902,0.2536265413437,3.8409047211862,0.0084483757426,0.8925798271110,0.3767477867173,0.0000013713806
132152,0.2536230421602,3.8408517297679,0.0084065441092,0.8924364067359,0.3766778874868,0.0000013413761
132166,0.2536232250846,3.8408544999632,0.0084065441092,0.8914501133869,0.3763256790603,0.0000013413761
132241,0.2536102744246,3.8406583759662,0.0084065441092,0.8914377398765,0.3763184848080,0.0000013413761
132334,0.2536048168926,3.8405757274377,0.0084533781295,0.8913022294837,0.3762889904909,0.0000013266210
132368,0.2536038102207,3.8405604824595,0.0084649585448,0.8912375895824,0.3762706521316,0.0000013266210
132371,0.2536082657722,3.8406279570569,0.0084867310478,0.8911115554093,0.3762359257607,0.0000013266210
132399,0.2536151767483,3.8407326164537,0.0085335650680,0.7657982697197,0.3315027335179,0.0000013266210
132437,0.2536153469615,3.8407351941527,0.0084867310478,0.7658103996818,0.3314870303986,0.0000013120282
132462,0.2536168428998,3.8407578485494,0.0084398970275,0.7651363638891,0.3312265521650,0.0000013120282
132472,0.2536089499725,3.8406383185440,0.0083930630073,0.7651922822128,0.3312247599304,0.0000013120282
132503,0.2536140323890,3.8407152863476,0.0083194540972,0.7652642140756,0.3312199922949,0.0000013120282
132551,0.2536155457983,3.8407382053242,0.0082754297877,0.7652702763526,0.3312036141346,0.0000013120282
132567,0.2536101271368,3.8406561454481,0.0082754297877,0.7650894379295,0.3311378678417,0.0000013120282
132619,0.2536152468987,3.8407336788067,0.0082754297877,0.7627737210177,0.3303119231793,0.0000012975959
132634,0.2536210228054,3.8408211487830,0.0082464622217,0.7627828910232,0.3303040212045,0.0000012975959
132657,0.2536242829345,3.8408705199765,0.0081327350508,0.7628737594360,0.3302884325920,0.0000012975959
132695,0.2536219886694,3.8408357757674,0.0081136345276,0.7628416729494,0.3302682955657,0.0000012975959
132707,0.2536262789043,3.8409007468205,0.0081026711467,0.7628281065276,0.3302596711594,0.0000012975959
132719,0.2536272377122,3.8409152669488,0.0080928041040,0.7628086939764,0.3302487148316,0.0000012975959
132728,0.2536248924454,3.8408797503727,0.0081217716700,0.7627685004731,0.3302462721230,0.0000012975959
132736,0.2536226459109,3.8408457289926,0.0081686056902,0.7625928017802,0.3302031129125,0.0000012975959
132760,0.2536151145598,3.8407316746752,0.0082154397105,0.7625091465456,0.3301916939050,0.0000012975959
132840,0.2536117759222,3.8406811145529,0.0082591389751,0.7624098293505,0.3301742363121,0.0000012833223
132896,0.2536089001820,3.8406375645207,0.0082591389751,0.7624003288972,0.3301702270630,0.0000012833223
132907,0.2536037702649,3.8405598773711,0.0082530402502,0.7622699833192,0.3301199620637,0.0000012833223
132963,0.2536050555051,3.8405793409699,0.0082240726842,0.7622819048646,0.3301120804960,0.0000012692058
133086,0.2536100655378,3.8406552125966,0.0083227431115,0.7621399281653,0.3301047354363,0.0000012692058
133103,0.2536053469051,3.8405837539131,0.0083210297389,0.7621436914065,0.3301043340129,0.0000012692058
133176,0.2536159387519,3.8407441561890,0.0082741957187,0.7621856676838,0.3301015234990,0.0000012552445
133205,0.2536268795721,3.8409098432971,0.0082223593116,0.7621954565750,0.3300851483901,0.0000012552445
133218,0.2536215145771,3.8408285961427,0.0082223593116,0.7621954470742,0.3300839953552,0.0000012552445
133235,0.2536330288666,3.8410029678337,0.0082479001324,0.7621393144571,0.3300773614057,0.0000012552445
133252,0.2536326403713,3.8409970844844,0.0082479001324,0.7621212236098,0.3300708171398,0.0000012552445
133256,0.2536332282874,3.8410059878506,0.0081352692996,0.7621298771651,0.3300257633204,0.0000012552445
133272,0.2536384446299,3.8410849838192,0.0081821033199,0.6472368366301,0.2890137240685,0.0000012552445
133279,0.2536413763767,3.8411293820124,0.0082206459390,0.6471619551742,0.2890041271883,0.0000012552445
133307,0.2536422032808,3.8411419045980,0.0082267446639,0.6471241866316,0.2889934293560,0.0000012414368
133358,0.2536415585565,3.8411321409321,0.0082267446639,0.6470953878273,0.2889830059135,0.0000012277810
133416,0.2536360660799,3.8410489632047,0.0082480378634,0.6470532313378,0.2889758987221,0.0000012277810
133460,0.2536424433943,3.8411455408620,0.0082267446639,0.6470284489495,0.2889592887796,0.0000012142754
133470,0.2536438016861,3.8411661107490,0.0083091242786,0.6468873765753,0.2889445024005,0.0000012142754
133495,0.2536461551465,3.8412017514086,0.0083091242786,0.6468466595447,0.2889304649168,0.0000012142754
133590,0.2536435331890,3.8411620446448,0.0083091242786,0.6466439742894,0.2888575154775,0.0000012142754
133620,0.2536457310029,3.8411953282041,0.0083731911909,0.6465641123407,0.2888569215613,0.0000012142754
133675,0.2536397612103,3.8411049220318,0.0083551870057,0.6465530716573,0.2888439831394,0.0000012009184
133687,0.2536346350306,3.8410272914828,0.0083551870057,0.6465366184588,0.2888370085300,0.0000012009184
133688,0.2536356982707,3.8410433931246,0.0083551870057,0.6465089359126,0.2888273497435,0.0000012009184
133699,0.2536333439505,3.8410077394454,0.0083551870057,0.6456903146988,0.2885344805271,0.0000012009184
133719,0.2536324197577,3.8409937435254,0.0083497053153,0.6456957482474,0.2885338737430,0.0000012009184
133730,0.2536374607065,3.8410700833450,0.0082821951302,0.6457465815548,0.2885241757625,0.0000012009184
133740,0.2536418967492,3.8411372625016,0.0083034883296,0.6456746496920,0.2885085620489,0.0000012009184
133764,0.2536378032885,3.8410752713844,0.0083034883296,0.6456243647708,0.2884897259784,0.0000012009184
133864,0.2536445486841,3.8411774232407,0.0083034883296,0.6456099930068,0.2884860386474,0.0000011877083
133878,0.2536468636899,3.8412124815455,0.0083034883296,0.6455500877585,0.2884651399885,0.0000011877083
133929,0.2536433306071,3.8411589767575,0.0083056810058,0.6454876955722,0.2884430396941,0.0000011877083
133934,0.2536417091536,3.8411344215656,0.0081880477861,0.6456232900815,0.2884407046132,0.0000011877083
133981,0.2536453815152,3.8411900355834,0.0081880477861,0.6455951852456,0.2884314541065,0.0000011746435
133985,0.2536449390115,3.8411833343342,0.0081714484563,0.6454847446853,0.2883848022285,0.0000011746435
134057,0.2536422555773,3.8411426965723,0.0081982233461,0.6454125451482,0.2883699166107,0.0000011746435
134101,0.2536347932392,3.8410296873844,0.0081982233461,0.6452507715269,0.2883105412449,0.0000011746435
134124,0.2536382669678,3.8410822933160,0.0081797398574,0.6452555834979,0.2883050826812,0.0000011746435
134130,0.2536334860850,3.8410098919205,0.0082563292644,0.6444929378206,0.2880645087817,0.0000011746435
134170,0.2536410649644,3.8411246660034,0.0082563292644,0.6422331441685,0.2872590636658,0.0000011617224
134175,0.2536392224717,3.8410967634079,0.0083031632846,0.6421518022235,0.2872496898743,0.0000011617224
134190,0.2536395326206,3.8411014602840,0.0083031632846,0.6421373730272,0.2872446030504,0.0000011617224
134191,0.2536362466175,3.8410516972559,0.0082033965193,0.6421688613036,0.2872123875347,0.0000011617224
134222,0.2536446127684,3.8411783937295,0.0082502305395,0.6420931180919,0.2872072008573,0.0000011617224
134307,0.2536466240221,3.8412088520309,0.0082597890650,0.6419048005899,0.2871444721004,0.0000011489435
134312,0.2536474185230,3.8412208839039,0.0082482086497,0.6418989401711,0.2871375863087,0.0000011489435
134358,0.2536395724481,3.8411020634295,0.0081416930695,0.6419762184745,0.2871178548667,0.0000011489435
134409,0.2536436963155,3.8411645150237,0.0081706606355,0.6419288761439,0.2871142452485,0.0000011489435
134546,0.2536444813549,3.8411764036114,0.0081416930695,0.6419567910794,0.2871119684199,0.0000011363051
134682,0.2536476875811,3.8412249585027,0.0081416930695,0.6417513017724,0.2870392664302,0.0000011238057
134735,0.2536485717906,3.8412383489169,0.0080917242936,0.6418066338589,0.2870378021734,0.0000011238057
134743,0.2536369053516,3.8410616730843,0.0081385583139,0.6417290552770,0.2870276673088,0.0000011238057
134816,0.2536358413397,3.8410455597528,0.0080950133079,0.6417309469081,0.2870094527434,0.0000011114439
134932,0.2536449652201,3.8411837312364,0.0080950133079,0.6410574979867,0.2867708903887,0.0000011114439
134980,0.2536486303641,3.8412392359513,0.0081402882142,0.6388070809957,0.2859873589540,0.0000011114439
134982,0.2536342184776,3.8410209832295,0.0081402882142,0.5349787006853,0.2489027062960,0.0000010992180
135098,0.2536377521464,3.8410744968914,0.0080013452674,0.5351424566545,0.2489024008083,0.0000010992180
135180,0.2536283320163,3.8409318390221,0.0080013452674,0.5351455012371,0.2489014695599,0.0000010871266
135363,0.2536204264170,3.8408121171125,0.0080013452674,0.5351424566545,0.2488986881520,0.0000010751682
135493,0.2536201458342,3.8408078679843,0.0080464659151,0.5350775992952,0.2488948021049,0.0000010633414
135505,0.2536142215239,3.8407181505937,0.0080579085995,0.5350296370959,0.2488813072606,0.0000010633414
135584,0.2536092812162,3.8406433348785,0.0081047426197,0.5348599295966,0.2488397105250,0.0000010633414
135594,0.2536046711216,3.8405735198904,0.0080917408214,0.5348678475628,0.2488359782934,0.0000010633414
135675,0.2536050655272,3.8405794927447,0.0080915865627,0.5347089061103,0.2487792318935,0.0000010516446
135680,0.2536107550910,3.8406656551475,0.0081205541287,0.5346546813066,0.2487734997556,0.0000010516446
135709,0.2536107516602,3.8406656031922,0.0080904902247,0.5346487772442,0.2487585058964,0.0000010516446
135747,0.2536008236910,3.8405152546384,0.0080904902247,0.5342845613348,0.2486263013639,0.0000010516446
135764,0.2535975937773,3.8404663410236,0.0080904902247,0.5341280854685,0.2485697250016,0.0000010516446
136029,0.2536012682602,3.8405219871661,0.0081282450230,0.5338773346940,0.2484971391706,0.0000010286357
136035,0.2535997081324,3.8404983606877,0.0081019329090,0.5338351538200,0.2484704636394,0.0000010286357
136124,0.2536017355166,3.8405290632694,0.0081019329090,0.5338313208491,0.2484695291607,0.0000010286357
136245,0.2536039905630,3.8405632135529,0.0081487669293,0.5316623118177,0.2477154380252,0.0000010173207
136328,0.2535952670363,3.8404311050018,0.0081487669293,0.5316661447887,0.2477149376163,0.0000010173207
136366,0.2535905245535,3.8403592851343,0.0080311337097,0.5295957684622,0.2469240870164,0.0000010061301
136372,0.2535922798912,3.8403858678598,0.0080196910253,0.5295155011982,0.2468908922726,0.0000010061301
136446,0.2535896888398,3.8403466291372,0.0080196910253,0.5293885612969,0.2468450013683,0.0000010061301
136457,0.2535894615672,3.8403431873353,0.0080207873633,0.5292935926706,0.2468115051596,0.0000010061301
136665,0.2535847447979,3.8402717568708,0.0079103492067,0.5292197194355,0.2467367804865,0.0000009950627
136823,0.2535826770815,3.8402404435018,0.0079527978746,0.5291625543775,0.2467341135986,0.0000009841170
137104,0.2535751029595,3.8401257414643,0.0079456028116,0.5291604607097,0.2467286592355,0.0000009625855
137140,0.2535760484636,3.8401400601197,0.0079112912862,0.5292009430868,0.2467286148958,0.0000009625855
137183,0.2535802146652,3.8402031528201,0.0078987687914,0.5292014447247,0.2467243200263,0.0000009625855
137375,0.2535798714347,3.8401979549593,0.0079004821640,0.5291617661036,0.2467108098433,0.0000009415251
137423,0.2535814750114,3.8402222394257,0.0078826157097,0.5291796351436,0.2467098782150,0.0000009415251
137776,0.2535894597382,3.8403431596368,0.0079294497300,0.5291063010626,0.2467054702077,0.0000009209255
138147,0.2535940472128,3.8404126320700,0.0079294497300,0.4351455150176,0.2131490296504,0.0000009007766
138215,0.2535946784539,3.8404221915453,0.0079294497300,0.4336731927553,0.2126233355370,0.0000008908680
138398,0.2535957603685,3.8404385759946,0.0079070601925,0.4336156184128,0.2125934095946,0.0000008810685
138476,0.2535996161478,3.8404969676779,0.0079538942127,0.4331276825249,0.2124400447388,0.0000008810685
138500,0.2536101278735,3.8406561566055,0.0078406463454,0.4332085586782,0.2124226467917,0.0000008810685
138569,0.2536035399886,3.8405563900809,0.0078874803656,0.4331276825249,0.2124124224846,0.0000008713767
138599,0.2536056084605,3.8405877148925,0.0078813816407,0.4331062175052,0.2124025859108,0.0000008713767
138885,0.2535883453226,3.8403262829951,0.0078813816407,0.4330785122405,0.2123889919296,0.0000008523119
138912,0.2536000707367,3.8405038519449,0.0078841913514,0.4330160462157,0.2123703993855,0.0000008429364
138928,0.2536086333187,3.8406335231594,0.0078902900763,0.4329784955906,0.2123614370262,0.0000008429364
139167,0.2536004363568,3.8405093888733,0.0078434560561,0.4330004823831,0.2123474612373,0.0000008336641
139307,0.2536028760309,3.8405463351469,0.0078434560561,0.4312579155169,0.2117256387153,0.0000008244938
139492,0.2536133058509,3.8407042836992,0.0078434560561,0.4312481266257,0.2117243776441,0.0000008154244
139571,0.2536169558353,3.8407595588378,0.0078434560561,0.4312201222207,0.2117151582104,0.0000008064547
139632,0.2536200419900,3.8408062953746,0.0078885767037,0.4311055735809,0.2116942467212,0.0000008064547
139685,0.2536133911527,3.8407055755035,0.0079817654406,0.4309796839947,0.2116877990054,0.0000008064547
139736,0.2536064971593,3.8406011732929,0.0079817654406,0.4308493695347,0.2116397808425,0.0000008064547
139912,0.2535923572998,3.8403870401308,0.0079743995913,0.4306615031190,0.2115664989316,0.0000007888103
140080,0.2536076429717,3.8406185254057,0.0079275655710,0.4306899622815,0.2115598666964,0.0000007888103
140087,0.2536050546341,3.8405793277798,0.0079225631842,0.4306797502841,0.2115535210306,0.0000007801334
140123,0.2535966091610,3.8404514300557,0.0079225631842,0.4306746863589,0.2115499027416,0.0000007801334
140167,0.2536001795293,3.8405054994936,0.0078762084676,0.4307077721487,0.2115426178669,0.0000007801334
140199,0.2536042177495,3.8405666540505,0.0079230424878,0.4289924837281,0.2109509519154,0.0000007801334
140349,0.2536104658101,3.8406612742952,0.0079230424878,0.4289566643253,0.2109394981417,0.0000007715519
140756,0.2536066565229,3.8406035866844,0.0078583420133,0.4272388134173,0.2102974349096,0.0000007546711
140782,0.2536102707790,3.8406583207563,0.0078338975306,0.4272646735128,0.2102969689346,0.0000007463698
140816,0.2536038279977,3.8405607516740,0.0078780595711,0.4272047306652,0.2102931067675,0.0000007463698
140968,0.2536077673228,3.8406204085702,0.0078780595711,0.4258395626354,0.2098063908980,0.0000007381597
141176,0.2536048089693,3.8405756074469,0.0078959260253,0.4256783693287,0.2097558449788,0.0000007300399
141183,0.2535957568024,3.8404385219898,0.0079427600456,0.4255119176858,0.2097145299364,0.0000007300399
141195,0.2535956207722,3.8404364619561,0.0079427600456,0.4255018109993,0.2097108912562,0.0000007300399
141200,0.2536041554864,3.8405657111418,0.0078959260253,0.4255199068745,0.2096991112131,0.0000007300399
141217,0.2536100940866,3.8406556449379,0.0078959260253,0.4254089412167,0.2096607531782,0.0000007300399
141467,0.2536116638346,3.8406794171047,0.0078517639848,0.4254270884321,0.2096486441124,0.0000007140674
141523,0.2536112485999,3.8406731288164,0.0078293744473,0.4254369559559,0.2096424837331,0.0000007140674
141795,0.2536173692148,3.8407658190312,0.0077393039384,0.4255202468184,0.2096349403833,0.0000006984443
142285,0.2536191431965,3.8407926841010,0.0077682715043,0.4254702871457,0.2096298924531,0.0000006831630
142286,0.2536043959956,3.8405693533993,0.0078036628402,0.4254127633081,0.2096213558263,0.0000006831630
142311,0.2536110630511,3.8406703188770,0.0078151055246,0.4253490887487,0.2096049475746,0.0000006756483
142723,0.2536063318222,3.8405986694382,0.0078602261722,0.4252903675054,0.2096022992877,0.0000006608657
142971,0.2536058012894,3.8405906350820,0.0078754206467,0.4252723364847,0.2096022578694,0.0000006464067
143139,0.2536045395028,3.8405715266638,0.0079222546670,0.4251868208172,0.2095915178997,0.0000006464067
143275,0.2536004304126,3.8405092988534,0.0079150596040,0.4251978863386,0.2095915057539,0.0000006392962
143321,0.2536036151700,3.8405575286247,0.0079379284451,0.4251658347804,0.2095905421488,0.0000006322639
143376,0.2536027399728,3.8405442746911,0.0078754206467,0.4252329156565,0.2095875230058,0.0000006322639
143408,0.2536114297584,3.8406758722700,0.0078285866265,0.4252634846188,0.2095802308663,0.0000006322639
143445,0.2536154640331,3.8407369670777,0.0078299914818,0.4251893826307,0.2095552324389,0.0000006322639
143462,0.2536152496640,3.8407337206845,0.0078245097914,0.4251739483837,0.2095473249756,0.0000006322639
143624,0.2536001419951,3.8405049310770,0.0078708645081,0.4251201795964,0.2095447507868,0.0000006253090
143669,0.2535933187804,3.8404016007336,0.0079176985283,0.4250569256098,0.2095407696829,0.0000006184306
143838,0.2535955647056,3.8404356128872,0.0079176985283,0.4250466184425,0.2095375698214,0.0000006116279
143912,0.2535860295668,3.8402912133328,0.0079176985283,0.4250349401250,0.2095313557497,0.0000006116279
143920,0.2535809045592,3.8402136005327,0.0079645325485,0.4249605392987,0.2095237575330,0.0000006116279
144042,0.2535754805892,3.8401314602660,0.0079645325485,0.4249475997229,0.2095179739767,0.0000006049000
144120,0.2535689614397,3.8400327346667,0.0079650118521,0.4249202822374,0.2095070261871,0.0000006049000
144266,0.2535665770564,3.8399966257129,0.0079471453979,0.4248466657046,0.2094725665771,0.0000005982461
144469,0.2535838495469,3.8402581992445,0.0079003113776,0.4248848777435,0.2094698432588,0.0000005916654
144491,0.2535814474099,3.8402218214307,0.0079029833574,0.4248718202579,0.2094658102617,0.0000005916654
144510,0.2535863749627,3.8402964439864,0.0077870635103,0.4249395394757,0.2094413716663,0.0000005851571
144551,0.2535876866037,3.8403163073971,0.0077870635103,0.4248963374941,0.2094262234531,0.0000005851571
144635,0.2535848805943,3.8402738133640,0.0077870635103,0.4248852079069,0.2094216473128,0.0000005851571
144638,0.2535793205834,3.8401896129013,0.0077402294901,0.4249396650998,0.2094198331564,0.0000005851571
144652,0.2535685137418,3.8400259547572,0.0077463282150,0.4249286214416,0.2094161869802,0.0000005851571
144861,0.2535535175348,3.8397988531224,0.0077463282150,0.4249125180902,0.2094072223104,0.0000005723544
145270,0.2535533073205,3.8397956696491,0.0077865842068,0.4248554953615,0.2094040645721,0.0000005598319
145383,0.2535503639523,3.8397510954625,0.0077687177525,0.4248236315638,0.2093843968708,0.0000005536737
145471,0.2535490853515,3.8397317324112,0.0077375575104,0.4248401341122,0.2093766622627,0.0000005536737
145602,0.2535478161916,3.8397125123314,0.0077843915306,0.4247780291520,0.2093742816799,0.0000005475833
145622,0.2535501039223,3.8397471575855,0.0078312255508,0.4247176258767,0.2093732710325,0.0000005475833
145663,0.2535427874410,3.8396363572424,0.0078356109032,0.4246154081968,0.2093370763376,0.0000005475833
145836,0.2535304465777,3.8394494679683,0.0078295121783,0.4246264518550,0.2093357622912,0.0000005415599
145895,0.2535309190374,3.8394566228688,0.0077712354736,0.3410556164960,0.1794641608881,0.0000005356027
145925,0.2535358032783,3.8395305895124,0.0077411550419,0.2679663962172,0.1533490229409,0.0000005356027
145948,0.2535323990931,3.8394790367422,0.0077879890621,0.2678040513106,0.1533103848718,0.0000005356027
145983,0.2535386550504,3.8395737765735,0.0078348230823,0.2676498091489,0.1532767106707,0.0000005356027
146062,0.2535405882438,3.8396030527356,0.0078348230823,0.2676395772943,0.1532734706926,0.0000005297111
146079,0.2535278766649,3.8394105493680,0.0078348230823,0.2676264457676,0.1532660569519,0.0000005297111
146136,0.2535411069794,3.8396109084359,0.0077940877870,0.2676442935626,0.1532578082481,0.0000005297111
146235,0.2535452745600,3.8396740220199,0.0077879890621,0.2676398341200,0.1532544949038,0.0000005238843
146253,0.2535361539841,3.8395359005803,0.0077879890621,0.2676232378742,0.1532466132640,0.0000005238843
146274,0.2535367005363,3.8395441775319,0.0078296499092,0.2675601891876,0.1532420676430,0.0000005238843
146277,0.2535467636515,3.8396965727293,0.0078023957158,0.2675044917574,0.1532126517169,0.0000005238843
146382,0.2535538601387,3.8398040414945,0.0078023957158,0.2674914414237,0.1532095115592,0.0000005181216
146499,0.2535440364976,3.8396552728787,0.0077560409991,0.2675152721409,0.1531960511566,0.0000005181216
146517,0.2535458624538,3.8396829250475,0.0078028750194,0.2674529587640,0.1531942593784,0.0000005181216
146531,0.2535498392121,3.8397431488298,0.0078196451355,0.2673909499577,0.1531801527313,0.0000005124222
147203,0.2535495950861,3.8397394518013,0.0078229341498,0.2673628763387,0.1531714837036,0.0000004902449
147557,0.2535429397972,3.8396386645152,0.0078290328747,0.2673505181145,0.1531682576580,0.0000004795189
147701,0.2535508069728,3.8397578045381,0.0078301292128,0.2048517946668,0.1308494406806,0.0000004742442
147808,0.2535454161734,3.8396761666048,0.0078708645081,0.2047885623040,0.1308431605064,0.0000004690275
147925,0.2535519161751,3.8397746022295,0.0078708645081,0.2046182114623,0.1307837137775,0.0000004638682
148087,0.2535378312599,3.8395613011414,0.0078769632330,0.2045692929424,0.1307658384207,0.0000004587656
148089,0.2535374995444,3.8395562776617,0.0078786766056,0.2045523997785,0.1307604683685,0.0000004587656
148161,0.2535353249242,3.8395233453473,0.0078486127015,0.2045497905519,0.1307461859815,0.0000004587656
148528,0.2535318829529,3.8394712203456,0.0078436103147,0.2045044991576,0.1307271290382,0.0000004487283
148682,0.2535373614304,3.8395541860722,0.0078268401985,0.2045203799944,0.1307267875324,0.0000004437923
148686,0.2535311607375,3.8394602831613,0.0077431934594,0.2046121409134,0.1307223819669,0.0000004437923
148779,0.2535221828033,3.8393243218778,0.0077431934594,0.2045894413406,0.1307123511335,0.0000004389106
148815,0.2535118654344,3.8391680762785,0.0077269026468,0.2045998713491,0.1307068834949,0.0000004389106
148942,0.2535108555340,3.8391527824098,0.0077414800868,0.2045580193961,0.1306979674360,0.0000004340825
149108,0.2535159522704,3.8392299670710,0.0077883141071,0.2044017180670,0.1306633094135,0.0000004293076
149148,0.2535168597671,3.8392437101452,0.0077883141071,0.2043837926589,0.1306571019456,0.0000004293076
149154,0.2535285266008,3.8394203919574,0.0078166646385,0.2043099726356,0.1306453879151,0.0000004293076
149384,0.2535307765999,3.8394544658044,0.0078166646385,0.2042641399596,0.1306295012449,0.0000004245853
149400,0.2535307404590,3.8394539184892,0.0078155683005,0.2042629470482,0.1306285976015,0.0000004245853
149533,0.2535282882778,3.8394167828078,0.0078155683005,0.2042558304726,0.1306255304999,0.0000004199148
149714,0.2535232655466,3.8393407188761,0.0078606889481,0.2041969061733,0.1306227472282,0.0000004152958
149960,0.2535271972212,3.8394002599140,0.0078118165103,0.2042198424583,0.1306108359298,0.0000004062095
149965,0.2535289249856,3.8394264250722,0.0077649824901,0.2042015578844,0.1305846042371,0.0000004062095
150022,0.2535278381151,3.8394099655720,0.0077181484699,0.2042582999743,0.1305845646454,0.0000004062095
150224,0.2535235514608,3.8393450487433,0.0076713144496,0.2043091332817,0.1305817291063,0.0000004017412
150298,0.2535186775158,3.8392712380200,0.0076713144496,0.2042780317525,0.1305695770006,0.0000003973220
150427,0.2535214434552,3.8393131252367,0.0076730278222,0.2042031459986,0.1305441590923,0.0000003973220
150433,0.2535209334886,3.8393054023333,0.0076730278222,0.2041719098152,0.1305328940339,0.0000003973220
150660,0.2535228027756,3.8393337106998,0.0076604887997,0.2040720586045,0.1304922595820,0.0000003886290
150692,0.2535217058187,3.8393170984532,0.0076604887997,0.2040391682270,0.1304802779564,0.0000003886290
150797,0.2535069646343,3.8390938588638,0.0077073228200,0.2039638677665,0.1304702978325,0.0000003843541
150877,0.2535118812977,3.8391683165115,0.0077442897975,0.2039132182547,0.1304691052823,0.0000003843541
151070,0.2535093657266,3.8391302208582,0.0077911238177,0.2038376877815,0.1304616627853,0.0000003801262
151275,0.2535044516534,3.8390558024363,0.0077911238177,0.2038249757131,0.1304560697451,0.0000003759448
151767,0.2535096962486,3.8391352262629,0.0077470995081,0.2037521529559,0.1304123178981,0.0000003636746
152513,0.2535063778801,3.8390849730953,0.0077438104939,0.2037381273981,0.1304051881139,0.0000003441077
152819,0.2535028395318,3.8390313885654,0.0078005115569,0.2036605133838,0.1304010110611,0.0000003403226
153414,0.2535073467868,3.8390996461574,0.0077738743980,0.2036734613444,0.1303951852478,0.0000003255936
153487,0.2535100901925,3.8391411921257,0.0077738743980,0.2036140194344,0.1303745438669,0.0000003255936
153597,0.2535127567147,3.8391815737734,0.0078207084182,0.2035508900264,0.1303726407704,0.0000003220121
153604,0.2535101298703,3.8391417930026,0.0078189950456,0.2034918180500,0.1303502464382,0.0000003220121
153619,0.2535156699473,3.8392256915879,0.0077013618260,0.2035065979428,0.1303062978937,0.0000003220121
153644,0.2535204252024,3.8392977048788,0.0076811649647,0.2035074431135,0.1302989629259,0.0000003220121
153998,0.2535151442845,3.8392177309827,0.0076990314189,0.2034572015837,0.1302875449490,0.0000003149668
154225,0.2535152185049,3.8392188549721,0.0076836826858,0.2034719410168,0.1302862469081,0.0000003080756
154502,0.2535093461209,3.8391299239511,0.0076847790239,0.2034705006397,0.1302849439789,0.0000003046868
154505,0.2535076977702,3.8391049614296,0.0077311337405,0.2033942432089,0.1302772222713,0.0000003046868
154657,0.2535053455967,3.8390693402584,0.0077779677607,0.2033349259533,0.1302756052229,0.0000003013353
154842,0.2534985149530,3.8389658974111,0.0077768714227,0.2033363663304,0.1302741860748,0.0000002980206
154857,0.2535030998229,3.8390353303985,0.0077093612375,0.2032768407147,0.1302249764620,0.0000002980206
154885,0.2535162168683,3.8392339741267,0.0077317507750,0.2032003163520,0.1302100526439,0.0000002947423
155049,0.2535185881918,3.8392698853026,0.0077182696731,0.2031345646444,0.1301813004168,0.0000002915002
155175,0.2535092987225,3.8391292061518,0.0077182696731,0.2030743937583,0.1301578202141,0.0000002915002
155221,0.2535199320753,3.8392902369916,0.0076925911213,0.2030911841455,0.1301550902629,0.0000002882937
155260,0.2535107362238,3.8391509755835,0.0076752039707,0.2031015640631,0.1301493752008,0.0000002882937
155310,0.2535037003607,3.8390444249064,0.0076866466551,0.1509036178942,0.1115106478917,0.0000002882937
155364,0.2535103298258,3.8391448211172,0.0076554864129,0.1509186082984,0.1115040678176,0.0000002882937
155521,0.2535207492915,3.8393026128634,0.0076086523927,0.1509267012035,0.1114891191606,0.0000002851224
155537,0.2535246525779,3.8393617239923,0.0076376199587,0.1508664141228,0.1114808391500,0.0000002851224
155647,0.2535275380692,3.8394054216954,0.0076844539789,0.1507797443191,0.1114705756912,0.0000002819861
155679,0.2535255900728,3.8393759213584,0.0076844539789,0.1507009405442,0.1114420140581,0.0000002819861
155865,0.2535225495922,3.8393298765061,0.0076664497937,0.1507069024013,0.1114357756818,0.0000002788842
155907,0.2535185840255,3.8392698222082,0.0076957424047,0.1505921977785,0.1114065139569,0.0000002758165
156323,0.2535171687826,3.8392483898571,0.0077018411296,0.1505683160645,0.1114002952463,0.0000002697819
156560,0.2535338778012,3.8395014302061,0.0077018411296,0.1505561245128,0.1113995216246,0.0000002668143
156620,0.2535303016569,3.8394472732967,0.0077486751498,0.1504961452579,0.1113974058685,0.0000002638794
156859,0.2535327181600,3.8394838686707,0.0077197075838,0.1505246298945,0.1113956821039,0.0000002609767
157370,0.2535362129859,3.8395367940995,0.0077381910726,0.1504770938615,0.1113873753358,0.0000002524589
157479,0.2535335385629,3.8394962928022,0.0077381910726,0.1504760059283,0.1113864136975,0.0000002496818
157513,0.2535263871620,3.8393879924281,0.0077381910726,0.1504633337751,0.1113803554855,0.0000002496818
158620,0.2535158002824,3.8392276653742,0.0077850250928,0.1504080054759,0.1113783984845,0.0000002310792
158704,0.2535172488154,3.8392496018700,0.0077295746266,0.1504479275067,0.1113692022671,0.0000002310792
158769,0.2535187284883,3.8392720099450,0.0077764086468,0.1085507998145,0.0964263311727,0.0000002310792
158831,0.2535086206446,3.8391189373818,0.0077295746266,0.1086061281137,0.0964238535901,0.0000002285374
159032,0.2535193120908,3.8392808479853,0.0077764086468,0.1085320750844,0.0964197688268,0.0000002260235
159432,0.2535156109148,3.8392247976033,0.0077295746266,0.1085584227517,0.0964083138759,0.0000002210783
159506,0.2535110982896,3.8391564586855,0.0077764086468,0.1084811714315,0.0963998288505,0.0000002186464
159659,0.2535058293641,3.8390766664023,0.0078232426670,0.1084018769846,0.0963904520727,0.0000002162413
159715,0.2535016720116,3.8390137077116,0.0078254353432,0.1083878094465,0.0963854768090,0.0000002162413
159916,0.2535005035459,3.8389960125389,0.0078722693634,0.1083209346650,0.0963814142959,0.0000002138627
160156,0.2535024491580,3.8390254767699,0.0079191033836,0.1082557295936,0.0963786154103,0.0000002091836
160311,0.2535029621176,3.8390332449978,0.0079659374039,0.1081885654050,0.0963748098429,0.0000002068825
160766,0.2535087475108,3.8391208586366,0.0079659374039,0.1081108540593,0.0963482955180,0.0000002001302
160776,0.2535109144590,3.8391536747662,0.0079414929211,0.1081220357498,0.0963422771180,0.0000002001302
160817,0.2535211841700,3.8393091986372,0.0078946589009,0.1081071457917,0.0963190882053,0.0000002001302
160979,0.2535214628492,3.8393134189373,0.0078749248154,0.1081272702619,0.0963178777678,0.0000001979288
161191,0.2535241207539,3.8393536700827,0.0078459572495,0.1081587585382,0.0963172784607,0.0000001935983
161366,0.2535220407645,3.8393221708518,0.0078927912697,0.1080997749184,0.0963158388931,0.0000001914687
161682,0.2535170661141,3.8392468350524,0.0078993692982,0.1080735393017,0.0963082221886,0.0000001872796
161882,0.2535140655857,3.8392013952355,0.0078525352780,0.1081304348862,0.0963078273468,0.0000001852195
161909,0.2535238712089,3.8393498909894,0.0078815028439,0.1080752227816,0.0963026246142,0.0000001852195
161924,0.2535188748943,3.8392742271076,0.0078815028439,0.1080701478055,0.0962997414838,0.0000001852195
161977,0.2535084460789,3.8391162937707,0.0078815028439,0.1080630969839,0.0962949885871,0.0000001852195
162090,0.2535021299685,3.8390206429835,0.0078993692982,0.1080314916078,0.0962900045524,0.0000001831821
162204,0.2535059644566,3.8390787122340,0.0078993692982,0.1080001910921,0.0962796474728,0.0000001811671
162393,0.2534966212663,3.8389372195360,0.0079462033184,0.1079446098564,0.0962778666423,0.0000001791743
162403,0.2534994895097,3.8389806560372,0.0079488752982,0.1078460840023,0.0962444385950,0.0000001791743
162416,0.2535038734451,3.8390470460858,0.0079930373387,0.1077662804238,0.0962358033205,0.0000001791743
162494,0.2535021494811,3.8390209384811,0.0080398713589,0.1076862499690,0.0962269233173,0.0000001791743
162711,0.2535079754368,3.8391091663945,0.0080398713589,0.1076546869489,0.0962168992292,0.0000001752541
162713,0.2535006412607,3.8389980980832,0.0080398713589,0.1076419921801,0.0962107937740,0.0000001752541
163397,0.2534868367302,3.8387890431239,0.0079930373387,0.1077010865578,0.0962088690722,0.0000001676692
163610,0.2534926794087,3.8388775242880,0.0079784598986,0.1076350945510,0.0961803050266,0.0000001658249
163632,0.2534895917738,3.8388307653340,0.0080224842082,0.1075743425391,0.0961768138047,0.0000001658249
163665,0.2534888527718,3.8388195739347,0.0079097156445,0.1076469449658,0.0961542555008,0.0000001658249
163721,0.2534891639920,3.8388242870341,0.0079092363409,0.1076269456023,0.0961469741452,0.0000001640008
163868,0.2534955242487,3.8389206063693,0.0079092363409,0.1075917144790,0.0961357545133,0.0000001640008
164217,0.2534945800172,3.8389063069851,0.0078652120313,0.1076171303342,0.0961257617079,0.0000001604126
164218,0.2534944432891,3.8389042363837,0.0078782138297,0.1075979654479,0.0961244600061,0.0000001604126
164225,0.2534995189425,3.8389811017658,0.0078227633634,0.1076581255936,0.0961232689269,0.0000001586481
164302,0.2535084088280,3.8391157296440,0.0077764086468,0.1075991712495,0.0960842524723,0.0000001586481
164424,0.2535122089459,3.8391732783968,0.0077585421925,0.1075954092740,0.0960760661688,0.0000001569030
164625,0.2535259447632,3.8393812927678,0.0077117081723,0.1076392932071,0.0960746106685,0.0000001551770
164672,0.2535196965513,3.8392866702315,0.0077491544534,0.1075915532519,0.0960722701881,0.0000001551770
164918,0.2535201459109,3.8392934753054,0.0077641946693,0.1075544819151,0.0960655725231,0.0000001517819
165355,0.2535152752648,3.8392197145399,0.0078110286895,0.1074943402290,0.0960631213626,0.0000001484611
165394,0.2535172834969,3.8392501270844,0.0077956799564,0.1075063348518,0.0960612574634,0.0000001484611
165443,0.2535179882120,3.8392607992453,0.0078124500725,0.1073987684378,0.0960301790900,0.0000001468280
165445,0.2535182509917,3.8392647787651,0.0077956799564,0.1074027701009,0.0960244773727,0.0000001468280
167200,0.2535186884806,3.8392714040698,0.0078185487974,0.0761123479237,0.0848592212746,0.0000001314534
167205,0.2535268390214,3.8393948353581,0.0077493087120,0.0761331939460,0.0848387385047,0.0000001314534
167560,0.2535316685761,3.8394679738379,0.0077464990014,0.0760723865552,0.0848168523223,0.0000001285773
167563,0.2535235802125,3.8393454841565,0.0078157390868,0.0759478595873,0.0848003195068,0.0000001285773
167909,0.2535297556161,3.8394390040886,0.0078588047892,0.0758682527608,0.0847916685277,0.0000001257642
167970,0.2535233768742,3.8393424048144,0.0078219920703,0.0759034593390,0.0847870985528,0.0000001243808
168022,0.2535240564983,3.8393526970006,0.0078688260905,0.0757884159215,0.0847662289747,0.0000001243808
168062,0.2535238887396,3.8393501564720,0.0078248017810,0.0758173540645,0.0847576605162,0.0000001243808
168176,0.2535204738764,3.8392984419943,0.0078248017810,0.0758185943018,0.0847573717017,0.0000001230126
168321,0.2535197479158,3.8392874480917,0.0078248017810,0.0757991160358,0.0847502596152,0.0000001216595
168513,0.2535241953597,3.8393547999083,0.0078688260905,0.0757382532661,0.0847483434966,0.0000001203212
168559,0.2535332824685,3.8394924145250,0.0078354731722,0.0757383645460,0.0847360363692,0.0000001203212
169223,0.2535222057998,3.8393246701364,0.0078823071925,0.0756866614804,0.0847352691397,0.0000001151138
169318,0.2535218717986,3.8393196120423,0.0079095613859,0.0756418299899,0.0847308666900,0.0000001151138
169456,0.2535169683501,3.8392453545203,0.0078655370763,0.0755807588601,0.0846891372721,0.0000001138475
169692,0.2535224754626,3.8393287538934,0.0078655370763,0.0755681593854,0.0846858175552,0.0000001113567
169852,0.2535314377129,3.8394644776598,0.0078187030561,0.0755749429004,0.0846700889984,0.0000001101317
169911,0.2535217329719,3.8393175096593,0.0078248017810,0.0755510611864,0.0846620939667,0.0000001101317
170066,0.2535330307869,3.8394886030733,0.0078135133552,0.0755499199264,0.0846592694374,0.0000001089203
170428,0.2535407605506,3.8396056621395,0.0077721610254,0.0755547419661,0.0846449255453,0.0000001065372
170506,0.2535329440328,3.8394872892756,0.0077721610254,0.0755218515886,0.0846315040139,0.0000001065372
170689,0.2535290231631,3.8394279118653,0.0077834494511,0.0754743321588,0.0846185304993,0.0000001042063
171042,0.2535321487279,3.8394752452263,0.0077834494511,0.0754450142152,0.0846087295690,0.0000001019264
171324,0.2535337676845,3.8394997626051,0.0077566745613,0.0754756772573,0.0846085526220,0.0000001008052
171329,0.2535310834192,3.8394591122574,0.0078035085816,0.0753835263655,0.0845951381125,0.0000001008052
171686,0.2535316994673,3.8394684416512,0.0078503426018,0.0753159107890,0.0845911934256,0.0000000985997
172371,0.2535337076593,3.8394988535883,0.0078035085816,0.0753641642942,0.0845887854242,0.0000000943323
172708,0.2535372110254,3.8395519083484,0.0078035085816,0.0753327922125,0.0845783318306,0.0000000922684
172810,0.2535426217129,3.8396338474669,0.0078035085816,0.0752817893083,0.0845612759407,0.0000000912535
172850,0.2535473033956,3.8397047465810,0.0077746787465,0.0753113673100,0.0845604870868,0.0000000912535
