0,0.2063240533919,3.124558757017,0.5553584234398,0.3201241934734,0.3965531191558,100000
2,0.2063218303852,3.124525091941,0.5552876242404,0.3201120339143,0.3965179575835,100000.0000000000000
20,0.2063708848582,3.1252679698577,0.5547702573417,0.3201025176668,0.3963033419256,100000.0000000000000
21,0.2063673392025,3.1252142746659,0.5547702573417,0.3187463477890,0.3958182357573,100000.0000000000000
22,0.2063643063514,3.1251683453559,0.5546526241221,0.3184774646991,0.3956711419487,100000.0000000000000
23,0.2063631250406,3.1251504556580,0.5545349909025,0.3184112118057,0.3955968128261,100000.0000000000000
24,0.2063654461477,3.1251856063604,0.5545349909025,0.3183554731447,0.3955774035415,100000.0000000000000
26,0.2063604319481,3.1251096716309,0.5545349909025,0.3182634322470,0.3955434573210,100000.0000000000000
27,0.2063542207740,3.1250156099925,0.5545349909025,0.3181627845246,0.3955061807400,100000.0000000000000
29,0.2063425603398,3.1248390250962,0.5545818249227,0.3179380250321,0.3954434825512,100000.0000000000000
37,0.2063518524968,3.1249797449495,0.5543705236626,0.3177372675573,0.3952832169466,100000.0000000000000
38,0.2063491230625,3.1249384105635,0.5542528904430,0.3175939306067,0.3951810260628,100000.0000000000000
39,0.2063523259198,3.1249869144384,0.5542528904430,0.3174036803227,0.3951137658594,100000.0000000000000
40,0.2063573305917,3.1250627048810,0.5542060564228,0.3172360467839,0.3950348974451,100000.0000000000000
43,0.2063377185155,3.1247657008070,0.5542060564228,0.3170013319927,0.3949468681462,100000.0000000000000
44,0.2063467876696,3.1249030435173,0.5540884232032,0.3169653452232,0.3948855448817,100000.0000000000000
45,0.2063460546503,3.1248919427188,0.5540884232032,0.3168996464403,0.3948619239551,100000.0000000000000
46,0.2063546786908,3.1250225446573,0.5540884232032,0.3163577919435,0.3946702525006,100000.0000000000000
47,0.2063486434553,3.1249311474229,0.5540884232032,0.3161019454905,0.3945775855027,100000.0000000000000
48,0.2063509277307,3.1249657403489,0.5540884232032,0.3155307109789,0.3943740626647,100000.0000000000000
49,0.2063474584309,3.1249132014859,0.5541352572234,0.3154136931976,0.3943515989015,100000.0000000000000
50,0.2063600045385,3.1251031989658,0.5541352572234,0.3153695486672,0.3943385214494,100000.0000000000000
51,0.2063631993060,3.1251515803287,0.5540176240038,0.3153615534009,0.3942859363532,100000.0000000000000
52,0.2063603613378,3.1251086023134,0.5538999907841,0.3152272669555,0.3941869545354,100000.0000000000000
54,0.2063725672138,3.1252934473475,0.5538999907841,0.3148663799222,0.3940606818541,100000.0000000000000
55,0.2063723743007,3.1252905258835,0.5537823575645,0.3147771742219,0.3939783670999,100000.0000000000000
56,0.2063737133265,3.1253108040071,0.5536647243449,0.3147558872165,0.3939206372951,100000.0000000000000
60,0.2063755756483,3.1253390068941,0.5535470911253,0.3143731098975,0.3937339159417,100000.0000000000000
61,0.2063802774712,3.1254102110108,0.5535002571051,0.3143541883098,0.3937080940424,100000.0000000000000
66,0.2063667630682,3.1252055497234,0.5535939251455,0.3139069031246,0.3935855968357,100000.0000000000000
67,0.2063682709867,3.1252283855485,0.5535939251455,0.3138996517649,0.3935833301898,100000.0000000000000
68,0.2063696955329,3.1252499587895,0.5535470911253,0.3138690719254,0.3935526423555,100000.0000000000000
69,0.2063696515986,3.1252492934499,0.5534294579057,0.3137222512993,0.3934497827661,100000.0000000000000
70,0.2063657676079,3.1251904745351,0.5533826238854,0.3136761667646,0.3934124199971,100000.0000000000000
71,0.2063672964231,3.1252136268171,0.5533826238854,0.3136143998168,0.3933906879761,100000.0000000000000
72,0.2063580545498,3.1250736684574,0.5533826238854,0.3130622779264,0.3931915211853,100000.0000000000000
73,0.2063626803879,3.1251437218645,0.5532649906658,0.3130000566996,0.3931198763326,100000.0000000000000
74,0.2063620996020,3.1251349264787,0.5532649906658,0.3129909247134,0.3931164904549,100000.0000000000000
75,0.2063719435205,3.1252840021745,0.5532649906658,0.3127678149115,0.3930389177938,100000.0000000000000
76,0.2063736598556,3.1253099942477,0.5531473574462,0.3126427172081,0.3929441935918,100000.0000000000000
91,0.2063957010716,3.1256437850658,0.5531941914664,0.3125508092137,0.3929361641487,98000.0000000000000
93,0.2063959155163,3.1256470326032,0.5529589250272,0.3124234841286,0.3927899083825,98000.0000000000000
94,0.2063980074161,3.1256787122044,0.5529589250272,0.3123289298814,0.3927565872727,98000.0000000000000
95,0.2064082956101,3.1258345159806,0.5529589250272,0.3120410602661,0.3926559813089,98000.0000000000000
97,0.2064102945193,3.1258647873382,0.5529589250272,0.3117433673242,0.3925500907387,98000.0000000000000
102,0.2064091975831,3.1258481754037,0.5528412918076,0.3117779161977,0.3925117803274,98000.0000000000000
104,0.2064044227501,3.1257758656268,0.5527944577873,0.3105299157704,0.3920449709876,98000.0000000000000
105,0.2064027501853,3.1257505364082,0.5527476237671,0.3105055729399,0.3920158469898,98000.0000000000000
106,0.2064045472810,3.1257777515158,0.5526299905475,0.3102222418318,0.3918646281633,98000.0000000000000
107,0.2063988147221,3.1256909379971,0.5526299905475,0.3102213612526,0.3918630852653,98000.0000000000000
108,0.2063954093885,3.1256393678349,0.5526299905475,0.3099030474993,0.3917486720676,98000.0000000000000
109,0.2063952589729,3.1256370899495,0.5526299905475,0.3096973319428,0.3916751699941,98000.0000000000000
110,0.2063993945067,3.1256997182184,0.5526299905475,0.3095901254766,0.3916377681563,98000.0000000000000
111,0.2063983112692,3.1256833137367,0.5526299905475,0.3092996880222,0.3915338083717,98000.0000000000000
113,0.2063972795028,3.1256676887294,0.5525831565272,0.3092410160119,0.3914925612665,98000.0000000000000
116,0.2063887778606,3.1255389403838,0.5525363225070,0.3091519059579,0.3914388427438,98000.0000000000000
117,0.2063850032605,3.1254817780721,0.5525831565272,0.3090361258558,0.3914167555874,98000.0000000000000
118,0.2063835235431,3.1254593693236,0.5525831565272,0.3090252090564,0.3914125396482,98000.0000000000000
119,0.2063868604684,3.1255099035147,0.5524655233076,0.3090349390107,0.3913663154503,98000.0000000000000
122,0.2063891457166,3.1255445111724,0.5524655233076,0.3087086095686,0.3912502589170,98000.0000000000000
123,0.2063769304955,3.1253595246167,0.5524186892874,0.3086617481103,0.3912108334116,98000.0000000000000
124,0.2063674673601,3.1252162154770,0.5524186892874,0.3084603957197,0.3911368940288,98000.0000000000000
125,0.2063649930813,3.1251787451517,0.5523010560678,0.3082625247325,0.3910152813795,98000.0000000000000
138565,0.2536221351901,3.8408379946680,0.0059647512873,0.8600995808699,0.3640823441174,0.0000026756001
138570,0.2536185299774,3.8407833975484,0.0060115853075,0.8600264877813,0.3640755386202,0.0000026756001
138605,0.2536254792631,3.8408886371038,0.0060458968330,0.8599650766413,0.3640698001424,0.0000026756001
138614,0.2536230622999,3.8408520347615,0.0060693827086,0.8598651700516,0.3640436666721,0.0000026756001
138841,0.2536358104249,3.8410450915815,0.0061159082115,0.8597919601166,0.3640401915091,0.0000026756001
138959,0.2536337898408,3.8410144919808,0.0060974247228,0.8597960045260,0.3640332814635,0.0000026756001
139086,0.2536413246119,3.8411285980904,0.0061442587430,0.8597189810742,0.3640274594046,0.0000026756001
139171,0.2536346231194,3.8410271110997,0.0061442587430,0.8597174730375,0.3640254847860,0.0000026756001
139276,0.2536344710703,3.8410248084775,0.0061296813030,0.8597075059933,0.3640156450711,0.0000026756001
139314,0.2536317838834,3.8409841138853,0.0060773655924,0.8597214919374,0.3639976432065,0.0000026756001
139475,0.2536289665085,3.8409414477328,0.0060308400894,0.8596484417384,0.3639510106253,0.0000026756001
139539,0.2536344068026,3.8410238352121,0.0060776741096,0.8595788018452,0.3639473767351,0.0000026756001
139774,0.2536268602487,3.8409095506646,0.0060101639245,0.8595015131241,0.3638892235653,0.0000026756001
139907,0.2536316061547,3.8409814223717,0.0060101639245,0.8594888821664,0.3638857294888,0.0000026756001
139967,0.2536339854507,3.8410174542844,0.0059705249672,0.8595157625181,0.3638788513390,0.0000026756001
140066,0.2536322611470,3.8409913415359,0.0059236909470,0.8595723073109,0.3638786046912,0.0000026756001
140137,0.2536359695603,3.8410475015174,0.0059705249672,0.8595114598733,0.3638777398465,0.0000026756001
140145,0.2536404861936,3.8411159011353,0.0059705249672,0.8594331836896,0.3638507519166,0.0000026756001
140302,0.2536317182839,3.8409831204499,0.0059448464155,0.8594605404308,0.3638476382499,0.0000026756001
140380,0.2536317263637,3.8409832428108,0.0059448464155,0.8594518868756,0.3638445494259,0.0000026756001
140490,0.2536358582676,3.8410458161076,0.0059236909470,0.8593966585444,0.3638166438005,0.0000026756001
140570,0.2536318257264,3.8409847475532,0.0059236909470,0.8593966585444,0.3638157796845,0.0000026756001
140611,0.2536364873773,3.8410553433067,0.0059236909470,0.8593863324820,0.3638130907303,0.0000026756001
140815,0.2536386094444,3.8410874797603,0.0059012848818,0.8594063564850,0.3638110942892,0.0000026756001
140942,0.2536448412975,3.8411818545593,0.0058649514665,0.8593886158488,0.3637905222811,0.0000026756001
140978,0.2536511271574,3.8412770472344,0.0058326948863,0.8593966005967,0.3637808966981,0.0000026756001
141159,0.2536469226369,3.8412133742360,0.0058082504035,0.8594079850590,0.3637735854019,0.0000026756001
141175,0.2536436020862,3.8411630880203,0.0057983833608,0.8594173509449,0.3637719900820,0.0000026756001
141351,0.2536414883493,3.8411310777192,0.0057983833608,0.8593943845807,0.3637633348655,0.0000026756001
141640,0.2536464466956,3.8412061666092,0.0058082504035,0.7339819682881,0.3189784774249,0.0000026756001
141674,0.2536576380445,3.8413756477082,0.0058322155827,0.7338930482952,0.3189593892218,0.0000026756001
141689,0.2536603528132,3.8414167599982,0.0058322155827,0.7338848601595,0.3189570466238,0.0000026756001
141885,0.2536529654607,3.8413048863867,0.0058289265684,0.7338617316049,0.3189457938441,0.0000026756001
142110,0.2536629471613,3.8414560486460,0.0058757605887,0.7336535376721,0.3188936495269,0.0000026756001
142406,0.2536687769022,3.8415443338830,0.0058757605887,0.6192743300562,0.2780451817514,0.0000026756001
142430,0.2536577223469,3.8413769243789,0.0058367551936,0.6193159832745,0.2780409724697,0.0000026756001
142449,0.2536466985150,3.8412099801468,0.0057899211734,0.6187331698873,0.2778103908587,0.0000026756001
142530,0.2536589983148,3.8413962475573,0.0058383143076,0.6186645202022,0.2778092487001,0.0000026756001
142666,0.2536586637613,3.8413911810998,0.0058383143076,0.6185325996792,0.2777620625375,0.0000026756001
142677,0.2536611764404,3.8414292329584,0.0057321237724,0.6186314241153,0.2777523851809,0.0000026756001
142731,0.2536610880063,3.8414278937166,0.0057789577926,0.6185612989262,0.2777473932432,0.0000026756001
142761,0.2536669238789,3.8415162718128,0.0057789577926,0.6184981004325,0.2777260728968,0.0000026756001
143035,0.2536735560955,3.8416167096916,0.0058257918128,0.6183914706005,0.2777094837261,0.0000026756001
143124,0.2536781229364,3.8416858696489,0.0057789577926,0.6184199686589,0.2777005684899,0.0000026756001
143153,0.2536726393115,3.8416028259719,0.0057789577926,0.6183414286796,0.2776713434349,0.0000026756001
143280,0.2536728504046,3.8416060227532,0.0057404151734,0.6183700489589,0.2776650919321,0.0000026756001
143425,0.2536613358935,3.8414316477051,0.0057639010490,0.6182993449556,0.2776474384823,0.0000026756001
143482,0.2536657050747,3.8414978143172,0.0057779991854,0.6182626618239,0.2776413156755,0.0000026220881
143491,0.2536602467298,3.8414151534781,0.0058220234950,0.6181848241047,0.2776312144059,0.0000026220881
143501,0.2536655764494,3.8414958664235,0.0057779991854,0.6182062874708,0.2776211544153,0.0000026220881
143625,0.2536645842591,3.8414808407543,0.0057862905865,0.6181639953301,0.2776093909248,0.0000026220881
143658,0.2536693088135,3.8415523891145,0.0057862905865,0.6181074147567,0.2775901959816,0.0000026220881
143694,0.2536635688648,3.8414654636858,0.0057878662282,0.6180706762461,0.2775765203710,0.0000026220881
143727,0.2536599815196,3.8414111371514,0.0058303148961,0.6179927831480,0.2775661249768,0.0000026220881
143734,0.2536717192991,3.8415888933604,0.0058303148961,0.6179359594350,0.2775483460321,0.0000026220881
143760,0.2536785310699,3.8416920503980,0.0058437959980,0.6178641155161,0.2775299247699,0.0000026220881
143882,0.2536762245268,3.8416571202510,0.0058154454665,0.6178755542881,0.2775213655586,0.0000026220881
143923,0.2536758380708,3.8416512677863,0.0058154454665,0.6178627510866,0.2775167101746,0.0000026220881
144076,0.2536712180007,3.8415813017279,0.0057543590512,0.6178815330042,0.2774962480950,0.0000026220881
144164,0.2536721780379,3.8415958404727,0.0057729967986,0.6178495722340,0.2774930268625,0.0000026220881
144246,0.2536714961432,3.8415855139009,0.0056786951959,0.6179448343658,0.2774864879596,0.0000026220881
144281,0.2536752919069,3.8416429967137,0.0056503446645,0.6179638730784,0.2774819506500,0.0000026220881
144329,0.2536778601672,3.8416818902886,0.0056965616502,0.6179068062258,0.2774819272523,0.0000026220881
144508,0.2536702262412,3.8415662825840,0.0057231988091,0.6178541213843,0.2774728913214,0.0000025696464
144720,0.2536539228310,3.8413193847442,0.0056937519395,0.6178986561358,0.2774726829149,0.0000025696464
144878,0.2536581449495,3.8413833242468,0.0057377762491,0.6176985353431,0.2774209835042,0.0000025696464
144925,0.2536516643364,3.8412851822414,0.0057383932836,0.6176888841306,0.2774164123832,0.0000025696464
145352,0.2536510637962,3.8412760876972,0.0058320613241,0.6175597495585,0.2774103076518,0.0000025696464
145569,0.2536581973735,3.8413841181526,0.0058320613241,0.6175515831002,0.2774089196833,0.0000025696464
145589,0.2536563511803,3.8413561595154,0.0057880370145,0.6175924722420,0.2774042597741,0.0000025696464
145600,0.2536581649495,3.8413836271257,0.0057745559126,0.6176074739884,0.2774042285904,0.0000025696464
145913,0.2536542807639,3.8413248052580,0.0057537254890,0.6176340820850,0.2774039718322,0.0000025696464
146067,0.2536625270259,3.8414496861418,0.0057412029943,0.5129704625649,0.2400205079905,0.0000025696464
146101,0.2536629190794,3.8414556233753,0.0057277218923,0.5128983309353,0.2399890530906,0.0000025696464
146256,0.2536701581339,3.8415652511712,0.0057164334666,0.5129053980078,0.2399882903743,0.0000025696464
146333,0.2536654635487,3.8414941566618,0.0057632674868,0.5128384162040,0.2399834340419,0.0000025696464
146820,0.2536665527385,3.8415106512848,0.0057604577761,0.5128273572326,0.2399785136454,0.0000025696464
147025,0.2536590155651,3.8413965087953,0.0057032939373,0.5128785179875,0.2399706714469,0.0000025696464
147097,0.2536578040906,3.8413781623001,0.0056974872019,0.5128847534986,0.2399701502126,0.0000025696464
147132,0.2536557850844,3.8413475865952,0.0057817509755,0.4188890196763,0.2064359256777,0.0000025696464
147222,0.2536524006713,3.8412963332515,0.0057817509755,0.4188405668872,0.2064178958788,0.0000025696464
147290,0.2536457554527,3.8411956984704,0.0057941357394,0.4188176977795,0.2064136121209,0.0000025696464
147346,0.2536513723583,3.8412807605427,0.0057473017192,0.4188362083567,0.2064013549409,0.0000025696464
147473,0.2536553358481,3.8413407833872,0.0057004676989,0.4188795127490,0.2063975983916,0.0000025696464
147499,0.2536595050554,3.8414039216064,0.0056714836052,0.4188496584077,0.2063754077740,0.0000025696464
147527,0.2536579020372,3.8413796455979,0.0057048530513,0.4186653109090,0.2063235270689,0.0000025696464
147723,0.2536618829891,3.8414399328884,0.0056804085685,0.4186817714702,0.2063197826949,0.0000025696464
147731,0.2536639888715,3.8414718242417,0.0057272425887,0.4186186657808,0.2063177679322,0.0000025696464
147734,0.2536617756449,3.8414383072736,0.0057272425887,0.4185897175250,0.2063069550066,0.0000025696464
147756,0.2536546089744,3.8413297756578,0.0057272425887,0.4185837280261,0.2063032801847,0.0000025696464
147843,0.2536598329518,3.8414088872495,0.0057157999044,0.4185757662799,0.2062966521201,0.0000025696464
147898,0.2536563326014,3.8413558781577,0.0057157999044,0.4185652952176,0.2062921623799,0.0000025696464
148025,0.2536591835331,3.8413990524917,0.0056956030430,0.4185327626188,0.2062724987108,0.0000025696464
148032,0.2536576944124,3.8413765013402,0.0057424370633,0.4184609355416,0.2062665988089,0.0000025696464
148081,0.2536548301304,3.8413331248307,0.0057468224156,0.4184488117195,0.2062635345345,0.0000025696464
148278,0.2536602460811,3.8414151436539,0.0056999883953,0.3349208676699,0.1764132147832,0.0000025696464
148477,0.2536568523304,3.8413637489030,0.0057604577761,0.3348433493414,0.1764107178825,0.0000025696464
148522,0.2536561728503,3.8413534588977,0.0057491693504,0.3348368763568,0.1764034226026,0.0000025696464
148663,0.2536569663930,3.8413654762597,0.0057311651652,0.3348440311252,0.1763984318426,0.0000025696464
148722,0.2536562707351,3.8413549412597,0.0057311651652,0.3347731183468,0.1763729567807,0.0000025696464
148861,0.2536639705177,3.8414715462925,0.0057521663751,0.3347014863612,0.1763580244007,0.0000025696464
148862,0.2536576254100,3.8413754563715,0.0057827095827,0.3346222484571,0.1763414554294,0.0000025696464
148892,0.2536583320736,3.8413861580419,0.0057827095827,0.3345718258605,0.1763235987871,0.0000025696464
149008,0.2536590397118,3.8413968744717,0.0057983833608,0.3345423754908,0.1763199497681,0.0000025696464
149130,0.2536692108956,3.8415509062518,0.0058369259800,0.3344823647618,0.1763172151697,0.0000025696464
149161,0.2536581102247,3.8413827983755,0.0058363089455,0.3344251502322,0.1762941382506,0.0000025696464
149292,0.2536573680252,3.8413715585525,0.0058446003465,0.3342987922582,0.1762524048176,0.0000025696464
149536,0.2536644487088,3.8414787879887,0.0058109223833,0.3343338660140,0.1762520150354,0.0000025696464
149550,0.2536564773091,3.8413580696029,0.0057766108578,0.3343525612122,0.1762422787954,0.0000025696464
149651,0.2536423652783,3.8411443578782,0.0058240619125,0.3342926312919,0.1762381874121,0.0000025696464
149908,0.2536482017137,3.8412327444964,0.0058104265520,0.3342200378641,0.1762076681267,0.0000025696464
149931,0.2536533547224,3.8413107813425,0.0057772278923,0.3342119851595,0.1761916683799,0.0000025696464
150107,0.2536458516260,3.8411971549118,0.0058115394178,0.3341490023613,0.1761822716565,0.0000025182534
150418,0.2536330780685,3.8410037129438,0.0058228278435,0.3341131485877,0.1761715674432,0.0000025182534
150469,0.2536333766434,3.8410082345444,0.0057481225954,0.3341196935993,0.1761419523928,0.0000025182534
150594,0.2536327149480,3.8409982138704,0.0057905712633,0.3340624421504,0.1761395559411,0.0000025182534
150741,0.2536313633865,3.8409777459064,0.0057807042206,0.3340705133146,0.1761379201469,0.0000025182534
150761,0.2536296651552,3.8409520279950,0.0058237699230,0.3339968845808,0.1761297169934,0.0000025182534
150846,0.2536252539988,3.8408852257140,0.0058243869575,0.3339806938688,0.1761232537918,0.0000025182534
151082,0.2536280403815,3.8409274225225,0.0058712209777,0.3339091924354,0.1761183863706,0.0000025182534
151251,0.2536250138851,3.8408815894472,0.0057775529373,0.3339974089810,0.1761091002988,0.0000025182534
151469,0.2536240040496,3.8408662965608,0.0057307189170,0.3340402878023,0.1761041260473,0.0000025182534
151520,0.2536088154505,3.8406362813516,0.0057307189170,0.2609678662092,0.1500035779214,0.0000025182534
151523,0.2536088701924,3.8406371103604,0.0056409569253,0.2609247984244,0.1499497388751,0.0000025182534
151556,0.2536064509473,3.8406004734611,0.0057429163668,0.2607461999362,0.1499291321946,0.0000025182534
151624,0.2536085724576,3.8406326014826,0.0056960823466,0.2607711659681,0.1499184315209,0.0000025182534
151709,0.2536057709115,3.8405901750413,0.0056847939208,0.2607834068381,0.1499173650321,0.0000025182534
151901,0.2536097786422,3.8406508678680,0.0056960823466,0.2607408989112,0.1499078803259,0.0000024678884
152152,0.2536163635402,3.8407505891565,0.0056682111187,0.2607399872102,0.1498970209560,0.0000024678884
152347,0.2536086727252,3.8406341199281,0.0057150451389,0.2606743486501,0.1498920023043,0.0000024678884
152348,0.2536195089178,3.8407982225617,0.0057618791592,0.2606005060443,0.1498880237093,0.0000024678884
152420,0.2536216412272,3.8408305141246,0.0056761940025,0.2606828478918,0.1498811662254,0.0000024678884
152485,0.2536200736847,3.8408067753570,0.0056761940025,0.2606748153285,0.1498779615508,0.0000024678884
152497,0.2536190208010,3.8407908305513,0.0057147366217,0.2606152521495,0.1498729816343,0.0000024678884
152515,0.2536183336498,3.8407804243760,0.0056761940025,0.2606455856137,0.1498671495024,0.0000024678884
152567,0.2536046650176,3.8405734274511,0.0057230280228,0.2605883993768,0.1498638685766,0.0000024678884
152574,0.2536048035724,3.8405755257163,0.0057230280228,0.2605589651785,0.1498533860533,0.0000024678884
152647,0.2536013304752,3.8405229293467,0.0057104890003,0.2604958594892,0.1498247302052,0.0000024678884
152780,0.2535960211579,3.8404425253730,0.0056636549800,0.2605461952350,0.1498214978235,0.0000024678884
152876,0.2535971823403,3.8404601102470,0.0056168209598,0.2605261339093,0.1497945101662,0.0000024678884
152892,0.2535924646894,3.8403886664331,0.0056553635790,0.2604586246277,0.1497859070486,0.0000024678884
152918,0.2535973283148,3.8404623208768,0.0056429788151,0.2603784280361,0.1497529998583,0.0000024678884
153027,0.2536017370702,3.8405290867964,0.0056396898009,0.2603716854275,0.1497501269395,0.0000024678884
153574,0.2536145690411,3.8407234133741,0.0056160166113,0.2603037108033,0.1497184543434,0.0000024678884
153765,0.2536112070524,3.8406724996233,0.0055871867762,0.2603176055277,0.1497103406752,0.0000024678884
153913,0.2536120721490,3.8406856005933,0.0055871867762,0.2603156056385,0.1497098118069,0.0000024678884
154105,0.2536084332619,3.8406304935104,0.0055641636765,0.2603347558378,0.1497060043595,0.0000024678884
154513,0.2535944089768,3.8404181106007,0.0055652600146,0.1976151331434,0.1273036037668,0.0000024678884
154557,0.2535978582001,3.8404703454262,0.0055652600146,0.1976066212047,0.1273013029080,0.0000024678884
154629,0.2535807688783,3.8402115457904,0.0056811798616,0.1974408930027,0.1272881322013,0.0000024678884
155118,0.2535838003578,3.8402574543291,0.0056160166113,0.1974811426983,0.1272752295881,0.0000024678884
155275,0.2535737482677,3.8401052260957,0.0056426537702,0.1973898554369,0.1272518889006,0.0000024678884
155439,0.2535621081360,3.8399289486576,0.0056844854036,0.1973419633015,0.1272502180955,0.0000024678884
155592,0.2535660197085,3.8399881852712,0.0056494025850,0.1973070795564,0.1272235623155,0.0000024678884
156015,0.2535401593381,3.8395965574133,0.0056992336299,0.1972598546991,0.1272225109492,0.0000024678884
156037,0.2535372802527,3.8395529567222,0.0057314902102,0.1972156638005,0.1272199357872,0.0000024678884
156681,0.2535386458792,3.8395736376860,0.0057145823631,0.1970314105535,0.1271471774703,0.0000024678884
157027,0.2535438439373,3.8396523567574,0.0057761480819,0.1969478633428,0.1271448383584,0.0000024678884
157270,0.2535495953768,3.8397394562030,0.0058181174463,0.1968852411229,0.1271416926016,0.0000024678884
157348,0.2535620591400,3.8399282066647,0.0057650139148,0.1969337029805,0.1271389125579,0.0000024678884
157433,0.2535620005952,3.8399273200670,0.0057181798946,0.1969765818018,0.1271341421544,0.0000024678884
157434,0.2535545376888,3.8398143022711,0.0057181798946,0.1969717597621,0.1271308208032,0.0000024678884
157438,0.2535580246250,3.8398671082184,0.0056826343001,0.1969045437757,0.1270923284682,0.0000024678884
157675,0.2535585933557,3.8398757210418,0.0057294683203,0.1968187385136,0.1270818773255,0.0000024678884
158231,0.2535488953286,3.8397288547154,0.0057170835565,0.1968192618930,0.1270746783421,0.0000024678884
158306,0.2535476217669,3.8397095679757,0.0057023518578,0.1967981318664,0.1270605454128,0.0000024678884
158359,0.2535530468759,3.8397917254932,0.0057089298863,0.1967107476354,0.1270333184373,0.0000024678884
158519,0.2535470922466,3.8397015489532,0.0057100262244,0.1966934599509,0.1270263381315,0.0000024185306
158563,0.2535536068038,3.8398002050059,0.0057100262244,0.1966256911589,0.1270035309680,0.0000024185306
158622,0.2535551986513,3.8398243118476,0.0056578647724,0.1966435690565,0.1269879021336,0.0000024185306
158986,0.2535511021606,3.8397622748440,0.0056578647724,0.1965632617071,0.1269583431180,0.0000023701600
159022,0.2535589869986,3.8398816823446,0.0056110307522,0.1965680154743,0.1269416587772,0.0000023701600
159173,0.2535577023484,3.8398622276816,0.0056110307522,0.1965467234670,0.1269337792066,0.0000023701600
159221,0.2535594497572,3.8398886903321,0.0055986459883,0.1965439377299,0.1269278509893,0.0000023701600
159240,0.2535460454484,3.8396856963066,0.0056039734201,0.1964681702757,0.1269002020175,0.0000023701600
159338,0.2535531590315,3.8397934239699,0.0056447087154,0.1963850203367,0.1268894879336,0.0000023701600
159379,0.2535533388244,3.8397961467434,0.0056039734201,0.1963091063640,0.1268449563438,0.0000023701600
159400,0.2535434766199,3.8396467941250,0.0055571393999,0.1963384443720,0.1268332491513,0.0000023701600
159471,0.2535444682300,3.8396618110071,0.0055695241637,0.1962957739674,0.1268235299649,0.0000023701600
159496,0.2535412773485,3.8396134884945,0.0056163581839,0.1962108956436,0.1268126042405,0.0000023701600
159501,0.2535505014769,3.8397531781275,0.0056631922042,0.1961267883105,0.1268046142292,0.0000023701600
159590,0.2535564458885,3.8398431999306,0.0056343623691,0.1961414029558,0.1267987519042,0.0000023701600
159764,0.2535541183010,3.8398079510891,0.0056442294118,0.1960898960012,0.1267840865271,0.0000023701600
159822,0.2535613270952,3.8399171206238,0.0056910634321,0.1959893064049,0.1267697781359,0.0000023701600
159917,0.2535652181446,3.8399760464362,0.0056976414606,0.1959246111562,0.1267503256413,0.0000023701600
160107,0.2535668304835,3.8400004635971,0.0057444754808,0.1958485929107,0.1267435934920,0.0000023701600
160237,0.2535707537308,3.8400598770128,0.0057830181000,0.1957808621133,0.1267367628828,0.0000023701600
160626,0.2535645599082,3.8399660781451,0.0057444754808,0.1958110720844,0.1267297066451,0.0000023701600
160920,0.2535606497799,3.8399068634027,0.0057122189006,0.1958494644703,0.1267287560782,0.0000023701600
161019,0.2535594199182,3.8398882384535,0.0057361840797,0.1958193779923,0.1267280181568,0.0000023701600
161739,0.2535767978270,3.8401514084337,0.0057264712956,0.1957848146016,0.1267152353045,0.0000023701600
161758,0.2535893729151,3.8403418447928,0.0057733053159,0.1956853440782,0.1267024765022,0.0000023701600
161795,0.2535873083859,3.8403105796903,0.0057656309493,0.1956764762572,0.1266955780100,0.0000023701600
161930,0.2535972786760,3.8404615691491,0.0057289890167,0.1956923657558,0.1266876856362,0.0000023701600
162035,0.2536019404302,3.8405321664673,0.0057758230370,0.1956243896792,0.1266844791363,0.0000023701600
162131,0.2535956779605,3.8404373280117,0.0057758230370,0.1956260216997,0.1266837200430,0.0000023701600
162134,0.2535941315749,3.8404139096442,0.0057758230370,0.1955270158949,0.1266480294587,0.0000023701600
162175,0.2535922443847,3.8403853301520,0.0058226570572,0.1954633591701,0.1266449622391,0.0000023701600
162309,0.2535925374175,3.8403897678229,0.0057496651817,0.1954756482196,0.1266181317458,0.0000023701600
162332,0.2535972273538,3.8404607919292,0.0057964992019,0.1953951562739,0.1266104613316,0.0000023701600
162403,0.2536007636565,3.8405143454799,0.0057219316847,0.1954740030051,0.1266074211502,0.0000023701600
162487,0.2536019760670,3.8405327061492,0.0057365091247,0.1954128172499,0.1265920763713,0.0000023701600
162502,0.2536020851526,3.8405343581351,0.0057588986622,0.1953045442894,0.1265630263484,0.0000023701600
162617,0.2535989763821,3.8404872791062,0.0057588986622,0.1952752029933,0.1265518811490,0.0000023701600
162645,0.2535939906244,3.8404117750989,0.0057665730287,0.1952547741468,0.1265468057700,0.0000023701600
163264,0.2535906217608,3.8403607572356,0.0058134070490,0.1951859830900,0.1265415873590,0.0000023701600
163385,0.2535855820350,3.8402844359380,0.0058378515317,0.1950962877923,0.1265189495898,0.0000023701600
163415,0.2535867514570,3.8403021455927,0.0058846855519,0.1950344513457,0.1265171874579,0.0000023701600
163427,0.2535863899230,3.8402966705450,0.0058524289717,0.1950656772257,0.1265144378377,0.0000023701600
163800,0.2535825590687,3.8402386563233,0.0058992629920,0.1950072686223,0.1265128284478,0.0000023701600
163901,0.2535789995873,3.8401847517563,0.0058846855519,0.1949979287243,0.1265024825497,0.0000023701600
163905,0.2535789287405,3.8401836788568,0.0058846855519,0.1949883491387,0.1264990460876,0.0000023701600
164025,0.2535774389022,3.8401611168368,0.0058586819553,0.1950192501417,0.1264986185105,0.0000023701600
164098,0.2535834465634,3.8402520964880,0.0058586819553,0.1949810692064,0.1264862698181,0.0000023701600
164188,0.2535902812766,3.8403556009637,0.0058586819553,0.1949738508573,0.1264851564177,0.0000023701600
164222,0.2535898577832,3.8403491876056,0.0058640093870,0.1949577416729,0.1264815955740,0.0000023701600
164288,0.2535875462542,3.8403141819523,0.0058640093870,0.1948884785172,0.1264563634051,0.0000023701600
164360,0.2535844859958,3.8402678375881,0.0058640093870,0.1948811422584,0.1264530875430,0.0000023701600
164421,0.2535778017234,3.8401666113782,0.0058640093870,0.1948525905633,0.1264414581649,0.0000023701600
164669,0.2535766370475,3.8401489735979,0.0058846855519,0.1948069433439,0.1264337672267,0.0000023701600
164887,0.2535695984488,3.8400423814931,0.0058378515317,0.1947829393677,0.1264036143839,0.0000023701600
165009,0.2535685017106,3.8400257725579,0.0058378515317,0.1947750845590,0.1264005740798,0.0000023701600
165132,0.2535578353437,3.8398642417545,0.0057659559942,0.1948027028629,0.1263773397365,0.0000023701600
165222,0.2535592090172,3.8398850445813,0.0057191219740,0.1948406921909,0.1263711299893,0.0000023701600
165360,0.2535575185913,3.8398594448754,0.0057219316847,0.1948137020734,0.1263623325892,0.0000023701600
165378,0.2535563273509,3.8398414048045,0.0057219316847,0.1947274706492,0.1263312803862,0.0000023701600
165638,0.2535500402454,3.8397461932653,0.0056835763795,0.1947057924786,0.1263057529576,0.0000023701600
165704,0.2535510951721,3.8397621690114,0.0056852897521,0.1946879937445,0.1263003566251,0.0000023701600
166201,0.2535565553643,3.8398448578253,0.0057321237724,0.1945323558744,0.1262660134357,0.0000023227568
166435,0.2535470653857,3.8397011421730,0.0056689989395,0.1946123075576,0.1262654805416,0.0000023227568
166438,0.2535354658654,3.8395254797531,0.0056913884770,0.1945785475496,0.1262605333004,0.0000023227568
166499,0.2535372245482,3.8395521131369,0.0057236450573,0.1945299371173,0.1262573735411,0.0000023227568
166692,0.2535355345163,3.8395265193981,0.0057599950003,0.1944663384968,0.1262498761453,0.0000022763017
166723,0.2535316789792,3.8394681313816,0.0057844394830,0.1944050841363,0.1262376496084,0.0000022763017
166939,0.2535420523292,3.8396252247549,0.0057257000025,0.1944376333942,0.1262263231410,0.0000022763017
166955,0.2535521772564,3.8397785560288,0.0057144115767,0.1944404013939,0.1262246434428,0.0000022763017
166958,0.2535558740301,3.8398345397421,0.0057236615850,0.1943806222744,0.1262080502123,0.0000022763017
166962,0.2535591756764,3.8398845396707,0.0057236615850,0.1943714131680,0.1262054687414,0.0000022763017
166994,0.2535617246677,3.8399231414380,0.0057704956052,0.1943083074787,0.1262035489306,0.0000022763017
167016,0.2535729818902,3.8400936201215,0.0058091759553,0.1942490370748,0.1262013704840,0.0000022763017
167091,0.2535685877787,3.8400270759671,0.0057734595745,0.1942935512648,0.1262010197934,0.0000022763017
167187,0.2535691313994,3.8400353085261,0.0057407236907,0.1942997794064,0.1261893309553,0.0000022763017
167284,0.2535595790419,3.8398906482129,0.0057875577109,0.1942218933468,0.1261795392947,0.0000022763017
167397,0.2535639270349,3.8399564939504,0.0058206186397,0.1941728796924,0.1261771351003,0.0000022763017
167590,0.2535637745480,3.8399541846985,0.0058206186397,0.1941421111600,0.1261661136630,0.0000022763017
167666,0.2535652184167,3.8399760505577,0.0058082338758,0.1940682593228,0.1261347396514,0.0000022763017
167773,0.2535669485940,3.8400022522556,0.0058082338758,0.1940465306176,0.1261273501518,0.0000022763017
168169,0.2535597817998,3.8398937187659,0.0057751729471,0.1939973215508,0.1260940707740,0.0000022763017
168364,0.2535589305926,3.8398808281367,0.0057842686967,0.1939575004490,0.1260835647288,0.0000022763017
168404,0.2535646261494,3.8399670812975,0.0058282930062,0.1938994536765,0.1260829217763,0.0000022763017
168701,0.2535725798268,3.8400875312978,0.0058282930062,0.1938821304475,0.1260784392682,0.0000022763017
168845,0.2535740787862,3.8401102314467,0.0059224238226,0.1420079087390,0.1075925944992,0.0000022763017
168874,0.2535738022673,3.8401060438612,0.0059448298878,0.1419319587034,0.1075750128318,0.0000022763017
168877,0.2535786172245,3.8401789612767,0.0059916639080,0.1418724820792,0.1075748746798,0.0000022763017
168886,0.2535885748644,3.8403297591626,0.0058809172341,0.1416275126301,0.1074420565106,0.0000022763017
168952,0.2535866693873,3.8403009027340,0.0059825681584,0.1414223999160,0.1074119583352,0.0000022763017
169037,0.2535823503523,3.8402354955339,0.0059949529223,0.1413928359819,0.1074057820357,0.0000022763017
169326,0.2535781216028,3.8401714556126,0.0059481189020,0.1414110314338,0.1073913025278,0.0000022763017
169331,0.2535724229933,3.8400851562212,0.0059949529223,0.1413528560129,0.1073893761841,0.0000022763017
169580,0.2535775693722,3.8401630926662,0.0060417869425,0.1412814116553,0.1073850348606,0.0000022763017
169924,0.2535860954546,3.8402922111338,0.0059354256209,0.1413693176130,0.1073726734396,0.0000022763017
170051,0.2535796771566,3.8401950128240,0.0059230408571,0.1413803259440,0.1073699218809,0.0000022763017
170322,0.2535774221031,3.8401608624329,0.0058829556517,0.1413873793603,0.1073547783586,0.0000022763017
170662,0.2535710338373,3.8400641189283,0.0058829556517,0.1413552039635,0.1073419182314,0.0000022763017
170814,0.2535506754355,3.8397558125458,0.0058885916007,0.1413094417557,0.1073236274778,0.0000022763017
170831,0.2535476128691,3.8397094332282,0.0058885916007,0.0995626660894,0.0924134084756,0.0000022763017
170927,0.2535488380582,3.8397279874161,0.0058885916007,0.0995005063254,0.0923914711004,0.0000022763017
170967,0.2535591652093,3.8398843811576,0.0058896879388,0.0688743309300,0.0814562341365,0.0000022763017
171016,0.2535547102454,3.8398169154579,0.0058428539185,0.0687734377510,0.0813991745002,0.0000022763017
171235,0.2535584542226,3.8398736140181,0.0058428539185,0.0687642432415,0.0813966930276,0.0000022763017
171304,0.2535593953990,3.8398878671360,0.0058896879388,0.0686915798619,0.0813910152242,0.0000022763017
171381,0.2535523472947,3.8397811310776,0.0058896879388,0.0686633029121,0.0813794060055,0.0000022763017
171605,0.2535511687155,3.8397632827470,0.0058896879388,0.0686348913081,0.0813690064514,0.0000022763017
171720,0.2535524903547,3.8397832975698,0.0058541423443,0.0686703929339,0.0813667349857,0.0000022763017
171823,0.2535518118078,3.8397730216972,0.0058361216314,0.0686482592767,0.0813509615425,0.0000022763017
171844,0.2535472535051,3.8397039910421,0.0058801459410,0.0685682302458,0.0813402705279,0.0000022763017
171899,0.2535519714932,3.8397754399631,0.0058361216314,0.0685192493344,0.0813049207814,0.0000022763017
171929,0.2535619458594,3.8399264911508,0.0057892876112,0.0678537420383,0.0810493052455,0.0000022763017
171958,0.2535661097674,3.8399895491178,0.0058511618473,0.0677756089925,0.0810488103821,0.0000022763017
172108,0.2535684196024,3.8400245291158,0.0058712209777,0.0677145564448,0.0810360976355,0.0000022763017
172172,0.2535707619170,3.8400600009847,0.0059180549980,0.0676400566844,0.0810300642258,0.0000022763017
172263,0.2535723375159,3.8400838617563,0.0058087131794,0.0677551243327,0.0810246366634,0.0000022763017
172341,0.2535663670151,3.8399934448601,0.0058087131794,0.0677488552528,0.0810211183132,0.0000022763017
172371,0.2535657299925,3.8399837978292,0.0058087131794,0.0676814554492,0.0809969104500,0.0000022763017
172616,0.2535572784321,3.8398558079198,0.0058087131794,0.0676762034069,0.0809932236719,0.0000022763017
172705,0.2535509078875,3.8397593327837,0.0057618791592,0.0677043852410,0.0809818517730,0.0000022763017
172828,0.2535567780672,3.8398482304236,0.0058087131794,0.0675779477607,0.0809580251487,0.0000022763017
172917,0.2535649647848,3.8399722095712,0.0057863071142,0.0674931432599,0.0809198895242,0.0000022763017
173430,0.2535595197126,3.8398897497331,0.0057270883301,0.0675524119824,0.0809145106450,0.0000022307756
173441,0.2535586988049,3.8398773179567,0.0057042194890,0.0675775893979,0.0809135257385,0.0000022307756
173958,0.2535638753471,3.8399557111934,0.0057042194890,0.0675222241886,0.0808948617085,0.0000022307756
174219,0.2535654856026,3.8399800968042,0.0057042194890,0.0674343722885,0.0808638310846,0.0000022307756
174315,0.2535626716764,3.8399374828788,0.0056826012447,0.0674611175630,0.0808635150223,0.0000022307756
174663,0.2535702937601,3.8400529112442,0.0057294352649,0.0673763130622,0.0808549327272,0.0000022307756
174940,0.2535664587765,3.8399948344890,0.0057762692851,0.0673047579468,0.0808486272696,0.0000021861601
175174,0.2535709947689,3.8400635272782,0.0058231033054,0.0672329944713,0.0808440411782,0.0000021861601
175395,0.2535700096220,3.8400486082755,0.0057170505011,0.0673136836625,0.0808271964418,0.0000021861601
175530,0.2535645841347,3.8399664450296,0.0057123566315,0.0672847917555,0.0808137036408,0.0000021861601
177102,0.2535616488583,3.8399219933843,0.0057591906517,0.0671895449977,0.0807991296767,0.0000021861601
177569,0.2535623470961,3.8399325674543,0.0058716506982,0.0464514227068,0.0734410042151,0.0000021861601
178266,0.2535820128316,3.8402303841417,0.0059184847184,0.0463650097221,0.0734344282440,0.0000021861601
178273,0.2535813432038,3.8402202433391,0.0059134823316,0.0463490902985,0.0734264553638,0.0000021861601
178293,0.2535849473477,3.8402748242729,0.0058716506982,0.0462569088322,0.0733763778852,0.0000021861601
178974,0.2535941323344,3.8404139211462,0.0058982878571,0.0461513735698,0.0733520708568,0.0000021861601
179071,0.2535957639726,3.8404386305747,0.0058982878571,0.0461074281009,0.0733367256832,0.0000021861601
179203,0.2535955246680,3.8404350065600,0.0058982878571,0.0460852838617,0.0733287657468,0.0000021861601
179367,0.2535955055610,3.8404347172046,0.0058982878571,0.0460503357036,0.0733162801674,0.0000021861601
179402,0.2536006410295,3.8405124884238,0.0058982878571,0.0460257219397,0.0733085899950,0.0000021861601
179403,0.2536003460898,3.8405080218749,0.0058982878571,0.0459813966702,0.0732926963402,0.0000021861601
179627,0.2536096448975,3.8406488424456,0.0058514538369,0.0460219183903,0.0732890892618,0.0000021861601
179748,0.2536077300315,3.8406198438332,0.0058719757431,0.0459705589822,0.0732791313903,0.0000021861601
179848,0.2536098834320,3.8406524547983,0.0058719757431,0.0459392700346,0.0732684182091,0.0000021861601
180044,0.2536126552062,3.8406944303754,0.0058251417229,0.0459672283439,0.0732589255483,0.0000021861601
180111,0.2536059105380,3.8405922895361,0.0058290477716,0.0459593436332,0.0732563383150,0.0000021861601
180382,0.2536094532992,3.8406459408935,0.0058290477716,0.0459257377173,0.0732450953653,0.0000021861601
181006,0.2536231094087,3.8408527481747,0.0057090510895,0.0460149794479,0.0732284665716,0.0000021424369
181053,0.2536206157617,3.8408149845379,0.0057432083564,0.0459475883570,0.0732185028006,0.0000021424369
181182,0.2536236490596,3.8408609206143,0.0057623254073,0.0458542323164,0.0731940043718,0.0000021424369
181431,0.2536239667394,3.8408657315372,0.0057405529043,0.0458613940568,0.0731872991377,0.0000021424369
181445,0.2536173080426,3.8407648926440,0.0057405529043,0.0457761171509,0.0731554162363,0.0000021424369
181709,0.2536202285702,3.8408091209332,0.0057139157454,0.0457941612013,0.0731510704421,0.0000021424369
181964,0.2536209189376,3.8408195758152,0.0057397816112,0.0457574468543,0.0731491914823,0.0000021424369
182537,0.2536256314997,3.8408909425647,0.0057664187701,0.0456655135055,0.0731287839034,0.0000021424369
182781,0.2536258334769,3.8408940012946,0.0057419742874,0.0456934389679,0.0731283243567,0.0000021424369
183182,0.2536196993065,3.8408011057971,0.0057317821997,0.0457052282973,0.0731268523289,0.0000021424369
183221,0.2536207974332,3.8408177357591,0.0057273968474,0.0457091339641,0.0731266030860,0.0000021424369
183330,0.2536138664335,3.8407127731277,0.0057845772139,0.0456151822665,0.0731160695655,0.0000021424369
183840,0.2536198026107,3.8408026702296,0.0057610913383,0.0455867207203,0.0730971113903,0.0000021424369
183968,0.2536203522576,3.8408109940480,0.0057833266172,0.0455283446146,0.0730859099678,0.0000021424369
184587,0.2536256406194,3.8408910806735,0.0058354880692,0.0454127840534,0.0730681264672,0.0000021424369
184759,0.2536258161996,3.8408937396488,0.0058354880692,0.0454061920141,0.0730658097917,0.0000021424369
185348,0.2536227590736,3.8408474427204,0.0058589739448,0.0453603475418,0.0730588470427,0.0000021424369
185994,0.2536207668956,3.8408172732998,0.0059058079650,0.0452858147037,0.0730518729997,0.0000021424369
186006,0.2536201718310,3.8408082616784,0.0058863823968,0.0452541208041,0.0730321009925,0.0000021424369
186049,0.2536176943946,3.8407707435336,0.0059053451892,0.0451915508759,0.0730173506213,0.0000021424369
186184,0.2536180724666,3.8407764690340,0.0059053451892,0.0451538282801,0.0730039592811,0.0000021424369
186245,0.2536176225511,3.8407696555406,0.0059053451892,0.0451444013813,0.0730004961211,0.0000021424369
187003,0.2536188367850,3.8407880438248,0.0058585111689,0.0451810015567,0.0729937560823,0.0000021424369
187014,0.2536158172083,3.8407423155411,0.0058116771487,0.0452269622236,0.0729894518311,0.0000021424369
187215,0.2536109133355,3.8406680515932,0.0057927143564,0.0452514575365,0.0729890224162,0.0000021424369
187250,0.2536119551783,3.8406838291967,0.0058116771487,0.0452269622236,0.0729886242532,0.0000021424369
187620,0.2536131268785,3.8407015733513,0.0058116771487,0.0452172883387,0.0729854203729,0.0000021424369
188398,0.2536124646304,3.8406915443070,0.0058154289388,0.0451487326945,0.0729624022140,0.0000020995882
188815,0.2536103104109,3.8406589209394,0.0058300063788,0.0451162593488,0.0729565904464,0.0000020995882
189549,0.2536120460880,3.8406852059264,0.0058400276802,0.0450473518234,0.0729366473901,0.0000020995882
189643,0.2536133096211,3.8407043407947,0.0058133905213,0.0450646362724,0.0729316752395,0.0000020995882
189960,0.2536155121212,3.8407376953201,0.0058602245415,0.0450018416642,0.0729297922810,0.0000020995882
190619,0.2536165612811,3.8407535837335,0.0057842686967,0.0450041042593,0.0728982726657,0.0000020995882
190690,0.2536163589865,3.8407505201967,0.0057728260123,0.0449828568967,0.0728857369655,0.0000020995882
190951,0.2536143872542,3.8407206604036,0.0057070291997,0.0450193972026,0.0728701659267,0.0000020995882
191536,0.2535933918913,3.8404027079211,0.0057761150265,0.0449405833333,0.0728671273214,0.0000020995882
191681,0.2535939769525,3.8404115680516,0.0058091759553,0.0448712960072,0.0728566761875,0.0000020995882
192267,0.2535992599094,3.8404915728259,0.0057761150265,0.0448830938955,0.0728478528118,0.0000020995882
192282,0.2536004750012,3.8405099741011,0.0057761150265,0.0448623481709,0.0728407040012,0.0000020995882
192783,0.2535971750313,3.8404599995597,0.0057292810063,0.0449074880176,0.0728360465157,0.0000020995882
193479,0.2536048088727,3.8405756059839,0.0057761150265,0.0448239034017,0.0728279024133,0.0000020995882
193521,0.2536064793676,3.8406009038557,0.0057516705438,0.0448508900610,0.0728274222622,0.0000020995882
193817,0.2536049814675,3.8405782197499,0.0057847314725,0.0447814407542,0.0728164669292,0.0000020995882
194044,0.2536056686609,3.8405886265632,0.0058091759553,0.0446967216859,0.0727968335817,0.0000020575964
194201,0.2536038981067,3.8405618134008,0.0057761150265,0.0447194544220,0.0727904040421,0.0000020575964
194326,0.2535981381485,3.8404745849480,0.0057610582829,0.0447008648301,0.0727760777352,0.0000020575964
194601,0.2535982470055,3.8404762334721,0.0057590198654,0.0446833466512,0.0727689709618,0.0000020575964
194854,0.2535942154930,3.8404151804939,0.0057475771810,0.0446448092585,0.0727494397041,0.0000020575964
194866,0.2535928644034,3.8403947196763,0.0057480564846,0.0446404581416,0.0727478016304,0.0000020575964
194935,0.2535934407266,3.8404034474793,0.0057125108901,0.0446410760222,0.0727329119737,0.0000020575964
195047,0.2535890667444,3.8403372081635,0.0057012224643,0.0446360395973,0.0727253380719,0.0000020575964
195668,0.2535915214934,3.8403743827311,0.0057593449103,0.0445314358708,0.0727134152355,0.0000020164445
195766,0.2535925284192,3.8403896315528,0.0057125108901,0.0445738207199,0.0727086967284,0.0000020164445
196091,0.2536025519449,3.8405414272084,0.0056747726195,0.0445863686985,0.0726991525032,0.0000020164445
196530,0.2535954518473,3.8404339037682,0.0056747726195,0.0445579734049,0.0726874898774,0.0000020164445
196589,0.2535875116050,3.8403136572274,0.0056279385992,0.0446173685160,0.0726869292136,0.0000020164445
197107,0.2535813291558,3.8402200305974,0.0057216066397,0.0444853313044,0.0726785917020,0.0000020164445
197166,0.2535834120946,3.8402515744950,0.0057684406599,0.0444042486502,0.0726701516782,0.0000020164445
197497,0.2535831466719,3.8402475549493,0.0057684406599,0.0443708378925,0.0726581623884,0.0000020164445
197714,0.2535838748627,3.8402585826259,0.0057684406599,0.0443473978069,0.0726499469702,0.0000020164445
197755,0.2535863586437,3.8402961968532,0.0058152746802,0.0442715594301,0.0726434657973,0.0000020164445
198177,0.2535882679549,3.8403251113443,0.0058152746802,0.0442479221595,0.0726354330531,0.0000020164445
198295,0.2535885855566,3.8403299210839,0.0058152746802,0.0442240877039,0.0726269888050,0.0000020164445
198515,0.2535937163463,3.8404076214474,0.0058152746802,0.0442190067085,0.0726262736187,0.0000020164445
198596,0.2535938569032,3.8404097500325,0.0057593449103,0.0441480409671,0.0725769889291,0.0000020164445
198702,0.2535919754808,3.8403812578872,0.0057913095010,0.0441086751873,0.0725762256704,0.0000020164445
199647,0.2535870207586,3.8403062238802,0.0057657852079,0.0441003133619,0.0725612385952,0.0000020164445
200187,0.2535914017230,3.8403725689356,0.0058126192281,0.0440191568691,0.0725532646346,0.0000020164445
200519,0.2535899330625,3.8403503276313,0.0057806546375,0.0439424850524,0.0725118680196,0.0000020164445
201046,0.2535842047455,3.8402635783512,0.0057562101547,0.0439559647204,0.0725049784833,0.0000020164445
201551,0.2535828604589,3.8402432205568,0.0057806546375,0.0439044134386,0.0724967554567,0.0000020164445
201838,0.2535789660324,3.8401842436021,0.0057806546375,0.0438754241490,0.0724855676191,0.0000020164445
202074,0.2535688154075,3.8400305231646,0.0057418200288,0.0438866428252,0.0724707557515,0.0000020164445
202574,0.2535653891869,3.8399786366907,0.0056949860085,0.0439387307529,0.0724685526698,0.0000019761156
202856,0.2535543057594,3.8398107899463,0.0057368176419,0.0438751513472,0.0724613985618,0.0000019761156
203048,0.2535653962777,3.8399787440726,0.0057853650347,0.0437920174280,0.0724548904415,0.0000019761156
203068,0.2535600412800,3.8398976483176,0.0057435334013,0.0438167698111,0.0724446552360,0.0000019761156
203324,0.2535547604963,3.8398176764551,0.0057903674216,0.0437355394798,0.0724345845298,0.0000019761156
203403,0.2535502246511,3.8397489858945,0.0057823680100,0.0436582241235,0.0724025716165,0.0000019761156
203781,0.2535521988987,3.8397788837777,0.0056924682874,0.0437461800825,0.0723958790595,0.0000019761156
204047,0.2535482044229,3.8397183916824,0.0057393023076,0.0436821747737,0.0723922357845,0.0000019761156
204666,0.2535507599353,3.8397570922047,0.0057393023076,0.0436337141856,0.0723754760414,0.0000019761156
204874,0.2535557051988,3.8398319829705,0.0057393023076,0.0435560005690,0.0723487808776,0.0000019761156
205178,0.2535525717635,3.8397845304202,0.0056647347904,0.0436267655040,0.0723414251109,0.0000019761156
206317,0.2535492017251,3.8397334947663,0.0055965910431,0.0436842167586,0.0723320168019,0.0000019761156
206593,0.2535500165757,3.8397458348125,0.0056434250633,0.0436080971902,0.0723250775756,0.0000019761156
206633,0.2535509968488,3.8397606800091,0.0056434250633,0.0435839845592,0.0723166759802,0.0000019761156
206814,0.2535507434126,3.8397568419861,0.0056274592957,0.0435873482928,0.0723109805340,0.0000019761156
206938,0.2535621004132,3.8399288317047,0.0056274592957,0.0435731272596,0.0723083352366,0.0000019761156
207037,0.2535651442685,3.8399749276613,0.0056692909291,0.0435144781764,0.0723059692330,0.0000019761156
207057,0.2535670548666,3.8400038616419,0.0056829262896,0.0434851641993,0.0723017530953,0.0000019761156
207208,0.2535593169038,3.8398866784091,0.0057297603099,0.0433505084204,0.0722720753338,0.0000019761156
207622,0.2535561011313,3.8398379789479,0.0057629589695,0.0432866489559,0.0722628072850,0.0000019761156
208525,0.2535657247451,3.8399837183632,0.0058097929898,0.0432151470562,0.0722594048182,0.0000019761156
208697,0.2535602948318,3.8399014880909,0.0057505742057,0.0432738989087,0.0722538445910,0.0000019761156
208798,0.2535617036436,3.8399228230493,0.0057701540325,0.0432487710043,0.0722535635820,0.0000019761156
209265,0.2535629366774,3.8399414960383,0.0057701540325,0.0431851585119,0.0722311090562,0.0000019761156
209453,0.2535626633819,3.8399373572677,0.0056742933159,0.0432275433610,0.0722051047747,0.0000019761156
209462,0.2535664259581,3.8399943374898,0.0056921597702,0.0431926408119,0.0722011028968,0.0000019761156
209600,0.2535651434956,3.8399749159567,0.0056921597702,0.0431681690150,0.0721920881559,0.0000019365933
209691,0.2535697375366,3.8400444878308,0.0057389937904,0.0431037278090,0.0721901295998,0.0000019365933
210637,0.2535675738313,3.8400117208105,0.0057211273361,0.0430869820572,0.0721760282712,0.0000019365933
210848,0.2535743643958,3.8401145567019,0.0056742933159,0.0431034879594,0.0721633066343,0.0000019365933
211434,0.2535742161220,3.8401123112517,0.0056274592957,0.0431522858593,0.0721606309597,0.0000019365933
211862,0.2535736043445,3.8401030465310,0.0056742933159,0.0430757613389,0.0721532414017,0.0000019365933
211946,0.2535772832024,3.8401587589292,0.0056434250633,0.0430920072716,0.0721466025961,0.0000019365933
212019,0.2535807726551,3.8402116029852,0.0056722548984,0.0430269634390,0.0721364760393,0.0000019365933
213614,0.2535896610727,3.8403462086344,0.0056722548984,0.0429563431926,0.0721131591837,0.0000019365933
213741,0.2535864940999,3.8402982481932,0.0056722548984,0.0429270900312,0.0721020329890,0.0000019365933
215136,0.2535916675739,3.8403765949646,0.0056722548984,0.0429222550029,0.0721014147947,0.0000019365933
215968,0.2535821974676,3.8402331802585,0.0057129901937,0.0428571951360,0.0720936078032,0.0000019365933
216163,0.2535777056480,3.8401651564187,0.0057129901937,0.0428180600240,0.0720786684447,0.0000019365933
216412,0.2535784752057,3.8401768105527,0.0057353962589,0.0427836733665,0.0720761550002,0.0000019365933
217221,0.2535781053467,3.8401712094307,0.0056885622387,0.0428256877364,0.0720710091539,0.0000018978614
218610,0.2535895652263,3.8403447571427,0.0057353962589,0.0427604031896,0.0720702206557,0.0000018978614
218615,0.2535878720478,3.8403191157504,0.0056702330085,0.0428089461882,0.0720592675097,0.0000018978614
218800,0.2535865809427,3.8402995633346,0.0056946609636,0.0427323406774,0.0720421008569,0.0000018978614
219284,0.2535988994450,3.8404861139755,0.0057316279411,0.0426498808677,0.0720311335943,0.0000018599042
219380,0.2536086001417,3.8406330207292,0.0057414949838,0.0426230537979,0.0720278599512,0.0000018599042
219402,0.2536149066234,3.8407285256991,0.0057414949838,0.0425835112874,0.0720150890150,0.0000018599042
220058,0.2536228655505,3.8408490552013,0.0057582651000,0.0425471782192,0.0720110055962,0.0000018599042
220391,0.2536207595431,3.8408171619551,0.0057582651000,0.0425424128734,0.0720088523997,0.0000018599042
220799,0.2536179267738,3.8407742626713,0.0057114310797,0.0425945008012,0.0720067764861,0.0000018599042
220845,0.2536108067906,3.8406664380839,0.0057114310797,0.0425650022278,0.0719947155706,0.0000018599042
221001,0.2536118161212,3.8406817233235,0.0056990463159,0.0425231113509,0.0719746630724,0.0000018599042
222701,0.2536127409520,3.8406957289053,0.0056990463159,0.0425080053623,0.0719694662545,0.0000018599042
224576,0.2536056165806,3.8405878378635,0.0056990463159,0.0424781397453,0.0719572733117,0.0000018227061
225519,0.2536128041403,3.8406966858241,0.0056990463159,0.0424733190206,0.0719570918157,0.0000018227061
225818,0.2536128540862,3.8406974422025,0.0056990463159,0.0424637102413,0.0719536708115,0.0000018227061
227830,0.2536137553687,3.8407110911690,0.0056822761997,0.0424275379963,0.0719337580919,0.0000018227061
228001,0.2536195478196,3.8407988116890,0.0056822761997,0.0423662308335,0.0719131039160,0.0000018227061
228449,0.2536254100663,3.8408875891918,0.0056354421795,0.0424016492791,0.0719069378337,0.0000018227061
228748,0.2536268259489,3.8409090312306,0.0056822761997,0.0423046549196,0.0718926721173,0.0000018227061
229060,0.2536262270170,3.8408999610428,0.0056822761997,0.0422795457815,0.0718835762255,0.0000018227061
229241,0.2536201016686,3.8408071991428,0.0056957573016,0.0422399109728,0.0718738859771,0.0000018227061
229395,0.2536267380317,3.8409076998182,0.0057353962589,0.0421779853174,0.0718701798740,0.0000018227061
231017,0.2536211363763,3.8408228686936,0.0057512242956,0.0421480643216,0.0718650768936,0.0000018227061
231138,0.2536251800839,3.8408841063525,0.0057980583158,0.0420858699152,0.0718638028373,0.0000018227061
232961,0.2536134008633,3.8407057225603,0.0057115853384,0.0421845674592,0.0718594679940,0.0000017862520
233076,0.2536063030380,3.8405982335316,0.0056957573016,0.0421543956144,0.0718403879283,0.0000017862520
235582,0.2536080980296,3.8406254167744,0.0057353962589,0.0420878183670,0.0718339831055,0.0000017862520
236468,0.2536104851035,3.8406615664734,0.0057131444523,0.0420721980092,0.0718193794336,0.0000017862520
237014,0.2536087292582,3.8406349760603,0.0057169127701,0.0420561323883,0.0718148804526,0.0000017862520
237266,0.2536107312872,3.8406652946653,0.0057637467904,0.0419791219255,0.0718078774451,0.0000017862520
238931,0.2536113801615,3.8406751211778,0.0057414949838,0.0419983613796,0.0718053512347,0.0000017505269
240531,0.2536125366501,3.8406926349687,0.0057571687619,0.0419707875449,0.0718024685890,0.0000017505269
241069,0.2536112821676,3.8406736371636,0.0057571687619,0.0419449706571,0.0717929794542,0.0000017505269
241097,0.2536217161486,3.8408316487299,0.0058040027821,0.0418776239075,0.0717912346197,0.0000017505269
244054,0.2536256239023,3.8408908275102,0.0057723632364,0.0418885150882,0.0717824018976,0.0000017505269
244418,0.2536275103820,3.8409193962424,0.0057255292162,0.0419349927198,0.0717793335744,0.0000017505269
244437,0.2536359924834,3.8410478486636,0.0057723632364,0.0418252198978,0.0717620183113,0.0000017505269
244652,0.2536397076449,3.8411041108404,0.0057723632364,0.0418159597023,0.0717595072046,0.0000017505269
245708,0.2536341389559,3.8410197789580,0.0057723632364,0.0418115141622,0.0717567262212,0.0000017155164
245891,0.2536290686657,3.8409429947950,0.0057723632364,0.0418069691721,0.0717540165197,0.0000017155164
246122,0.2536301460582,3.8409593107612,0.0057255292162,0.0418582437374,0.0717524880113,0.0000017155164
246193,0.2536251656256,3.8408838873962,0.0057390103181,0.0418184797113,0.0717429969530,0.0000017155164
246595,0.2536210939944,3.8408222268643,0.0057858443383,0.0417368063487,0.0717330271255,0.0000017155164
246838,0.2536265415729,3.8409047246573,0.0057858443383,0.0417062728972,0.0717232896596,0.0000017155164
247099,0.2536223630502,3.8408414453676,0.0057858443383,0.0416756047915,0.0717114413670,0.0000017155164
247694,0.2536201364718,3.8408077262016,0.0058326783586,0.0416016871715,0.0717046368160,0.0000017155164
247969,0.2536144616474,3.8407217870097,0.0058326783586,0.0415970498832,0.0717017646078,0.0000017155164
249172,0.2536192669841,3.8407945587326,0.0057734595745,0.0416600144524,0.0716999021901,0.0000017155164
249377,0.2536160044771,3.8407451515278,0.0056957573016,0.0417151309241,0.0716855865615,0.0000017155164
249420,0.2536160542953,3.8407459059711,0.0057734595745,0.0415919567439,0.0716749074323,0.0000017155164
249438,0.2536217564792,3.8408322594937,0.0057734595745,0.0415872825362,0.0716744599690,0.0000017155164
249487,0.2536135655387,3.8407082163945,0.0057468224156,0.0416118564785,0.0716700652501,0.0000017155164
249591,0.2536081694051,3.8406264976802,0.0057468224156,0.0415535661169,0.0716480909495,0.0000017155164
250264,0.2536123527799,3.8406898504510,0.0057734595745,0.0414607282458,0.0716272469297,0.0000017155164
250456,0.2536112697384,3.8406734489359,0.0057734595745,0.0414345627741,0.0716176700380,0.0000017155164
251384,0.2536192011229,3.8407935613353,0.0057299145685,0.0414572112422,0.0716087962136,0.0000017155164
251435,0.2536265401913,3.8409047037353,0.0057299145685,0.0414525185750,0.0716086929186,0.0000017155164
251506,0.2536284166081,3.8409331200758,0.0057103347417,0.0414497727221,0.0715997229918,0.0000017155164
253118,0.2536270615631,3.8409125993564,0.0057412029943,0.0413713338756,0.0715846480023,0.0000016812061
253132,0.2536210797670,3.8408220114061,0.0057266255542,0.0413024512859,0.0715525177897,0.0000016812061
253223,0.2536202751929,3.8408098269854,0.0057477810227,0.0412761696196,0.0715520257010,0.0000016812061
253592,0.2536216267553,3.8408302949621,0.0057946150430,0.0412021710093,0.0715459589693,0.0000016812061
253638,0.2536271415272,3.8409138103284,0.0057811339410,0.0411730308219,0.0715309558812,0.0000016812061
253903,0.2536308587889,3.8409701043111,0.0057342999208,0.0412058206186,0.0715233913561,0.0000016812061
254221,0.2536263311372,3.8409015378318,0.0057811339410,0.0411037542513,0.0715060405939,0.0000016812061
255328,0.2536248142254,3.8408785658129,0.0057946150430,0.0410683916942,0.0714988636718,0.0000016812061
259678,0.2536388614930,3.8410912967695,0.0058182551772,0.0410002536062,0.0714876702552,0.0000016812061
260040,0.2536411715881,3.8411262807071,0.0057894253421,0.0410253253525,0.0714847638271,0.0000016812061
260170,0.2536301561332,3.8409594633360,0.0058314112341,0.0409552792798,0.0714753808717,0.0000016475820
260235,0.2536301585506,3.8409594999444,0.0057980583158,0.0409939963234,0.0714749147974,0.0000016146303
260589,0.2536310565163,3.8409730986818,0.0057092384036,0.0410840269207,0.0714691953267,0.0000016146303
260691,0.2536325056959,3.8409950449683,0.0057560724238,0.0410128740713,0.0714641658562,0.0000016146303
260856,0.2536406029821,3.8411176697724,0.0057560724238,0.0409732682601,0.0714517560564,0.0000016146303
260871,0.2536432021588,3.8411570315448,0.0057252041712,0.0408991076690,0.0714125978463,0.0000016146303
260937,0.2536412939060,3.8411281330808,0.0057071999860,0.0409050695261,0.0714066020903,0.0000016146303
260961,0.2536414587483,3.8411306294424,0.0056805628271,0.0409273903407,0.0714031932079,0.0000016146303
261039,0.2536405387486,3.8411166970240,0.0057071999860,0.0408389027156,0.0713828092671,0.0000016146303
262105,0.2536442003981,3.8411721488183,0.0057186261427,0.0407378803552,0.0713524114162,0.0000016146303
262631,0.2536443527019,3.8411744552986,0.0057321072447,0.0406397152096,0.0713231626873,0.0000016146303
262984,0.2536498721372,3.8412580412859,0.0056957573016,0.0405730918875,0.0712849728328,0.0000016146303
263712,0.2536507629258,3.8412715313346,0.0056713128189,0.0405929436426,0.0712817774217,0.0000016146303
263943,0.2536565462500,3.8413591136394,0.0056702164808,0.0405615503276,0.0712713349481,0.0000016146303
264193,0.2536561156535,3.8413525927122,0.0056702164808,0.0405258638089,0.0712584974921,0.0000016146303
264426,0.2536571041761,3.8413675628385,0.0056822761997,0.0405061998144,0.0712568549142,0.0000016146303
264514,0.2536561694013,3.8413534066661,0.0056946609636,0.0404748064993,0.0712507504630,0.0000016146303
265321,0.2536597205987,3.8414071857808,0.0057192597049,0.0404390389902,0.0712492796412,0.0000016146303
265365,0.2536608267185,3.8414239367913,0.0056946609636,0.0404030669976,0.0712261272089,0.0000016146303
266210,0.2536661400021,3.8415044008306,0.0056946609636,0.0403723304901,0.0712162884456,0.0000016146303
268482,0.2536703886926,3.8415687427376,0.0056946609636,0.0403265160408,0.0712008365760,0.0000015823377
269576,0.2536647910502,3.8414839723859,0.0056946609636,0.0403224230697,0.0711981753058,0.0000015823377
271600,0.2536577178596,3.8413768564234,0.0056946609636,0.0402916496429,0.0711856691125,0.0000015823377
273574,0.2536556232865,3.8413451363368,0.0056946609636,0.0402742770362,0.0711790157730,0.0000015823377
273578,0.2536550079033,3.8413358170112,0.0057158164321,0.0402471854659,0.0711782749737,0.0000015823377
273753,0.2536607853985,3.8414233110427,0.0057051615685,0.0401795129195,0.0711507778717,0.0000015823377
274192,0.2536620759133,3.8414428545202,0.0056807170858,0.0401988013927,0.0711474669441,0.0000015823377
274451,0.2536642075667,3.8414751361473,0.0056338830655,0.0402413360510,0.0711430429534,0.0000015823377
274532,0.2536763458462,3.8416589575042,0.0056114770003,0.0402272679912,0.0711310171069,0.0000015823377
274552,0.2536728783609,3.8416064461212,0.0055989545056,0.0402289625406,0.0711255124871,0.0000015506910
274781,0.2536635671374,3.8414654375264,0.0056233989883,0.0401378458507,0.0711014517568,0.0000015506910
275549,0.2536525683595,3.8412988727116,0.0056385934628,0.0400890880445,0.0710881932913,0.0000015506910
276574,0.2536573833012,3.8413717898916,0.0056721171674,0.0400207712258,0.0710791935027,0.0000015506910
276601,0.2536572492990,3.8413697605697,0.0056977957192,0.0399580440579,0.0710677673215,0.0000015506910
276947,0.2536508607402,3.8412730126287,0.0057341456622,0.0399174537860,0.0710674803660,0.0000015506910
277069,0.2536566483093,3.8413606592186,0.0057809796824,0.0398488682163,0.0710642974360,0.0000015506910
277077,0.2536516965006,3.8412856693339,0.0058278137027,0.0397762335782,0.0710573671149,0.0000015506910
277132,0.2536583760927,3.8413868246640,0.0058746477229,0.0397071914968,0.0710542122928,0.0000015506910
277505,0.2536629364227,3.8414558860208,0.0057695535257,0.0397364138415,0.0710205856878,0.0000015506910
277872,0.2536648182880,3.8414843848734,0.0057800376030,0.0396747900690,0.0710034736305,0.0000015506910
278302,0.2536655755938,3.8414958534658,0.0057800376030,0.0396472935467,0.0709938157237,0.0000015506910
278934,0.2536585756428,3.8413898466395,0.0057800376030,0.0396435757601,0.0709909879533,0.0000015506910
279599,0.2536566152422,3.8413601584535,0.0057800376030,0.0396066663555,0.0709773859373,0.0000015506910
280046,0.2536621083499,3.8414433457384,0.0057800376030,0.0396029301093,0.0709772286581,0.0000015506910
280551,0.2536557060249,3.8413463893217,0.0057800376030,0.0395621425058,0.0709612897301,0.0000015506910
281035,0.2536535851111,3.8413142703341,0.0057800376030,0.0395307566234,0.0709496260049,0.0000015506910
281358,0.2536491286331,3.8412467817063,0.0057527834096,0.0395401636717,0.0709403503368,0.0000015506910
281403,0.2536513886838,3.8412810077753,0.0057527834096,0.0394667041525,0.0709145990908,0.0000015506910
282708,0.2536440734411,3.8411702261902,0.0057527834096,0.0393930384130,0.0708867223461,0.0000015196771
283527,0.2536385525548,3.8410866182274,0.0057527834096,0.0393520719375,0.0708709084150,0.0000015196771
283682,0.2536365005035,3.8410555420898,0.0057059493893,0.0393722337527,0.0708575976150,0.0000015196771
284275,0.2536300719537,3.8409581885265,0.0057183341532,0.0393311253245,0.0708468462430,0.0000015196771
284304,0.2536219826485,3.8408356845872,0.0057020433406,0.0393382419001,0.0708406726778,0.0000015196771
284395,0.2536273359601,3.8409167548090,0.0056896585767,0.0393052721483,0.0708247371487,0.0000015196771
284691,0.2536218633407,3.8408338777975,0.0057020433406,0.0392641452604,0.0708141840263,0.0000015196771
284704,0.2536102122166,3.8406574338909,0.0056654014080,0.0393149406141,0.0708141248692,0.0000015196771
284739,0.2536153621905,3.8407354247790,0.0056834055932,0.0392850862728,0.0708122822496,0.0000015196771
286336,0.2536209471005,3.8408200023123,0.0056975037296,0.0392114530572,0.0707932234975,0.0000015196771
286547,0.2536168494725,3.8407579480857,0.0057007927439,0.0391514768377,0.0707723349335,0.0000015196771
287031,0.2536148433335,3.8407275672406,0.0057219482124,0.0391201148517,0.0707697709667,0.0000015196771
287105,0.2536204464885,3.8408124210752,0.0057687822326,0.0390494087044,0.0707657911702,0.0000015196771
288800,0.2536223146649,3.8408407126238,0.0057944607844,0.0390022893763,0.0707603682559,0.0000015196771
289405,0.2536246724615,3.8408764189501,0.0058412948046,0.0389270759099,0.0707540832687,0.0000014892836
289798,0.2536258700568,3.8408945552598,0.0057849022589,0.0389692652861,0.0707452392967,0.0000014892836
290001,0.2536131633497,3.8407021256690,0.0057974247536,0.0389529138596,0.0707420434192,0.0000014892836
290038,0.2536205130363,3.8408134288704,0.0058193515153,0.0388933551156,0.0707317445556,0.0000014892836
290401,0.2536154896986,3.8407373557545,0.0058193515153,0.0388895337230,0.0707293033430,0.0000014892836
290453,0.2536224065002,3.8408421033717,0.0058055784238,0.0388934777602,0.0707262913460,0.0000014892836
291308,0.2536201665299,3.8408081813990,0.0057839601794,0.0389194418265,0.0707258192713,0.0000014892836
291336,0.2536160145474,3.8407453040315,0.0058307941996,0.0388181807181,0.0707088366022,0.0000014892836
291382,0.2536230957509,3.8408525413412,0.0058307941996,0.0387739970857,0.0706945741342,0.0000014892836
292047,0.2536171090064,3.8407618784510,0.0058307941996,0.0387426774559,0.0706821056783,0.0000014892836
292911,0.2536075630371,3.8406173148806,0.0058123107109,0.0387488858635,0.0706743559067,0.0000014594979
293194,0.2536094193339,3.8406454265243,0.0057925766254,0.0387685125514,0.0706733057508,0.0000014594979
293311,0.2536103389420,3.8406593530127,0.0058394106457,0.0386925968486,0.0706664617816,0.0000014594979
293720,0.2536082676614,3.8406279856672,0.0058394106457,0.0386451507953,0.0706490729168,0.0000014594979
293872,0.2536060692694,3.8405946933541,0.0058214064605,0.0386257118680,0.0706339432794,0.0000014594979
294027,0.2536128658416,3.8406976202257,0.0058682404807,0.0385536913962,0.0706297498136,0.0000014594979
294108,0.2536074722770,3.8406159404150,0.0058123107109,0.0384775694731,0.0705774377473,0.0000014594979
294258,0.2536105216720,3.8406621202643,0.0057834808758,0.0384966328792,0.0705725439048,0.0000014594979
294276,0.2536075935931,3.8406177776185,0.0057568437169,0.0385108789227,0.0705655884067,0.0000014594979
294285,0.2535983930367,3.8404784449596,0.0057568437169,0.0384154873733,0.0705295484484,0.0000014594979
294486,0.2535953889861,3.8404329518016,0.0057834808758,0.0383259468730,0.0705083418985,0.0000014594979
295114,0.2536007082965,3.8405135071102,0.0057834808758,0.0382944187503,0.0704982217069,0.0000014594979
295917,0.2536001277125,3.8405047147827,0.0056891792732,0.0383872626695,0.0704908408660,0.0000014594979
296265,0.2535943351874,3.8404169931390,0.0056891792732,0.0382627559733,0.0704451329334,0.0000014303080
296780,0.2535905581846,3.8403597944411,0.0056767945093,0.0382723069456,0.0704424268813,0.0000014303080
298288,0.2535942109850,3.8404151122261,0.0056767945093,0.0382403933198,0.0704318119007,0.0000014303080
298920,0.2535956483138,3.8404368790452,0.0056796207477,0.0381676475853,0.0704073505253,0.0000014303080
299407,0.2535896809810,3.8403465101243,0.0056796207477,0.0381262807222,0.0703912979314,0.0000014303080
299922,0.2535873206684,3.8403107656956,0.0056551762649,0.0381410629402,0.0703855953068,0.0000014303080
300448,0.2535862588452,3.8402946855096,0.0056083422447,0.0381655249214,0.0703740324722,0.0000014303080
300946,0.2535928444822,3.8403944179919,0.0056163416562,0.0381203039824,0.0703627216640,0.0000014303080
301230,0.2535882668662,3.8403250948561,0.0055864154831,0.0381438888044,0.0703573383942,0.0000014303080
301563,0.2535878159322,3.8403182659405,0.0056083422447,0.0380843300604,0.0703453679691,0.0000014303080
301592,0.2535863776858,3.8402964852247,0.0056055160063,0.0380561609926,0.0703337881470,0.0000014303080
301982,0.2535923762215,3.8403873266804,0.0056055160063,0.0379823144742,0.0703086997910,0.0000014303080
302039,0.2535941860425,3.8404147344986,0.0055940733219,0.0379763526172,0.0703020543675,0.0000014303080
302410,0.2535928980187,3.8403952287445,0.0055729178534,0.0379897776045,0.0702975063714,0.0000014303080
302434,0.2535967991702,3.8404543075422,0.0055842062792,0.0379116032336,0.0702752608110,0.0000014303080
302504,0.2535922926480,3.8403860610486,0.0055965910431,0.0378702179109,0.0702648224112,0.0000014303080
303286,0.2535971021102,3.8404588952481,0.0056185178047,0.0378106591669,0.0702539792138,0.0000014303080
303941,0.2535965283935,3.8404502069173,0.0056473476397,0.0377471258644,0.0702435214529,0.0000014017018
305366,0.2535909600785,3.8403658806980,0.0056782158923,0.0376761993597,0.0702302265991,0.0000014017018
305825,0.2535967899384,3.8404541677369,0.0057250499126,0.0376014655977,0.0702248569485,0.0000014017018
305839,0.2535991771255,3.8404903191515,0.0056473476397,0.0375231675498,0.0701641039260,0.0000014017018
306403,0.2536052013417,3.8405815495100,0.0056542507132,0.0374765160917,0.0701516920545,0.0000014017018
306692,0.2536049199096,3.8405772875198,0.0056666354770,0.0374384263039,0.0701433360079,0.0000014017018
307689,0.2536089056299,3.8406376470234,0.0056666354770,0.0374065734938,0.0701328140872,0.0000014017018
308109,0.2536022159300,3.8405363386200,0.0056666354770,0.0374032410396,0.0701301904179,0.0000014017018
308244,0.2536060022021,3.8405936776917,0.0056542507132,0.0374126758172,0.0701290635694,0.0000014017018
309486,0.2536060699745,3.8405947040323,0.0057010847334,0.0373339468691,0.0701210323335,0.0000014017018
310085,0.2536044335505,3.8405699221278,0.0056913719493,0.0373433523913,0.0701198781646,0.0000014017018
312344,0.2536055602302,3.8405869844963,0.0056913719493,0.0372708460876,0.0700942244875,0.0000013736678
312492,0.2536074412569,3.8406154706492,0.0056512702162,0.0372996982828,0.0700877454630,0.0000013736678
312631,0.2536012893944,3.8405223072222,0.0056512702162,0.0372583810742,0.0700716710608,0.0000013736678
313787,0.2536027619639,3.8405446077231,0.0056512702162,0.0372353193912,0.0700637502961,0.0000013736678
314413,0.2535998048820,3.8404998258577,0.0056512702162,0.0372262404959,0.0700598741731,0.0000013736678
316197,0.2535987892105,3.8404844445901,0.0056473476397,0.0371972721061,0.0700476295715,0.0000013736678
316467,0.2535958607370,3.8404400959679,0.0056473476397,0.0371681065312,0.0700365857647,0.0000013736678
317957,0.2535977978143,3.8404694309480,0.0056752353954,0.0371297737722,0.0700352624769,0.0000013461944
319647,0.2535964280953,3.8404486880080,0.0056674067702,0.0371003300220,0.0700210982155,0.0000013461944
329308,0.2535983447476,3.8404777136723,0.0056473476397,0.0370912365298,0.0700096644807,0.0000013192705
329844,0.2535976771907,3.8404676042311,0.0056473476397,0.0370524948039,0.0699956851021,0.0000013192705
330338,0.2535975651425,3.8404659073805,0.0056674067702,0.0370228890728,0.0699936843866,0.0000013192705
332247,0.2535941844178,3.8404147098934,0.0056674067702,0.0369810409726,0.0699780141955,0.0000013192705
332730,0.2535885563544,3.8403294788489,0.0056680403324,0.0369390509198,0.0699620832612,0.0000012928851
333911,0.2535865225336,3.8402986787913,0.0056680403324,0.0368997767338,0.0699476209474,0.0000012928851
334277,0.2535863782194,3.8402964933064,0.0056680403324,0.0368602980644,0.0699334904982,0.0000012928851
334560,0.2535790833806,3.8401860207169,0.0056674067702,0.0368575212352,0.0699306640671,0.0000012928851
337346,0.2535741181525,3.8401108276071,0.0056674067702,0.0368546449559,0.0699285728470,0.0000012928851
337813,0.2535746536199,3.8401189366931,0.0056586360655,0.0368448105053,0.0699214164128,0.0000012928851
338931,0.2535708276852,3.8400609969736,0.0056586360655,0.0368418347760,0.0699195338092,0.0000012928851
339849,0.2535679140854,3.8400168735979,0.0056586360655,0.0368092348560,0.0699072666378,0.0000012670274
340520,0.2535661186644,3.8399896838532,0.0056473476397,0.0368189531119,0.0699055148137,0.0000012670274
340744,0.2535672396570,3.8400066600950,0.0056473476397,0.0367891149916,0.0698950985548,0.0000012670274
340942,0.2535691945115,3.8400362642912,0.0056586360655,0.0367495938196,0.0698862406447,0.0000012670274
343316,0.2535632152017,3.8399457139918,0.0056586360655,0.0367166268560,0.0698731854484,0.0000012670274
344605,0.2535573651075,3.8398571205264,0.0056586360655,0.0367194775238,0.0698729499525,0.0000012670274
361282,0.2535586494619,3.8398765707103,0.0056586360655,0.0367136767382,0.0698711534621,0.0000011925161
362885,0.2535542910712,3.8398105675104,0.0056603659658,0.0366805566608,0.0698591323080,0.0000011925161
363697,0.2535542637051,3.8398101530788,0.0056603659658,0.0366502889662,0.0698483165529,0.0000011925161
365704,0.2535487222980,3.8397262343517,0.0056586360655,0.0366531765532,0.0698474190038,0.0000011925161
365707,0.2535480088302,3.8397154296384,0.0056586360655,0.0366226306832,0.0698363568786,0.0000011925161
368727,0.2535499279216,3.8397444922417,0.0056763317334,0.0365827430469,0.0698301063857,0.0000011686657
369935,0.2535493431018,3.8397356357663,0.0056663104321,0.0365519190015,0.0698146776361,0.0000011686657
370351,0.2535520433744,3.8397765285283,0.0056473476397,0.0365426509271,0.0698038193284,0.0000011686657
372896,0.2535554848833,3.8398286465266,0.0056473476397,0.0365331431651,0.0698011611653,0.0000011452924
374937,0.2535481737722,3.8397179275102,0.0056490775400,0.0365304985492,0.0697993913788,0.0000011452924
374978,0.2535524659599,3.8397829281361,0.0056473476397,0.0364971276229,0.0697876515595,0.0000011452924
375847,0.2535470718809,3.8397012405363,0.0056473476397,0.0364943650973,0.0697855090691,0.0000011223866
376015,0.2535419241307,3.8396232833248,0.0056473476397,0.0364915031217,0.0697833838457,0.0000011223866
384691,0.2535409750972,3.8396089112200,0.0057004676989,0.0364205829416,0.0697806175852,0.0000010999388
389785,0.2535366971783,3.8395441266788,0.0056069373894,0.0364579606219,0.0697529656415,0.0000010999388
391626,0.2535306705913,3.8394528604165,0.0056119563039,0.0364549807366,0.0697527609486,0.0000010779401
400454,0.2535274681100,3.8394043622374,0.0056461135708,0.0364118862570,0.0697513226457,0.0000010563813
406932,0.2535294697262,3.8394346745901,0.0056299770168,0.0363781721835,0.0697327951569,0.0000010352536
408631,0.2535275700358,3.8394059057950,0.0056249581023,0.0363473587201,0.0697192323086,0.0000010352536
410040,0.2535290818012,3.8394287998781,0.0056249581023,0.0363163480715,0.0697084810268,0.0000010352536
416609,0.2535314581507,3.8394647871674,0.0055994172814,0.0363315481516,0.0697034727785,0.0000010145486
416724,0.2535247233619,3.8393627959411,0.0055994172814,0.0363285754182,0.0697009679189,0.0000010145486
417142,0.2535244578424,3.8393587749296,0.0056096093691,0.0362880278139,0.0696907977722,0.0000010145486
418411,0.2535262281562,3.8393855844527,0.0056105514486,0.0362689938573,0.0696847830319,0.0000010145486
418849,0.2535253228464,3.8393718744976,0.0056271507784,0.0361890677402,0.0696631579936,0.0000010145486
426362,0.2535199682681,3.8392907850929,0.0056249581023,0.0361861575375,0.0696600315075,0.0000009743724
426613,0.2535220120541,3.8393217360636,0.0056437501083,0.0361454054497,0.0696539688615,0.0000009743724
428669,0.2535202024699,3.8392943318307,0.0056565976480,0.0361141166258,0.0696479126019,0.0000009743724
429376,0.2535268666760,3.8393952541587,0.0056766402507,0.0360798639353,0.0696456972292,0.0000009743724
429974,0.2535295212907,3.8394354554795,0.0055981666847,0.0360891758003,0.0696159602130,0.0000009743724
430229,0.2535282148885,3.8394156714046,0.0056160331390,0.0360574574021,0.0696120093221,0.0000009743724
436060,0.2535229424008,3.8393358251761,0.0056160331390,0.0360546722609,0.0696098848101,0.0000009548850
443338,0.2535145324711,3.8392084657191,0.0056387311937,0.0360016354281,0.0695988686940,0.0000009357873
445595,0.2535254695789,3.8393740966057,0.0055918971735,0.0360140491631,0.0695855741138,0.0000009357873
447502,0.2535191218364,3.8392779667846,0.0055879745970,0.0360219195784,0.0695853436417,0.0000009357873
448252,0.2535077011266,3.8391050122576,0.0056210355258,0.0359135272452,0.0695583537686,0.0000009170716
449408,0.2535073183072,3.8390992148649,0.0056389019801,0.0358818088470,0.0695546007883,0.0000009170716
450937,0.2535004191136,3.8389947339017,0.0056389019801,0.0358789498673,0.0695521013255,0.0000009170716
457717,0.2534969452326,3.8389421256615,0.0056389019801,0.0358789498673,0.0695513569225,0.0000008987301
462266,0.2534948701038,3.8389107000385,0.0056337288069,0.0358346643871,0.0695328789349,0.0000008987301
463207,0.2535002233331,3.8389917690136,0.0056526750715,0.0357999338953,0.0695297421361,0.0000008807555
467169,0.2535024809571,3.8390259583323,0.0056058410513,0.0357902369542,0.0695066909964,0.0000008807555
467534,0.2535033953809,3.8390398063101,0.0055970703466,0.0357803003254,0.0694995792750,0.0000008807555
483509,0.2535052807616,3.8390683584002,0.0056149368009,0.0357485819272,0.0694963123376,0.0000008458776
491872,0.2534999794221,3.8389880752414,0.0056149368009,0.0357456675686,0.0694941354939,0.0000008123808
498800,0.2534933976886,3.8388884018736,0.0056489232814,0.0356789493701,0.0694834628289,0.0000007961332
498846,0.2534917185891,3.8388629736947,0.0056398275318,0.0356885374149,0.0694826291452,0.0000007961332
498964,0.2534901439525,3.8388391274944,0.0055929935116,0.0357433276512,0.0694817879416,0.0000007961332
499449,0.2534902557891,3.8388408211416,0.0056020892612,0.0357097095743,0.0694737036290,0.0000007961332
499584,0.2534861136165,3.8387780923345,0.0056020892612,0.0357038180441,0.0694707119027,0.0000007961332
499610,0.2534867544549,3.8387877971519,0.0056489232814,0.0356020715996,0.0694545829322,0.0000007961332
500162,0.2534845433525,3.8387543123534,0.0056020892612,0.0356439311101,0.0694489872268,0.0000007961332
507679,0.2534815768194,3.8387093873587,0.0055970703466,0.0356409613726,0.0694451399572,0.0000007802106
