0,0.2063240533919,3.124558757017,0.5553584234398,0.3201241934734,0.3965531191558,100000
2,0.2063333749493,3.124699922109,0.5553115894196,0.3199190243377,0.3964617702182,100000.0000000000000
3,0.2063395984465,3.1247941703658,0.5552647553994,0.3199637498936,0.3964590055146,100000.0000000000000
139071,0.2545176295373,3.8543993059085,0.0078927031219,0.8675917756941,0.3677762847010,0.0000027302042
139259,0.2545165154645,3.8543824344576,0.0078458691017,0.8676011268699,0.3677593139538,0.0000027302042
139278,0.2545106428199,3.8542934994898,0.0078927031219,0.8675283224750,0.3677521256833,0.0000027302042
139347,0.2545139364036,3.8543433773187,0.0078599672381,0.8675449044115,0.3677447239069,0.0000027302042
139386,0.2545196536143,3.8544299584048,0.0077797802996,0.8676069332660,0.3677337363550,0.0000027302042
139446,0.2545311593827,3.8546042010533,0.0077797802996,0.8674544333468,0.3676817376200,0.0000027302042
139470,0.2545287889424,3.8545683032519,0.0078216119330,0.8673968246580,0.3676785829796,0.0000027302042
139587,0.2545250539781,3.8545117411821,0.0078266143198,0.8672541692206,0.3676289781397,0.0000027302042
139643,0.2545197379585,3.8544312357093,0.0077089811002,0.8673230977588,0.3676020420907,0.0000027302042
139753,0.2545202144185,3.8544384511903,0.0077045957479,0.8673274268553,0.3676018108585,0.0000027302042
139755,0.2545255936827,3.8545199144353,0.0076906518701,0.8672839689066,0.3675814669144,0.0000027302042
139762,0.2545289639284,3.8545709532286,0.0076682623326,0.8672780648443,0.3675704850001,0.0000027302042
139790,0.2545279828696,3.8545560961349,0.0076682623326,0.8672739756169,0.3675688143349,0.0000027302042
139876,0.2545251527757,3.8545132373666,0.0076682623326,0.8672434744720,0.3675573146202,0.0000027302042
139975,0.2545140834273,3.8543456038370,0.0077150963528,0.8671879431214,0.3675551817147,0.0000027302042
140120,0.2545099292309,3.8542826929428,0.0076938031534,0.8672117854119,0.3675536809766,0.0000027302042
140139,0.2545033451809,3.8541829844943,0.0077031908925,0.8671841392501,0.3675464197963,0.0000027302042
140148,0.2544914450229,3.8540027692344,0.0077031908925,0.8671856763809,0.3675444187377,0.0000027302042
140187,0.2544998558976,3.8541301430034,0.0077031908925,0.7418467932931,0.3227823342510,0.0000027302042
140188,0.2544971249239,3.8540887853057,0.0077191731879,0.7417041286430,0.3227376469367,0.0000027302042
140570,0.2544985944595,3.8541110398622,0.0077191731879,0.7416994345147,0.3227362853628,0.0000027302042
140644,0.2544995130516,3.8541249509648,0.0077530054098,0.7416519023815,0.3227340059658,0.0000027302042
140714,0.2544983811683,3.8541078097941,0.0078706386294,0.6268960297852,0.2817999374434,0.0000027302042
140727,0.2544943124918,3.8540461940072,0.0078238046092,0.6268481694146,0.2817619008717,0.0000026756001
140803,0.2544946423034,3.8540511886531,0.0078238046092,0.6268419474874,0.2817597494287,0.0000026756001
140825,0.2544858932684,3.8539186938072,0.0078238046092,0.6268171032004,0.2817490016759,0.0000026756001
140831,0.2544806880671,3.8538398665580,0.0078238046092,0.6267654527875,0.2817294396996,0.0000026756001
140837,0.2544860169644,3.8539205670507,0.0078238046092,0.6267511496049,0.2817254733266,0.0000026756001
140856,0.2544840443639,3.8538906941104,0.0077882590147,0.6267518677588,0.2817100732839,0.0000026756001
141084,0.2544754200213,3.8537600875974,0.0078128412283,0.6266723436576,0.2816903589801,0.0000026756001
141149,0.2544784617113,3.8538061507638,0.0078128412283,0.6266569153556,0.2816855006630,0.0000026756001
141372,0.2544688593797,3.8536607336449,0.0078596752486,0.6265615203858,0.2816694451114,0.0000026756001
141502,0.2544664872517,3.8536248102854,0.0078596752486,0.6265463513080,0.2816635192705,0.0000026756001
141528,0.2544701890687,3.8536808703728,0.0078596752486,0.6265198255090,0.2816548390173,0.0000026756001
141672,0.2544679932774,3.8536476174458,0.0078690629877,0.6264656960370,0.2816390598531,0.0000026756001
141713,0.2544724269315,3.8537147604300,0.0078729690365,0.6264286718375,0.2816284610144,0.0000026756001
141746,0.2544626707477,3.8535670133828,0.0078729690365,0.6264298130976,0.2816267779964,0.0000026756001
141859,0.2544613856185,3.8535475514657,0.0078729690365,0.6264243440003,0.2816245493626,0.0000026756001
141871,0.2544521283532,3.8534073600096,0.0078729690365,0.6263863449248,0.2816089945645,0.0000026756001
141951,0.2544438902151,3.8532826021542,0.0078729690365,0.6263884227301,0.2816079713225,0.0000026756001
142028,0.2544508695413,3.8533882966412,0.0078679666496,0.6263577242251,0.2815963592605,0.0000026756001
142059,0.2544436863984,3.8532795155674,0.0078679666496,0.6263604632160,0.2815957982266,0.0000026756001
142063,0.2544412607038,3.8532427809977,0.0078729690365,0.6262126990623,0.2815446494030,0.0000026756001
142839,0.2544336884322,3.8531281069825,0.0079382865454,0.6261349686490,0.2815432591296,0.0000026756001
142928,0.2544293375471,3.8530622174464,0.0078820647861,0.6260761591728,0.2814972283730,0.0000026756001
143002,0.2544329210541,3.8531164858559,0.0078820647861,0.6260136969394,0.2814756883268,0.0000026756001
143299,0.2544313421785,3.8530925754611,0.0078596752486,0.6260410221804,0.2814755134949,0.0000026756001
144047,0.2544352785071,3.8531521869782,0.0078394783872,0.6260579648673,0.2814737521558,0.0000026756001
144089,0.2544366043897,3.8531722660632,0.0078596752486,0.6259835919051,0.2814561302990,0.0000026756001
144359,0.2544341186602,3.8531346223285,0.0078596752486,0.6259561903100,0.2814458113587,0.0000026756001
144657,0.2544370769641,3.8531794227002,0.0078350930349,0.6259536060385,0.2814349870925,0.0000026220881
145142,0.2544288128234,3.8530542710629,0.0078651569390,0.6258717161459,0.2814168543453,0.0000026220881
145205,0.2544325770266,3.8531112759240,0.0078651569390,0.6258650378606,0.2814152758583,0.0000026220881
145273,0.2544378663013,3.8531913763741,0.0078974135192,0.6258057746317,0.2814090680841,0.0000026220881
145445,0.2544447388376,3.8532954536406,0.0078651569390,0.6258329136590,0.2814064090315,0.0000026220881
145545,0.2544469223706,3.8533285209307,0.0078651569390,0.6257888459005,0.2813911384463,0.0000026220881
145602,0.2544492732619,3.8533641226833,0.0078651569390,0.5214443575202,0.2441257535015,0.0000026220881
145682,0.2544463344520,3.8533196175268,0.0078651569390,0.5213008281736,0.2440738632755,0.0000026220881
145719,0.2544454848410,3.8533067510714,0.0078429216601,0.5213203913060,0.2440711386438,0.0000026220881
145721,0.2544452027882,3.8533024796812,0.0078429216601,0.5213057512162,0.2440658496004,0.0000026220881
145817,0.2544452485848,3.8533031732217,0.0078429216601,0.5213029770704,0.2440648686476,0.0000026220881
145854,0.2544485876040,3.8533537391223,0.0078128577561,0.5213297326103,0.2440622551714,0.0000026220881
145907,0.2544505698516,3.8533837581582,0.0078350930349,0.5211795572191,0.2440185752757,0.0000026220881
146041,0.2544455589710,3.8533078736903,0.0078350930349,0.5211498376329,0.2440068873777,0.0000026220881
146296,0.2544447035066,3.8532949185905,0.0078350930349,0.5211349930596,0.2440014024305,0.0000026220881
146374,0.2544466139350,3.8533238500003,0.0078350930349,0.5211230149481,0.2439975339111,0.0000026220881
146561,0.2544517403870,3.8534014846745,0.0078350930349,0.5210649843084,0.2439779072081,0.0000026220881
146942,0.2544502753037,3.8533792975428,0.0078350930349,0.5210367806231,0.2439675205169,0.0000026220881
146954,0.2544508879181,3.8533885749370,0.0078350930349,0.5210113344897,0.2439585638866,0.0000026220881
147474,0.2544514912399,3.8533977116064,0.0078350930349,0.5209935611251,0.2439523455396,0.0000026220881
148038,0.2544456304180,3.8533089556806,0.0078684459532,0.5209442037031,0.2439477561064,0.0000026220881
148129,0.2544402805840,3.8532279381236,0.0078471527538,0.5209664294828,0.2439454218349,0.0000026220881
148132,0.2544376074684,3.8531874566246,0.0078148961736,0.5209106885098,0.2439111172854,0.0000026220881
148152,0.2544430434814,3.8532697792711,0.0078148961736,0.5208806696999,0.2439015611418,0.0000026220881
148200,0.2544456351921,3.8533090279787,0.0078148961736,0.5208463444732,0.2438898574988,0.0000026220881
148751,0.2544352988342,3.8531524948115,0.0078275729270,0.5208219045440,0.2438843469132,0.0000026220881
148754,0.2544285603126,3.8530504470556,0.0078488661264,0.5207696788586,0.2438733765707,0.0000026220881
149243,0.2544337340248,3.8531287974345,0.0078357100694,0.4272189252238,0.2104578634722,0.0000026220881
149364,0.2544231588341,3.8529686473975,0.0078461941466,0.4271950985751,0.2104515810184,0.0000026220881
149390,0.2544285188257,3.8530498187794,0.0078335173933,0.4271761637603,0.2104405342598,0.0000026220881
149406,0.2544214631545,3.8529429681295,0.0078335173933,0.4271799088220,0.2104403598523,0.0000026220881
149503,0.2544142184186,3.8528332542950,0.0078335173933,0.4271226654302,0.2104183633405,0.0000026220881
149506,0.2544081285789,3.8527410301379,0.0078701593258,0.4270481131398,0.2104061362422,0.0000026220881
149732,0.2544077390948,3.8527351318155,0.0078701593258,0.4269850839735,0.2103835423648,0.0000026220881
149786,0.2544017599206,3.8526445835695,0.0078833153828,0.4265086879536,0.2102177579876,0.0000026220881
149812,0.2544101623493,3.8527718294321,0.0078466734502,0.4264939025682,0.2101985743279,0.0000026220881
149869,0.2544148676330,3.8528430859578,0.0078466734502,0.4264487492918,0.2101834564328,0.0000026220881
149889,0.2544075619779,3.8527324495680,0.0077998394300,0.4264830754797,0.2101740785651,0.0000026220881
150026,0.2544105372406,3.8527775067635,0.0077998394300,0.4264550616947,0.2101647111982,0.0000025696464
150213,0.2544066116081,3.8527180572253,0.0077998394300,0.4263996266839,0.2101440717731,0.0000025696464
150321,0.2544065057091,3.8527164534981,0.0077785462306,0.4263471393993,0.2101161779648,0.0000025696464
150448,0.2544115845512,3.8527933671703,0.0077785462306,0.4262871217029,0.2100958313965,0.0000025696464
150484,0.2544086786248,3.8527493600001,0.0077785462306,0.4262314414128,0.2100753228801,0.0000025696464
150647,0.2544111550424,3.8527868627150,0.0078170888498,0.4261787937613,0.2100735690737,0.0000025696464
150855,0.2544106450151,3.8527791388938,0.0078170888498,0.4261639957055,0.2100681747623,0.0000025696464
150908,0.2544202908093,3.8529252142066,0.0078170888498,0.4261181089445,0.2100538535892,0.0000025696464
150993,0.2544200665584,3.8529218181643,0.0078170888498,0.4261135446618,0.2100521754345,0.0000025696464
151197,0.2544099502340,3.8527686171709,0.0077785462306,0.4260840993648,0.2100229732078,0.0000025696464
151215,0.2544123167946,3.8528044562185,0.0077785462306,0.4260386310066,0.2100072416286,0.0000025696464
151358,0.2544155668293,3.8528536745441,0.0077785462306,0.4259856759026,0.2099890255274,0.0000025696464
151411,0.2544155299186,3.8528531155710,0.0078170888498,0.4259330282510,0.2099867331507,0.0000025696464
151449,0.2544141433397,3.8528321173052,0.0078170888498,0.4258922516019,0.2099718729376,0.0000025696464
151523,0.2544206436508,3.8529305576170,0.0078253802508,0.4257758580318,0.2099352501869,0.0000025696464
151668,0.2544115302116,3.8527925442543,0.0078253802508,0.3421852379793,0.1800795044312,0.0000025696464
151880,0.2544061985108,3.8527118013053,0.0078253802508,0.3421578774363,0.1800685903014,0.0000025182534
152007,0.2544008456328,3.8526307376506,0.0078253802508,0.3420698337271,0.1800359990742,0.0000025182534
152070,0.2544027468016,3.8526595288341,0.0078253802508,0.3420571372840,0.1800318720235,0.0000025182534
152098,0.2544031256314,3.8526652658090,0.0078253802508,0.3420546692071,0.1800310717453,0.0000025182534
152299,0.2544126122827,3.8528089310721,0.0077323292448,0.3421523255617,0.1800281028661,0.0000025182534
152354,0.2544120790566,3.8528008559289,0.0076854952246,0.3420458392219,0.1799698860448,0.0000025182534
152366,0.2544190702599,3.8529067302821,0.0076854952246,0.3420309242732,0.1799660573924,0.0000025182534
152694,0.2544169308081,3.8528743305548,0.0076609130110,0.3420332688570,0.1799559010553,0.0000025182534
152701,0.2544106368094,3.8527790146270,0.0076609130110,0.3420258826972,0.1799519144272,0.0000025182534
152820,0.2544149330977,3.8528440773521,0.0076609130110,0.3420180728573,0.1799500458318,0.0000025182534
152920,0.2544207546514,3.8529322386021,0.0076609130110,0.3419919428512,0.1799419611626,0.0000025182534
153111,0.2544202462077,3.8529245387620,0.0076822062104,0.3419585921221,0.1799390668925,0.0000025182534
153373,0.2544443042615,3.8532888724468,0.0077122701144,0.3418917283327,0.1799332267953,0.0000025182534
153385,0.2544446545493,3.8532941771845,0.0075946368948,0.3420214995402,0.1799292344798,0.0000025182534
153442,0.2544404763770,3.8532309031997,0.0075478028746,0.3418305569674,0.1798400736582,0.0000025182534
153540,0.2544391101352,3.8532102129182,0.0075478028746,0.2687072995700,0.1537243318216,0.0000025182534
153583,0.2544458737866,3.8533126412392,0.0075478028746,0.2687012375565,0.1537236161707,0.0000025182534
153833,0.2544489883360,3.8533598077831,0.0075265096752,0.2687028755792,0.1537157429254,0.0000025182534
153967,0.2544435498080,3.8532774470500,0.0075182182741,0.2686937757276,0.1537077741219,0.0000025182534
153992,0.2544451480676,3.8533016509951,0.0075182182741,0.2686596404012,0.1536959254181,0.0000025182534
153995,0.2544451551204,3.8533017578024,0.0074005850545,0.2687672404107,0.1536839412673,0.0000025182534
154054,0.2544464379854,3.8533211854305,0.0074012020890,0.2687409869116,0.1536751043606,0.0000025182534
154057,0.2544511632074,3.8533927439017,0.0074012020890,0.2686184338916,0.1536323479724,0.0000025182534
154104,0.2544446689867,3.8532943958228,0.0073543680687,0.2686466157257,0.1536209495715,0.0000025182534
154169,0.2544448812357,3.8532976101089,0.0073543680687,0.2686333869021,0.1536162704736,0.0000025182534
154186,0.2544350828647,3.8531492241818,0.0073543680687,0.2686372198730,0.1536155397408,0.0000025182534
154199,0.2544288240953,3.8530544417635,0.0073543680687,0.2686333869021,0.1536128296578,0.0000025182534
154649,0.2544470345898,3.8533302203709,0.0074480361092,0.2684825296397,0.1536029977588,0.0000025182534
154676,0.2544509147130,3.8533889807180,0.0074497494818,0.2684439960534,0.1535908015212,0.0000025182534
154932,0.2544504311389,3.8533816575015,0.0074497494818,0.2684208938558,0.1535824471133,0.0000025182534
155052,0.2544490797247,3.8533611917684,0.0075418418806,0.2682963011153,0.1535771282882,0.0000025182534
155114,0.2544449606878,3.8532988133266,0.0074950078604,0.2683200831635,0.1535646675031,0.0000025182534
155282,0.2544467286878,3.8533255878102,0.0074950078604,0.2682995630012,0.1535577177308,0.0000025182534
155286,0.2544377304249,3.8531893186714,0.0075418418806,0.2682461400777,0.1535567816390,0.0000025182534
155431,0.2544352112244,3.8531511680541,0.0074950078604,0.2682753560447,0.1535466043614,0.0000025182534
155502,0.2544370386485,3.8531788424515,0.0074497494818,0.2683201272558,0.1535435892225,0.0000025182534
155518,0.2544333521634,3.8531230145479,0.0074497494818,0.2682769769193,0.1535273884269,0.0000025182534
155563,0.2544332278882,3.8531211325332,0.0074497494818,0.2682707453030,0.1535251362193,0.0000025182534
155625,0.2544297626544,3.8530686552459,0.0074497494818,0.2682419645200,0.1535141148182,0.0000025182534
155747,0.2544299652095,3.8530717227270,0.0073321162622,0.2683561183248,0.1535045132018,0.0000025182534
155754,0.2544318072452,3.8530996184026,0.0073304028896,0.2683434922901,0.1534996643231,0.0000025182534
155894,0.2544216185802,3.8529453218866,0.0072835688694,0.2683524891618,0.1534806224833,0.0000025182534
156010,0.2544250441671,3.8529971987639,0.0072835688694,0.2683363799774,0.1534756032575,0.0000025182534
156121,0.2544272836719,3.8530311136869,0.0073304028896,0.2681984024945,0.1534468772018,0.0000025182534
156281,0.2544297978843,3.8530691887653,0.0073304028896,0.2681635688759,0.1534349753836,0.0000025182534
156547,0.2544289512944,3.8530563680588,0.0073521753926,0.2681307333344,0.1534323980650,0.0000025182534
156610,0.2544236071995,3.8529754374151,0.0073766198753,0.2680680115815,0.1534193284827,0.0000025182534
156631,0.2544182214173,3.8528938754613,0.0073297858551,0.2680828568477,0.1534034045443,0.0000025182534
156738,0.2544099322709,3.8527683451394,0.0073297858551,0.2680866898186,0.1534029972169,0.0000025182534
156769,0.2544004485073,3.8526247236066,0.0073297858551,0.2680562912080,0.1533901083352,0.0000025182534
156802,0.2544010959542,3.8526345285035,0.0073297858551,0.2680229153401,0.1533783271210,0.0000025182534
157334,0.2544024791418,3.8526554754109,0.0073297858551,0.2679820046297,0.1533640125503,0.0000024678884
157474,0.2544016197123,3.8526424602631,0.0073766198753,0.2679261397432,0.1533639483646,0.0000024678884
157556,0.2544073878952,3.8527298132706,0.0073766198753,0.2679021107089,0.1533566026059,0.0000024678884
157631,0.2544131238684,3.8528166784947,0.0074001057509,0.2678363989194,0.1533444286220,0.0000024678884
158045,0.2544149088219,3.8528437097205,0.0074001057509,0.2678235299135,0.1533402150385,0.0000024678884
158269,0.2544141092419,3.8528316009303,0.0073766198753,0.2678502773849,0.1533395309930,0.0000024678884
158370,0.2544091880943,3.8527570753744,0.0073471730058,0.2677942041385,0.1533058302150,0.0000024678884
158529,0.2544077393994,3.8527351364286,0.0073236871302,0.2677524807559,0.1532805531971,0.0000024678884
158601,0.2543986631923,3.8525976869066,0.0073236871302,0.2677496937718,0.1532776129441,0.0000024678884
158726,0.2543765935440,3.8522634655119,0.0073471730058,0.2676524785788,0.1532482293972,0.0000024678884
158753,0.2543718159414,3.8521911137918,0.0073761405717,0.2675957987121,0.1532393774868,0.0000024678884
159021,0.2543746663724,3.8522342805445,0.0073761405717,0.2675565914228,0.1532259856901,0.0000024185306
159098,0.2543803878250,3.8523209258690,0.0073761405717,0.2047667124721,0.1308022549475,0.0000024185306
159264,0.2543799394810,3.8523141361759,0.0073532717307,0.2047517644804,0.1307870193735,0.0000024185306
159658,0.2543809329338,3.8523291809644,0.0073526546962,0.2047384553183,0.1307822145407,0.0000024185306
159786,0.2543800336488,3.8523155622474,0.0073526546962,0.2047018129855,0.1307689352894,0.0000024185306
159863,0.2543805595434,3.8523235263629,0.0073526546962,0.2047002166586,0.1307684778643,0.0000024185306
159875,0.2543823898292,3.8523512440980,0.0073526546962,0.2046572198127,0.1307535140520,0.0000024185306
160300,0.2543814949779,3.8523376925244,0.0073827186002,0.2046041630093,0.1307472579701,0.0000024185306
160364,0.2543857760701,3.8524025251212,0.0073537510342,0.2046332787175,0.1307461591431,0.0000024185306
160403,0.2543840232332,3.8523759802670,0.0073537510342,0.2045836312337,0.1307280522910,0.0000024185306
160804,0.2543833697557,3.8523660840452,0.0073537510342,0.2045537184453,0.1307172291214,0.0000024185306
161165,0.2543782299049,3.8522882464612,0.0073537510342,0.2044896908134,0.1306932607134,0.0000024185306
161600,0.2543766229974,3.8522639115527,0.0073772369098,0.2044461521860,0.1306874322415,0.0000024185306
162742,0.2543791488220,3.8523021624846,0.0073426168671,0.2044817077456,0.1306858347426,0.0000024185306
162743,0.2543835106998,3.8523682184941,0.0073426168671,0.2044564336965,0.1306777429846,0.0000024185306
162914,0.2543836849206,3.8523708568819,0.0073426168671,0.2044451190479,0.1306737393717,0.0000024185306
163014,0.2543768119185,3.8522667725616,0.0073426168671,0.2043520276948,0.1306390196737,0.0000024185306
163243,0.2543682610363,3.8521372785280,0.0073180346535,0.2043480344321,0.1306252259421,0.0000024185306
163279,0.2543702816803,3.8521678790366,0.0073263260545,0.2043314138470,0.1306232764716,0.0000024185306
163468,0.2543645247949,3.8520806971183,0.0073263260545,0.2043212356459,0.1306184077815,0.0000024185306
163570,0.2543683604502,3.8521387840461,0.0072962621505,0.2043492653864,0.1306163557989,0.0000024185306
163811,0.2543619427792,3.8520415952328,0.0072962621505,0.2043203597450,0.1306046571404,0.0000024185306
164397,0.2543534359540,3.8519127683952,0.0072794920343,0.1522679236988,0.1120054913258,0.0000024185306
164605,0.2543537941865,3.8519181934458,0.0072794920343,0.1522389731521,0.1119952286090,0.0000024185306
164668,0.2543522741482,3.8518951740800,0.0071618588147,0.1519662170690,0.1118470757627,0.0000024185306
165255,0.2543551721138,3.8519390606930,0.0071668612015,0.1519285967939,0.1118364048229,0.0000024185306
165345,0.2543549970733,3.8519364098903,0.0071908263806,0.1518779536625,0.1118285512726,0.0000024185306
165455,0.2543517709334,3.8518875534256,0.0072321787105,0.1518234257991,0.1118261081470,0.0000024185306
165504,0.2543631529761,3.8520599223796,0.0071389899736,0.1518735658967,0.1118065163038,0.0000024185306
165551,0.2543660541018,3.8521038568489,0.0071389899736,0.1518611923862,0.1118027188627,0.0000024185306
165767,0.2543705884411,3.8521725246038,0.0071389899736,0.1518030909189,0.1117829399828,0.0000024185306
165844,0.2543735559752,3.8522174647565,0.0071389899736,0.1517754534814,0.1117737053696,0.0000024185306
166213,0.2543811431737,3.8523323648246,0.0071389899736,0.1517481506150,0.1117655801741,0.0000023701600
166315,0.2543768988439,3.8522680889548,0.0071389899736,0.1100073806155,0.0968572528179,0.0000023701600
166425,0.2543774243457,3.8522760471225,0.0071629551527,0.1099697213851,0.0968541864914,0.0000023701600
166480,0.2543722793433,3.8521981315225,0.0071629551527,0.1099137013690,0.0968330768422,0.0000023701600
166576,0.2543665641212,3.8521115805502,0.0071629551527,0.1098923118182,0.0968242130265,0.0000023701600
166630,0.2543590285918,3.8519974629573,0.0071635721872,0.1098940547399,0.0968234851856,0.0000023701600
166672,0.2543447400663,3.8517810784077,0.0071635721872,0.1099013275097,0.0968230207765,0.0000023701600
166913,0.2543410587808,3.8517253292463,0.0071389899736,0.1099319261937,0.0968226247966,0.0000023701600
167046,0.2543296427862,3.8515524461270,0.0070459389676,0.1100078138495,0.0968074022437,0.0000023701600
167076,0.2543282024906,3.8515306343804,0.0070459389676,0.1099410106890,0.0967832353373,0.0000023701600
167332,0.2543262506076,3.8515010751842,0.0070453219331,0.1098898697338,0.0967642880065,0.0000023701600
167448,0.2543322652575,3.8515921606719,0.0070453219331,0.1098608902539,0.0967552270458,0.0000023701600
167468,0.2543400413987,3.8517099220752,0.0070453219331,0.1098307934983,0.0967461445205,0.0000023701600
167548,0.2543404916133,3.8517167400974,0.0070453219331,0.1098014631510,0.0967357658710,0.0000023701600
167697,0.2543390673661,3.8516951713852,0.0070453219331,0.1097461569487,0.0967157084600,0.0000023701600
167717,0.2543402387456,3.8517129106841,0.0070186847742,0.1097250735667,0.0966970137654,0.0000023701600
167801,0.2543364997126,3.8516562869981,0.0070208774504,0.1097231677892,0.0966964716276,0.0000023701600
167970,0.2543408610558,3.8517223349111,0.0070241664646,0.1096956280866,0.0966889801706,0.0000023701600
168647,0.2543414872112,3.8517318173710,0.0070476523402,0.1096448170947,0.0966810329392,0.0000023701600
168954,0.2543269786082,3.8515120999805,0.0070814845621,0.1095678491892,0.0966649349388,0.0000023701600
169020,0.2543294177937,3.8515490388553,0.0070814845621,0.1095369868991,0.0966544353750,0.0000023227568
169154,0.2543360356491,3.8516492592501,0.0070590950246,0.1095071758019,0.0966356111503,0.0000023227568
169453,0.2543442701507,3.8517739620350,0.0070601913627,0.1094862910380,0.0966303867013,0.0000023227568
169473,0.2543430224349,3.8517550667035,0.0070601913627,0.1094560869176,0.0966193321478,0.0000023227568
169596,0.2543410251645,3.8517248201638,0.0070356091490,0.1094285102958,0.0965985201333,0.0000023227568
170075,0.2543388050902,3.8516911994956,0.0070601913627,0.1093768715168,0.0965901372165,0.0000023227568
170106,0.2543348534433,3.8516313559973,0.0070640974114,0.1093179181500,0.0965699096820,0.0000023227568
170633,0.2543325341151,3.8515962322348,0.0070640974114,0.1092796336695,0.0965557396544,0.0000023227568
170784,0.2543320638006,3.8515891098199,0.0070340335074,0.1093029710034,0.0965510891045,0.0000023227568
170886,0.2543361793400,3.8516514352951,0.0070808675276,0.1092436193762,0.0965508457190,0.0000023227568
171038,0.2543333367342,3.8516083870484,0.0070808675276,0.1091895746283,0.0965309348935,0.0000023227568
171454,0.2543322760604,3.8515923242705,0.0070301274586,0.1091895746283,0.0965089618625,0.0000023227568
171476,0.2543328904840,3.8516016290630,0.0070055452450,0.1091575304472,0.0964871139399,0.0000023227568
172395,0.2543331121768,3.8516049863647,0.0069466515058,0.1091748223038,0.0964680969346,0.0000023227568
172398,0.2543397931005,3.8517061618626,0.0069466515058,0.1091117688548,0.0964470094722,0.0000023227568
172708,0.2543391578139,3.8516965411206,0.0069438417952,0.1090792286785,0.0964340476861,0.0000023227568
172892,0.2543475278591,3.8518232965696,0.0069444588297,0.1090507099910,0.0964259204650,0.0000023227568
173319,0.2543436848765,3.8517650986788,0.0069438417952,0.1090377875584,0.0964202173709,0.0000023227568
173416,0.2543418987745,3.8517380500589,0.0069438417952,0.1090243762420,0.0964150448789,0.0000022763017
173570,0.2543446357601,3.8517794988012,0.0069438417952,0.1089781538585,0.0963991233817,0.0000022763017
173666,0.2543339617637,3.8516178524574,0.0069438417952,0.0776889418196,0.0852221175114,0.0000022763017
173852,0.2543300688667,3.8515588986650,0.0069438417952,0.0776286222311,0.0851997406091,0.0000022763017
173871,0.2543335370566,3.8516114207185,0.0069438417952,0.0775023180139,0.0851553751436,0.0000022763017
174007,0.2543370639155,3.8516648312522,0.0069662313327,0.0774600734728,0.0851506390790,0.0000022763017
174178,0.2543445898319,3.8517788032676,0.0069662313327,0.0774312954587,0.0851419739132,0.0000022763017
174251,0.2543512588444,3.8518797983812,0.0069662313327,0.0774211397697,0.0851397759556,0.0000022763017
176035,0.2543492712788,3.8518496988111,0.0070130653529,0.0773418210114,0.0851310936437,0.0000022763017
176465,0.2543404247533,3.8517157275738,0.0070494152959,0.0773018910047,0.0851305157899,0.0000022763017
176555,0.2543402932789,3.8517137365328,0.0070494152959,0.0772956318292,0.0851282521970,0.0000022763017
176887,0.2543311626669,3.8515754631080,0.0069562100313,0.0773936453954,0.0851213553690,0.0000022763017
176910,0.2543355365490,3.8516417009085,0.0069562100313,0.0773662088646,0.0851124938684,0.0000022763017
177558,0.2543412878557,3.8517287983430,0.0069512076445,0.0773298777858,0.0850986070259,0.0000022763017
177673,0.2543447492861,3.8517812180313,0.0069512076445,0.0772732508003,0.0850791248376,0.0000022763017
177705,0.2543499923853,3.8518606192024,0.0069512076445,0.0772061999375,0.0850563016221,0.0000022763017
178052,0.2543505258314,3.8518686976778,0.0069656142982,0.0771574000952,0.0850451616971,0.0000022763017
178073,0.2543374726802,3.8516710215603,0.0069656142982,0.0771276027509,0.0850317226846,0.0000022763017
178079,0.2543416083344,3.8517336516528,0.0070577066970,0.0769788154498,0.0850189387453,0.0000022763017
178416,0.2543528203089,3.8519034451045,0.0070577066970,0.0769221515451,0.0850011042024,0.0000022763017
178665,0.2543496303648,3.8518551367867,0.0070494152959,0.0769037126032,0.0849902818490,0.0000022763017
178723,0.2543466231355,3.8518095954918,0.0070494152959,0.0768222968197,0.0849605603772,0.0000022763017
178865,0.2543464859209,3.8518075175229,0.0070494152959,0.0767821126164,0.0849461794729,0.0000022763017
179017,0.2543462659052,3.8518041856184,0.0070041569173,0.0767846960314,0.0849276585269,0.0000022763017
179096,0.2543482984383,3.8518349661739,0.0070080629661,0.0767370382039,0.0849127474379,0.0000022763017
179123,0.2543419121872,3.8517382531808,0.0070080629661,0.0767257991193,0.0849073649967,0.0000022763017
179138,0.2543303032180,3.8515624476668,0.0070337415178,0.0766690798356,0.0848956255671,0.0000022763017
179688,0.2543287643449,3.8515391430660,0.0070766694893,0.0766118709711,0.0848932617733,0.0000022763017
179875,0.2543277623020,3.8515239681906,0.0071219278679,0.0765172274162,0.0848786422281,0.0000022763017
179900,0.2543257779234,3.8514939168831,0.0071219278679,0.0765041499150,0.0848735464680,0.0000022763017
179901,0.2543199943157,3.8514063302851,0.0071219278679,0.0764924939970,0.0848681442957,0.0000022763017
179971,0.2543218514261,3.8514344542504,0.0071219278679,0.0764804419017,0.0848642379281,0.0000022763017
180046,0.2543145156041,3.8513233610129,0.0070946736745,0.0764668984738,0.0848461486591,0.0000022763017
180212,0.2543078746986,3.8512227915501,0.0070494152959,0.0765157144315,0.0848427634306,0.0000022763017
180541,0.2543024939517,3.8511413058497,0.0070511286685,0.0764468670175,0.0848177563538,0.0000022763017
180616,0.2542955161725,3.8510356347915,0.0070511286685,0.0764415856526,0.0848143749137,0.0000022763017
180723,0.2542927692174,3.8509940350730,0.0070058702899,0.0764896232809,0.0848115461283,0.0000022307756
180775,0.2542931152907,3.8509992759850,0.0070511286685,0.0764342103282,0.0848112263946,0.0000022307756
180890,0.2542862406432,3.8508951667476,0.0070058702899,0.0764767788309,0.0848055598445,0.0000022307756
180954,0.2542832078563,3.8508492384094,0.0070064873244,0.0764426032572,0.0847929688430,0.0000022307756
181000,0.2542767400177,3.8507512898602,0.0070664774016,0.0763653215379,0.0847896922966,0.0000022307756
181652,0.2542813280771,3.8508207711493,0.0070664774016,0.0762960203713,0.0847659250355,0.0000022307756
181985,0.2542741479566,3.8507120358455,0.0070664774016,0.0762822411240,0.0847594652785,0.0000022307756
182047,0.2542690278743,3.8506344976349,0.0069488441820,0.0764183963214,0.0847565807373,0.0000022307756
182154,0.2542740390498,3.8507103865680,0.0069020101618,0.0762955074959,0.0846936939714,0.0000022307756
182452,0.2542652574640,3.8505773987733,0.0069259753409,0.0555405370025,0.0772895935321,0.0000022307756
182485,0.2542669643412,3.8506032476168,0.0069253583064,0.0555267559383,0.0772847730396,0.0000022307756
182507,0.2542671970275,3.8506067714040,0.0069253583064,0.0554362044184,0.0772524830724,0.0000022307756
182551,0.2542702703885,3.8506533141932,0.0069253583064,0.0553143762083,0.0772096315747,0.0000022307756
182890,0.2542797165673,3.8507963665437,0.0069089132352,0.0552883453822,0.0771953111446,0.0000021861601
183065,0.2542737780104,3.8507064334030,0.0069089132352,0.0552616299662,0.0771844973767,0.0000021861601
183089,0.2542744704263,3.8507169193078,0.0069089132352,0.0552475763282,0.0771796265951,0.0000021861601
183240,0.2542740346138,3.8507103193892,0.0069541716138,0.0551911212920,0.0771787671417,0.0000021861601
183254,0.2542796269783,3.8507950098136,0.0069547886483,0.0551627903651,0.0771701117607,0.0000021861601
183425,0.2542776148266,3.8507645379118,0.0069095302697,0.0552132018482,0.0771682882385,0.0000021861601
183502,0.2542809867410,3.8508156019754,0.0069095302697,0.0552044409773,0.0771658819091,0.0000021861601
183563,0.2542855328356,3.8508844477526,0.0069341124834,0.0551342692246,0.0771523299664,0.0000021861601
183723,0.2542888296257,3.8509343741382,0.0069809465036,0.0550569136668,0.0771454811595,0.0000021861601
184026,0.2542842698736,3.8508653215332,0.0070277805238,0.0549864965781,0.0771394268324,0.0000021861601
184121,0.2542768738511,3.8507533166242,0.0069101473042,0.0549303437406,0.0770673731487,0.0000021861601
184558,0.2542615008386,3.8505205086697,0.0069569813244,0.0548662214114,0.0770612498228,0.0000021861601
185251,0.2542498591621,3.8503442078385,0.0069095302697,0.0549161724314,0.0770562586616,0.0000021861601
185284,0.2542313729191,3.8500642533131,0.0069762361063,0.0548363225353,0.0770523677194,0.0000021861601
185583,0.2542293507320,3.8500336294365,0.0069762361063,0.0547025594600,0.0770041618667,0.0000021861601
188745,0.2542271944599,3.8500009749842,0.0069762361063,0.0547025594600,0.0770036998084,0.0000021424369
188797,0.2542202127160,3.8498952438841,0.0069756190718,0.0546748514715,0.0769920435669,0.0000021424369
188823,0.2542199340551,3.8498910238611,0.0069309777277,0.0546887135260,0.0769778025830,0.0000021424369
189467,0.2542210907386,3.8499085406046,0.0069762361063,0.0546310079896,0.0769768377716,0.0000021424369
189662,0.2542150330388,3.8498168031724,0.0069762361063,0.0546022156790,0.0769652567249,0.0000021424369
189750,0.2542161620902,3.8498339014573,0.0069145326565,0.0546079221076,0.0769410923391,0.0000021424369
189839,0.2542183596802,3.8498671816243,0.0068982418439,0.0545497187474,0.0769137945601,0.0000021424369
190060,0.2542169034163,3.8498451280531,0.0068976248094,0.0545507846099,0.0769135987253,0.0000021424369
190162,0.2542134077677,3.8497921901661,0.0068982418439,0.0545497187474,0.0769127334360,0.0000021424369
190306,0.2542074031485,3.8497012565828,0.0068927601535,0.0545335809423,0.0769033339342,0.0000021424369
190398,0.2542039683671,3.8496492404645,0.0069544636033,0.0544560777074,0.0769013625184,0.0000021424369
191161,0.2542089457258,3.8497246172782,0.0069544636033,0.0543836371913,0.0768765574824,0.0000021424369
191316,0.2542145206017,3.8498090428560,0.0069544636033,0.0543546660086,0.0768674052477,0.0000021424369
191544,0.2542073971253,3.8497011653678,0.0069538465688,0.0543268657219,0.0768556856713,0.0000021424369
191634,0.2542093346581,3.8497305072453,0.0069544636033,0.0542921204472,0.0768439562736,0.0000021424369
191661,0.2542151510002,3.8498185895722,0.0069544636033,0.0542782447458,0.0768402470250,0.0000021424369
192032,0.2542080541978,3.8497111160336,0.0069151496910,0.0543266902243,0.0768391794187,0.0000021424369
192158,0.2542148448809,3.8498139537207,0.0068916638155,0.0543430364461,0.0768364071261,0.0000021424369
192467,0.2542080970974,3.8497117657023,0.0068797583552,0.0543511049560,0.0768327404431,0.0000021424369
192474,0.2542060865690,3.8496813183839,0.0068797583552,0.0543472812681,0.0768309440128,0.0000021424369
192638,0.2542043808497,3.8496554870767,0.0068797583552,0.0543280233937,0.0768237006892,0.0000021424369
193565,0.2542079434379,3.8497094386930,0.0069021478927,0.0542654409129,0.0768117087310,0.0000021424369
194708,0.2542071465346,3.8496973704372,0.0068797583552,0.0542855616612,0.0768091284315,0.0000021424369
195084,0.2542037859222,3.8496464775312,0.0069021478927,0.0542229791805,0.0767956529304,0.0000020995882
195105,0.2542026761456,3.8496296711423,0.0069015308582,0.0542089551451,0.0767901420937,0.0000020995882
195607,0.2542064398335,3.8496866682007,0.0068797583552,0.0542075188035,0.0767811045464,0.0000020995882
195660,0.2542042392492,3.8496533426867,0.0069010515546,0.0541487366291,0.0767687650157,0.0000020995882
195806,0.2541988687857,3.8495720127185,0.0069315947622,0.0540759953981,0.0767547251372,0.0000020995882
195848,0.2541946547642,3.8495081958361,0.0069027649272,0.0540959452487,0.0767485914356,0.0000020995882
195869,0.2542064254604,3.8496864505348,0.0068847607420,0.0540899684905,0.0767412630918,0.0000020995882
195960,0.2542000582855,3.8495900264304,0.0068847607420,0.0540835520029,0.0767376070945,0.0000020995882
196117,0.2541986092719,3.8495680826573,0.0069254960373,0.0540240635880,0.0767335087128,0.0000020995882
196248,0.2541903346317,3.8494427720153,0.0069254960373,0.0540189996628,0.0767299270309,0.0000020995882
196255,0.2541839556522,3.8493461691432,0.0069248790028,0.0539911255375,0.0767183406187,0.0000020995882
197330,0.2541850682683,3.8493630185328,0.0069472685403,0.0539574368038,0.0767161428618,0.0000020995882
197354,0.2541820256313,3.8493169410251,0.0069941025606,0.0538891666480,0.0767111803927,0.0000020995882
197418,0.2541812512910,3.8493052144638,0.0069967745403,0.0538733823094,0.0767065223330,0.0000020995882
197482,0.2541814811546,3.8493086955040,0.0069967745403,0.0538629965694,0.0767028623966,0.0000020995882
197772,0.2541843087141,3.8493515158911,0.0069499405201,0.0539166708381,0.0767025659609,0.0000020995882
197938,0.2541917698951,3.8494645075564,0.0069505575546,0.0538678532222,0.0766869943660,0.0000020995882
197948,0.2541941188458,3.8495000799217,0.0069806214586,0.0538077050027,0.0766789007359,0.0000020995882
198302,0.2541946793823,3.8495085686514,0.0069973915748,0.0537616611592,0.0766697638137,0.0000020995882
198340,0.2541964973658,3.8495361000810,0.0069505575546,0.0538157805031,0.0766694099957,0.0000020995882
198506,0.2541968687083,3.8495417236692,0.0069505575546,0.0538077050027,0.0766666054618,0.0000020995882
198623,0.2541895427919,3.8494307804434,0.0068573688177,0.0539185160319,0.0766646729601,0.0000020995882
198789,0.2541841205625,3.8493486665340,0.0068573688177,0.0538446957981,0.0766371466846,0.0000020995882
198829,0.2541890871807,3.8494238806953,0.0068573688177,0.0538203739984,0.0766295246029,0.0000020995882
198916,0.2541952305817,3.8495169159806,0.0068573688177,0.0537771575725,0.0766154066081,0.0000020995882
199080,0.2541879135262,3.8494061069429,0.0068874327218,0.0536940124245,0.0765970285023,0.0000020995882
199441,0.2541919118414,3.8494666571828,0.0068874327218,0.0536765828071,0.0765916604207,0.0000020995882
199785,0.2541948880299,3.8495117283973,0.0068573688177,0.0536854724284,0.0765825885098,0.0000020995882
200111,0.2541881762317,3.8494100853398,0.0068573688177,0.0536842414741,0.0765807106408,0.0000020575964
200163,0.2541871093364,3.8493939283428,0.0068573688177,0.0536842414741,0.0765804820204,0.0000020575964
200404,0.2541889937430,3.8494224656800,0.0068573688177,0.0536765828071,0.0765781505836,0.0000020575964
201144,0.2541887449822,3.8494186984616,0.0068573688177,0.0536156473567,0.0765563346169,0.0000020575964
201444,0.2541956170696,3.8495227689304,0.0068775656790,0.0535722689501,0.0765509707167,0.0000020575964
201488,0.2541893015781,3.8494271275151,0.0067671275224,0.0536952463343,0.0765462072529,0.0000020575964
201903,0.2541832414953,3.8493353539945,0.0067671275224,0.0536653865162,0.0765342444429,0.0000020575964
202143,0.2541810375434,3.8493019774829,0.0067202935022,0.0535680548341,0.0764789391295,0.0000020575964
202164,0.2541811504595,3.8493036874773,0.0067481647301,0.0535304116074,0.0764774641283,0.0000020575964
202186,0.2541744571236,3.8492023240110,0.0067475476956,0.0535024636435,0.0764657839830,0.0000020575964
202877,0.2541842846574,3.8493511515783,0.0067415867016,0.0534558549630,0.0764486892141,0.0000020164445
202978,0.2541906703648,3.8494478563366,0.0067137154737,0.0534221131583,0.0764260621234,0.0000020164445
204464,0.2541896038188,3.8494317046301,0.0067605494939,0.0533603904770,0.0764238614861,0.0000020164445
204607,0.2541854474833,3.8493687613409,0.0067605494939,0.0533616307144,0.0764234137847,0.0000020164445
204935,0.2541927864445,3.8494799021186,0.0066935186123,0.0533747631985,0.0764009490714,0.0000020164445
204953,0.2541936296573,3.8494926716814,0.0066935186123,0.0533419482377,0.0763894101311,0.0000020164445
205163,0.2541933169228,3.8494879356479,0.0066935186123,0.0533295153634,0.0763849028042,0.0000020164445
205466,0.2541957109650,3.8495241908760,0.0067148118118,0.0532605705410,0.0763699183193,0.0000020164445
205738,0.2542050488553,3.8496656033111,0.0066531083620,0.0532663491568,0.0763475387516,0.0000020164445
205770,0.2541904279509,3.8494441852367,0.0066531083620,0.0532568449972,0.0763410113579,0.0000020164445
206111,0.2541862354547,3.8493806943321,0.0066531083620,0.0532550854816,0.0763394845674,0.0000020164445
206326,0.2541868530242,3.8493900467661,0.0066531083620,0.0532443025149,0.0763357658442,0.0000020164445
206912,0.2541807446582,3.8492975420479,0.0066531083620,0.0532460620305,0.0763350853071,0.0000020164445
207545,0.2541821833399,3.8493193293545,0.0066531083620,0.0532344165500,0.0763312344958,0.0000020164445
208068,0.2541846066584,3.8493560279403,0.0066531083620,0.0531654174807,0.0763071112536,0.0000020164445
208104,0.2541938219789,3.8494955841875,0.0066999423822,0.0530876742704,0.0763013922559,0.0000020164445
208480,0.2541931847411,3.8494859338965,0.0066999423822,0.0530378520852,0.0762834620673,0.0000020164445
208841,0.2541928281325,3.8494805334378,0.0066993253477,0.0530226941842,0.0762777076718,0.0000020164445
209352,0.2541997341318,3.8495851174664,0.0066531083620,0.0530581097716,0.0762720286732,0.0000020164445
209468,0.2541990481238,3.8495747286031,0.0066722088852,0.0530079357052,0.0762621483006,0.0000020164445
209572,0.2541937205547,3.8494940482246,0.0067190429054,0.0529421321116,0.0762575771182,0.0000019761156
209594,0.2541910546389,3.8494536757602,0.0067658769257,0.0528781268028,0.0762542185346,0.0000019761156
209611,0.2541859617636,3.8493765495706,0.0067027520929,0.0528149983847,0.0762035278408,0.0000019761156
209754,0.2541876455723,3.8494020490666,0.0066836515696,0.0528321675900,0.0762018345775,0.0000019761156
210175,0.2541893396195,3.8494277036130,0.0066559180726,0.0528170448933,0.0761849108400,0.0000019761156
210234,0.2541864359031,3.8493837299098,0.0066509156858,0.0527537081151,0.0761595244571,0.0000019761156
210814,0.2541723875234,3.8491709821136,0.0066950777263,0.0526759095260,0.0761476554684,0.0000019761156
211823,0.2541646937328,3.8490544678215,0.0066803625554,0.0526478508043,0.0761296793251,0.0000019761156
211893,0.2541763485188,3.8492309671831,0.0066797455209,0.0525906916536,0.0761114983535,0.0000019761156
212033,0.2541725032947,3.8491727353473,0.0066803625554,0.0525855984248,0.0761091198100,0.0000019761156
212136,0.2541747903343,3.8492073701332,0.0066809795899,0.0525485739705,0.0760966513139,0.0000019761156
212371,0.2541801513955,3.8492885577145,0.0067011764512,0.0524720496803,0.0760791258068,0.0000019761156
212691,0.2541828559323,3.8493295150528,0.0066711125471,0.0524913991070,0.0760737313296,0.0000019761156
213270,0.2541861068130,3.8493787461899,0.0067074624901,0.0524399068555,0.0760716164041,0.0000019761156
213475,0.2541855432790,3.8493702120655,0.0068006512270,0.0523250298862,0.0760704061879,0.0000019761156
214048,0.2541700151829,3.8491350555351,0.0067221941888,0.0523509231614,0.0760427018920,0.0000019761156
214232,0.2541740695108,3.8491964540261,0.0067228112233,0.0523011648342,0.0760260642888,0.0000019761156
214400,0.2541717934417,3.8491619853767,0.0067228112233,0.0522369392373,0.0760026388465,0.0000019761156
214987,0.2541617730149,3.8490102366498,0.0066296224864,0.0523271098771,0.0759927573820,0.0000019761156
215148,0.2541645451155,3.8490522171715,0.0066720711543,0.0522698584282,0.0759910967438,0.0000019761156
215632,0.2541537520982,3.8488887683820,0.0066296224864,0.0523271098771,0.0759910386142,0.0000019761156
215863,0.2541428468828,3.8487236204709,0.0066401065636,0.0522666500919,0.0759716021778,0.0000019761156
216086,0.2541455919227,3.8487651911861,0.0066592070869,0.0522151467231,0.0759619822789,0.0000019761156
216402,0.2541455414615,3.8487644270045,0.0066653058118,0.0521801286870,0.0759520787636,0.0000019761156
216405,0.2541568638781,3.8489358929846,0.0066646887773,0.0521228956977,0.0759338001990,0.0000019761156
217577,0.2541532791026,3.8488816053652,0.0066653058118,0.0521034197789,0.0759263407909,0.0000018978614
217803,0.2541607964795,3.8489954480590,0.0067079087383,0.0520383415700,0.0759229678370,0.0000018978614
218111,0.2541619157014,3.8490123974861,0.0067079087383,0.0520215043562,0.0759171943797,0.0000018978614
218164,0.2541696377914,3.8491293403414,0.0066462052885,0.0520866635555,0.0759156759202,0.0000018978614
218594,0.2541670716208,3.8490904784109,0.0066401065636,0.0520346184052,0.0758939247336,0.0000018978614
218739,0.2541678546167,3.8491023360537,0.0066624961011,0.0519992205684,0.0758910459499,0.0000018978614
219028,0.2541588344248,3.8489657348222,0.0066520120239,0.0520022449483,0.0758857000114,0.0000018978614
219985,0.2541737905716,3.8491922297890,0.0067657391948,0.0518027296781,0.0758663896624,0.0000018978614
220005,0.2541727807041,3.8491769364178,0.0067881287323,0.0517540700369,0.0758583903350,0.0000018978614
220132,0.2541752000223,3.8492135744229,0.0068181926363,0.0517014831052,0.0758530122436,0.0000018978614
220390,0.2541655887767,3.8490680223125,0.0067881287323,0.0517233362005,0.0758458728376,0.0000018978614
220470,0.2541523294557,3.8488672239719,0.0067887457668,0.0516933510955,0.0758325870318,0.0000018978614
221324,0.2541412902436,3.8487000468238,0.0067887457668,0.0516954161029,0.0758309589890,0.0000018978614
221359,0.2541350448458,3.8486054669031,0.0068164792637,0.0516657733625,0.0758309197809,0.0000018978614
221763,0.2541352241010,3.8486081815335,0.0067696452435,0.0517194476312,0.0758300558514,0.0000018978614
221876,0.2541290628150,3.8485148753969,0.0067887457668,0.0516359886693,0.0758071147423,0.0000018978614
222001,0.2541286641711,3.8485088383595,0.0067887457668,0.0515625179889,0.0757807897899,0.0000018978614
222073,0.2541253572861,3.8484587590956,0.0067419117465,0.0516129385831,0.0757780168038,0.0000018978614
222284,0.2541236498745,3.8484329021603,0.0067412947120,0.0515972137493,0.0757717704745,0.0000018978614
222369,0.2541253239542,3.8484582543192,0.0067412947120,0.0515842239284,0.0757674899840,0.0000018978614
222451,0.2541241303679,3.8484401787219,0.0067412947120,0.0515681047246,0.0757614773570,0.0000018978614
222696,0.2541260007171,3.8484685031753,0.0066236614924,0.0517020753470,0.0757593105600,0.0000018978614
222697,0.2541266084864,3.8484777071964,0.0065768274722,0.0515941377392,0.0757008199277,0.0000018978614
222793,0.2541288114178,3.8485110682536,0.0065299934519,0.0515764866065,0.0756749162855,0.0000018978614
222991,0.2541195882357,3.8483713929521,0.0065299934519,0.0515645479912,0.0756686760982,0.0000018978614
223041,0.2541281528139,3.8485010943964,0.0065293764174,0.0515327935243,0.0756589060406,0.0000018978614
223055,0.2541306738762,3.8485392732096,0.0065702494437,0.0514527746245,0.0756483851010,0.0000018978614
223098,0.2541356272145,3.8486142862594,0.0066007926513,0.0514072941183,0.0756462934388,0.0000018978614
223118,0.2541368746986,3.8486331780823,0.0066476266716,0.0513212239632,0.0756358931387,0.0000018978614
223196,0.2541368924474,3.8486334468681,0.0066012719549,0.0513746512458,0.0756351118072,0.0000018978614
223215,0.2541268373482,3.8484811730649,0.0066012719549,0.0513754057349,0.0756332266035,0.0000018978614
223508,0.2541171384295,3.8483342932372,0.0066012719549,0.0513348416156,0.0756166610783,0.0000018978614
223582,0.2541242172751,3.8484414948404,0.0065544379347,0.0513056165141,0.0755876687146,0.0000018978614
223644,0.2541219607025,3.8484073214430,0.0065593025906,0.0512888821629,0.0755832934618,0.0000018978614
223754,0.2541282160309,3.8485020517519,0.0065593025906,0.0512053678221,0.0755548073391,0.0000018978614
223771,0.2541294541166,3.8485208012451,0.0065124685704,0.0512466903374,0.0755497589613,0.0000018978614
223797,0.2541242160383,3.8484414761092,0.0064656345501,0.0512796653950,0.0755403415993,0.0000018978614
223823,0.2541294517606,3.8485207655651,0.0064639211775,0.0512493852958,0.0755299149161,0.0000018978614
223908,0.2541288180176,3.8485111682002,0.0064639211775,0.0512419311221,0.0755271169092,0.0000018978614
223989,0.2541346765062,3.8485998887913,0.0064808290246,0.0511545526754,0.0755044119317,0.0000018599042
224008,0.2541313762084,3.8485499092839,0.0064808290246,0.0511197579538,0.0754912780387,0.0000018599042
224012,0.2541299755542,3.8485286978637,0.0064808290246,0.0511136956768,0.0754888127996,0.0000018599042
224124,0.2541274383567,3.8484902747009,0.0064814460591,0.0511117653628,0.0754878441599,0.0000018599042
224218,0.2541219247982,3.8484067777106,0.0064814460591,0.0510983400991,0.0754818679461,0.0000018599042
224437,0.2541142632698,3.8482907519965,0.0064814460591,0.0511003223954,0.0754809341529,0.0000018599042
224504,0.2541058252533,3.8481629671942,0.0065414196086,0.0509940088013,0.0754668598156,0.0000018599042
224567,0.2541059073068,3.8481642098080,0.0065414196086,0.0509912720159,0.0754658999751,0.0000018599042
224658,0.2541041516521,3.8481376222804,0.0065234154235,0.0509984267844,0.0754603629585,0.0000018599042
224663,0.2541077240013,3.8481917217165,0.0065234154235,0.0509767409995,0.0754533835387,0.0000018599042
225325,0.2541210212103,3.8483930938318,0.0065768274722,0.0508348028812,0.0754284316336,0.0000018599042
225767,0.2541178806489,3.8483455333622,0.0065713457818,0.0508272255945,0.0754227031864,0.0000018599042
226007,0.2541200699512,3.8483786880224,0.0065713457818,0.0507887135298,0.0754094180138,0.0000018599042
226185,0.2541133361002,3.8482767109979,0.0065713457818,0.0507768501206,0.0754037381139,0.0000018599042
226948,0.2541152399110,3.8483055421904,0.0066416656776,0.0506711530631,0.0753965342224,0.0000018599042
227367,0.2541174693497,3.8483393046734,0.0066884996978,0.0506041864995,0.0753931670524,0.0000018599042
227483,0.2541171742491,3.8483348356879,0.0066884996978,0.0505920085481,0.0753887545482,0.0000018599042
227797,0.2541177992132,3.8483443001051,0.0065708664782,0.0506630229488,0.0753638365180,0.0000018227061
228253,0.2541119068361,3.8482550663101,0.0065071246109,0.0507350990162,0.0753609973753,0.0000018227061
228262,0.2541139121394,3.8482854344996,0.0065273214722,0.0505971872581,0.0753208286816,0.0000018227061
229430,0.2541158197356,3.8483143230182,0.0065038355966,0.0505810363085,0.0753054038806,0.0000018227061
229627,0.2541191143457,3.8483642163906,0.0065143196738,0.0505296418803,0.0752922478915,0.0000018227061
229731,0.2541149887104,3.8483017380235,0.0064963154887,0.0504788471842,0.0752655067846,0.0000018227061
229743,0.2541128318987,3.8482690754003,0.0065050861933,0.0503598400853,0.0752263009487,0.0000018227061
229826,0.2541180899290,3.8483487026873,0.0065050861933,0.0503319138686,0.0752174540207,0.0000018227061
230032,0.2541167315928,3.8483281321283,0.0064963154887,0.0503111720961,0.0752059962994,0.0000018227061
230084,0.2541115692961,3.8482499546246,0.0064963154887,0.0502993783695,0.0752006780477,0.0000018227061
230413,0.2541155067158,3.8483095826667,0.0064946021161,0.0502523663475,0.0751839974701,0.0000018227061
230628,0.2541166246888,3.8483265131805,0.0065028935172,0.0502150601858,0.0751744668642,0.0000018227061
230688,0.2541094268090,3.8482175089315,0.0065437665434,0.0501560482169,0.0751693657694,0.0000018227061
230776,0.2541109718484,3.8482409069130,0.0065835432316,0.0500880050153,0.0751624428579,0.0000018227061
230844,0.2541035806570,3.8481289751659,0.0066303772518,0.0500043245378,0.0751510448693,0.0000018227061
230864,0.2541009050585,3.8480884560669,0.0066303772518,0.0500020529384,0.0751496602413,0.0000018227061
231044,0.2541031485653,3.8481224315958,0.0066689198710,0.0499459723466,0.0751466304753,0.0000018227061
231072,0.2540986653956,3.8480545387504,0.0066220858507,0.0499933341100,0.0751425129887,0.0000018227061
231115,0.2540942777512,3.8479880925339,0.0065343788043,0.0500562358692,0.0751264489590,0.0000018227061
231427,0.2540972613396,3.8480332758130,0.0065688280606,0.0499133143766,0.0750908088761,0.0000017862520
231485,0.2540909092706,3.8479370804716,0.0065688280606,0.0498852958618,0.0750794411060,0.0000017862520
231646,0.2540938585863,3.8479817447258,0.0065343788043,0.0498887666488,0.0750665487020,0.0000017862520
232520,0.2540948675147,3.8479970238765,0.0065343788043,0.0498386017365,0.0750488488609,0.0000017862520
232812,0.2540881059080,3.8478946265207,0.0065644427083,0.0497548658801,0.0750303788125,0.0000017862520
233334,0.2540944512882,3.8479907205673,0.0065971785921,0.0497075041167,0.0750288532858,0.0000017862520
233397,0.2540884025888,3.8478991194357,0.0065586359730,0.0497160351844,0.0750140856804,0.0000017862520
233715,0.2540996179440,3.8480689640854,0.0065329574212,0.0496565553960,0.0749842410957,0.0000017862520
234369,0.2541027485279,3.8481163734551,0.0065329574212,0.0496378898758,0.0749782456779,0.0000017862520
235618,0.2541143422469,3.8482919480205,0.0065329574212,0.0495782038672,0.0749594136146,0.0000017862520
236128,0.2541115037747,3.8482489623725,0.0065329574212,0.0495499953192,0.0749487308891,0.0000017862520
236305,0.2541086190454,3.8482052762105,0.0065329574212,0.0495477164213,0.0749472988407,0.0000017862520
236837,0.2541015538212,3.8480982808891,0.0065329574212,0.0495359995291,0.0749416002598,0.0000017862520
236884,0.2541079066949,3.8481944884175,0.0065329574212,0.0495053516710,0.0749320159262,0.0000017862520
236916,0.2541111591921,3.8482437440357,0.0065329574212,0.0494454040631,0.0749113030300,0.0000017862520
238877,0.2541097728192,3.8482227488897,0.0065246660202,0.0493892424809,0.0748873947845,0.0000017505269
238878,0.2541125206243,3.8482643614801,0.0065404775292,0.0493328100080,0.0748746055063,0.0000017505269
239257,0.2541093073668,3.8482157001068,0.0065404775292,0.0492644963539,0.0748495192175,0.0000017505269
239956,0.2541138350903,3.8482842676725,0.0065639634047,0.0492325087178,0.0748491306634,0.0000017505269
240831,0.2541089314493,3.8482100072351,0.0065404775292,0.0492350273033,0.0748389140028,0.0000017505269
240865,0.2541064467641,3.8481723793158,0.0065873115494,0.0491781340393,0.0748381342704,0.0000017505269
241550,0.2540841774360,3.8478351339821,0.0064605991079,0.0493217059579,0.0748303326246,0.0000017505269
241574,0.2540837129291,3.8478280995179,0.0064305352038,0.0493363078761,0.0748225635279,0.0000017505269
241641,0.2540897715199,3.8479198504450,0.0064862941873,0.0491788997244,0.0747915413075,0.0000017505269
241683,0.2540914707803,3.8479455839401,0.0064471345337,0.0491596632564,0.0747682525589,0.0000017505269
241701,0.2540896762618,3.8479184078613,0.0063920091124,0.0491614739509,0.0747448895153,0.0000017505269
241820,0.2540808242379,3.8477843533564,0.0063833926663,0.0491137694308,0.0747222625618,0.0000017505269
241825,0.2540789697590,3.8477562692427,0.0064068785419,0.0490595222246,0.0747125565465,0.0000017505269
242160,0.2540813317735,3.8477920394443,0.0064455588920,0.0489244452448,0.0746813982069,0.0000017505269
242497,0.2540856752189,3.8478578163146,0.0064549466311,0.0488523516676,0.0746606045558,0.0000017505269
243200,0.2540908293874,3.8479358707253,0.0063373134115,0.0489896080506,0.0746603149203,0.0000017505269
243270,0.2540982911518,3.8480488712258,0.0063759937616,0.0489284600404,0.0746566525877,0.0000017505269
243297,0.2541007558017,3.8480861957312,0.0063525078860,0.0489308551329,0.0746479707418,0.0000017505269
243323,0.2541069794763,3.8481804466767,0.0063525078860,0.0487326200406,0.0745785061392,0.0000017505269
243402,0.2541132937983,3.8482760703803,0.0063759937616,0.0486995058407,0.0745780980834,0.0000017505269
244194,0.2541133806062,3.8482773849929,0.0063899541671,0.0486764456503,0.0745758639338,0.0000017505269
244213,0.2541114217509,3.8482477202091,0.0063899541671,0.0486744142343,0.0745747186733,0.0000017505269
244243,0.2541110456661,3.8482420248040,0.0063899541671,0.0486632645867,0.0745706560668,0.0000017505269
244567,0.2541050992590,3.8481519727811,0.0064134400427,0.0486301503868,0.0745676207119,0.0000017505269
244762,0.2541010368131,3.8480904513507,0.0064602740629,0.0485605865729,0.0745619776915,0.0000017505269
245214,0.2541017055699,3.8481005789621,0.0063426408433,0.0486968358510,0.0745603672160,0.0000017505269
245541,0.2541048990487,3.8481489408088,0.0063426408433,0.0486607362229,0.0745481588086,0.0000017505269
246033,0.2541111490683,3.8482435907216,0.0063395060877,0.0486582198147,0.0745472559146,0.0000017155164
246051,0.2541187715980,3.8483590258414,0.0063395060877,0.0486448824803,0.0745441259801,0.0000017155164
246128,0.2541138081143,3.8482838591493,0.0063863401079,0.0485855952982,0.0745419601058,0.0000017155164
246147,0.2541148576745,3.8482997536248,0.0063395060877,0.0485660919874,0.0745151478205,0.0000017155164
246376,0.2541102161550,3.8482294627399,0.0063160202121,0.0485377596587,0.0744939691451,0.0000017155164
246506,0.2541127401626,3.8482676861548,0.0063628542323,0.0484784724766,0.0744934077332,0.0000017155164
247488,0.2541137107467,3.8482823846211,0.0063628542323,0.0484477450555,0.0744826416366,0.0000016812061
247704,0.2541093769690,3.8482167541580,0.0064004382443,0.0483781074031,0.0744729498135,0.0000016812061
247922,0.2541176776047,3.8483424584747,0.0064085919145,0.0483352546385,0.0744629183924,0.0000016812061
247923,0.2541112480378,3.8482450895088,0.0063617578943,0.0483658954858,0.0744524120649,0.0000016812061
248419,0.2541122950290,3.8482609450786,0.0063617578943,0.0483580962033,0.0744498509621,0.0000016812061
248572,0.2541157336941,3.8483130200112,0.0063852437698,0.0483164295385,0.0744457722424,0.0000016812061
248809,0.2541118547771,3.8482542779308,0.0063617578943,0.0483285397106,0.0744392007321,0.0000016812061
249016,0.2541075411753,3.8481889530112,0.0064004382443,0.0482599222068,0.0744303474304,0.0000016812061
249268,0.2541070391803,3.8481813508307,0.0064081126109,0.0482408942373,0.0744267331709,0.0000016812061
249270,0.2541031027607,3.8481217379346,0.0064278466964,0.0481704785239,0.0744091986486,0.0000016812061
249436,0.2540958293093,3.8480115892336,0.0064049778553,0.0481928210582,0.0744058185965,0.0000016812061
249466,0.2540854076882,3.8478537648461,0.0063581438351,0.0482356215824,0.0743987995705,0.0000016812061
249561,0.2540900025865,3.8479233497028,0.0062807666072,0.0482541928515,0.0743732551186,0.0000016812061
249734,0.2541007324580,3.8480858422160,0.0062807666072,0.0482418193411,0.0743711352659,0.0000016812061
250075,0.2540966038429,3.8480233187236,0.0062452210127,0.0482829186972,0.0743696950780,0.0000016812061
250434,0.2540981968451,3.8480474430507,0.0062892453223,0.0482247557301,0.0743681315085,0.0000016812061
250675,0.2540989658663,3.8480590890595,0.0062528953793,0.0482672981908,0.0743679114878,0.0000016812061
250901,0.2540963023451,3.8480187528594,0.0062528953793,0.0481662471036,0.0743312510592,0.0000016812061
251134,0.2540944915739,3.8479913306521,0.0062424113021,0.0481795197194,0.0743311100808,0.0000016812061
251148,0.2540912328950,3.8479419814183,0.0062560301349,0.0481084973857,0.0743108833159,0.0000016812061
251635,0.2540898885943,3.8479216234117,0.0063028641551,0.0480217811433,0.0742996968879,0.0000016812061
251767,0.2540893527170,3.8479135081194,0.0063028641551,0.0479523837780,0.0742747972837,0.0000016812061
251833,0.2540666983958,3.8475704324747,0.0063496981754,0.0478644088386,0.0742585948880,0.0000016812061
252137,0.2540621339185,3.8475013083105,0.0063175793261,0.0478758100811,0.0742479234369,0.0000016812061
252463,0.2540620864912,3.8475005900750,0.0063175793261,0.0478725477108,0.0742467481417,0.0000016812061
252868,0.2540670544209,3.8475758240957,0.0063644133463,0.0477916681126,0.0742389988502,0.0000016812061
253234,0.2540660886786,3.8475611989548,0.0064112473665,0.0477292231634,0.0742365618609,0.0000016475820
253274,0.2540709456553,3.8476347527106,0.0064580813868,0.0476602816980,0.0742330524126,0.0000016475820
253487,0.2540648584741,3.8475425688136,0.0064576020832,0.0476294065998,0.0742205157800,0.0000016475820
254074,0.2540660919827,3.8475612489917,0.0063404481671,0.0475886158247,0.0741560031482,0.0000016475820
255406,0.2540613993220,3.8474901836275,0.0063637963118,0.0475601173593,0.0741548259024,0.0000016475820
256453,0.2540592414371,3.8474575047515,0.0063872821874,0.0475167415914,0.0741489375281,0.0000016475820
256494,0.2540578727418,3.8474367773128,0.0064341162076,0.0474559720984,0.0741470125688,0.0000016475820
256546,0.2540551165356,3.8473950374965,0.0064139193463,0.0474758648993,0.0741448707272,0.0000016475820
256595,0.2540549651688,3.8473927452064,0.0063055361349,0.0475494818985,0.0741246801291,0.0000016475820
256741,0.2540515833541,3.8473415312137,0.0063055361349,0.0475382700407,0.0741199512196,0.0000016475820
257121,0.2540517104929,3.8473434565954,0.0063196342713,0.0475209042351,0.0741198184487,0.0000016475820
257331,0.2540554708967,3.8474004039195,0.0063431201469,0.0474769587662,0.0741149948145,0.0000016475820
257798,0.2540550304603,3.8473937339771,0.0063496981754,0.0473860569518,0.0740852546566,0.0000016475820
257810,0.2540518297121,3.8473452620433,0.0063235403201,0.0473921446883,0.0740755324641,0.0000016475820
257835,0.2540513584615,3.8473381254536,0.0063470261956,0.0473397081766,0.0740667695315,0.0000016475820
257862,0.2540521783019,3.8473505410670,0.0063938602159,0.0472769504878,0.0740646034743,0.0000016475820
258066,0.2540488772035,3.8473005494360,0.0063938602159,0.0472609681459,0.0740581881168,0.0000016475820
258573,0.2540473366985,3.8472772201231,0.0063583146214,0.0472711108040,0.0740462465603,0.0000016475820
258884,0.2540469998867,3.8472721194653,0.0062640130187,0.0473653391961,0.0740394124109,0.0000016475820
259003,0.2540536253231,3.8473724546661,0.0062868818598,0.0472195043563,0.0739985492078,0.0000016475820
259557,0.2540603960651,3.8474749903666,0.0062868818598,0.0472092299502,0.0739963306504,0.0000016475820
260428,0.2540563510249,3.8474137325272,0.0063463926334,0.0471359341164,0.0739947913898,0.0000016146303
260451,0.2540554457918,3.8474000237321,0.0062995586132,0.0471637025254,0.0739844429772,0.0000016146303
260769,0.2540500842918,3.8473188295070,0.0062619746012,0.0471748464930,0.0739711666391,0.0000016146303
261224,0.2540458100561,3.8472541007444,0.0062619746012,0.0471736535816,0.0739698246917,0.0000016146303
261360,0.2540519487939,3.8473470654112,0.0062619746012,0.0471546196250,0.0739643422939,0.0000016146303
261450,0.2540511630694,3.8473351664473,0.0062619746012,0.0471346967462,0.0739570586104,0.0000016146303
261650,0.2540477923244,3.8472841200933,0.0062384887256,0.0471061059825,0.0739360599457,0.0000016146303
261702,0.2540458905639,3.8472553199501,0.0063094421836,0.0469832260111,0.0739221753464,0.0000016146303
262037,0.2540425422719,3.8472046136219,0.0062967654302,0.0469883642459,0.0739178600447,0.0000016146303
262510,0.2540435435622,3.8472197770999,0.0062641838051,0.0469382573348,0.0738862157279,0.0000016146303
262654,0.2540384234728,3.8471422387822,0.0062995751409,0.0468643733403,0.0738738991404,0.0000016146303
262727,0.2540382005425,3.8471388627393,0.0063131939737,0.0468466483689,0.0738733576653,0.0000016146303
263234,0.2540363589682,3.8471109740517,0.0063131939737,0.0468460304882,0.0738727423706,0.0000016146303
263939,0.2540288491969,3.8469972465375,0.0063131939737,0.0468083952332,0.0738576919714,0.0000016146303
264160,0.2540215305899,3.8468864140029,0.0063600279940,0.0467400871370,0.0738517996727,0.0000016146303
264450,0.2540160321199,3.8468031455125,0.0063764730652,0.0466772002307,0.0738352097074,0.0000016146303
264503,0.2540144712219,3.8467795073700,0.0063999589408,0.0466176683778,0.0738236792285,0.0000016146303
264561,0.2540163900299,3.8468085656796,0.0063645676049,0.0466376578132,0.0738160617704,0.0000016146303
264578,0.2540136545435,3.8467671396418,0.0063645676049,0.0466182862584,0.0738085571823,0.0000016146303
264746,0.2540113414343,3.8467321100583,0.0063028641551,0.0466224749915,0.0737831131565,0.0000016146303
264895,0.2540178143731,3.8468301358456,0.0062560301349,0.0466607098467,0.0737780837973,0.0000016146303
264911,0.2540135723910,3.8467658955302,0.0062091961147,0.0466284886540,0.0737455955094,0.0000016146303
265042,0.2540163981614,3.8468086888222,0.0061929053021,0.0466379632630,0.0737426030437,0.0000016146303
265159,0.2540113101241,3.8467316358994,0.0062043314588,0.0465568621492,0.0737174449908,0.0000016146303
265173,0.2540187320739,3.8468440334499,0.0062043314588,0.0465424903852,0.0737139026357,0.0000015823377
265315,0.2540194257095,3.8468545378240,0.0062511654790,0.0464691017360,0.0737079127630,0.0000015823377
265552,0.2540167789966,3.8468144561679,0.0062373923875,0.0464783864447,0.0737047588242,0.0000015823377
266376,0.2540085446726,3.8466897560714,0.0062929971124,0.0464139341991,0.0737038062634,0.0000015823377
266845,0.2540004710704,3.8465674899380,0.0062326819902,0.0464839223034,0.0737012226193,0.0000015823377
266906,0.2539956824855,3.8464949719022,0.0062189088988,0.0464970399830,0.0736989786260,0.0000015823377
266911,0.2540014458455,3.8465822518719,0.0062657429190,0.0464213806900,0.0736932641786,0.0000015823377
266975,0.2539921783531,3.8464419055379,0.0063125769392,0.0463617326425,0.0736900471362,0.0000015823377
267296,0.2539909783461,3.8464237327056,0.0062657429190,0.0463439970891,0.0736633841427,0.0000015823377
267682,0.2539871021086,3.8463650312033,0.0062657429190,0.0463112768821,0.0736508677322,0.0000015506910
267999,0.2539959399404,3.8464988707838,0.0063022305929,0.0462511803045,0.0736469360644,0.0000015506910
268128,0.2540015039166,3.8465831312962,0.0063490646132,0.0461757032687,0.0736412439837,0.0000015506910
268206,0.2539918862215,3.8464374815137,0.0064192467781,0.0460638138385,0.0736293006089,0.0000015506910
268260,0.2539967851296,3.8465116702776,0.0064660807983,0.0459880915234,0.0736233784140,0.0000015506910
268359,0.2540026985048,3.8466012220661,0.0064214394542,0.0460112035720,0.0736137678643,0.0000015506910
268371,0.2540042216344,3.8466242882468,0.0064682734744,0.0459460160686,0.0736108847209,0.0000015506910
268482,0.2540074944144,3.8466738510257,0.0064393059085,0.0459663476229,0.0736064326292,0.0000015506910
268589,0.2540045348600,3.8466290317173,0.0063647383913,0.0460372048562,0.0735991470863,0.0000015506910
268811,0.2539968737994,3.8465130130864,0.0063517365929,0.0458845558589,0.0735374157321,0.0000015506910
268927,0.2539976400040,3.8465246164419,0.0063517365929,0.0458818918406,0.0735366284837,0.0000015506910
269044,0.2539943125694,3.8464742259768,0.0062706075749,0.0459427797123,0.0735228915513,0.0000015506910
269338,0.2539984990549,3.8465376258557,0.0063174415952,0.0458663933775,0.0735165795445,0.0000015506910
269709,0.2539970502187,3.8465156847702,0.0063642756154,0.0458008539929,0.0735129338795,0.0000015506910
269790,0.2539935717550,3.8464630071295,0.0063725670164,0.0456609676556,0.0734657825458,0.0000015506910
270667,0.2539908747098,3.8464221632429,0.0063960528920,0.0456134140802,0.0734582865630,0.0000015506910
271218,0.2539904962118,3.8464164312937,0.0063725670164,0.0456110262862,0.0734472872975,0.0000015506910
271347,0.2539937852970,3.8464662409967,0.0063523701551,0.0456269311799,0.0734450166230,0.0000015506910
271363,0.2540044404093,3.8466276013609,0.0062364503081,0.0457034338517,0.0734249423096,0.0000015506910
271451,0.2540042290949,3.8466244012288,0.0062364503081,0.0456395530931,0.0734020824713,0.0000015506910
271972,0.2540054694600,3.8466431852421,0.0062364503081,0.0455938913164,0.0733860404865,0.0000015506910
272591,0.2540034012170,3.8466118638968,0.0061896162878,0.0456142961227,0.0733728129994,0.0000015506910
272921,0.2540088648165,3.8466946043106,0.0061874236117,0.0456036780127,0.0733692518702,0.0000015506910
272971,0.2540147580376,3.8467838508891,0.0061999461064,0.0455499472149,0.0733566919161,0.0000015506910
273249,0.2540202118753,3.8468664434703,0.0061999461064,0.0455162289792,0.0733458183686,0.0000015506910
273502,0.2540298274855,3.8470120616790,0.0062467801267,0.0454217019967,0.0733341909429,0.0000015506910
273544,0.2540248766852,3.8469370870649,0.0062752849168,0.0453447664411,0.0733178694115,0.0000015506910
273580,0.2540264933340,3.8469615694940,0.0062364503081,0.0453321961132,0.0732970830298,0.0000015506910
273877,0.2540202555035,3.8468671041732,0.0062599361836,0.0453034815689,0.0732955565326,0.0000015506910
274051,0.2540162862836,3.8468069945518,0.0062474136889,0.0452928080800,0.0732855272417,0.0000015506910
276322,0.2540284481514,3.8469911731284,0.0062239278133,0.0452906672721,0.0732773034068,0.0000015196771
277516,0.2540308839145,3.8470280601746,0.0062239278133,0.0452441888083,0.0732612259046,0.0000015196771
278013,0.2540297769583,3.8470112964983,0.0062364503081,0.0452239884855,0.0732591410822,0.0000015196771
278279,0.2540271598308,3.8469716628806,0.0062832843283,0.0451570388081,0.0732547413930,0.0000015196771
278438,0.2540286771457,3.8469946410045,0.0062364503081,0.0451750631188,0.0732414320628,0.0000015196771
279129,0.2540308069731,3.8470268949790,0.0062223521716,0.0451818791231,0.0732382806832,0.0000015196771
279211,0.2540295429510,3.8470077527067,0.0062063864040,0.0451964547144,0.0732363729178,0.0000015196771
279436,0.2540253965045,3.8469449591755,0.0062063864040,0.0451909789381,0.0732335287591,0.0000015196771
279492,0.2540197817615,3.8468599298540,0.0062395850637,0.0450984629105,0.0732135121585,0.0000015196771
279861,0.2540251359991,3.8469410140986,0.0062864190839,0.0450322401073,0.0732110802170,0.0000015196771
280674,0.2540180896482,3.8468343045937,0.0062864190839,0.0450247845228,0.0732069075758,0.0000015196771
280688,0.2540105266060,3.8467197703489,0.0062063864040,0.0450947836433,0.0731959868899,0.0000015196771
280742,0.2540072030354,3.8466694384011,0.0062156198845,0.0450301177573,0.0731761369429,0.0000015196771
281138,0.2540072852567,3.8466706835549,0.0062358167459,0.0448787775476,0.0731307602845,0.0000015196771
281331,0.2540137060856,3.8467679201920,0.0062358167459,0.0448426145489,0.0731192208197,0.0000015196771
282448,0.2540153452918,3.8467927442299,0.0062582062834,0.0448083972989,0.0731169471479,0.0000014892836
283901,0.2540224082469,3.8468997051865,0.0062582062834,0.0447996025855,0.0731153196691,0.0000014892836
284628,0.2540301802665,3.8470174041738,0.0062582062834,0.0447624561549,0.0731037185196,0.0000014892836
284691,0.2540302708623,3.8470187761500,0.0062456837886,0.0447446642334,0.0730920168918,0.0000014892836
285595,0.2540295595224,3.8470080036628,0.0062456837886,0.0447266751269,0.0730854397809,0.0000014892836
286408,0.2540319399004,3.8470440519603,0.0062456837886,0.0447235274071,0.0730848256763,0.0000014892836
286460,0.2540432033298,3.8472146246421,0.0062925178088,0.0446577164977,0.0730838070950,0.0000014892836
286505,0.2540416326538,3.8471908384210,0.0062925178088,0.0446457730032,0.0730792049879,0.0000014892836
286839,0.2540369824274,3.8471204156785,0.0062456837886,0.0446743659161,0.0730683485424,0.0000014892836
287517,0.2540329559535,3.8470594390069,0.0062925178088,0.0445961617409,0.0730596273870,0.0000014892836
287893,0.2540259665617,3.8469535920869,0.0062456837886,0.0446066845569,0.0730418160858,0.0000014594979
288498,0.2540223164104,3.8468983144213,0.0062701282713,0.0445758419400,0.0730404948971,0.0000014594979
289614,0.2540175387501,3.8468259618272,0.0062140607706,0.0446433268109,0.0730395439234,0.0000014303080
289761,0.2540208398204,3.8468759530330,0.0062140607706,0.0445772912215,0.0730166671566,0.0000014303080
289766,0.2540221908154,3.8468964124176,0.0062140607706,0.0445743574352,0.0730159088747,0.0000014303080
290527,0.2540277709425,3.8469809175188,0.0062364503081,0.0445390136214,0.0730140773416,0.0000014303080
291067,0.2540284125653,3.8469906342150,0.0062364503081,0.0444080698859,0.0729674492124,0.0000014303080
291837,0.2540348386257,3.8470879500788,0.0062461630922,0.0443771718900,0.0729619538486,0.0000014303080
291940,0.2540277324354,3.8469803343692,0.0062461630922,0.0443390866563,0.0729468292243,0.0000014303080
292081,0.2540217743708,3.8468901058067,0.0062461630922,0.0443006974673,0.0729318420716,0.0000014303080
292386,0.2540235982514,3.8469177265422,0.0062461630922,0.0442979756863,0.0729312608385,0.0000014303080
292782,0.2540208958337,3.8468768012955,0.0062461630922,0.0442414800386,0.0729105047319,0.0000014303080
293621,0.2540316741092,3.8470400268352,0.0062929971124,0.0441742809661,0.0729088864166,0.0000014303080
293858,0.2540370624638,3.8471216277449,0.0062929971124,0.0441173288068,0.0728897010071,0.0000014303080
293908,0.2540403753804,3.8471717983498,0.0062461630922,0.0441483687553,0.0728814248908,0.0000014303080
293979,0.2540468915847,3.8472704793471,0.0062685526297,0.0441089961345,0.0728783550861,0.0000014303080
295063,0.2540518709663,3.8473458867949,0.0062909421672,0.0440721502357,0.0728758583629,0.0000014303080
296018,0.2540535366538,3.8473711118635,0.0062685526297,0.0440349930831,0.0728533493682,0.0000014303080
296632,0.2540580131785,3.8474389040791,0.0062784196724,0.0439949409858,0.0728442330356,0.0000014017018
297307,0.2540581707710,3.8474412906492,0.0062463173508,0.0440228921098,0.0728404912119,0.0000014017018
297390,0.2540615965387,3.8474931702641,0.0062463173508,0.0440199525365,0.0728401754574,0.0000014017018
297681,0.2540675069695,3.8475826774640,0.0062140607706,0.0440363411175,0.0728334707942,0.0000014017018
297972,0.2540687750337,3.8476018809503,0.0062593191491,0.0439793640946,0.0728327900335,0.0000014017018
298533,0.2540707480545,3.8476317602562,0.0062593191491,0.0439588013224,0.0728258689765,0.0000014017018
298860,0.2540736840196,3.8476762223311,0.0062140607706,0.0439619805835,0.0728082371143,0.0000014017018
299026,0.2540687934144,3.8476021593062,0.0062461630922,0.0438934856463,0.0727964847877,0.0000014017018
299459,0.2540684259726,3.8475965947915,0.0062575892489,0.0438759049501,0.0727950241544,0.0000014017018
299729,0.2540738645096,3.8476789556598,0.0062575892489,0.0438350571817,0.0727816010664,0.0000014017018
301301,0.2540760113461,3.8477114672198,0.0062461630922,0.0438143324287,0.0727697624811,0.0000014017018
303430,0.2540816383185,3.8477966817439,0.0062461630922,0.0437555542226,0.0727499760444,0.0000014017018
304968,0.2540812769835,3.8477912097079,0.0062461630922,0.0437377305553,0.0727435330200,0.0000013736678
305574,0.2540881454701,3.8478952256459,0.0062804580899,0.0436786026078,0.0727385855706,0.0000013736678
306002,0.2540805256902,3.8477798321683,0.0062200052369,0.0437188530808,0.0727254195640,0.0000013736678
306036,0.2540827722311,3.8478138536456,0.0062668392571,0.0436303058926,0.0727143486928,0.0000013736678
306585,0.2540716274759,3.8476450781596,0.0063136732773,0.0435608352329,0.0727072213040,0.0000013736678
306611,0.2540747542081,3.8476924291992,0.0063479682751,0.0435011440035,0.0727012708780,0.0000013736678
307007,0.2540742802282,3.8476852512768,0.0063136732773,0.0434411840231,0.0726650571760,0.0000013736678
307155,0.2540700229908,3.8476207799366,0.0062668392571,0.0434690558717,0.0726540274196,0.0000013736678
307424,0.2540687427627,3.8476013922409,0.0062668392571,0.0434509892332,0.0726473007140,0.0000013736678
307438,0.2540769073129,3.8477250356866,0.0062668392571,0.0434088271403,0.0726339923702,0.0000013736678
307446,0.2540755249529,3.8477041013119,0.0062771690757,0.0433906795113,0.0726316419193,0.0000013736678
307740,0.2540784027019,3.8477476817654,0.0063240030959,0.0433301010384,0.0726306951338,0.0000013736678
308355,0.2540796576510,3.8477666866367,0.0062063698763,0.0434673130780,0.0726295541143,0.0000013736678
308819,0.2540836865130,3.8478276994754,0.0062058905727,0.0433499315433,0.0725882900494,0.0000013736678
309118,0.2540796936233,3.8477672313986,0.0061775400412,0.0433542339817,0.0725768207875,0.0000013736678
309493,0.2540843114040,3.8478371627861,0.0062287594138,0.0432892933303,0.0725765683819,0.0000013736678
309496,0.2540812116805,3.8477902207637,0.0062063698763,0.0432265284397,0.0725438926070,0.0000013736678
310685,0.2540926892174,3.8479640358762,0.0062532038965,0.0431557434556,0.0725411434507,0.0000013461944
311615,0.2540999964852,3.8480746966891,0.0061640754670,0.0432215840096,0.0725280258790,0.0000013461944
311696,0.2541004425140,3.8480814513215,0.0061492060375,0.0430942519593,0.0724762731117,0.0000013461944
312677,0.2541057967634,3.8481625357453,0.0060332861904,0.0431599590765,0.0724512073440,0.0000013461944
313530,0.2541174029309,3.8483382988309,0.0060801202107,0.0430887616518,0.0724483384511,0.0000013461944
313831,0.2541098183162,3.8482234378932,0.0061269542309,0.0429951642263,0.0724333572475,0.0000013461944
314108,0.2541055347149,3.8481585672995,0.0060801202107,0.0430230729943,0.0724223350272,0.0000013461944
314166,0.2541093869951,3.8482169059930,0.0061269542309,0.0429516878089,0.0724177375297,0.0000013461944
314493,0.2541108571527,3.8482391699687,0.0061133188703,0.0429611249864,0.0724155792580,0.0000013461944
316943,0.2541003004716,3.8480793002406,0.0060719830682,0.0430135004495,0.0724143072908,0.0000013461944
317054,0.2541001470064,3.8480769761728,0.0061020469723,0.0429421511815,0.0724016770543,0.0000013461944
318013,0.2541066728196,3.8481758026859,0.0061020469723,0.0428800964033,0.0723809130221,0.0000013192705
318210,0.2541071165447,3.8481825224314,0.0061352456320,0.0428177728742,0.0723729776998,0.0000013192705
318926,0.2541007125973,3.8480855414472,0.0061128560945,0.0427867641205,0.0723509353544,0.0000013192705
319247,0.2540998701526,3.8480727835164,0.0059952228748,0.0429138814292,0.0723457396324,0.0000013192705
319282,0.2540989217396,3.8480584208074,0.0059999167444,0.0428073950894,0.0723095172237,0.0000013192705
319320,0.2540937569368,3.8479802053533,0.0059797198831,0.0427931490459,0.0722946668099,0.0000013192705
319910,0.2540926407586,3.8479633020182,0.0060265539033,0.0427241718403,0.0722898646355,0.0000013192705
320949,0.2540884240056,3.8478994437703,0.0060107258666,0.0427147602743,0.0722788163277,0.0000013192705
321346,0.2540793940272,3.8477626943339,0.0059977240683,0.0427312266136,0.0722771899685,0.0000013192705
321491,0.2540780781435,3.8477427666720,0.0059621784738,0.0427404098510,0.0722649538949,0.0000013192705
322192,0.2540777085442,3.8477371694840,0.0059621784738,0.0427372360177,0.0722637411832,0.0000013192705
322301,0.2540672943888,3.8475794581552,0.0060074368524,0.0426764260239,0.0722591881714,0.0000013192705
322504,0.2540734146237,3.8476721426156,0.0060542708726,0.0426132704618,0.0722580158154,0.0000013192705
322576,0.2540767753261,3.8477230368860,0.0060314020315,0.0426164497229,0.0722500704844,0.0000013192705
322603,0.2540723973680,3.8476567373583,0.0060558465143,0.0425854040499,0.0722485208171,0.0000013192705
322659,0.2540665463866,3.8475681304562,0.0060314020315,0.0426164497229,0.0722478785688,0.0000013192705
323241,0.2540732237526,3.8476692520757,0.0060108801252,0.0425530254097,0.0722178627898,0.0000013192705
323311,0.2540748750699,3.8476942595238,0.0059820502902,0.0425747174647,0.0722136081624,0.0000013192705
323527,0.2540825908980,3.8478111075485,0.0059693735368,0.0425809362535,0.0722120496559,0.0000013192705
323606,0.2540758852778,3.8477095580487,0.0059476010338,0.0425901858387,0.0722045850878,0.0000013192705
324017,0.2540800205769,3.8477721827642,0.0060179209296,0.0424684221895,0.0721921213040,0.0000013192705
324379,0.2540797748789,3.8477684619291,0.0060647549498,0.0423992020127,0.0721874188857,0.0000013192705
324524,0.2540820516453,3.8478029411392,0.0060920091432,0.0423324152607,0.0721757347213,0.0000013192705
324589,0.2540937895549,3.8479806993195,0.0061388431634,0.0422588908699,0.0721720629996,0.0000012928851
324721,0.2540957892195,3.8480109821172,0.0060627165323,0.0423244872292,0.0721632930713,0.0000012928851
324731,0.2540907061156,3.8479340039045,0.0061095505525,0.0422279502303,0.0721477980581,0.0000012928851
324931,0.2540855387413,3.8478557495055,0.0061563845727,0.0421633441428,0.0721436888839,0.0000012928851
324948,0.2540828833070,3.8478155357722,0.0061563845727,0.0421203664106,0.0721277706722,0.0000012928851
326169,0.2540853016462,3.8478521589519,0.0060534830518,0.0422073697530,0.0721152608581,0.0000012670274
326316,0.2540825994828,3.8478112375559,0.0060082246732,0.0422610844055,0.0721144691796,0.0000012670274
327074,0.2540852800587,3.8478518320320,0.0060082246732,0.0421090184639,0.0720607343239,0.0000012670274
327200,0.2540842504039,3.8478362390031,0.0060534830518,0.0420553038114,0.0720607263271,0.0000012670274
327233,0.2540791988761,3.8477597389778,0.0060605238561,0.0420462418185,0.0720594249184,0.0000012670274
327633,0.2540721954861,3.8476536800718,0.0060125934978,0.0420513340435,0.0720392012616,0.0000012670274
327928,0.2540720553826,3.8476515583531,0.0059673351192,0.0421018748628,0.0720378250841,0.0000012670274
328404,0.2540616367559,3.8474937793111,0.0060125934978,0.0419809914587,0.0720118163249,0.0000012670274
328733,0.2540670994328,3.8475765057536,0.0060456544266,0.0419342784819,0.0720104726619,0.0000012670274
328854,0.2540704904707,3.8476278594236,0.0059988204063,0.0419373269515,0.0719922163291,0.0000012670274
329956,0.2540568885442,3.8474218726859,0.0059842594940,0.0419267193174,0.0719792727989,0.0000012670274
330464,0.2540622412478,3.8475029337001,0.0059667180847,0.0419443461162,0.0719791973452,0.0000012670274
330553,0.2540631104954,3.8475160975314,0.0059667180847,0.0418568361093,0.0719481300387,0.0000012670274
330731,0.2540637516262,3.8475258067770,0.0059667180847,0.0417773761527,0.0719198888679,0.0000012670274
330751,0.2540584197831,3.8474450616728,0.0059465212234,0.0417640905364,0.0719053456694,0.0000012670274
331458,0.2540598706352,3.8474670332886,0.0059786235450,0.0417015906318,0.0718970933096,0.0000012670274
331653,0.2540566573852,3.8474183720281,0.0059786235450,0.0416566760677,0.0718803638403,0.0000012670274
331896,0.2540601584041,3.8474713912433,0.0059786235450,0.0416087649611,0.0718640029491,0.0000012670274
333319,0.2540713741347,3.8476412415759,0.0060085331904,0.0415326889242,0.0718520547262,0.0000012416869
333574,0.2540707931623,3.8476324433657,0.0060553672107,0.0414533874607,0.0718436800039,0.0000012416869
336203,0.2540595461684,3.8474621195834,0.0059913002984,0.0413679765239,0.0717833087796,0.0000012416869
336610,0.2540642932322,3.8475340088246,0.0059748552272,0.0413823832206,0.0717824233688,0.0000012416869
336685,0.2540627649747,3.8475108649878,0.0059524656897,0.0413732167879,0.0717692266430,0.0000012416869
336687,0.2540613867143,3.8474899926970,0.0059845680113,0.0413005798067,0.0717567476603,0.0000012416869
337239,0.2540686141932,3.8475994451927,0.0059845680113,0.0412518014629,0.0717408755687,0.0000012416869
337707,0.2540664996355,3.8475674224606,0.0060314020315,0.0411722492081,0.0717320826526,0.0000012416869
339997,0.2540735071605,3.8476735439871,0.0060782360517,0.0411068595553,0.0717303025406,0.0000012168531
340084,0.2540798627572,3.8477697927530,0.0060782360517,0.0410551259195,0.0717131881557,0.0000012168531
340087,0.2540871611541,3.8478803192257,0.0060481721477,0.0410628775113,0.0717046359932,0.0000012168531
340340,0.2540932666383,3.8479727803017,0.0060428447159,0.0409868161790,0.0716764963647,0.0000012168531
342405,0.2540905475304,3.8479316022990,0.0060896787361,0.0409093335194,0.0716683130432,0.0000012168531
342588,0.2540948572446,3.8479968683459,0.0060978158786,0.0408405672672,0.0716481645244,0.0000012168531
343387,0.2540887526202,3.8479044202907,0.0060492684858,0.0408515885480,0.0716299865368,0.0000012168531
343825,0.2540776112625,3.8477356962546,0.0060945268643,0.0407934638430,0.0716262367277,0.0000012168531
344727,0.2540853787467,3.8478533265579,0.0061158200637,0.0407431387855,0.0716190536107,0.0000012168531
345014,0.2540844273116,3.8478389180827,0.0060162075570,0.0408531732449,0.0716154566787,0.0000012168531
345430,0.2540952438718,3.8480027234044,0.0059960106957,0.0408113242659,0.0715941726514,0.0000012168531
345524,0.2540956270283,3.8480085259036,0.0059507523171,0.0408623536296,0.0715930830811,0.0000012168531
345659,0.2540890917400,3.8479095558991,0.0059399431949,0.0407758343278,0.0715561504306,0.0000012168531
345810,0.2540911982950,3.8479414574387,0.0059399431949,0.0407677658179,0.0715537202246,0.0000012168531
345993,0.2540903032629,3.8479279031272,0.0059612363943,0.0407137025815,0.0715433457902,0.0000012168531
345994,0.2540937164944,3.8479795928952,0.0060016466447,0.0406617365565,0.0715428365810,0.0000012168531
346343,0.2540937291970,3.8479797852621,0.0060148027017,0.0406429550447,0.0715417699303,0.0000012168531
349671,0.2540986178239,3.8480538183279,0.0060223228096,0.0406151972414,0.0715361268955,0.0000011925161
352926,0.2541043435230,3.8481405279626,0.0059935095023,0.0406239763479,0.0715281406659,0.0000011925161
353626,0.2541065562565,3.8481740374618,0.0059935095023,0.0406017592949,0.0715206801613,0.0000011925161
365048,0.2541046165936,3.8481446633255,0.0059935095023,0.0406017592949,0.0715202645192,0.0000011452924
373169,0.2540973595919,3.8480347637402,0.0059808162212,0.0406178290990,0.0715190086856,0.0000011223866
373349,0.2541058438941,3.8481632494898,0.0060021094206,0.0405673162809,0.0715119121150,0.0000011223866
374780,0.2541073295462,3.8481857481137,0.0060118222047,0.0405481756033,0.0715095571345,0.0000011223866
380227,0.2541046794873,3.8481456157848,0.0060118222047,0.0405481756033,0.0715089892647,0.0000010999388
390612,0.2541067493694,3.8481769619523,0.0059606193598,0.0405945728696,0.0715040591868,0.0000010563813
392042,0.2540971263541,3.8480312316005,0.0059654674880,0.0405666434928,0.0714941001039,0.0000010563813
395752,0.2540836449983,3.8478270707784,0.0060356331252,0.0404609150067,0.0714835220557,0.0000010563813
397204,0.2540761117568,3.8477129878332,0.0059903747466,0.0405151530386,0.0714818820674,0.0000010563813
398043,0.2540795958760,3.8477657511193,0.0060127642841,0.0404640942678,0.0714739889051,0.0000010352536
419231,0.2540740219201,3.8476813394755,0.0060372087669,0.0404327347810,0.0714720708762,0.0000009548850
420478,0.2540595938829,3.8474628421691,0.0060184167609,0.0404240253571,0.0714578149285,0.0000009548850
420761,0.2540550278685,3.8473936947269,0.0060184167609,0.0404152164832,0.0714536904705,0.0000009548850
421688,0.2540542114885,3.8473813315197,0.0060184167609,0.0403956920175,0.0714465425084,0.0000009548850
430836,0.2540488517699,3.8473001642707,0.0060647714775,0.0403324733472,0.0714426822079,0.0000009357873
430863,0.2540512128609,3.8473359204873,0.0060179374573,0.0403869711188,0.0714425799229,0.0000009357873
431323,0.2540490419938,3.8473030450098,0.0059715827406,0.0404403984014,0.0714413296023,0.0000009357873
431408,0.2540554495320,3.8474000803737,0.0060237441927,0.0403573957166,0.0714354137382,0.0000009357873
432496,0.2540504445149,3.8473242847030,0.0059769101724,0.0404112851646,0.0714335157430,0.0000009357873
433096,0.2540571518488,3.8474258601550,0.0060237441927,0.0403505829280,0.0714333453816,0.0000009357873
434276,0.2540543913062,3.8473840546669,0.0059769101724,0.0404039489966,0.0714317414240,0.0000009170716
434412,0.2540472084486,3.8472752779146,0.0059769101724,0.0404044723760,0.0714303891615,0.0000009170716
434501,0.2540503219346,3.8473224283537,0.0060079161559,0.0403348188803,0.0714194683672,0.0000009170716
434733,0.2540493344126,3.8473074733824,0.0059892784086,0.0403060631182,0.0714009992343,0.0000009170716
435106,0.2540377700097,3.8471323427762,0.0059892784086,0.0403126350801,0.0714008682772,0.0000009170716
435171,0.2540246877610,3.8469342260076,0.0059892784086,0.0403019893205,0.0713942628812,0.0000009170716
437072,0.2540299363284,3.8470137099894,0.0060361124288,0.0402322548344,0.0713905541236,0.0000009170716
439967,0.2540226852756,3.8469039004930,0.0060281295450,0.0402408945757,0.0713886647125,0.0000009170716
444575,0.2540194872230,3.8468554693817,0.0060318813351,0.0402089303588,0.0713781715338,0.0000008987301
447162,0.2540183800447,3.8468387023410,0.0060318813351,0.0402089303588,0.0713779342813,0.0000008987301
447378,0.2540177714347,3.8468294855881,0.0060389221395,0.0401854013997,0.0713724181528,0.0000008987301
447670,0.2540232898594,3.8469130562732,0.0060586562249,0.0401531717370,0.0713705475438,0.0000008987301
448509,0.2540205606199,3.8468717248376,0.0060575598868,0.0401495928030,0.0713682146568,0.0000008807555
449366,0.2540090332187,3.8466971545842,0.0060107258666,0.0402053798597,0.0713655967253,0.0000008807555
450673,0.2540150554498,3.8467883548807,0.0060107258666,0.0401728662917,0.0713552752148,0.0000008807555
452193,0.2540121243472,3.8467439664434,0.0060575598868,0.0400844606334,0.0713431453950,0.0000008807555
452761,0.2540078491117,3.8466792225404,0.0060841805180,0.0400516816196,0.0713419313244,0.0000008807555
452782,0.2540105975179,3.8467208442344,0.0060617909805,0.0400556310328,0.0713343352572,0.0000008807555
459027,0.2540124196851,3.8467484390220,0.0060553672107,0.0400314036180,0.0713233200292,0.0000008631404
459575,0.2540133498590,3.8467625255181,0.0060547501762,0.0400069717197,0.0713145292309,0.0000008631404
462089,0.2540122756977,3.8467462584867,0.0060547501762,0.0399823353379,0.0713055003457,0.0000008631404
462453,0.2539958495287,3.8464975015942,0.0060057234798,0.0400371204234,0.0713005351130,0.0000008458776
462636,0.2539957687967,3.8464962789947,0.0060110509116,0.0400121560652,0.0712938851561,0.0000008458776
463110,0.2539971617211,3.8465173733550,0.0060110509116,0.0400063009612,0.0712920925313,0.0000008458776
463659,0.2539965454657,3.8465080408219,0.0060356331252,0.0399574944727,0.0712850648223,0.0000008458776
469941,0.2539909747341,3.8464236780046,0.0060578849318,0.0399242030270,0.0712815177805,0.0000008289600
470807,0.2539852145429,3.8463364460243,0.0060776190173,0.0398952203124,0.0712783899496,0.0000008289600
470875,0.2539825562413,3.8462961888693,0.0060798116934,0.0398907696285,0.0712771705019,0.0000008289600
471362,0.2539860949208,3.8463497784136,0.0060553672107,0.0398860792569,0.0712657774508,0.0000008289600
471717,0.2539864442033,3.8463550679258,0.0060085331904,0.0399345152662,0.0712630791488,0.0000008289600
471973,0.2539808423786,3.8462702342377,0.0059812789970,0.0399261512595,0.0712472112440,0.0000008289600
472857,0.2539771890813,3.8462149089277,0.0060281130173,0.0398439979463,0.0712371596485,0.0000008289600
473313,0.2539704006241,3.8461121049513,0.0060111886425,0.0398523804126,0.0712314454136,0.0000008289600
510056,0.2539794147558,3.8462486144051,0.0059861436529,0.0398528311858,0.0712228044367,0.0000007493142
510481,0.2539702626891,3.8461100160709,0.0059883363291,0.0398543483909,0.0712223248569,0.0000007493142
511433,0.2539736090072,3.8461606925062,0.0059839509768,0.0398042066364,0.0712032547189,0.0000007493142
512780,0.2539767403534,3.8462081134204,0.0059562340075,0.0398109652959,0.0711944608275,0.0000007493142
512936,0.2539702493920,3.8461098147014,0.0059667180847,0.0397443155853,0.0711737596151,0.0000007493142
518414,0.2539723678869,3.8461418970577,0.0059650047122,0.0397186952739,0.0711643291645,0.0000007343279
519946,0.2539678343287,3.8460732411305,0.0059905290053,0.0396846756050,0.0711621467888,0.0000007343279
523577,0.2539731209313,3.8461533011153,0.0059709491784,0.0396928704791,0.0711578150186,0.0000007196414
524521,0.2539669530595,3.8460598952444,0.0059966277302,0.0396587273171,0.0711553044389,0.0000007196414
527996,0.2539609388793,3.8459688168695,0.0059709491784,0.0396928704791,0.0711552045789,0.0000007052486
528362,0.2539539060647,3.8458623123592,0.0059964734715,0.0396634468825,0.0711541281026,0.0000007052486
530267,0.2539518027885,3.8458304604730,0.0060162075570,0.0396374176042,0.0711528386949,0.0000007052486
531273,0.2539586412729,3.8459340220604,0.0059906832639,0.0396454504975,0.0711462339921,0.0000007052486
532251,0.2539550866469,3.8458801910229,0.0059650047122,0.0396406074391,0.0711327375292,0.0000007052486
533498,0.2539530840709,3.8458498641349,0.0059650047122,0.0396141691939,0.0711228661754,0.0000007052486
533515,0.2539594529646,3.8459463142697,0.0059905290053,0.0395796555527,0.0711228436206,0.0000007052486
533913,0.2539531604220,3.8458510203918,0.0059678144228,0.0395449999588,0.0710993833998,0.0000007052486
535104,0.2539513763386,3.8458240023428,0.0059650047122,0.0395102024122,0.0710853692393,0.0000006911436
535585,0.2539567924521,3.8459060236313,0.0059665638261,0.0394752629129,0.0710747196341,0.0000006911436
553258,0.2539518297242,3.8458308683867,0.0059917796020,0.0394401814609,0.0710719338635,0.0000006637743
559325,0.2539512121855,3.8458215164182,0.0059938180195,0.0394129212669,0.0710629393577,0.0000006504988
561400,0.2539578168811,3.8459215375217,0.0059650047122,0.0394049580562,0.0710491620855,0.0000006504988
561487,0.2539562818087,3.8458982904797,0.0059650047122,0.0393968953955,0.0710459536198,0.0000006504988
563066,0.2539558125089,3.8458911834327,0.0059650047122,0.0393754237018,0.0710381845935,0.0000006374888
563777,0.2539614870467,3.8459771182835,0.0059894326672,0.0393400398848,0.0710372326119,0.0000006247391
571650,0.2539611479255,3.8459719826526,0.0059894326672,0.0393340853887,0.0710350333374,0.0000006122443
588797,0.2539507431063,3.8458144127124,0.0059884905877,0.0393159510302,0.0710259234283,0.0000005879994
589173,0.2539488532380,3.8457857926633,0.0059938180195,0.0392940497622,0.0710199797602,0.0000005879994
591772,0.2539532239590,3.8458519825921,0.0059938180195,0.0392639952504,0.0710101825890,0.0000005879994
591842,0.2539528750422,3.8458466986178,0.0059474467752,0.0393194315740,0.0710100331177,0.0000005879994
592061,0.2539486845175,3.8457832375704,0.0059654674880,0.0392559397415,0.0709941826563,0.0000005879994
597150,0.2539519418378,3.8458325662283,0.0059654674880,0.0392505735170,0.0709929641448,0.0000005762394
641823,0.2539481626088,3.8457753338161,0.0059654674880,0.0392505735170,0.0709921543100,0.0000005104573
