0,0.2063240533919,3.124558757017,0.5553584234398,0.3201241934734,0.3965531191558,100000
2,0.2063381217629,3.124771807561,0.5554052574601,0.320025490518,0.3965409544742,100000.0000000000000
3,0.2063441543013,3.1248631639507,0.5554052574601,0.3199051870202,0.3964992816261,100000.0000000000000
4,0.2063504203303,3.1249580563073,0.5552876242404,0.3196234457246,0.3963495882183,100000.0000000000000
5,0.2063615484990,3.1251265806086,0.5552876242404,0.3191200290789,0.3961721811667,100000.0000000000000
6,0.2063489678777,3.1249360604553,0.5553344582607,0.3186157752416,0.3960094663861,100000.0000000000000
7,0.2063495085277,3.1249442480249,0.5553344582607,0.3185043453803,0.3959697858606,100000.0000000000000
8,0.2063555636871,3.1250359469866,0.5552168250411,0.3179368711949,0.3957179998059,100000.0000000000000
9,0.2063618036672,3.1251304448604,0.5552168250411,0.3178616200757,0.3956924615447,100000.0000000000000
11,0.2063590152590,3.1250882173786,0.5551460258417,0.3177256694532,0.3956129677209,100000.0000000000000
12,0.2063662583256,3.1251979059333,0.5550283926220,0.3172161502020,0.3953821344085,100000.0000000000000
14,0.2063746657041,3.1253252267556,0.5550283926220,0.3170929772749,0.3953399456585,100000.0000000000000
15,0.2063806251018,3.1254154755071,0.5550283926220,0.3170457561819,0.3953243579962,100000.0000000000000
18,0.2063652098753,3.1251820282669,0.5550752266423,0.3168940384254,0.3952869415433,100000.0000000000000
19,0.2063657657053,3.1251904457210,0.5549575934227,0.3168796488785,0.3952315072889,100000.0000000000000
23,0.2063871896833,3.1255148891249,0.5548399602030,0.3163401742402,0.3949930143906,100000.0000000000000
26,0.2063912574337,3.1255764908866,0.5548399602030,0.3161205973808,0.3949154657445,100000.0000000000000
27,0.2063968361956,3.1256609753133,0.5548399602030,0.3159257030939,0.3948470560910,100000.0000000000000
28,0.2063928159910,3.1256000935827,0.5548399602030,0.3159157020151,0.3948426228048,100000.0000000000000
29,0.2063982292978,3.1256820723673,0.5548399602030,0.3158986700138,0.3948376999415,100000.0000000000000
30,0.2064030564437,3.1257551743673,0.5547223269834,0.3158678432024,0.3947773105174,100000.0000000000000
32,0.2063994852795,3.1257010928760,0.5547691610036,0.3158067625197,0.3947748024613,100000.0000000000000
33,0.2063910111813,3.1255727616559,0.5547691610036,0.3156510682172,0.3947173814751,100000.0000000000000
34,0.2063939211430,3.1256168299358,0.5547223269834,0.3156328585006,0.3946914298452,100000.0000000000000
35,0.2063972130181,3.1256666818894,0.5547223269834,0.3155066132446,0.3946470476555,100000.0000000000000
39,0.2064201908161,3.1260146562479,0.5546754929632,0.3154836972982,0.3946237154799,100000.0000000000000
41,0.2064279000425,3.1261314042977,0.5545578597436,0.3155007778273,0.3945810534089,100000.0000000000000
42,0.2064231436546,3.1260593738514,0.5545110257233,0.3154441943596,0.3945397540787,100000.0000000000000
43,0.2064222751629,3.1260462214669,0.5545110257233,0.3153994259772,0.3945235792653,100000.0000000000000
49,0.2064130660129,3.1259067586675,0.5544402265239,0.3153973205928,0.3944905114390,100000.0000000000000
51,0.2064129237263,3.1259046038866,0.5543225933043,0.3152367427769,0.3943827174921,100000.0000000000000
52,0.2064177755141,3.1259780790626,0.5543225933043,0.3149252225518,0.3942724999376,100000.0000000000000
53,0.2064217790866,3.1260387089186,0.5543225933043,0.3148944513161,0.3942623681190,100000.0000000000000
54,0.2064298016440,3.1261602020336,0.5543225933043,0.3146489703861,0.3941764154778,100000.0000000000000
55,0.2064342646894,3.1262277901186,0.5543225933043,0.3140111096193,0.3939495644279,100000.0000000000000
56,0.2064414523044,3.1263366389175,0.5543225933043,0.3139774697692,0.3939390903989,100000.0000000000000
57,0.2064339711460,3.1262233447150,0.5542049600847,0.3138728760297,0.3938497181496,100000.0000000000000
58,0.2064323314814,3.1261985137345,0.5542049600847,0.3138263221067,0.3938327403918,100000.0000000000000
61,0.2064368261572,3.1262665808286,0.5542049600847,0.3136465813524,0.3937695104101,100000.0000000000000
63,0.2064439265051,3.1263741080602,0.5541581260645,0.3136814681381,0.3937634197566,100000.0000000000000
64,0.2064474937934,3.1264281308547,0.5541581260645,0.3135185866328,0.3937060122094,100000.0000000000000
65,0.2064612266572,3.1266361004976,0.5541581260645,0.3130252646530,0.3935327685445,100000.0000000000000
66,0.2064632913780,3.1266673685019,0.5540404928448,0.3130411437929,0.3934884678691,100000.0000000000000
68,0.2064616668664,3.1266427669984,0.5539936588246,0.3130412733719,0.3934680943147,100000.0000000000000
69,0.2064613726979,3.1266383121294,0.5539468248044,0.3130594143881,0.3934544384900,100000.0000000000000
70,0.2064609605902,3.1266320711961,0.5538291915848,0.3130798844311,0.3934112466739,100000.0000000000000
73,0.2064723575798,3.1268046665038,0.5538291915848,0.3129211741565,0.3933570066450,100000.0000000000000
74,0.2064724989827,3.1268068079010,0.5538291915848,0.3125566736848,0.3932268582058,100000.0000000000000
75,0.2064673912068,3.1267294560576,0.5538291915848,0.3125265548487,0.3932150069552,100000.0000000000000
76,0.2064702393128,3.1267725875994,0.5537115583651,0.3125454764364,0.3931719607365,100000.0000000000000
77,0.2064687991078,3.1267507772235,0.5536647243449,0.3125003639150,0.3931354687834,100000.0000000000000
78,0.2064726577331,3.1268092120077,0.5536647243449,0.3123517250041,0.3930832103064,100000.0000000000000
80,0.2064843692152,3.1269865699708,0.5536178903247,0.3123400467808,0.3930614773927,100000.0000000000000
81,0.2064839179299,3.1269797357339,0.5535002571051,0.3123591975469,0.3930178060110,100000.0000000000000
82,0.2064829414471,3.1269649479386,0.5533826238854,0.3120309196460,0.3928499404203,100000.0000000000000
85,0.2064846020499,3.1269900960048,0.5533357898652,0.3120634213137,0.3928418322792,100000.0000000000000
88,0.2064966977704,3.1271732728508,0.5533357898652,0.3119630855699,0.3928085900251,98000.0000000000000
89,0.2064959562948,3.1271620439908,0.5532889558450,0.3119937454205,0.3927993093612,98000.0000000000000
90,0.2065026474648,3.1272633746562,0.5532889558450,0.3119496955737,0.3927850110952,98000.0000000000000
91,0.2064986423865,3.1272027219985,0.5532889558450,0.3119506163977,0.3927844817299,98000.0000000000000
93,0.2064911191116,3.1270887899860,0.5531713226253,0.3117679403242,0.3926672139077,98000.0000000000000
94,0.2064953122766,3.1271522910187,0.5531244886051,0.3117974418555,0.3926585769813,98000.0000000000000
95,0.2064918374434,3.1270996683589,0.5530776545849,0.3116318871247,0.3925786339616,98000.0000000000000
96,0.2064880860785,3.1270428579196,0.5530776545849,0.3116198557700,0.3925735331854,98000.0000000000000
97,0.2064786618975,3.1269001387035,0.5530776545849,0.3115746463092,0.3925553674820,98000.0000000000000
98,0.2064760986537,3.1268613210961,0.5530308205646,0.3115364823617,0.3925211165112,98000.0000000000000
99,0.2064738395171,3.1268271088709,0.5530308205646,0.3114861402959,0.3925026531013,98000.0000000000000
100,0.2064762001599,3.1268628583008,0.5529839865444,0.3114510984787,0.3924705722957,98000.0000000000000
101,0.2064737766378,3.1268261566316,0.5528663533248,0.3101073463441,0.3919397272559,98000.0000000000000
102,0.2064840926998,3.1269823824393,0.5529131873450,0.3099775352671,0.3919156484646,98000.0000000000000
103,0.2064842866463,3.1269853195527,0.5527955541254,0.3098615078746,0.3918238374332,98000.0000000000000
104,0.2064851145410,3.1269978571392,0.5527955541254,0.3096607998031,0.3917523333851,98000.0000000000000
105,0.2064912472145,3.1270907299687,0.5527955541254,0.3096121097168,0.3917362582128,98000.0000000000000
106,0.2064904166219,3.1270781515247,0.5527487201052,0.3095945207844,0.3917097267442,98000.0000000000000
107,0.2064975418488,3.1271860555234,0.5527018860849,0.3095500380748,0.3916752951736,98000.0000000000000
111,0.2065010595570,3.1272393274784,0.5524905848249,0.3093430695248,0.3915115739460,98000.0000000000000
112,0.2064935598714,3.1271257527027,0.5524437508046,0.3092196411114,0.3914458135714,98000.0000000000000
113,0.2064990098840,3.1272082873575,0.5524437508046,0.3090823395851,0.3913979451718,98000.0000000000000
115,0.2065025188674,3.1272614271856,0.5523500827642,0.3090552637842,0.3913488837220,98000.0000000000000
118,0.2065190247705,3.1275113915653,0.5523500827642,0.3090327852549,0.3913443926551,98000.0000000000000
120,0.2065220738615,3.1275575668114,0.5522564147237,0.3090200693562,0.3913003611934,98000.0000000000000
121,0.2065221411060,3.1275585851594,0.5522564147237,0.3089528658405,0.3912763743474,98000.0000000000000
122,0.2065166312260,3.1274751438756,0.5522564147237,0.3086109796397,0.3911530914442,98000.0000000000000
123,0.2065170722938,3.1274818233785,0.5522095807035,0.3086153814074,0.3911346862956,98000.0000000000000
124,0.2065132700732,3.1274242427840,0.5520919474838,0.3082618891734,0.3909572100707,98000.0000000000000
126,0.2065037676074,3.1272803380273,0.5521387815041,0.3079604985896,0.3908676060568,98000.0000000000000
127,0.2065006217359,3.1272326971438,0.5521387815041,0.3078334458955,0.3908215559793,98000.0000000000000
128,0.2065059505716,3.1273133967035,0.5521387815041,0.3073033919223,0.3906333928822,98000.0000000000000
129,0.2065060319518,3.1273146291203,0.5520211482845,0.3073113447190,0.3905858363684,98000.0000000000000
132,0.2065018815256,3.1272517753204,0.5521148163249,0.3067806434319,0.3904355542633,98000.0000000000000
133,0.2065017333934,3.1272495320156,0.5519971831053,0.3068095627164,0.3903954365996,98000.0000000000000
134,0.2065105941387,3.1273837185971,0.5519971831053,0.3067078073297,0.3903609941212,98000.0000000000000
135,0.2065027088898,3.1272643048740,0.5519503490851,0.3066515981379,0.3903191579907,98000.0000000000000
137,0.2065052018294,3.1273020577970,0.5519503490851,0.3066084547908,0.3903042838537,98000.0000000000000
138,0.2065080062223,3.1273445273499,0.5519503490851,0.3065637624958,0.3902889232611,98000.0000000000000
139,0.2065102583451,3.1273786333594,0.5518327158654,0.3065363364080,0.3902291965906,98000.0000000000000
141,0.2065069069002,3.1273278792845,0.5518327158654,0.3064021812954,0.3901805658836,98000.0000000000000
128819,0.2542741244027,3.8507116791471,0.0075364483380,0.9095656367899,0.3825620890847,0.0000030204020
128843,0.2542754998521,3.8507325088675,0.0075364483380,0.9094605050119,0.3825248367603,0.0000030204020
128886,0.2542663399803,3.8505937923342,0.0074896143177,0.9093762797078,0.3824727217419,0.0000030204020
128950,0.2542741901482,3.8507126747931,0.0074427802975,0.9093677948908,0.3824513019060,0.0000030204020
128954,0.2542757541747,3.8507363603134,0.0074427802975,0.9092122930982,0.3823961007000,0.0000030204020
128968,0.2542832508092,3.8508498888858,0.0074094273792,0.9091577601685,0.3823639369675,0.0000030204020
128991,0.2542779280983,3.8507692820790,0.0075270605988,0.9088888611237,0.3823171752505,0.0000030204020
129022,0.2542819989554,3.8508309308882,0.0075864336415,0.9087213445754,0.3822836658280,0.0000030204020
129044,0.2542792101391,3.8507886972265,0.0076956046738,0.9081666351439,0.3821317452985,0.0000030204020
129051,0.2542774937966,3.8507627050404,0.0077701721910,0.9080192775346,0.3821107073006,0.0000030204020
129057,0.2542849912252,3.8508762456386,0.0077701721910,0.9079364462005,0.3820827312731,0.0000030204020
129068,0.2542894778970,3.8509441915196,0.0077701721910,0.9078373218211,0.3820482911388,0.0000030204020
129092,0.2542863430875,3.8508967181577,0.0077701721910,0.9078279791897,0.3820442827398,0.0000030204020
129126,0.2542779780741,3.8507700389094,0.0077841160688,0.7825629398407,0.3373109521313,0.0000030204020
129130,0.2542893050504,3.8509415739405,0.0078129459038,0.7822878702816,0.3372274958559,0.0000030204020
129164,0.2542906408305,3.8509618029121,0.0077990020260,0.7822933885706,0.3372237769643,0.0000030204020
129165,0.2542978440110,3.8510708874350,0.0077990020260,0.7822547872090,0.3372115343024,0.0000030204020
129181,0.2542987230153,3.8510841990210,0.0077990020260,0.7821056716010,0.3371584670862,0.0000030204020
129238,0.2542917042951,3.8509779079549,0.0077343015515,0.7815832379208,0.3369426508428,0.0000030204020
129239,0.2542947829996,3.8510245316656,0.0076874675313,0.7815910034268,0.3369260122372,0.0000030204020
129243,0.2542910358782,3.8509677854909,0.0077343015515,0.7814362616825,0.3368900160969,0.0000030204020
129261,0.2542867302101,3.8509025807180,0.0077811355718,0.7813033056495,0.3368616808792,0.0000030204020
129280,0.2542929885029,3.8509973559187,0.0076901395111,0.7813989402462,0.3368581788433,0.0000030204020
129283,0.2542959201257,3.8510417522335,0.0076901395111,0.7813249985332,0.3368323992935,0.0000030204020
129305,0.2542913717367,3.8509728717107,0.0077369735313,0.7812697517805,0.3368317653786,0.0000030204020
129307,0.2542886741875,3.8509320201921,0.0077369735313,0.7812261156237,0.3368156029906,0.0000030204020
129344,0.2542759104461,3.8507387268780,0.0077091023034,0.7809976649406,0.3367193335615,0.0000030204020
129349,0.2542789657798,3.8507849966638,0.0076622682832,0.7810253018028,0.3367097868609,0.0000030204020
129361,0.2542841831024,3.8508640074761,0.0076622682832,0.7810082992623,0.3367048325227,0.0000030204020
129403,0.2542821049808,3.8508325365298,0.0076622682832,0.7809947227641,0.3366995384615,0.0000030204020
129416,0.2542880688446,3.8509228529170,0.0076622682832,0.7809736509262,0.3366932907760,0.0000030204020
129459,0.2542864257351,3.8508979697675,0.0076561695583,0.7809024616642,0.3366649002054,0.0000030204020
129489,0.2542942509612,3.8510164745099,0.0076561695583,0.7807684528294,0.3366187167414,0.0000030204020
129547,0.2542927885424,3.8509943277289,0.0075457314016,0.7806225314539,0.3365189579504,0.0000030204020
129569,0.2542925210519,3.8509902768704,0.0075925654219,0.7805540351916,0.3365145094032,0.0000030204020
129578,0.2542940934485,3.8510140891470,0.0075931824564,0.7804826227257,0.3364896063366,0.0000029599940
129583,0.2542944745592,3.8510198606634,0.0075931824564,0.7804815171267,0.3364892931464,0.0000029599940
129628,0.2542949160388,3.8510265464045,0.0075931824564,0.7804658151487,0.3364837798999,0.0000029599940
129646,0.2542954929394,3.8510352829515,0.0075839324481,0.7804211444161,0.3364639853991,0.0000029599940
129678,0.2542969803295,3.8510578078952,0.0075839324481,0.7803165862221,0.3364269619134,0.0000029599940
129801,0.2542920107176,3.8509825483984,0.0075370984279,0.7803261173978,0.3364092292649,0.0000029599940
129832,0.2542926323276,3.8509919620219,0.0075370984279,0.7802768151788,0.3363917545317,0.0000029599940
129943,0.2542901405425,3.8509542265819,0.0075823568065,0.7794035656878,0.3360987422075,0.0000029599940
129993,0.2542858156197,3.8508887302179,0.0075884555314,0.7793948557000,0.3360973184677,0.0000029599940
130009,0.2542918895079,3.8509807128064,0.0076352895516,0.7793233104629,0.3360931398677,0.0000029599940
130026,0.2542929679551,3.8509970447446,0.0075594714377,0.7761425869161,0.3349249047909,0.0000029599940
130114,0.2542982506855,3.8510770460875,0.0075126374174,0.7761777451517,0.3349185215942,0.0000029007941
130129,0.2542931802013,3.8510002589874,0.0074673790389,0.7762251954309,0.3349149851423,0.0000029007941
130150,0.2542865868841,3.8509004101984,0.0074205450186,0.7762485426227,0.3349018388484,0.0000029007941
130173,0.2542900201974,3.8509524040829,0.0074205450186,0.7762447333012,0.3349012140864,0.0000029007941
130242,0.2542962838929,3.8510472611018,0.0074673790389,0.7761731880641,0.3348970761594,0.0000029007941
130310,0.2542882858037,3.8509261385320,0.0073497458192,0.7762790333671,0.3348827499401,0.0000029007941
130324,0.2542971645354,3.8510605974978,0.0074830528170,0.7760887615622,0.3348738298799,0.0000029007941
130336,0.2543014875102,3.8511260643624,0.0074356017622,0.7760638791640,0.3348455334946,0.0000029007941
130359,0.2543054286571,3.8511857488478,0.0074808601408,0.7759960139602,0.3348415369012,0.0000029007941
130397,0.2543054014361,3.8511853366146,0.0074808601408,0.7758212989628,0.3347791328548,0.0000029007941
130433,0.2543029433658,3.8511481117495,0.0073632269212,0.7759118790222,0.3347605419097,0.0000029007941
130488,0.2543074979299,3.8512170857884,0.0073243923125,0.7759350363137,0.3347531449452,0.0000029007941
130531,0.2543116790956,3.8512804051029,0.0073322209377,0.7758228423049,0.3347173267455,0.0000029007941
130573,0.2543113835137,3.8512759288291,0.0073339343102,0.7758040817026,0.3347112974940,0.0000029007941
130727,0.2542975207273,3.8510659916463,0.0073160678560,0.7757785912369,0.3346915661073,0.0000029007941
130767,0.2542913457020,3.8509724774427,0.0073160678560,0.7757645638230,0.3346852330969,0.0000029007941
130769,0.2542894316665,3.8509434914078,0.0073160678560,0.7757306212745,0.3346727006077,0.0000029007941
130779,0.2542901921266,3.8509550077680,0.0073383031349,0.7756336499295,0.3346477603454,0.0000029007941
130979,0.2542882639769,3.8509258079886,0.0073621305831,0.7754998371409,0.3346097686524,0.0000029007941
131116,0.2542874130570,3.8509129217088,0.0073072971513,0.7755204809733,0.3345934590675,0.0000029007941
131185,0.2542772157360,3.8507584941083,0.0073011984264,0.7755294025142,0.3345918464527,0.0000029007941
131396,0.2542896180683,3.8509463142643,0.0072822356341,0.7755221129938,0.3345837737842,0.0000029007941
131443,0.2542947680277,3.8510243049331,0.0073290696543,0.7753909333871,0.3345580992103,0.0000029007941
131464,0.2543007865421,3.8511154489442,0.0072114364347,0.7728548630260,0.3336032352403,0.0000029007941
131495,0.2543008557040,3.8511164963277,0.0072114364347,0.6582078858532,0.2926579010705,0.0000029007941
131503,0.2542963824861,3.8510487541907,0.0072491912331,0.6552547349373,0.2916184263959,0.0000029007941
131612,0.2542997116251,3.8510991704681,0.0072568490719,0.6551796900095,0.2915956199539,0.0000029007941
131633,0.2543086778315,3.8512349541447,0.0072449436116,0.6544598477180,0.2913353524110,0.0000029007941
131652,0.2543038810812,3.8511623124531,0.0071981095914,0.6545102944944,0.2913322695189,0.0000029007941
131715,0.2543100102887,3.8512551327942,0.0071724310397,0.6545299768962,0.2913296072561,0.0000029007941
131735,0.2543023557794,3.8511392133779,0.0071512755712,0.6545164942445,0.2913140851420,0.0000029007941
131736,0.2543015607628,3.8511271736951,0.0071044415509,0.6544656937576,0.2912757000273,0.0000029007941
131758,0.2543082585996,3.8512286053226,0.0071512755712,0.6518909514785,0.2903776561870,0.0000029007941
131795,0.2543198146851,3.8514036099696,0.0071724310397,0.6517334021757,0.2903329315123,0.0000029007941
131800,0.2543251790161,3.8514848470688,0.0072115906933,0.6516759665495,0.2903303509969,0.0000029007941
131801,0.2543220160167,3.8514369467994,0.0071898181903,0.6516621206155,0.2903153971621,0.0000029007941
131812,0.2543281424491,3.8515297251151,0.0071898181903,0.6515059678770,0.2902609411339,0.0000029007941
131869,0.2543274300883,3.8515189371667,0.0072366522106,0.6513548059494,0.2902268738054,0.0000029007941
131871,0.2543301607438,3.8515602900452,0.0072834862308,0.6512425073897,0.2902074240403,0.0000029007941
131878,0.2543196964536,3.8514018194797,0.0072709637360,0.6512358924521,0.2901974524312,0.0000029007941
131921,0.2543270790655,3.8515136212990,0.0071810640134,0.6513234697375,0.2901917835689,0.0000029007941
131955,0.2543269258477,3.8515113009778,0.0072278980336,0.6511555501124,0.2901518511648,0.0000029007941
131975,0.2543267301054,3.8515083366688,0.0072278980336,0.6507329816846,0.2900008919243,0.0000029007941
132004,0.2543358736808,3.8516468064110,0.0072747320539,0.6505939292614,0.2899732614052,0.0000029007941
132011,0.2543351269470,3.8516354979203,0.0072747320539,0.6505905775290,0.2899719043435,0.0000029007941
132032,0.2543412931624,3.8517288787071,0.0072587662862,0.6505757455148,0.2899610860556,0.0000029007941
132245,0.2543438578110,3.8517677175873,0.0072349388380,0.6505415868937,0.2899392243521,0.0000029007941
132253,0.2543455944598,3.8517940172896,0.0072502875711,0.6505046710666,0.2899329902956,0.0000029007941
132282,0.2543417343588,3.8517355601581,0.0072300907098,0.6504989418017,0.2899214611674,0.0000029007941
132304,0.2543420464580,3.8517402865687,0.0072474778605,0.6504514915225,0.2899120331535,0.0000029007941
132344,0.2543401608684,3.8517117313168,0.0072836404894,0.6503396306024,0.2898871770396,0.0000029007941
132351,0.2543345710784,3.8516270798809,0.0072601546139,0.6503663050713,0.2898854404482,0.0000029007941
132631,0.2543340106585,3.8516185929163,0.0072441888462,0.6503717002209,0.2898804047255,0.0000029007941
132640,0.2543326137193,3.8515974377549,0.0071566195307,0.6504687457761,0.2898772348016,0.0000029007941
132648,0.2543302544125,3.8515617085587,0.0071801054062,0.6503870346384,0.2898576120619,0.0000028427782
132677,0.2543316021273,3.8515821182689,0.0071790090682,0.6503757640698,0.2898534057957,0.0000028427782
132758,0.2543309094132,3.8515716278488,0.0071489451641,0.6503954653796,0.2898474090087,0.0000028427782
132793,0.2543332703836,3.8516073822393,0.0071406537630,0.6503332211117,0.2898221313777,0.0000028427782
132921,0.2543240438684,3.8514676564609,0.0071685249909,0.6503029202222,0.2898212773330,0.0000028427782
132936,0.2543210583194,3.8514224434905,0.0072861582106,0.6501477865811,0.2898156469376,0.0000028427782
133027,0.2543320863029,3.8515894505933,0.0073210867705,0.6500316211037,0.2897914917893,0.0000028427782
133177,0.2543393528913,3.8516994953614,0.0073679207908,0.6499701186702,0.2897911554835,0.0000028427782
133180,0.2543450166674,3.8517852672370,0.0073679207908,0.6499219689081,0.2897751728062,0.0000028427782
133246,0.2543508290102,3.8518732889994,0.0073729231776,0.6498866603889,0.2897659520029,0.0000028427782
133273,0.2543558593463,3.8519494680996,0.0073383196626,0.6472659597578,0.2888162353431,0.0000028427782
133336,0.2543665269470,3.8521110175878,0.0073801512960,0.6471351962412,0.2887897478445,0.0000028427782
133469,0.2543637691688,3.8520692539637,0.0073801512960,0.6471212837518,0.2887841881458,0.0000028427782
133527,0.2543598565696,3.8520100018030,0.0074147548110,0.6470342234231,0.2887670868350,0.0000028427782
133716,0.2543787229329,3.8522957128462,0.0074665912180,0.6467935647455,0.2887073957024,0.0000028427782
133734,0.2543828245856,3.8523578280222,0.0074737862810,0.6467474822026,0.2886949001754,0.0000028427782
133865,0.2543841148020,3.8523773669799,0.0073561530614,0.6468461652547,0.2886800063606,0.0000028427782
133887,0.2543880878684,3.8524375348522,0.0073401872938,0.6468566243295,0.2886777506440,0.0000028427782
134077,0.2543855087361,3.8523984766326,0.0073401872938,0.6467829126210,0.2886508723626,0.0000028427782
134208,0.2543793522929,3.8523052438349,0.0072736191881,0.6468143098643,0.2886322372377,0.0000028427782
134217,0.2543769308277,3.8522685733163,0.0073633811798,0.6466842808766,0.2886237488532,0.0000028427782
134218,0.2543710910460,3.8521801360219,0.0073333172757,0.6466802025921,0.2886081564109,0.0000028427782
134283,0.2543687739792,3.8521450465041,0.0072864832555,0.6467283169025,0.2886047718559,0.0000028427782
134294,0.2543686382786,3.8521429914628,0.0073333172757,0.6464951627280,0.2885415451522,0.0000028427782
134299,0.2543693259070,3.8521534048643,0.0072903893043,0.6465427383552,0.2885402860945,0.0000028427782
134354,0.2543645111592,3.8520804906210,0.0072524802473,0.6465809567676,0.2885366570571,0.0000028427782
134368,0.2543776881252,3.8522800417824,0.0072993142675,0.6438985048557,0.2876015338757,0.0000028427782
134375,0.2543814376343,3.8523368241173,0.0073461482878,0.6438116928735,0.2875914047855,0.0000028427782
134412,0.2543805894802,3.8523239797231,0.0073293781716,0.6437228825623,0.2875523178773,0.0000028427782
134477,0.2543791117665,3.8523016013178,0.0073262434160,0.6436136966269,0.2875116627807,0.0000028427782
134504,0.2543803710934,3.8523206724868,0.0072169015974,0.6436920875425,0.2874930686126,0.0000028427782
134525,0.2543741006200,3.8522257128241,0.0072118992106,0.6436778756048,0.2874845053677,0.0000028427782
134588,0.2543747868605,3.8522361052085,0.0072587332308,0.6435632567591,0.2874637888401,0.0000028427782
134598,0.2543739983939,3.8522241647188,0.0072587332308,0.6435439926757,0.2874567398532,0.0000028427782
134607,0.2543722007010,3.8521969405685,0.0071411000112,0.6436659793227,0.2874495070560,0.0000028427782
134615,0.2543779035263,3.8522833038037,0.0070942659910,0.6436802501947,0.2874357541070,0.0000028427782
134635,0.2543756056511,3.8522485049228,0.0070474319707,0.6436381259030,0.2874001455924,0.0000028427782
134648,0.2543824413125,3.8523520237585,0.0070942659910,0.6435645639316,0.2873954099672,0.0000028427782
134764,0.2543930622371,3.8525128663865,0.0070942659910,0.6434348939516,0.2873513751725,0.0000028427782
134878,0.2544043426778,3.8526836966851,0.0071171348320,0.6433111585649,0.2873194021322,0.0000028427782
134880,0.2544045421802,3.8526867179372,0.0071262140539,0.6431123361915,0.2872523279873,0.0000028427782
134999,0.2544023907824,3.8526541373014,0.0071429841701,0.6430836235762,0.2872487996606,0.0000028427782
135055,0.2544025428520,3.8526564402339,0.0071262140539,0.6429946970704,0.2872098855880,0.0000028427782
135171,0.2544008404167,3.8526306586586,0.0071316957443,0.6429659738745,0.2872016117920,0.0000028427782
135172,0.2543989146000,3.8526014942099,0.0071132122556,0.6429766599083,0.2871970940625,0.0000028427782
135215,0.2543980331351,3.8525881453598,0.0070558941581,0.6430302239735,0.2871914703016,0.0000028427782
135221,0.2544034760416,3.8526705724007,0.0070558941581,0.6403597912533,0.2862389106672,0.0000028427782
135260,0.2543987957324,3.8525996940851,0.0070406996836,0.6403222608564,0.2862179921129,0.0000028427782
135434,0.2544025114883,3.8526559652647,0.0070162552009,0.6403481209519,0.2862175478878,0.0000028427782
135475,0.2543971618045,3.8525749499816,0.0070162552009,0.6402179447724,0.2861699100343,0.0000028427782
135490,0.2543931741428,3.8525145610784,0.0070162552009,0.6377876696735,0.2853011001429,0.0000028427782
135551,0.2543941159652,3.8525288239790,0.0070630892211,0.5334655034673,0.2480634571828,0.0000028427782
135617,0.2544019829929,3.8526479617625,0.0070162552009,0.5334588808663,0.2480427060368,0.0000028427782
135620,0.2543970401424,3.8525731075382,0.0070162552009,0.5332939226816,0.2479827332172,0.0000028427782
135668,0.2544003711373,3.8526235519198,0.0070162552009,0.5332846822152,0.2479801468352,0.0000028427782
135696,0.2543949342810,3.8525412165040,0.0070630892211,0.5331926567969,0.2479661872967,0.0000028427782
135706,0.2544022397743,3.8526518504435,0.0071099232413,0.5331261872213,0.2479640853484,0.0000028427782
135716,0.2544003900212,3.8526238378970,0.0071132122556,0.5330993698029,0.2479555209008,0.0000028427782
135794,0.2544004419534,3.8526246243554,0.0070803386409,0.5331313929080,0.2479528801604,0.0000028427782
135825,0.2544060867714,3.8527101091308,0.0071271726611,0.5330690764614,0.2479519056134,0.0000028427782
135833,0.2544057677489,3.8527052778744,0.0071271726611,0.4393339965814,0.2144750230086,0.0000028427782
135876,0.2544026459285,3.8526580012189,0.0071740066813,0.4388882658073,0.2143352362079,0.0000028427782
135920,0.2544039731129,3.8526781000166,0.0071740066813,0.4388698435032,0.2143289412102,0.0000028427782
135999,0.2544036237124,3.8526728087169,0.0072208407016,0.4387302065710,0.2142990677287,0.0000028427782
136048,0.2544033705759,3.8526689752340,0.0071271726611,0.4388163286378,0.2142896279203,0.0000028427782
136098,0.2544127593275,3.8528111579096,0.0071679079564,0.4386529665058,0.2142507541607,0.0000028427782
136105,0.2544077705614,3.8527356083434,0.0071215532398,0.4386813263528,0.2142399473491,0.0000027859227
136168,0.2544087858307,3.8527509835198,0.0071309409789,0.4386299872050,0.2142258528136,0.0000027859227
136456,0.2544165634310,3.8528687670193,0.0071436177323,0.4385701711743,0.2142115894684,0.0000027859227
136541,0.2544201117107,3.8529225019488,0.0071904517526,0.4385101593999,0.2142109887605,0.0000027859227
136559,0.2544203252005,3.8529257350242,0.0071838737241,0.4385112305498,0.2142085979068,0.0000027859227
136585,0.2544203044122,3.8529254202080,0.0072307077443,0.4384450180977,0.2142050178708,0.0000027859227
136593,0.2544197488125,3.8529170062403,0.0072775417645,0.4382910009735,0.2141699644209,0.0000027859227
136601,0.2544226960217,3.8529616385946,0.0073243757848,0.4360312073213,0.2133835985272,0.0000027859227
136682,0.2544202897341,3.8529251979241,0.0073149880456,0.4360331976771,0.2133797704187,0.0000027859227
136999,0.2544287619025,3.8530534999197,0.0075643526213,0.4356646588222,0.2133568353961,0.0000027859227
137109,0.2544346245101,3.8531422828881,0.0075643526213,0.4356384229466,0.2133487217136,0.0000027859227
137499,0.2544563904993,3.8534719056881,0.0075748366985,0.4355607524173,0.2133301395554,0.0000027302042
137511,0.2544497112821,3.8533707560339,0.0075341014032,0.4355990784854,0.2133249381923,0.0000027302042
137572,0.2544511613546,3.8533927158433,0.0074164681836,0.4356847240688,0.2133054223935,0.0000027302042
137615,0.2544546953772,3.8534462348639,0.0073876383485,0.4356972727889,0.2132983057262,0.0000027302042
137651,0.2544593695495,3.8535170202406,0.0073871590449,0.4334232891485,0.2124869649043,0.0000027302042
137685,0.2544520360473,3.8534059621350,0.0072695258253,0.4334402365593,0.2124410318493,0.0000027302042
137697,0.2544476169146,3.8533390390618,0.0072226918051,0.4334266038291,0.2124151443371,0.0000027302042
137708,0.2544495799733,3.8533687675026,0.0072226918051,0.3498569705143,0.1825692673801,0.0000027302042
137728,0.2544449531480,3.8532986991449,0.0072226918051,0.3497964712008,0.1825466690199,0.0000027302042
137745,0.2544386758570,3.8532036362372,0.0072226918051,0.3497979169701,0.1825458402323,0.0000027302042
137749,0.2544448957668,3.8532978301673,0.0072695258253,0.3496430275053,0.1825119271270,0.0000027302042
137763,0.2544413295636,3.8532438238057,0.0073163598455,0.3494994731643,0.1824799652561,0.0000027302042
137828,0.2544404195245,3.8532300422293,0.0073163598455,0.3494879596246,0.1824756582692,0.0000027302042
137880,0.2544356592608,3.8531579530887,0.0073190318253,0.3493965400869,0.1824431335120,0.0000027302042
137914,0.2544275811427,3.8530356185666,0.0072721978050,0.3494013510756,0.1824230489740,0.0000027302042
138009,0.2544266128592,3.8530209549402,0.0072721978050,0.3493978998280,0.1824216088963,0.0000027302042
138056,0.2544269390796,3.8530258952019,0.0072721978050,0.3493963933283,0.1824211407650,0.0000027302042
138168,0.2544368017020,3.8531752541489,0.0072721978050,0.2764244539676,0.1563618472696,0.0000027302042
138680,0.2544444196077,3.8532906192437,0.0072541936199,0.2764073566255,0.1563496574050,0.0000027302042
138699,0.2544490750068,3.8533611203199,0.0073010276401,0.2740907341432,0.1555433615412,0.0000027302042
138775,0.2544625754543,3.8535655702655,0.0073478616603,0.2122168077131,0.1334684953493,0.0000027302042
138783,0.2544709502462,3.8536923975981,0.0073478616603,0.2121429937085,0.1334439278031,0.0000027302042
138789,0.2544718923832,3.8537066652629,0.0072302284407,0.2121532222866,0.1333973685162,0.0000027302042
138799,0.2544687674351,3.8536593412417,0.0072526179782,0.2120746638476,0.1333782378152,0.0000027302042
138987,0.2544729268384,3.8537223309894,0.0073447269047,0.2119551303632,0.1333759138400,0.0000027302042
139012,0.2544703835963,3.8536838162876,0.0073447269047,0.2118947887333,0.1333538182774,0.0000027302042
139016,0.2544674051556,3.8536387109649,0.0073180897458,0.2098322736757,0.1326051515943,0.0000027302042
139091,0.2544619038280,3.8535553991981,0.0073180897458,0.2098186850167,0.1325991196459,0.0000027302042
139094,0.2544662533081,3.8536212674569,0.0073180897458,0.2092379890392,0.1323926602568,0.0000027302042
139099,0.2544731802682,3.8537261689145,0.0073119910209,0.2092368516075,0.1323911246405,0.0000027302042
139153,0.2544732177672,3.8537267367975,0.0071943578013,0.2071332438606,0.1315894299580,0.0000027302042
139209,0.2544800413723,3.8538300730525,0.0072227083328,0.2070844606941,0.1315856198274,0.0000027302042
139278,0.2544743535471,3.8537439369780,0.0072227083328,0.2068761119048,0.1315099907259,0.0000027302042
139304,0.2544712876048,3.8536975065364,0.0073017989332,0.2067089909145,0.1314835436419,0.0000027302042
139325,0.2544731787995,3.8537261466732,0.0072996062571,0.2066456932384,0.1314604028666,0.0000027302042
139377,0.2544781892850,3.8538020251566,0.0072996062571,0.2064865472519,0.1314046386898,0.0000027302042
139429,0.2544784886141,3.8538065581776,0.0072974135809,0.2064874525486,0.1314040864336,0.0000027302042
139526,0.2544764895027,3.8537762837580,0.0073442476011,0.2063906647740,0.1313891627132,0.0000027302042
139533,0.2544751824725,3.8537564901735,0.0072974135809,0.2064428086800,0.1313874337359,0.0000027302042
139699,0.2544781125591,3.8538008632236,0.0072505795607,0.2064922269001,0.1313856392530,0.0000027302042
139756,0.2544856197324,3.8539145513939,0.0072505795607,0.2064567005949,0.1313745599668,0.0000027302042
139846,0.2544815186127,3.8538524442901,0.0072505795607,0.2064207747662,0.1313608505024,0.0000027302042
139884,0.2544780147755,3.8537993823954,0.0072183229804,0.2064068828513,0.1313413140333,0.0000027302042
140176,0.2544730399527,3.8537240439860,0.0071293488096,0.2065054971843,0.1313373356169,0.0000027302042
140224,0.2544644153307,3.8535934332412,0.0070970922293,0.2064942843130,0.1313176586381,0.0000027302042
140227,0.2544669353020,3.8536315955313,0.0070790880442,0.2064148924834,0.1312821283277,0.0000027302042
140258,0.2544712709838,3.8536972548294,0.0071259220644,0.2063362971252,0.1312750593545,0.0000027302042
140604,0.2544675537709,3.8536409615863,0.0071259220644,0.2062865980702,0.1312565131464,0.0000027302042
140794,0.2544686992031,3.8536583079413,0.0070773581439,0.2063319140467,0.1312521297647,0.0000027302042
140822,0.2544697359311,3.8536740080853,0.0070425838425,0.2062815731140,0.1312194697442,0.0000027302042
140891,0.2544607820062,3.8535384103979,0.0070082723171,0.2063171701811,0.1312155593447,0.0000026756001
141062,0.2544606824459,3.8535369026628,0.0070082723171,0.2044531883936,0.1305498302291,0.0000026756001
141122,0.2544571525252,3.8534834457622,0.0070502416814,0.2043876482945,0.1305436535098,0.0000026756001
141243,0.2544629174775,3.8535707498449,0.0070970757016,0.2042787677362,0.1305260746659,0.0000026756001
141265,0.2544619946422,3.8535567744833,0.0069863290277,0.2043457067304,0.1305023208389,0.0000026756001
141622,0.2544604141582,3.8535328397311,0.0070674745734,0.2025684674665,0.1299020305177,0.0000026756001
141679,0.2544550115713,3.8534510232874,0.0070206405532,0.2025830828788,0.1298860208877,0.0000026756001
141695,0.2544528989063,3.8534190292189,0.0070206405532,0.2025507616348,0.1298740248723,0.0000026756001
141852,0.2544576395775,3.8534908216518,0.0070206405532,0.2025436450592,0.1298724990963,0.0000026756001
142028,0.2544642825031,3.8535914217081,0.0070178308425,0.2024941946652,0.1298550575636,0.0000026756001
142067,0.2544630043799,3.8535720658895,0.0070178308425,0.2024404763445,0.1298355985655,0.0000026756001
142112,0.2544656471666,3.8536120880882,0.0070178308425,0.2023834769897,0.1298158079646,0.0000026756001
142204,0.2544616034239,3.8535508498970,0.0070344301724,0.2023451403741,0.1298083637983,0.0000026756001
142256,0.2544635750181,3.8535807075992,0.0070812641926,0.2022794767819,0.1298054067228,0.0000026756001
142294,0.2544667988873,3.8536295296759,0.0071182311701,0.2021587434900,0.1297788215095,0.0000026756001
142364,0.2544623838554,3.8535626687044,0.0070413332458,0.2021434467759,0.1297394560658,0.0000026756001
142692,0.2544669117817,3.8536312393407,0.0070386612661,0.2021437488142,0.1297393890723,0.0000026756001
143149,0.2544720139870,3.8537085068232,0.0069210280465,0.2009084025980,0.1292488730878,0.0000026756001
143317,0.2544787109269,3.8538099248685,0.0068644812421,0.2009292547160,0.1292335209867,0.0000026756001
143344,0.2544692305426,3.8536663545129,0.0069821144618,0.2005205271431,0.1291359295795,0.0000026756001
143354,0.2544756405100,3.8537634266645,0.0070289484820,0.2004490327918,0.1291318411701,0.0000026756001
143441,0.2544772828164,3.8537882976521,0.0070289484820,0.2004360762442,0.1291275657544,0.0000026756001
143493,0.2544865025153,3.8539279202043,0.0070757825022,0.1990919683538,0.1286695745949,0.0000026756001
143503,0.2544940421235,3.8540420995662,0.0069805388201,0.1991828679628,0.1286628356504,0.0000026756001
143559,0.2544825609426,3.8538682292697,0.0069805388201,0.1990531182169,0.1286140362023,0.0000026756001
143677,0.2544817183423,3.8538554689826,0.0069603419588,0.1990414207565,0.1286010221830,0.0000026756001
143685,0.2544833282154,3.8538798488014,0.0069363767796,0.1990529448782,0.1285952121225,0.0000026756001
143900,0.2544919685507,3.8540106975076,0.0069832107998,0.1989892478603,0.1285943864109,0.0000026756001
143920,0.2544849706755,3.8539047221165,0.0069647273111,0.1990122858218,0.1285931932144,0.0000026756001
144006,0.2544811301658,3.8538465616734,0.0069647273111,0.1990110929104,0.1285919442083,0.0000026756001
144046,0.2544819031110,3.8538582671081,0.0069553395719,0.1990120176098,0.1285884167724,0.0000026756001
144058,0.2544913631305,3.8540015290619,0.0069647273111,0.1989888851206,0.1285862056329,0.0000026756001
144144,0.2544896028459,3.8539748714199,0.0070131369730,0.1989131377948,0.1285795228107,0.0000026756001
144178,0.2544908282286,3.8539934285400,0.0070131369730,0.1988713568840,0.1285648636388,0.0000026756001
144186,0.2544955295849,3.8540646255902,0.0069440511462,0.1988601630102,0.1285322650487,0.0000026756001
144215,0.2544929721126,3.8540258953872,0.0069440511462,0.1988453839287,0.1285264387756,0.0000026756001
144443,0.2544937807718,3.8540381416725,0.0069440511462,0.1988361623167,0.1285233186268,0.0000026756001
144577,0.2544884623551,3.8539575998969,0.0068771745232,0.1988973111062,0.1285153564097,0.0000026220881
144786,0.2544811452300,3.8538467898048,0.0068771745232,0.1988837665183,0.1285089511015,0.0000026220881
144801,0.2544851023272,3.8539067158421,0.0069125658591,0.1987777064101,0.1284870881562,0.0000026220881
145218,0.2544851311693,3.8539071526243,0.0069125658591,0.1987647624120,0.1284824714802,0.0000026220881
145300,0.2544941369661,3.8540435358574,0.0069125658591,0.1987280606037,0.1284712935051,0.0000026220881
145361,0.2544826084003,3.8538689479658,0.0069031781199,0.1987154852126,0.1284603085702,0.0000026220881
145376,0.2544805224193,3.8538373579979,0.0069368560832,0.1986499181589,0.1284508781823,0.0000026220881
145404,0.2544802021604,3.8538325080178,0.0069368560832,0.1465941477539,0.1098594629821,0.0000026220881
145450,0.2544879282115,3.8539495108588,0.0069067921791,0.1466218199944,0.1098581169772,0.0000026220881
145900,0.2544862355534,3.8539238773499,0.0069096018898,0.1465930332774,0.1098486774562,0.0000026220881
145983,0.2544896134996,3.8539750327593,0.0069096018898,0.1465212841695,0.1098237766203,0.0000026220881
146044,0.2544853142496,3.8539099251816,0.0069564359100,0.1464517193873,0.1098180825104,0.0000026220881
146274,0.2544905694335,3.8539895093633,0.0069924608081,0.1463891314648,0.1098122950338,0.0000026220881
146440,0.2544924930346,3.8540186402587,0.0069581492826,0.1464113528276,0.1098059384955,0.0000026220881
146824,0.2545029458229,3.8541769366424,0.0069575322481,0.1463821482728,0.1097974837373,0.0000026220881
146918,0.2545058420165,3.8542207964199,0.0069326249895,0.1464011250678,0.1097942072375,0.0000026220881
146947,0.2545123124125,3.8543187836983,0.0069298152788,0.1463514317026,0.1097766419588,0.0000026220881
146957,0.2545086038794,3.8542626219004,0.0069183725944,0.1463432125791,0.1097680078643,0.0000026220881
147071,0.2545070474068,3.8542390507760,0.0069302780547,0.1462668141013,0.1097454915039,0.0000026220881
147073,0.2545056679747,3.8542181607404,0.0069771120749,0.1461160991417,0.1097114408630,0.0000026220881
147155,0.2545064241715,3.8542296125381,0.0069771120749,0.1460792738403,0.1096984510118,0.0000026220881
147160,0.2545121932076,3.8543169784657,0.0069836901034,0.1460407595581,0.1096887512881,0.0000026220881
147301,0.2545196686613,3.8544301862760,0.0069771120749,0.1459903989653,0.1096695480900,0.0000026220881
147426,0.2545155765934,3.8543682162515,0.0070190814393,0.1459400558028,0.1096686783878,0.0000026220881
147702,0.2545130418232,3.8543298298478,0.0069587663171,0.1459475491585,0.1096449620832,0.0000026220881
147713,0.2545187939482,3.8544169396746,0.0069299364820,0.1459634913252,0.1096395326688,0.0000026220881
147862,0.2545162986046,3.8543791503460,0.0069191273598,0.1458840069213,0.1096059781843,0.0000026220881
147877,0.2545150159313,3.8543597256192,0.0069011231747,0.1458899687784,0.1096001164810,0.0000026220881
147911,0.2545174867654,3.8543971437788,0.0068666739183,0.1459020945760,0.1095902126204,0.0000026220881
148001,0.2545114440087,3.8543056326444,0.0068198398981,0.1459298316240,0.1095787521096,0.0000026220881
148005,0.2545117947667,3.8543109445021,0.0068198398981,0.1458747226360,0.1095591454906,0.0000026220881
148177,0.2545127130261,3.8543248505652,0.0068198398981,0.1457626473468,0.1095193153715,0.0000026220881
148367,0.2545092904385,3.8542730191094,0.0068242252504,0.1457371978152,0.1095113722781,0.0000026220881
148457,0.2545021347182,3.8541646533215,0.0068906390974,0.1456598441753,0.1095106756868,0.0000026220881
148561,0.2544993188203,3.8541220095374,0.0069766327713,0.1455234321683,0.1094982081379,0.0000026220881
148755,0.2545013369372,3.8541525717755,0.0069858662519,0.1454604035898,0.1094800875909,0.0000026220881
148833,0.2544942738737,3.8540456091765,0.0069717681154,0.1454697547656,0.1094758717244,0.0000026220881
148871,0.2544824514973,3.8538665718366,0.0069498413538,0.1454903381746,0.1094712923920,0.0000026220881
148928,0.2544848450487,3.8539028196316,0.0069252591402,0.1454377347213,0.1094424831138,0.0000025696464
149069,0.2544796242490,3.8538237561631,0.0069683248426,0.1453726134141,0.1094365634909,0.0000025696464
149319,0.2544692955936,3.8536673396411,0.0069683248426,0.1453655180728,0.1094318161572,0.0000025696464
149413,0.2544868872222,3.8539337461810,0.0069003518816,0.1454077217993,0.1094215272823,0.0000025696464
149421,0.2544865226965,3.8539282258270,0.0068878293868,0.1453962848219,0.1094119977514,0.0000025696464
149457,0.2544857723072,3.8539168619776,0.0069346634070,0.1452972942491,0.1093965549007,0.0000025696464
149563,0.2544916282743,3.8540055443831,0.0069102189243,0.1453078975394,0.1093911204333,0.0000025696464
149583,0.2544818337497,3.8538572167055,0.0069346634070,0.1452187560309,0.1093676615604,0.0000025696464
149708,0.2544706318872,3.8536875763901,0.0068878293868,0.1452601996404,0.1093599907275,0.0000025696464
149738,0.2544807592438,3.8538409444540,0.0068878293868,0.1452499304659,0.1093584933130,0.0000025696464
149766,0.2544860892585,3.8539216618687,0.0068409953666,0.1452860496079,0.1093524634296,0.0000025696464
149940,0.2544954716956,3.8540637489179,0.0068931568186,0.1451864005858,0.1093412399234,0.0000025696464
150045,0.2544907061480,3.8539915797583,0.0068815764033,0.1451205030651,0.1093117208706,0.0000025696464
150087,0.2544966544477,3.8540816604428,0.0068463227983,0.1451327422920,0.1093022579709,0.0000025696464
150142,0.2544959007415,3.8540702463623,0.0068463227983,0.1451247928046,0.1092992573598,0.0000025696464
150226,0.2544943735578,3.8540471187872,0.0068425544805,0.1450958272932,0.1092869702873,0.0000025696464
150347,0.2544902935474,3.8539853313605,0.0068333044723,0.1451015157336,0.1092841632960,0.0000025696464
150506,0.2544910870590,3.8539973482519,0.0068116862279,0.1450812517018,0.1092678312181,0.0000025696464
150508,0.2544973923792,3.8540928356323,0.0068558482684,0.1449810128387,0.1092523093530,0.0000025696464
150541,0.2544969419568,3.8540860144633,0.0068558482684,0.1448977200136,0.1092224653963,0.0000025696464
150656,0.2545042667928,3.8541969413285,0.0068710427429,0.1448460108384,0.1092120793591,0.0000025696464
150678,0.2545012924513,3.8541518980845,0.0068354971484,0.1448787843113,0.1092079129858,0.0000025696464
150809,0.2544989722717,3.8541167614276,0.0068823311687,0.1448114926964,0.1092034548078,0.0000025696464
150912,0.2545040465877,3.8541936065565,0.0068484989468,0.1447987086589,0.1091854769099,0.0000025696464
151059,0.2544891405849,3.8539678709672,0.0067908558044,0.1447866853794,0.1091532845341,0.0000025696464
151180,0.2544819326906,3.8538587150598,0.0067748900367,0.1448090830696,0.1091528966886,0.0000025696464
151205,0.2544778753979,3.8537972716688,0.0068217240570,0.1447223389096,0.1091411189345,0.0000025696464
151361,0.2544772375850,3.8537876126697,0.0068654233216,0.1446700551709,0.1091410377528,0.0000025696464
151389,0.2544820092359,3.8538598742569,0.0069122573418,0.1030706648298,0.0943052068505,0.0000025696464
151421,0.2544734367333,3.8537300528067,0.0069590913621,0.1029390360453,0.0942764313285,0.0000025696464
151479,0.2544652790979,3.8536065140783,0.0070059253823,0.0715119425612,0.0830707930281,0.0000025696464
151703,0.2544701536156,3.8536803334746,0.0069590913621,0.0713842404075,0.0830061579326,0.0000025696464
151899,0.2544762770155,3.8537730658650,0.0069122573418,0.0714086970958,0.0829961328983,0.0000025182534
152252,0.2544702571258,3.8536819010261,0.0068373647796,0.0714657612297,0.0829831261574,0.0000025182534
152407,0.2544614848219,3.8535490537966,0.0068242087227,0.0714755455431,0.0829791024655,0.0000025182534
152468,0.2544632130287,3.8535752256539,0.0067964752257,0.0714872281872,0.0829717593840,0.0000025182534
152474,0.2544658680081,3.8536154324983,0.0068209197084,0.0714222555987,0.0829596000192,0.0000025182534
152537,0.2544591270421,3.8535133477237,0.0068209197084,0.0713953064838,0.0829485308425,0.0000025182534
152623,0.2544725757456,3.8537170140611,0.0067920898734,0.0713468541898,0.0829217526733,0.0000025182534
152764,0.2544715500779,3.8537014814124,0.0067681246942,0.0713332277957,0.0829063955269,0.0000025182534
152796,0.2544665212754,3.8536253255379,0.0067501205090,0.0713320730771,0.0828971894476,0.0000025182534
153126,0.2544638746287,3.8535852448827,0.0067540265578,0.0713046542469,0.0828885038905,0.0000025182534
153263,0.2544581862908,3.8534991010444,0.0067540265578,0.0712145128501,0.0828550916050,0.0000025182534
153286,0.2544571893042,3.8534840027412,0.0067349260345,0.0712027492156,0.0828424907284,0.0000025182534
154330,0.2544526844294,3.8534157811947,0.0067349260345,0.0503944253400,0.0754099811568,0.0000025182534
154369,0.2544418630608,3.8532519030541,0.0067349260345,0.0503906894006,0.0754063280280,0.0000025182534
154524,0.2544470698500,3.8533307543499,0.0067697003359,0.0503381586316,0.0754035860517,0.0000025182534
155479,0.2544375228136,3.8531861746183,0.0067697003359,0.0503381586316,0.0754015402581,0.0000025182534
155580,0.2544527512187,3.8534167926470,0.0068126283074,0.0501807634132,0.0753669886119,0.0000025182534
157693,0.2544592235136,3.8535148086827,0.0068791964131,0.0500240151754,0.0753409232069,0.0000025182534
157843,0.2544632754948,3.8535761716362,0.0068503665780,0.0500517155707,0.0753393288433,0.0000025182534
158009,0.2544750650708,3.8537547122490,0.0067227285847,0.0501586957653,0.0753253603962,0.0000025182534
158049,0.2544717989286,3.8537052499928,0.0067695626050,0.0500666925506,0.0753118739406,0.0000025182534
158252,0.2544633622851,3.8535774859830,0.0068007228471,0.0500328804608,0.0753113447315,0.0000025182534
158439,0.2544648783799,3.8536004456293,0.0068115319693,0.0499936982778,0.0753023084532,0.0000025182534
158537,0.2544678886114,3.8536460323902,0.0067935277841,0.0499999977330,0.0752974872289,0.0000025182534
158585,0.2544749785725,3.8537534023244,0.0068251673298,0.0499346132393,0.0752892147066,0.0000025182534
159089,0.2544709629207,3.8536925895404,0.0067620424970,0.0499358226683,0.0752617326490,0.0000024678884
159289,0.2544656833909,3.8536126366664,0.0067816223238,0.0498730335175,0.0752465679788,0.0000024678884
159293,0.2544569256910,3.8534800105989,0.0067703338981,0.0498862928901,0.0752445889223,0.0000024678884
159314,0.2544471421126,3.8533318486892,0.0066942072669,0.0499746994243,0.0752414405043,0.0000024678884
159583,0.2544477552465,3.8533411339518,0.0067361766312,0.0499071648382,0.0752354392656,0.0000024678884
159592,0.2544580315898,3.8534967582621,0.0067361766312,0.0498745644598,0.0752259983468,0.0000024678884
159657,0.2544638958887,3.8535855668438,0.0067830106515,0.0497879149268,0.0752163804435,0.0000024678884
159909,0.2544657317381,3.8536133688327,0.0067654692422,0.0498016049069,0.0752141453716,0.0000024678884
159920,0.2544695063659,3.8536705315636,0.0066766658576,0.0498934676733,0.0752097037578,0.0000024185306
159981,0.2544708357097,3.8536906630647,0.0067054956927,0.0498266493626,0.0751984805784,0.0000024185306
159986,0.2544678358476,3.8536452333386,0.0067408870285,0.0497471943227,0.0751846286663,0.0000024185306
162190,0.2544606531943,3.8535364596785,0.0066439299738,0.0498188098567,0.0751671134792,0.0000024185306
162337,0.2544593149315,3.8535161931094,0.0066896676560,0.0497413562266,0.0751587665616,0.0000024185306
162489,0.2544723164255,3.8537130869336,0.0067365016762,0.0496757763204,0.0751582029240,0.0000024185306
162543,0.2544731997108,3.8537264633516,0.0067365016762,0.0496263681880,0.0751407464378,0.0000024185306
162913,0.2544737794233,3.8537352424826,0.0067021901507,0.0496584022386,0.0751376064548,0.0000024185306
163016,0.2544611029682,3.8535432710278,0.0066804176477,0.0496787817298,0.0751328373886,0.0000024185306
163109,0.2544524893852,3.8534128274560,0.0067147291732,0.0495801266582,0.0751104626061,0.0000024185306
163330,0.2544466375763,3.8533242080233,0.0066678951530,0.0496134895896,0.0751010522568,0.0000024185306
163422,0.2544422791490,3.8532582042690,0.0066678951530,0.0495466623483,0.0750762514362,0.0000024185306
163472,0.2544463998628,3.8533206081051,0.0066808969513,0.0495068027134,0.0750684710617,0.0000024185306
164235,0.2544527730414,3.8534171231288,0.0067277309715,0.0494350014234,0.0750642651479,0.0000024185306
164824,0.2544522117141,3.8534086224227,0.0067037657924,0.0494117559230,0.0750455721080,0.0000024185306
164896,0.2544527245098,3.8534163881694,0.0066678951530,0.0493576735446,0.0750109937264,0.0000024185306
165180,0.2544466350197,3.8533241693060,0.0066678951530,0.0493148058389,0.0749943789408,0.0000024185306
165298,0.2544497439709,3.8533712510717,0.0066678951530,0.0492925980491,0.0749871137911,0.0000024185306
165366,0.2544357574164,3.8531594395521,0.0066641268351,0.0492261995741,0.0749587879379,0.0000024185306
165399,0.2544418603018,3.8532518612718,0.0066511250368,0.0492363831657,0.0749581604968,0.0000024185306
165728,0.2544426030562,3.8532631094991,0.0066760322954,0.0491716453804,0.0749458735602,0.0000024185306
165898,0.2544486654945,3.8533549186917,0.0066819932894,0.0491595872270,0.0749454208825,0.0000024185306
166345,0.2544511223373,3.8533921249677,0.0066819932894,0.0491182212261,0.0749311737770,0.0000023701600
166382,0.2544423932762,3.8532599326036,0.0066351592692,0.0491427015358,0.0749179745088,0.0000023701600
166454,0.2544437692581,3.8532807703890,0.0066666445563,0.0490869751851,0.0749118607884,0.0000023701600
166512,0.2544371830379,3.8531810290767,0.0066291982752,0.0491304061728,0.0749099121163,0.0000023701600
166923,0.2544478215176,3.8533421375574,0.0066760322954,0.0490635799537,0.0749083970067,0.0000023701600
166929,0.2544530225341,3.8534209014302,0.0067134785765,0.0490077726126,0.0749056287231,0.0000023701600
167053,0.2544474315213,3.8533362314774,0.0066760322954,0.0490495141348,0.0749032899293,0.0000023701600
167144,0.2544368382118,3.8531758070501,0.0066107147864,0.0491195141871,0.0748980267350,0.0000023701600
167452,0.2544180180507,3.8528907956907,0.0066575488067,0.0490334809513,0.0748833394106,0.0000023701600
167790,0.2544329381517,3.8531167447806,0.0067043828269,0.0489666362726,0.0748827351985,0.0000023701600
168797,0.2544217848344,3.8529478396298,0.0067477901020,0.0489007302165,0.0748754104427,0.0000023701600
168832,0.2544307616384,3.8530837837978,0.0067571778411,0.0488764376674,0.0748726814499,0.0000023701600
169418,0.2544301031666,3.8530738119415,0.0067009560817,0.0489354327170,0.0748695149697,0.0000023701600
170065,0.2544323437433,3.8531077430969,0.0067631388351,0.0488392632507,0.0748622986067,0.0000023701600
170270,0.2544265441873,3.8530199149783,0.0067163048149,0.0488651330850,0.0748502233483,0.0000023701600
170290,0.2544287415471,3.8530531916593,0.0066722805053,0.0488827429928,0.0748381159027,0.0000023701600
170336,0.2544266227753,3.8530211051090,0.0065977129881,0.0489545601272,0.0748313533493,0.0000023701600
170443,0.2544311156734,3.8530891452823,0.0065643600698,0.0489663720135,0.0748222405362,0.0000023701600
170445,0.2544306618341,3.8530822723665,0.0066052330960,0.0489118848439,0.0748202005927,0.0000023701600
170676,0.2544317887331,3.8530993380564,0.0066492574056,0.0488260226125,0.0748086445497,0.0000023701600
170922,0.2544356491504,3.8531577999777,0.0066361013486,0.0488169936754,0.0748006088514,0.0000023701600
171267,0.2544393303857,3.8532135483785,0.0066829353689,0.0486765671557,0.0747713170821,0.0000023701600
171420,0.2544331332121,3.8531196987634,0.0066829353689,0.0486507838952,0.0747607808090,0.0000023701600
171581,0.2544284574193,3.8530488888446,0.0067277309715,0.0485736688387,0.0747514358772,0.0000023701600
171686,0.2544224314904,3.8529576325493,0.0067686039978,0.0485170036848,0.0747474240630,0.0000023701600
172162,0.2544188889755,3.8529039849223,0.0066614548554,0.0484737651196,0.0746853015469,0.0000023701600
173297,0.2544343867470,3.8531386822189,0.0067098645173,0.0483496880175,0.0746650562452,0.0000023701600
173454,0.2544331058020,3.8531192836663,0.0067353888104,0.0482960905555,0.0746565787890,0.0000023227568
173740,0.2544351941023,3.8531509087577,0.0066990388674,0.0482979907998,0.0746421263936,0.0000023227568
175130,0.2544366332783,3.8531727035498,0.0066799383442,0.0483102861629,0.0746386400510,0.0000023227568
176614,0.2544292868395,3.8530614495335,0.0066738396192,0.0482683176828,0.0746194633320,0.0000023227568
176824,0.2544350292617,3.8531484124219,0.0066802633891,0.0482245208778,0.0746078051792,0.0000023227568
176825,0.2544421476664,3.8532562131042,0.0066802633891,0.0481811687906,0.0745938476633,0.0000023227568
177833,0.2544434458161,3.8532758722026,0.0066802633891,0.0481360033286,0.0745779953161,0.0000023227568
177855,0.2544473656174,3.8533352334335,0.0066978047984,0.0480917075092,0.0745705330849,0.0000023227568
178234,0.2544417457630,3.8532501267041,0.0066967084603,0.0480663443824,0.0745598007116,0.0000023227568
178247,0.2544530629677,3.8534215137548,0.0066622592039,0.0479964792159,0.0745225100147,0.0000023227568
179360,0.2544470617571,3.8533306317916,0.0066622592039,0.0479721365730,0.0745125302400,0.0000023227568
179682,0.2544571116678,3.8534828270191,0.0067031322302,0.0479143448553,0.0745115609044,0.0000023227568
179975,0.2544675023537,3.8536401829276,0.0067440052564,0.0478463200586,0.0745070099209,0.0000023227568
180046,0.2544682971378,3.8536522190892,0.0067440052564,0.0478024609520,0.0744915162651,0.0000023227568
180539,0.2544731518860,3.8537257390961,0.0066703963464,0.0478643546009,0.0744831147672,0.0000023227568
180648,0.2544682154475,3.8536509819753,0.0067172303666,0.0478035183552,0.0744804014513,0.0000022307756
181672,0.2544756166440,3.8537630652390,0.0067172303666,0.0477576018507,0.0744655886703,0.0000022307756
181828,0.2544789934856,3.8538142039205,0.0067123657107,0.0477564282528,0.0744638082847,0.0000022307756
182089,0.2544737490482,3.8537347824840,0.0066371811590,0.0477631886995,0.0744328769711,0.0000022307756
182722,0.2544768039464,3.8537810456742,0.0066724347639,0.0477047527095,0.0744277702836,0.0000022307756
183402,0.2544729132910,3.8537221258281,0.0066772994198,0.0476804893420,0.0744203559358,0.0000022307756
183945,0.2544731937908,3.8537263736997,0.0067192687841,0.0476275084355,0.0744194811611,0.0000022307756
184989,0.2544796413367,3.8538240149384,0.0066268348127,0.0476966014986,0.0744059243128,0.0000022307756
185020,0.2544811898580,3.8538474656489,0.0066268348127,0.0476846899236,0.0744020020049,0.0000022307756
185049,0.2544791908812,3.8538171932676,0.0066204110428,0.0476618713049,0.0743906711018,0.0000022307756
185097,0.2544747488436,3.8537499233234,0.0066204110428,0.0476543724681,0.0743870410806,0.0000022307756
185106,0.2544724306899,3.8537148173471,0.0065915812078,0.0476630260234,0.0743772792452,0.0000022307756
185619,0.2544683418849,3.8536528967354,0.0065774830713,0.0476754399081,0.0743747945445,0.0000022307756
185776,0.2544747175609,3.8537494495805,0.0066127366763,0.0476169229277,0.0743703705271,0.0000022307756
185880,0.2544759832989,3.8537686178384,0.0065947324911,0.0476038508282,0.0743582570703,0.0000022307756
186279,0.2544612576591,3.8535456136569,0.0066459518636,0.0474707569216,0.0743295191976,0.0000022307756
186280,0.2544517622727,3.8534018161102,0.0066459518636,0.0474595545451,0.0743234836233,0.0000022307756
186502,0.2544588807360,3.8535096176802,0.0066160256905,0.0474473630183,0.0743078293888,0.0000022307756
187442,0.2544462521345,3.8533183709164,0.0066302780855,0.0473991264068,0.0742940040679,0.0000022307756
187485,0.2544386621790,3.8532034290983,0.0066459518636,0.0473417554492,0.0742786053546,0.0000022307756
187672,0.2544323424078,3.8531077228716,0.0065991178434,0.0473162446453,0.0742480683936,0.0000022307756
188030,0.2544255299580,3.8530045555512,0.0065522838232,0.0472920051742,0.0742178799060,0.0000021861601
188129,0.2544282736067,3.8530461051979,0.0065513417437,0.0472269155078,0.0741948177729,0.0000021861601
188631,0.2544194403492,3.8529123348912,0.0065795380166,0.0471561331620,0.0741797296398,0.0000021861601
188840,0.2544295878568,3.8530660081215,0.0065947324911,0.0471177252605,0.0741746989157,0.0000021861601
188940,0.2544242059631,3.8529845050548,0.0065947324911,0.0470715634460,0.0741570592904,0.0000021861601
189345,0.2544103750161,3.8527750500453,0.0066332751103,0.0470010460233,0.0741454289876,0.0000021861601
189599,0.2544093309035,3.8527592380677,0.0066024068577,0.0469477165330,0.0741129297515,0.0000021861601
190504,0.2544084398937,3.8527457446698,0.0066013105196,0.0469358753665,0.0741080399736,0.0000021861601
190537,0.2544147130439,3.8528407448710,0.0066193147047,0.0468892065326,0.0741004328588,0.0000021861601
193002,0.2544307956955,3.8530842995563,0.0066533011852,0.0468344487458,0.0740988884234,0.0000021861601
193019,0.2544222236989,3.8529544857668,0.0066210446050,0.0468343336520,0.0740831862133,0.0000021861601
193056,0.2544144110017,3.8528361707628,0.0065857910001,0.0468809742617,0.0740830607367,0.0000021861601
193438,0.2544101830469,3.8527721428758,0.0065547684889,0.0468688154982,0.0740645169689,0.0000021861601
193445,0.2544176621072,3.8528854053032,0.0065890800143,0.0467953020377,0.0740545697569,0.0000021861601
195892,0.2544266970496,3.8530222299149,0.0065890800143,0.0467756300804,0.0740494801169,0.0000021424369
196343,0.2544192209743,3.8529090126912,0.0065422459941,0.0468209924906,0.0740440072386,0.0000021424369
197804,0.2544153688783,3.8528506767865,0.0065848489206,0.0467403713274,0.0740326469140,0.0000021424369
198442,0.2544247948945,3.8529934237956,0.0065848489206,0.0466689799570,0.0740091698566,0.0000021424369
198449,0.2544345657286,3.8531413927047,0.0065543057130,0.0466748589637,0.0740002733059,0.0000021424369
198576,0.2544402457514,3.8532274106198,0.0065074716928,0.0467027503479,0.0739913799393,0.0000021424369
198652,0.2544414618748,3.8532458275185,0.0065427252977,0.0466440713867,0.0739857924531,0.0000021424369
198693,0.2544290615541,3.8530580378254,0.0066081970653,0.0465554464552,0.0739795428093,0.0000021424369
198951,0.2544311302389,3.8530893658606,0.0065673240391,0.0465413461635,0.0739574332692,0.0000021424369
199145,0.2544292399016,3.8530607387096,0.0066071007272,0.0464758515451,0.0739506844138,0.0000021424369
199158,0.2544234117187,3.8529724770665,0.0066071007272,0.0464276986297,0.0739322380477,0.0000021424369
199225,0.2544425696362,3.8532626033881,0.0065602667070,0.0464550037767,0.0739260234310,0.0000021424369
199302,0.2544424336025,3.8532605433026,0.0065602667070,0.0464428738528,0.0739216621652,0.0000021424369
199699,0.2544533292562,3.8534255464117,0.0065873666418,0.0463719622896,0.0739102856477,0.0000021424369
200579,0.2544493221002,3.8533648622885,0.0066342006620,0.0463008445061,0.0739040994859,0.0000021424369
200609,0.2544456789024,3.8533096899242,0.0065644978007,0.0463102155041,0.0738767929308,0.0000021424369
200800,0.2544416332656,3.8532484230503,0.0066113318209,0.0462345620293,0.0738689786335,0.0000021424369
200940,0.2544471084572,3.8533313390140,0.0066423543321,0.0461749148342,0.0738621446811,0.0000021424369
201089,0.2544512570684,3.8533941653274,0.0066951493464,0.0460545553744,0.0738426745825,0.0000021424369
201332,0.2544579362857,3.8534953149817,0.0066483153261,0.0460065111830,0.0738068754806,0.0000021424369
201856,0.2544615302540,3.8535497418168,0.0066238708434,0.0460242975712,0.0738035216913,0.0000021424369
202063,0.2544674027319,3.8536386742608,0.0065770368232,0.0460661266797,0.0737996473238,0.0000021424369
202076,0.2544536974335,3.8534311220662,0.0065302028029,0.0461080310281,0.0737916045899,0.0000021424369
202240,0.2544487877000,3.8533567693642,0.0064525005301,0.0461641812395,0.0737773051770,0.0000020995882
202276,0.2544500433793,3.8533757852937,0.0064236706950,0.0461858732944,0.0737729657700,0.0000020995882
202302,0.2544556088862,3.8534600689874,0.0064289981268,0.0461242560000,0.0737544353871,0.0000020575964
202327,0.2544558417430,3.8534635953563,0.0064758321470,0.0459873923272,0.0737256771248,0.0000020575964
202533,0.2544486654718,3.8533549183477,0.0065058960511,0.0459495115898,0.0737234950479,0.0000020575964
202548,0.2544537044342,3.8534312280846,0.0065058960511,0.0459336618012,0.0737189141868,0.0000020575964
202552,0.2544604152020,3.8535328555379,0.0064932192977,0.0459420939960,0.0737179308123,0.0000020575964
202656,0.2544569077885,3.8534797394846,0.0064835065136,0.0459244953685,0.0737067313778,0.0000020575964
202819,0.2544594632523,3.8535184392708,0.0065176637805,0.0458521956423,0.0736960964751,0.0000020575964
203174,0.2544559687557,3.8534655188290,0.0065269137887,0.0457545449634,0.0736644367012,0.0000020575964
203208,0.2544623657585,3.8535623946454,0.0065573027377,0.0457048709898,0.0736610906179,0.0000020575964
203349,0.2544684650282,3.8536547616100,0.0066041367579,0.0456441230107,0.0736607736204,0.0000020575964
203462,0.2544618038035,3.8535538844334,0.0066041367579,0.0456429772925,0.0736589370301,0.0000020575964
203708,0.2544625253248,3.8535648111083,0.0065190851635,0.0457374087407,0.0736563664756,0.0000020575964
203778,0.2544573476917,3.8534864013514,0.0065659191837,0.0456165721287,0.0736321727729,0.0000020575964
204161,0.2544555688508,3.8534594626938,0.0065311448824,0.0456512176344,0.0736292617156,0.0000020575964
204794,0.2544544555247,3.8534426025524,0.0065687288944,0.0455773336381,0.0736187434379,0.0000020575964
204817,0.2544509064153,3.8533888550578,0.0065544764993,0.0455943689837,0.0736179587972,0.0000020575964
204829,0.2544491025269,3.8533615370835,0.0066013105196,0.0455061806331,0.0736061481331,0.0000020575964
205056,0.2544538882902,3.8534340123875,0.0067134620488,0.0453324692015,0.0735931987979,0.0000020575964
205131,0.2544566574423,3.8534759482564,0.0067009395540,0.0453406762297,0.0735913564857,0.0000020575964
205142,0.2544582683974,3.8535003444622,0.0067009395540,0.0452660856852,0.0735650622102,0.0000020575964
205144,0.2544595550192,3.8535198289825,0.0066885547902,0.0451968503007,0.0735353032359,0.0000020575964
205242,0.2544563252095,3.8534709169443,0.0066825937962,0.0451995636225,0.0735330254656,0.0000020575964
205260,0.2544560478550,3.8534667167047,0.0065649605766,0.0452949375711,0.0735166139200,0.0000020575964
205480,0.2544587045948,3.8535069502083,0.0065709215706,0.0452686189810,0.0735103384366,0.0000020575964
205496,0.2544550178689,3.8534511186577,0.0065240875503,0.0451985960554,0.0734644685133,0.0000020575964
205547,0.2544566101784,3.8534752324956,0.0065649605766,0.0451250749293,0.0734560691886,0.0000020575964
205655,0.2544593114431,3.8535161402807,0.0066117945968,0.0450559570570,0.0734520347996,0.0000020575964
206042,0.2544630368832,3.8535725581166,0.0066586286170,0.0449943218344,0.0734508922517,0.0000020575964
206166,0.2544586923799,3.8535067652271,0.0065857910001,0.0449196192692,0.0733920656776,0.0000020575964
206748,0.2544600265605,3.8535269699753,0.0065449179739,0.0449664252865,0.0733915509969,0.0000020575964
207219,0.2544529685287,3.8534200835766,0.0065117027865,0.0449427830989,0.0733673598428,0.0000020575964
207268,0.2544504769798,3.8533823517129,0.0065057417925,0.0449453802260,0.0733651987732,0.0000020575964
207567,0.2544564193882,3.8534723431797,0.0065057417925,0.0449338354623,0.0733623490165,0.0000020575964
207662,0.2544503835996,3.8533809375698,0.0065525758127,0.0448722002397,0.0733591147767,0.0000020575964
207840,0.2544544990100,3.8534432610902,0.0065878294176,0.0448087291161,0.0733524370797,0.0000020575964
208208,0.2544609357310,3.8535407383968,0.0066346634379,0.0447449815896,0.0733511211263,0.0000020575964
208256,0.2544551359963,3.8534529075715,0.0066346634379,0.0447335803471,0.0733458064537,0.0000020575964
208390,0.2544666079523,3.8536266381671,0.0066814974581,0.0446601756810,0.0733421205007,0.0000020575964
209118,0.2544704735927,3.8536851791872,0.0067520046680,0.0445280000998,0.0733259606632,0.0000020575964
209119,0.2544758238999,3.8537662039096,0.0066835524034,0.0445537764055,0.0733069762962,0.0000020575964
209137,0.2544815749718,3.8538532977883,0.0066458141327,0.0445722483749,0.0732986322562,0.0000020575964
209145,0.2544786933674,3.8538096589493,0.0067335211792,0.0444455288474,0.0732903465296,0.0000020575964
209233,0.2544815595850,3.8538530647716,0.0066644353524,0.0443574985291,0.0732299131082,0.0000020575964
209347,0.2544852036216,3.8539082498379,0.0066666280286,0.0442883806568,0.0732069487372,0.0000020575964
209406,0.2544865131877,3.8539280818261,0.0065964623914,0.0443286044064,0.0731915239959,0.0000020575964
209552,0.2544874699745,3.8539425713465,0.0065930191185,0.0442995757651,0.0731798859614,0.0000020164445
209776,0.2544875674184,3.8539440470312,0.0066099269656,0.0442484381464,0.0731688896272,0.0000020164445
209793,0.2544879599914,3.8539499921325,0.0066099269656,0.0442474036712,0.0731686042946,0.0000020164445
209795,0.2544772813915,3.8537882760732,0.0066099269656,0.0442351817394,0.0731619510475,0.0000020164445
210010,0.2544766160854,3.8537782007182,0.0065690539393,0.0442845243170,0.0731619138198,0.0000020164445
210094,0.2544818755575,3.8538578498403,0.0066158879596,0.0442212508084,0.0731605148909,0.0000020164445
210923,0.2544772740129,3.8537881643325,0.0066567609858,0.0441729427060,0.0731597929631,0.0000020164445
211506,0.2544731474589,3.8537256720521,0.0066362390795,0.0441983055673,0.0731591717636,0.0000020164445
211620,0.2544746209739,3.8537479868725,0.0066830730998,0.0441243233499,0.0731531370193,0.0000020164445
212726,0.2544749513441,3.8537529899791,0.0066645896110,0.0441424033639,0.0731517434656,0.0000020164445
213567,0.2544763542884,3.8537742360803,0.0067114236312,0.0440727630275,0.0731472442707,0.0000020164445
213757,0.2544884715331,3.8539577388885,0.0067582576515,0.0439969541827,0.0731428379587,0.0000020164445
213919,0.2544813535198,3.8538499441337,0.0067582576515,0.0439856226228,0.0731372656845,0.0000020164445
214010,0.2544786221558,3.8538085805245,0.0067433882219,0.0439972812727,0.0731344715830,0.0000020164445
214120,0.2544786297952,3.8538086962153,0.0067161340285,0.0439990566190,0.0731234269037,0.0000020164445
214131,0.2544798723326,3.8538275131258,0.0067048456028,0.0440031925056,0.0731203323673,0.0000020164445
214168,0.2544811452886,3.8538467906929,0.0067048456028,0.0439973374016,0.0731185140350,0.0000020164445
214222,0.2544769719232,3.8537835895037,0.0067161340285,0.0439283149459,0.0730978067621,0.0000020164445
214326,0.2544735678656,3.8537320386658,0.0067629680488,0.0438529403752,0.0730902295547,0.0000020164445
214385,0.2544692277076,3.8536663115807,0.0067502912954,0.0438633538339,0.0730875857189,0.0000020164445
214690,0.2544657517136,3.8536136713410,0.0067297693891,0.0437877730429,0.0730510526207,0.0000020164445
214942,0.2544757439781,3.8537649935797,0.0067722180570,0.0437274465058,0.0730498409147,0.0000020164445
215012,0.2544701613892,3.8536804511962,0.0067377688006,0.0437232919801,0.0730323969194,0.0000019761156
215158,0.2544623505412,3.8535621641958,0.0067377688006,0.0436596056545,0.0730079780500,0.0000019761156
215186,0.2544654320588,3.8536088305080,0.0067846028208,0.0435840292237,0.0730017185157,0.0000019761156
215793,0.2544676680497,3.8536426922174,0.0067846028208,0.0435789767203,0.0730003931911,0.0000019761156
216274,0.2544724438171,3.8537150161438,0.0067731601365,0.0435553638660,0.0729880794000,0.0000019761156
217221,0.2544678109831,3.8536448567919,0.0068199941567,0.0434774735047,0.0729793403866,0.0000019365933
217442,0.2544674280918,3.8536390583099,0.0068668281769,0.0434120341298,0.0729759588561,0.0000019365933
217766,0.2544548456372,3.8534485103916,0.0069136621971,0.0433474884423,0.0729702823076,0.0000019365933
217870,0.2544644273367,3.8535936150591,0.0069136621971,0.0433359172900,0.0729682029745,0.0000019365933
219321,0.2544628197491,3.8535692698517,0.0069136621971,0.0433133270371,0.0729597905440,0.0000019365933
219524,0.2544594026512,3.8535175215316,0.0067960289775,0.0434154534897,0.0729451178048,0.0000019365933
219637,0.2544646329435,3.8535967287554,0.0067667363666,0.0434432054056,0.0729435960041,0.0000019365933
219694,0.2544671930897,3.8536354994513,0.0068135703868,0.0433765538689,0.0729404122096,0.0000019365933
219750,0.2544645779929,3.8535958965871,0.0068604044071,0.0432986081287,0.0729320857903,0.0000019365933
219891,0.2544577205330,3.8534920476372,0.0068604044071,0.0432750191708,0.0729221917068,0.0000019365933
220093,0.2544639402494,3.8535862386390,0.0068480196432,0.0432781966345,0.0729193515557,0.0000019365933
220097,0.2544628322679,3.8535694594347,0.0068604044071,0.0432208559760,0.0729039430804,0.0000019365933
220313,0.2544568234326,3.8534784620038,0.0068604044071,0.0432094208101,0.0728985714850,0.0000019365933
220421,0.2544538590910,3.8534335701977,0.0069656528628,0.0430498614769,0.0728860572739,0.0000019365933
220735,0.2544584250645,3.8535027170181,0.0069656528628,0.0430383268610,0.0728829161911,0.0000019365933
220981,0.2544558131876,3.8534631629155,0.0069656528628,0.0430118676047,0.0728729067688,0.0000019365933
221071,0.2544535058828,3.8534282212338,0.0069656528628,0.0429852663957,0.0728629119145,0.0000019365933
221199,0.2544491202793,3.8533618059239,0.0069518797714,0.0429943119676,0.0728592999503,0.0000019365933
221468,0.2544488618894,3.8533578928838,0.0069518797714,0.0429941331899,0.0728591807319,0.0000019365933
221582,0.2544487468789,3.8533561511716,0.0069987137916,0.0429157025018,0.0728512168497,0.0000019365933
221876,0.2544439479761,3.8532834768835,0.0070455478118,0.0428521821281,0.0728475743885,0.0000019365933
222018,0.2544423964553,3.8532599807474,0.0069709802946,0.0429246727522,0.0728411739210,0.0000019365933
222286,0.2544398805955,3.8532218807228,0.0069709802946,0.0429126781294,0.0728363510144,0.0000019365933
222312,0.2544382664237,3.8531974358035,0.0069241462744,0.0429621127956,0.0728335886354,0.0000019365933
222478,0.2544503802166,3.8533808863373,0.0069709802946,0.0428355686113,0.0728110618196,0.0000019365933
222513,0.2544491205962,3.8533618107234,0.0069709802946,0.0428202919513,0.0728053359509,0.0000019365933
222548,0.2544586942542,3.8535067936109,0.0070178143148,0.0427414335191,0.0727992954462,0.0000019365933
222571,0.2544654122486,3.8536085305045,0.0069125658591,0.0427436469251,0.0727564190376,0.0000019365933
222583,0.2544588084383,3.8535085228076,0.0069125658591,0.0427419581553,0.0727544008033,0.0000019365933
222944,0.2544520477551,3.8534061394373,0.0069125658591,0.0427429185826,0.0727532950952,0.0000019365933
223082,0.2544423123028,3.8532587063480,0.0069125658591,0.0427419581553,0.0727508659171,0.0000019365933
223743,0.2544275852163,3.8530356802567,0.0067880295660,0.0428621867823,0.0727372762112,0.0000019365933
223779,0.2544287784357,3.8530537502984,0.0067880295660,0.0427948824555,0.0727134946415,0.0000019365933
224022,0.2544237132738,3.8529770437973,0.0067321163239,0.0428588156674,0.0727112797215,0.0000018978614
224036,0.2544243763249,3.8529870850037,0.0067579656619,0.0428005536442,0.0727016922263,0.0000018978614
224159,0.2544265121887,3.8530194303925,0.0067455808981,0.0427309942982,0.0726719995318,0.0000018978614
224400,0.2544298340328,3.8530697361948,0.0066456268187,0.0427350369964,0.0726313177137,0.0000018978614
224430,0.2544331584450,3.8531200808886,0.0066896511283,0.0426714128818,0.0726281747510,0.0000018978614
224777,0.2544318874078,3.8531008323800,0.0066896511283,0.0426597863990,0.0726237500706,0.0000018978614
224854,0.2544351405682,3.8531500980406,0.0067364851485,0.0425998146047,0.0726231004014,0.0000018978614
225013,0.2544326332403,3.8531121272213,0.0067284857370,0.0425235629382,0.0725919020596,0.0000018978614
225128,0.2544298173654,3.8530694837849,0.0066937114356,0.0424660603845,0.0725558587594,0.0000018978614
225756,0.2544358583462,3.8531609680265,0.0066468774154,0.0425138515680,0.0725541498122,0.0000018978614
226114,0.2544333227411,3.8531225689782,0.0066000433952,0.0425379001048,0.0725421235085,0.0000018978614
226350,0.2544313206290,3.8530922491168,0.0066000433952,0.0424406099875,0.0725069480140,0.0000018978614
226491,0.2544313214890,3.8530922621411,0.0065242252812,0.0424363915997,0.0724729481538,0.0000018978614
228408,0.2544328663604,3.8531156575775,0.0065550935338,0.0423894336619,0.0724697377567,0.0000018978614
228589,0.2544352956637,3.8531524467972,0.0066019275541,0.0423315360028,0.0724696523093,0.0000018978614
228864,0.2544352686059,3.8531520370352,0.0064642352040,0.0424921852527,0.0724680102361,0.0000018978614
228874,0.2544314529033,3.8530942522702,0.0064963540533,0.0424157160558,0.0724536473792,0.0000018978614
229000,0.2544334996610,3.8531252482429,0.0064778705646,0.0424275418699,0.0724503879800,0.0000018978614
229230,0.2544307254506,3.8530832357713,0.0065247045848,0.0423695280163,0.0724491459959,0.0000018978614
230106,0.2544268026467,3.8530238290703,0.0065409953974,0.0423430814952,0.0724458419857,0.0000018978614
230260,0.2544202504304,3.8529246027112,0.0065110692243,0.0423439870634,0.0724319358539,0.0000018978614
230745,0.2544196037282,3.8529148090926,0.0064892967213,0.0423458873576,0.0724231448786,0.0000018978614
231056,0.2544191755985,3.8529083255227,0.0064493657745,0.0423688472538,0.0724141398365,0.0000018978614
231081,0.2544242839828,3.8529856865800,0.0064961997947,0.0422875246243,0.0724062624170,0.0000018978614
231276,0.2544249032725,3.8529950650651,0.0065430338149,0.0422083969412,0.0723982069581,0.0000018599042
231507,0.2544201509359,3.8529230959720,0.0065624593832,0.0421861891514,0.0723975824902,0.0000018227061
231683,0.2544146382732,3.8528396125484,0.0065156253629,0.0422385864080,0.0723950427884,0.0000018227061
231898,0.2544143789257,3.8528356850049,0.0065624593832,0.0421722008952,0.0723913498251,0.0000018227061
232101,0.2544128792092,3.8528129733906,0.0065624593832,0.0421727652409,0.0723912300094,0.0000018227061
232206,0.2544090169899,3.8527544841801,0.0065624593832,0.0421722008952,0.0723902008389,0.0000018227061
233732,0.2544154776768,3.8528523244248,0.0066561274236,0.0420502659007,0.0723881805054,0.0000018227061
234056,0.2544153802923,3.8528508496392,0.0066620884176,0.0420350317435,0.0723852735786,0.0000018227061
235162,0.2544218072368,3.8529481788908,0.0066620884176,0.0420119184376,0.0723783960289,0.0000018227061
235167,0.2544188229667,3.8529029852878,0.0067089224378,0.0419340908476,0.0723700326975,0.0000018227061
236485,0.2544198757541,3.8529189286353,0.0066312201650,0.0420011522031,0.0723609078048,0.0000018227061
237591,0.2544193671805,3.8529112268288,0.0066622426762,0.0419224185786,0.0723459750351,0.0000018227061
237849,0.2544208996318,3.8529344341763,0.0065616715623,0.0419775070586,0.0723228759687,0.0000018227061
237877,0.2544126604940,3.8528096611816,0.0066085055826,0.0418990359643,0.0723131567713,0.0000018227061
238163,0.2544091208259,3.8527560566662,0.0066085055826,0.0418953857871,0.0723110946363,0.0000018227061
241527,0.2544053743498,3.8526993202621,0.0065764032610,0.0418991308270,0.0722978711964,0.0000017862520
242589,0.2544064365861,3.8527154067040,0.0065453807497,0.0419106411152,0.0722889142738,0.0000017862520
243038,0.2544128164277,3.8528120226319,0.0065306490511,0.0418987670739,0.0722797270685,0.0000017862520
293788,0.2543898447546,3.8524641410291,0.0065306490511,0.0418987670739,0.0722748045671,0.0000015506910
