0,0.2063240533919,3.124558757017,0.5553584234398,0.3201241934734,0.3965531191558,100000
1,0.2063255184361,3.124580943556,0.5553584234398,0.3199775768677,0.3965010700204,100000.0000000000000
2,0.2063203501673,3.1245026756121,0.5552407902202,0.3198383470580,0.3963998233652,100000.0000000000000
3,0.2063279978997,3.1246184923992,0.5552407902202,0.3195358093329,0.3962934129775,100000.0000000000000
4,0.2063317806740,3.1246757785012,0.5552407902202,0.3194879778784,0.3962771409097,100000.0000000000000
6,0.2063258077757,3.1245853252975,0.5551231570006,0.3192303195635,0.3961334259392,100000.0000000000000
7,0.2063302845870,3.1246531218514,0.5550763229804,0.3192727005038,0.3961294495830,100000.0000000000000
10,0.2063286526663,3.1246284081444,0.5550763229804,0.3192687925823,0.3961277041995,100000.0000000000000
11,0.2063239666059,3.1245574427355,0.5549586897607,0.3190539489193,0.3959995559270,100000.0000000000000
12,0.2063174426595,3.1244586444919,0.5549586897607,0.3190092425285,0.3959821913704,100000.0000000000000
17,0.2063351298611,3.1247264983845,0.5548650217203,0.3190859006239,0.3959732159303,100000.0000000000000
20,0.2063607958143,3.1251151819987,0.5547005544804,0.3190863722372,0.3959083982508,100000.0000000000000
21,0.2063685701940,3.1252329167263,0.5545829212608,0.3189723901234,0.3958189420545,100000.0000000000000
31,0.2063676938825,3.1252196459189,0.5546526241221,0.3184684522188,0.3956686491053,100000.0000000000000
32,0.2063693160811,3.1252442123942,0.5546994581423,0.3183318256146,0.3956402732265,100000.0000000000000
35,0.2063887742886,3.1255388862903,0.5546994581423,0.3182263949578,0.3956067890363,100000.0000000000000
36,0.2063943630905,3.1256235227622,0.5546994581423,0.3180726331308,0.3955530716985,100000.0000000000000
37,0.2063991454989,3.1256959472599,0.5547462921626,0.3179527014019,0.3955313354630,100000.0000000000000
46,0.2064267829698,3.1261144874172,0.5546994581423,0.3179787585846,0.3955264921919,100000.0000000000000
49,0.2064291842050,3.1261508515756,0.5547462921626,0.3173632096547,0.3953272395617,100000.0000000000000
52,0.2064379542896,3.1262836651964,0.5546754929632,0.3172135848944,0.3952453389371,100000.0000000000000
55,0.2064505034543,3.1264737089733,0.5546286589430,0.3172480165430,0.3952402533382,100000.0000000000000
58,0.2064509739992,3.1264808348771,0.5545818249227,0.3171859468146,0.3951981146862,100000.0000000000000
63,0.2064443234140,3.1263801188240,0.5544881568823,0.3172374915333,0.3951749549430,100000.0000000000000
64,0.2064448062053,3.1263874301849,0.5544881568823,0.3170010423721,0.3950906122693,100000.0000000000000
65,0.2064442027954,3.1263782921839,0.5545349909025,0.3169419060215,0.3950894345649,100000.0000000000000
66,0.2064426196255,3.1263543167557,0.5545349909025,0.3169119100504,0.3950783824674,100000.0000000000000
67,0.2064523899820,3.1265022784330,0.5544173576829,0.3168260404858,0.3949993941766,100000.0000000000000
68,0.2064535321668,3.1265195756098,0.5544173576829,0.3165588424835,0.3949042110725,100000.0000000000000
70,0.2064487758681,3.1264475465140,0.5544173576829,0.3163433236665,0.3948262208596,100000.0000000000000
71,0.2064420289086,3.1263453709751,0.5544173576829,0.3163172449941,0.3948154612710,100000.0000000000000
72,0.2064346556222,3.1262337103795,0.5544641917031,0.3157906290282,0.3946458758733,100000.0000000000000
73,0.2064228059115,3.1260542590914,0.5544641917031,0.3157882325279,0.3946424807566,100000.0000000000000
74,0.2064360883583,3.1262554076479,0.5544641917031,0.3152261313937,0.3944445765901,100000.0000000000000
75,0.2064335706012,3.1262172788887,0.5544641917031,0.3151540629359,0.3944182983358,100000.0000000000000
77,0.2064421896332,3.1263478049791,0.5543465584835,0.3151439702487,0.3943661265032,100000.0000000000000
78,0.2064401998290,3.1263176715060,0.5542997244632,0.3151500756646,0.3943478088992,100000.0000000000000
79,0.2064427926696,3.1263569373252,0.5542997244632,0.3150177294346,0.3943010979972,100000.0000000000000
82,0.2064486765038,3.1264460417477,0.5543705236626,0.3148452446566,0.3942710996265,100000.0000000000000
83,0.2064521643950,3.1264988621565,0.5543705236626,0.3148081325286,0.3942585927003,100000.0000000000000
84,0.2064604454982,3.1266242706746,0.5542528904430,0.3147926045240,0.3942044072695,100000.0000000000000
85,0.2064684548935,3.1267455644637,0.5542528904430,0.3144749406051,0.3940926721689,100000.0000000000000
86,0.2064731973381,3.1268173837526,0.5542528904430,0.3143068188210,0.3940336449127,98000.0000000000000
87,0.2064757703528,3.1268563493280,0.5542528904430,0.3140296729085,0.3939352155899,98000.0000000000000
88,0.2064714660076,3.1267911645892,0.5542997244632,0.3137691823410,0.3938613326077,98000.0000000000000
89,0.2064742811593,3.1268337970739,0.5542997244632,0.3136741209071,0.3938279853423,98000.0000000000000
95,0.2064870857939,3.1270277096720,0.5541820912436,0.3136056914357,0.3937558758587,98000.0000000000000
97,0.2064971543125,3.1271801866969,0.5541820912436,0.3135527170677,0.3937391139813,98000.0000000000000
98,0.2065035310752,3.1272767559981,0.5540644580240,0.3132745961910,0.3935907373089,98000.0000000000000
101,0.2065211381318,3.1275433961795,0.5540644580240,0.3132514501927,0.3935862438216,98000.0000000000000
106,0.2065122060682,3.1274081295588,0.5540644580240,0.3127111748885,0.3933913743422,98000.0000000000000
107,0.2065146464315,3.1274450862689,0.5540644580240,0.3126975667597,0.3933870372312,98000.0000000000000
108,0.2065195072777,3.1275186986255,0.5540644580240,0.3124586870129,0.3933027646458,98000.0000000000000
109,0.2065292892503,3.1276668362154,0.5540644580240,0.3124511032360,0.3933021522911,98000.0000000000000
110,0.2065461363725,3.1279219679961,0.5540644580240,0.3120320769029,0.3931561101269,98000.0000000000000
111,0.2065499867987,3.1279802786139,0.5540644580240,0.3119361970225,0.3931226924038,98000.0000000000000
112,0.2065529858018,3.1280256953320,0.5540644580240,0.3118318888235,0.3930860821191,98000.0000000000000
114,0.2065461761113,3.1279225697989,0.5541112920442,0.3117663837550,0.3930812999553,98000.0000000000000
125,0.2065496321017,3.1279749071041,0.5539228596252,0.3119766268283,0.3930763705855,98000.0000000000000
126,0.2065502020066,3.1279835377086,0.5538760256050,0.3119982021708,0.3930641264645,98000.0000000000000
127,0.2065573510567,3.1280918024829,0.5538760256050,0.3119847810864,0.3930608651594,98000.0000000000000
128,0.2065606125123,3.1281411937668,0.5538291915848,0.3120087650864,0.3930500580341,98000.0000000000000
129,0.2065583044553,3.1281062406924,0.5538291915848,0.3119326650776,0.3930223848759,98000.0000000000000
131,0.2065684121078,3.1282593103606,0.5537115583651,0.3119624250199,0.3929847651153,98000.0000000000000
134,0.2065837255448,3.1284912161063,0.5537115583651,0.3115277084289,0.3928327906407,98000.0000000000000
135,0.2065824388998,3.1284717312338,0.5537583923854,0.3112277814997,0.3927454698936,98000.0000000000000
136,0.2065761243083,3.1283761034498,0.5537115583651,0.3111844926154,0.3927085847281,98000.0000000000000
137,0.2065823034108,3.1284696793971,0.5537115583651,0.3110221269526,0.3926519210847,98000.0000000000000
138,0.2065880364392,3.1285565000267,0.5537115583651,0.3109345843963,0.3926218843921,98000.0000000000000
139,0.2065871586718,3.1285432071705,0.5536647243449,0.3108543134991,0.3925729563986,98000.0000000000000
140,0.2065838236348,3.1284927015762,0.5536178903247,0.3108366294798,0.3925458543037,98000.0000000000000
141,0.2065841729371,3.1284979913883,0.5536178903247,0.3107361700719,0.3925100507942,98000.0000000000000
145,0.2065943709973,3.1286524301833,0.5535002571051,0.3105196743076,0.3923845019400,98000.0000000000000
146,0.2065956675777,3.1286720655171,0.5535002571051,0.3104588251931,0.3923630479521,98000.0000000000000
147,0.2065969641461,3.1286917006700,0.5535002571051,0.3103246830598,0.3923154178834,98000.0000000000000
148,0.2066001825840,3.1287404404956,0.5535002571051,0.3102786599435,0.3922996707214,98000.0000000000000
149,0.2066131844573,3.1289373400638,0.5533826238854,0.3099165461652,0.3921227162508,98000.0000000000000
150,0.2066126296087,3.1289289374709,0.5532649906658,0.3098544847946,0.3920500183425,98000.0000000000000
151,0.2065962585861,3.1286810157126,0.5532649906658,0.3097819145946,0.3920205923376,98000.0000000000000
152,0.2065963064122,3.1286817399879,0.5532649906658,0.3097138590209,0.3919962970240,98000.0000000000000
153,0.2065956770386,3.1286722087928,0.5532649906658,0.3095916375449,0.3919525116311,98000.0000000000000
154,0.2066021425990,3.1287701228412,0.5532649906658,0.3095417731390,0.3919360883919,98000.0000000000000
155,0.2066083124142,3.1288635581433,0.5532649906658,0.3094857807535,0.3919174132146,98000.0000000000000
157,0.2066218287758,3.1290682490903,0.5532649906658,0.3091323627065,0.3917940888468,98000.0000000000000
158,0.2066199851329,3.1290403290752,0.5532649906658,0.3090733281192,0.3917726099992,98000.0000000000000
159,0.2066120336641,3.1289199125226,0.5531473574462,0.3083867798206,0.3914752960552,98000.0000000000000
163,0.2066281698033,3.1291642772210,0.5532410254867,0.3081407055832,0.3914310135890,98000.0000000000000
164,0.2066261122458,3.1291331176963,0.5532410254867,0.3080369272083,0.3913935089785,98000.0000000000000
167,0.2066409919203,3.1293584545707,0.5532410254867,0.3078673282592,0.3913361264269,98000.0000000000000
169,0.2066501032989,3.1294964367263,0.5531941914664,0.3078802483462,0.3913226214590,98000.0000000000000
170,0.2066422092631,3.1293768899352,0.5531473574462,0.3078985796107,0.3913074050371,98000.0000000000000
173,0.2066531527337,3.1295426171788,0.5531473574462,0.3076962876460,0.3912375029363,96040.0000000000000
175,0.2066706078501,3.1298069563878,0.5531941914664,0.3074186727454,0.3911621668626,96040.0000000000000
181,0.2066397014441,3.1293389116786,0.5531473574462,0.3074311510398,0.3911399288721,96040.0000000000000
182,0.2066419651928,3.1293731937491,0.5531473574462,0.3067471682539,0.3908961343946,96040.0000000000000
183,0.2066306482348,3.1292018104347,0.5531473574462,0.3066699122629,0.3908661179069,96040.0000000000000
184,0.2066403034984,3.1293480291522,0.5530297242266,0.3066762862728,0.3908200490870,96040.0000000000000
186,0.2066396315207,3.1293378527626,0.5529828902063,0.3067058046391,0.3908103756425,96040.0000000000000
187,0.2066464953005,3.1294417974217,0.5529828902063,0.3066873893062,0.3908052695479,96040.0000000000000
188,0.2066414504304,3.1293653982198,0.5529828902063,0.3066803258898,0.3908016658556,96040.0000000000000
189,0.2066389579265,3.1293276518928,0.5528652569867,0.3065327279108,0.3906980039467,96040.0000000000000
199,0.2066313425682,3.1292123253769,0.5529360561861,0.3062376372240,0.3906213250672,96040.0000000000000
200,0.2066415356153,3.1293666882541,0.5529360561861,0.3060811171645,0.3905676092703,96040.0000000000000
201,0.2066465325446,3.1294423614428,0.5528184229665,0.3060753139859,0.3905161932402,96040.0000000000000
202,0.2066425412702,3.1293819178298,0.5528184229665,0.3059878798724,0.3904841114980,96040.0000000000000
203,0.2066303944244,3.1291979667446,0.5528184229665,0.3058890990490,0.3904462297369,96040.0000000000000
204,0.2066404226539,3.1293498336357,0.5528184229665,0.3057446583878,0.3903967926928,96040.0000000000000
205,0.2066536960175,3.1295508446360,0.5528184229665,0.3052330989701,0.3902169371930,96040.0000000000000
208,0.2066569432833,3.1296000210293,0.5527715889463,0.3052405386760,0.3902002183505,96040.0000000000000
209,0.2066544526466,3.1295623029801,0.5527715889463,0.3052312093432,0.3901963527381,96040.0000000000000
210,0.2066556045344,3.1295797470984,0.5528184229665,0.3051156444758,0.3901753981272,96040.0000000000000
211,0.2066627258018,3.1296875911337,0.5528184229665,0.3051094942833,0.3901747276158,96040.0000000000000
212,0.2066620045749,3.1296766689169,0.5528652569867,0.3049897121313,0.3901518654501,96040.0000000000000
213,0.2066705132208,3.1298055233267,0.5528652569867,0.3048225184747,0.3900939767111,96040.0000000000000
214,0.2066726615207,3.1298380570481,0.5528652569867,0.3047344495572,0.3900629838763,96040.0000000000000
215,0.2066790893746,3.1299354000717,0.5527476237671,0.3046116852805,0.3899701026521,96040.0000000000000
216,0.2066831684852,3.1299971738721,0.5527476237671,0.3045633971073,0.3899537309711,96040.0000000000000
134009,0.2531759967170,3.8340817011095,0.0065133610667,0.8823662152999,0.3721742309322,0.0000027859227
134066,0.2531833701912,3.8341933645482,0.0065133610667,0.8823017813907,0.3721527988520,0.0000027859227
134105,0.2531824689250,3.8341797158287,0.0064665270465,0.8823380722920,0.3721454950367,0.0000027859227
134197,0.2531783882375,3.8341179181476,0.0064665270465,0.8822764983121,0.3721226298965,0.0000027859227
134294,0.2531775697231,3.8341055226166,0.0064665270465,0.8822714111740,0.3721206376656,0.0000027859227
134339,0.2531740974147,3.8340529381923,0.0064214063988,0.8823065496831,0.3721131056466,0.0000027859227
134406,0.2531760617628,3.8340826861586,0.0064453715780,0.8822739771191,0.3721121643108,0.0000027859227
134476,0.2531767805953,3.8340935721135,0.0064453715780,0.8822674640358,0.3721099922452,0.0000027859227
134573,0.2531743511192,3.8340567802771,0.0063277383583,0.8823961162320,0.3721050046191,0.0000027859227
134619,0.2531789405262,3.8341262819742,0.0062716543299,0.8823390060241,0.3720615555485,0.0000027859227
134655,0.2531816568582,3.8341674179382,0.0062716543299,0.8823243491469,0.3720569030206,0.0000027859227
134751,0.2531835970021,3.8341967993579,0.0062809043381,0.8822532178036,0.3720358790038,0.0000027859227
134813,0.2531843174131,3.8342077092186,0.0063011011994,0.8821672025572,0.3720139694444,0.0000027859227
134833,0.2531888885664,3.8342769344828,0.0063189676537,0.8821307725161,0.3720095953002,0.0000027859227
135032,0.2531876819650,3.8342586617845,0.0063106762526,0.8821334377902,0.3720067351687,0.0000027859227
135142,0.2531844457932,3.8342096533988,0.0063451255090,0.8820674642532,0.3719972436928,0.0000027859227
135186,0.2531811727826,3.8341600871271,0.0063277383583,0.8819761742968,0.3719564871415,0.0000027859227
135231,0.2531857184886,3.8342289270196,0.0062987707924,0.8820051608618,0.3719553988949,0.0000027859227
135275,0.2531732111324,3.8340395163870,0.0061811375727,0.8821040947483,0.3719376380411,0.0000027859227
135321,0.2531662594788,3.8339342409742,0.0061545004138,0.8820277051641,0.3718974504814,0.0000027859227
135325,0.2531664715437,3.8339374524710,0.0061545004138,0.8820214100540,0.3718952476703,0.0000027859227
135394,0.2531662565513,3.8339341966394,0.0061244365098,0.8820265481746,0.3718841521133,0.0000027859227
135473,0.2531701920910,3.8339937962109,0.0061244365098,0.8820175770831,0.3718817914819,0.0000027859227
135506,0.2531588151492,3.8338215045051,0.0060776024895,0.8820781716494,0.3718809227594,0.0000027859227
135621,0.2531629471350,3.8338840790434,0.0061244365098,0.8820139197784,0.3718789328111,0.0000027859227
135643,0.2531733000892,3.8340408635443,0.0061244365098,0.8820042603814,0.3718777015167,0.0000027859227
135661,0.2531671151178,3.8339471987179,0.0060793158621,0.8820527478407,0.3718743556950,0.0000027859227
135681,0.2531686352429,3.8339702193993,0.0061156658051,0.8819960334041,0.3718700048271,0.0000027859227
135743,0.2531702196498,3.8339942135595,0.0061624998254,0.8796437935498,0.3710503304036,0.0000027859227
135753,0.2531729436100,3.8340354650445,0.0061624998254,0.8795946510965,0.3710333632332,0.0000027859227
135786,0.2531765849304,3.8340906089769,0.0061624998254,0.8795898290568,0.3710324213591,0.0000027859227
135838,0.2531807777199,3.8341541043226,0.0060263831170,0.8796540153282,0.3709979077502,0.0000027859227
135861,0.2531854626474,3.8342250525754,0.0059153279258,0.8796118396973,0.3709362538560,0.0000027859227
135870,0.2531805705268,3.8341509666032,0.0059153279258,0.8794892866773,0.3708914366087,0.0000027859227
135875,0.2531780124846,3.8341122277694,0.0059153279258,0.8794071014305,0.3708615365829,0.0000027859227
135889,0.2531732569159,3.8340402097292,0.0059153279258,0.8792987068145,0.3708218051697,0.0000027859227
135974,0.2531709828466,3.8340057713650,0.0059054608831,0.8792911767535,0.3708143998290,0.0000027859227
136045,0.2531675796388,3.8339542333954,0.0059432156815,0.8770700519814,0.3700365923509,0.0000027859227
136062,0.2531710576498,3.8340069041795,0.0059230188201,0.8770708971521,0.3700289836879,0.0000027859227
136071,0.2531755042314,3.8340742429380,0.0059698528404,0.8749514584602,0.3692930658598,0.0000027859227
136168,0.2531699289816,3.8339898116983,0.0059789320623,0.8748891527222,0.3692735102093,0.0000027859227
136292,0.2531715819645,3.8340148443690,0.0059789320623,0.8729749116998,0.3685902069119,0.0000027859227
136415,0.2531702040299,3.8339939770127,0.0059784527587,0.7475636731575,0.3237999781735,0.0000027859227
136481,0.2531682523215,3.8339644204600,0.0059784527587,0.7474728144403,0.3237671104084,0.0000027859227
136489,0.2531695790576,3.8339845124709,0.0059784527587,0.7474001256268,0.3237414344185,0.0000027859227
136533,0.2531746138947,3.8340607597332,0.0059316187384,0.7474150786373,0.3237277819501,0.0000027859227
136568,0.2531783936133,3.8341179995594,0.0059316187384,0.7474122657060,0.3237275872715,0.0000027859227
136573,0.2531759477648,3.8340809597805,0.0059613741252,0.7471822185191,0.3236576557601,0.0000027859227
136579,0.2531879916040,3.8342633509388,0.0059657594776,0.7471143707644,0.3236378846785,0.0000027859227
136609,0.2531809005909,3.8341559650726,0.0059914380293,0.7470804424010,0.3236352529967,0.0000027859227
136636,0.2531699337120,3.8339898833352,0.0059931514019,0.7470499588051,0.3236227502552,0.0000027859227
136793,0.2531672850207,3.8339497717175,0.0059931514019,0.7470031583264,0.3236054682218,0.0000027859227
136841,0.2531720873288,3.8340224975743,0.0058850767077,0.7470563874597,0.3235791899665,0.0000027859227
136859,0.2531740435280,3.8340521221351,0.0058789779828,0.7469959127862,0.3235553973151,0.0000027859227
136875,0.2531643050867,3.8339046437794,0.0058789779828,0.7469731762589,0.3235451903180,0.0000027859227
136885,0.2531712203728,3.8340093684464,0.0058850767077,0.7469609411452,0.3235449162208,0.0000027859227
136968,0.2531778519955,3.8341097973317,0.0058833633352,0.7469183069751,0.3235303764909,0.0000027859227
136969,0.2531682673414,3.8339646479212,0.0058742841133,0.7467828401946,0.3234760505483,0.0000027859227
137005,0.2531660881652,3.8339316466103,0.0059784362310,0.7466322484662,0.3234664374437,0.0000027859227
137015,0.2531771575781,3.8340992811181,0.0060252702512,0.7465641706988,0.3234645676954,0.0000027302042
137330,0.2531925028902,3.8343316695790,0.0060899707257,0.7464242907326,0.3234456276205,0.0000026756001
137860,0.2531961069235,3.8343862488372,0.0060252702512,0.7464397338952,0.3234241865538,0.0000026756001
137870,0.2531853785354,3.8342237787896,0.0060074037969,0.7463772061630,0.3233918992288,0.0000026756001
137900,0.2531819872757,3.8341724217610,0.0059807666380,0.7463895288735,0.3233841575730,0.0000026756001
137917,0.2531858728675,3.8342312649243,0.0059339326178,0.7463964260609,0.3233673817581,0.0000026756001
137919,0.2531881190006,3.8342652802255,0.0059339326178,0.6317463135011,0.2824213943010,0.0000026756001
137952,0.2531912242804,3.8343123063909,0.0059550880863,0.6317180711940,0.2824210398092,0.0000026756001
137968,0.2531921498380,3.8343263229782,0.0059796868277,0.6314422128194,0.2823332596126,0.0000026756001
138183,0.2531893286066,3.8342835984236,0.0059796868277,0.6314411326766,0.2823322692978,0.0000026756001
138198,0.2531902787304,3.8342979870402,0.0059666850293,0.6301147706326,0.2818531999664,0.0000026756001
138386,0.2531800138285,3.8341425359977,0.0060030349723,0.6283532033585,0.2812374477223,0.0000026756001
138390,0.2531708467237,3.8340037099271,0.0060155574671,0.6283391352987,0.2812358258191,0.0000026756001
138403,0.2531628861329,3.8338831552314,0.0060357543284,0.6282833920950,0.2812228674889,0.0000026756001
138447,0.2531603919048,3.8338453827938,0.0060412360188,0.6282049467915,0.2811966661275,0.0000026756001
138461,0.2531675877381,3.8339543560498,0.0060260415443,0.6281147855680,0.2811594957371,0.0000026756001
138466,0.2531704395173,3.8339975432184,0.0059972117093,0.6281282745009,0.2811525686651,0.0000026756001
138566,0.2531648855553,3.8339134343609,0.0059851519904,0.6281376493503,0.2811495582400,0.0000026756001
138582,0.2531693815123,3.8339815208567,0.0059627624529,0.6280746132133,0.2811184132372,0.0000026756001
138614,0.2531712871989,3.8340103804568,0.0059447582677,0.6280517207687,0.2811029296462,0.0000026756001
138615,0.2531682666714,3.8339646377751,0.0059669935466,0.6278692330577,0.2810466376130,0.0000026756001
138839,0.2531628761462,3.8338830039935,0.0059558924348,0.6278324073571,0.2810275728452,0.0000026756001
138924,0.2531603640658,3.8338449612024,0.0059558924348,0.6261913302329,0.2804409355694,0.0000026756001
138929,0.2531591489896,3.8338265601623,0.0059258285308,0.6261826752223,0.2804246995903,0.0000026756001
138947,0.2531674572845,3.8339523804686,0.0059726625510,0.6261196981302,0.2804240598436,0.0000026756001
138965,0.2531629821427,3.8338846091979,0.0060194965712,0.6258706064372,0.2803542112887,0.0000026756001
138984,0.2531705499883,3.8339992161854,0.0060249782617,0.6257980809213,0.2803322802958,0.0000026756001
139002,0.2531673766704,3.8339511596540,0.0060718122819,0.5216285674003,0.2431482743360,0.0000026756001
139030,0.2531679595758,3.8339599871378,0.0060974908336,0.5215744952431,0.2431400928532,0.0000026756001
139063,0.2531661863571,3.8339331336236,0.0061114347114,0.5200741617764,0.2426098554444,0.0000026756001
139130,0.2531633539821,3.8338902403108,0.0060962402369,0.5200810002027,0.2426051788844,0.0000026756001
139140,0.2531722323637,3.8340246939745,0.0061274170068,0.5198041568934,0.2425215702570,0.0000026756001
139201,0.2531772894487,3.8341012781588,0.0062450502264,0.5195970639470,0.2424991063886,0.0000026756001
139216,0.2531816576736,3.8341674302875,0.0062450502264,0.5195455644120,0.2424816497456,0.0000026756001
139223,0.2531819935382,3.8341725166001,0.0062593026214,0.5194884701747,0.2424674390869,0.0000026756001
139299,0.2531767680366,3.8340933819255,0.0063061366417,0.5191613190982,0.2423695513894,0.0000026756001
139337,0.2531806654572,3.8341524042237,0.0063061366417,0.5191558776523,0.2423684431774,0.0000026756001
139350,0.2531737499493,3.8340476761969,0.0062777861102,0.5191490000552,0.2423523547704,0.0000026756001
139379,0.2531759215498,3.8340805627818,0.0062309520900,0.5189971029111,0.2422784994103,0.0000026756001
139670,0.2531824130156,3.8341788691395,0.0061136273876,0.5190026509341,0.2422315898602,0.0000026756001
139681,0.2531986528817,3.8344248046715,0.0061604614078,0.5189345798386,0.2422308304489,0.0000026756001
139741,0.2531958168521,3.8343818560149,0.0062780946274,0.5187841823754,0.2422269235856,0.0000026756001
139742,0.2531962280472,3.8343880831277,0.0062780946274,0.5171724510127,0.2416513933550,0.0000026756001
139883,0.2531918048874,3.8343210990686,0.0062329739798,0.5171703441707,0.2416303556710,0.0000026756001
139904,0.2531832341541,3.8341913044109,0.0062216855540,0.5171856689103,0.2416291543098,0.0000026756001
140003,0.2531847815175,3.8342147375863,0.0062162038636,0.5170429484649,0.2415761650042,0.0000026756001
140146,0.2531782417465,3.8341156996970,0.0062373593321,0.5167942846217,0.2414950217386,0.0000026756001
140191,0.2531786686232,3.8341221642922,0.0062630378838,0.5167539522166,0.2414917138754,0.0000026756001
140221,0.2531886139299,3.8342727754038,0.0062329739798,0.5167755621801,0.2414886783263,0.0000026756001
140961,0.2532056614638,3.8345309422079,0.0062541294483,0.5166901067696,0.2414708782092,0.0000026756001
141119,0.2532059546028,3.8345353814866,0.0062541294483,0.5166739858370,0.2414651835488,0.0000026756001
141174,0.2532125874084,3.8346358282864,0.0062541294483,0.5166173650028,0.2414463831378,0.0000026756001
141284,0.2532030914192,3.8344920216097,0.0062971951507,0.4229175076413,0.2079985702406,0.0000026756001
141520,0.2532070304290,3.8345516737320,0.0062292056620,0.4229920786162,0.2079969084528,0.0000026756001
141602,0.2532112212423,3.8346151391503,0.0063468388816,0.4225261361050,0.2078818126815,0.0000026756001
141659,0.2532016715879,3.8344705197727,0.0063504364131,0.4224247363389,0.2078450939240,0.0000026756001
141733,0.2531989036446,3.8344286022095,0.0063504364131,0.4223800392648,0.2078285375526,0.0000026756001
141753,0.2532043342798,3.8345108434145,0.0063216065780,0.4224023194275,0.2078253028175,0.0000026756001
141772,0.2532093463214,3.8345867454643,0.0063684405982,0.4223322726984,0.2078214318604,0.0000026756001
141892,0.2532111737462,3.8346144198726,0.0063739222886,0.4222703907012,0.2078020720340,0.0000026756001
141979,0.2532149508633,3.8346716203012,0.0062674067085,0.3388251360153,0.1779553552084,0.0000026756001
142015,0.2532141252659,3.8346591175058,0.0063372638284,0.3387395967674,0.1779545673289,0.0000026756001
142135,0.2532133850343,3.8346479074829,0.0063482272092,0.3386880342323,0.1779406921085,0.0000026756001
142140,0.2532114174115,3.8346181099251,0.0063673277325,0.3386210320245,0.1779245270537,0.0000026756001
142154,0.2532143370576,3.8346623248656,0.0063493235473,0.3386191717828,0.1779167722407,0.0000026756001
142263,0.2532071405922,3.8345533420362,0.0063493235473,0.3384994281316,0.1778724645513,0.0000026756001
142297,0.2532067664916,3.8345476766803,0.0063693826777,0.3384293171688,0.1778559415275,0.0000026756001
142352,0.2532110503856,3.8346125517075,0.0063427455188,0.3384557687174,0.1778548905612,0.0000026756001
142367,0.2532084473550,3.8345731315716,0.0063639009873,0.3384274525718,0.1778532864891,0.0000026756001
142461,0.2532087765332,3.8345781166270,0.0063639009873,0.3384183918280,0.1778501210474,0.0000026756001
142539,0.2532148379487,3.8346699103299,0.0063895795390,0.3383763669981,0.1778474161479,0.0000026756001
142633,0.2532163560314,3.8346929000812,0.0064162166979,0.3383143688063,0.1778370151652,0.0000026756001
142657,0.2532231644646,3.8347960065732,0.0063693826777,0.3383295603840,0.1778238279557,0.0000026220881
142823,0.2532185346509,3.8347258929605,0.0063225486575,0.3383863414694,0.1778230430889,0.0000026220881
142988,0.2532173317159,3.8347076757865,0.0063161248876,0.3383411620298,0.1778038967587,0.0000026220881
143044,0.2532204001769,3.8347541443703,0.0062692908674,0.3383685651918,0.1777942694067,0.0000026220881
143080,0.2532198830847,3.8347463135581,0.0063161248876,0.3382708884811,0.1777793457846,0.0000026220881
143232,0.2532132782782,3.8346462907751,0.0062186885293,0.3383858278191,0.1777772217933,0.0000026220881
143312,0.2532112257824,3.8346152079050,0.0062655225495,0.3383066649673,0.1777685812486,0.0000026220881
143569,0.2532152091684,3.8346755320574,0.0062464220263,0.3381867425457,0.1777184194565,0.0000026220881
143583,0.2532191078184,3.8347345729740,0.0061962989918,0.3381797250581,0.1776952673355,0.0000026220881
144385,0.2532033947129,3.8344966146719,0.0061847185765,0.3381979351359,0.1776934408055,0.0000026220881
144509,0.2532048926641,3.8345192995516,0.0061847185765,0.3381918728588,0.1776915966961,0.0000025696464
144574,0.2532061491707,3.8345383280113,0.0062315525967,0.3381068364435,0.1776815675221,0.0000025696464
144625,0.2532044905205,3.8345132095146,0.0062315525967,0.3381063348056,0.1776810329407,0.0000025696464
144929,0.2532163370376,3.8346926124390,0.0062053947414,0.3381099722170,0.1776736600462,0.0000025696464
145023,0.2532177196374,3.8347135504451,0.0061988167129,0.3380935713794,0.1776652797205,0.0000025696464
145035,0.2532116255902,3.8346212625706,0.0061988167129,0.3380918768301,0.1776633686571,0.0000025696464
145189,0.2532163079809,3.8346921724061,0.0062456507332,0.3380280379377,0.1776616441450,0.0000025696464
145455,0.2532165742147,3.8346962042349,0.0062155868291,0.3380127679894,0.1776433631118,0.0000025696464
145551,0.2532158325540,3.8346849725710,0.0061181504708,0.3381191146817,0.1776394267068,0.0000025696464
145719,0.2532222975531,3.8347828781196,0.0062826177107,0.2654437329320,0.1517558045417,0.0000025696464
145897,0.2532133766216,3.8346477800825,0.0062641342219,0.2654475659030,0.1517473403365,0.0000025696464
146114,0.2532225798796,3.8347871536539,0.0062641342219,0.2654315997182,0.1517436102544,0.0000025696464
146237,0.2532160175207,3.8346877736957,0.0062641342219,0.2654195736524,0.1517379090111,0.0000025696464
146243,0.2532224550303,3.8347852629444,0.0062859067249,0.2653769141632,0.1517333840183,0.0000025696464
146491,0.2532264845234,3.8348462853402,0.0061682735053,0.2654692628719,0.1517168149258,0.0000025696464
146498,0.2532154747573,3.8346795541196,0.0062429787534,0.2653176422833,0.1516923220149,0.0000025696464
146703,0.2532181871435,3.8347206303291,0.0062898127737,0.2652592215118,0.1516921104023,0.0000025696464
146833,0.2532251225210,3.8348256592595,0.0062898127737,0.2652160227218,0.1516781684153,0.0000025696464
146853,0.2532217787274,3.8347750210547,0.0062815213726,0.2646347265397,0.1514662926512,0.0000025696464
146951,0.2532222896257,3.8347827580666,0.0063004841649,0.2645878785016,0.1514577975982,0.0000025696464
146998,0.2532272670276,3.8348581355344,0.0062815213726,0.2645406954173,0.1514338861718,0.0000025696464
147011,0.2532148018102,3.8346693630505,0.0062815213726,0.2644685327995,0.1514054426903,0.0000025696464
147146,0.2532108487152,3.8346094976236,0.0061966240368,0.2645667669748,0.1514032946600,0.0000025696464
147610,0.2532166629147,3.8346975475018,0.0061906630428,0.2645191607843,0.1513849836373,0.0000025696464
147634,0.2532284435017,3.8348759519858,0.0062324946762,0.2644465566007,0.1513795058261,0.0000025696464
147701,0.2532168486176,3.8347003597758,0.0062390727047,0.2643226940802,0.1513356037487,0.0000025696464
147893,0.2532148232650,3.8346696879607,0.0062014886927,0.2643279182015,0.1513209280685,0.0000025696464
147905,0.2532198252386,3.8347454375406,0.0062483227129,0.2641971622266,0.1512953730804,0.0000025696464
148094,0.2532154440731,3.8346790894406,0.0062951567332,0.2641359119678,0.1512926308898,0.0000025696464
148317,0.2532215055128,3.8347708835096,0.0063419907534,0.2640620544882,0.1512876238214,0.0000025696464
148347,0.2532207766453,3.8347598455857,0.0062367257699,0.2641774728945,0.1512835749306,0.0000025696464
148372,0.2532153193488,3.8346772006234,0.0061898917497,0.2642054111231,0.1512723117257,0.0000025696464
148586,0.2532265932955,3.8348479325776,0.0062367257699,0.2641408981909,0.1512717589615,0.0000025696464
148609,0.2532284744641,3.8348764208783,0.0062785574033,0.2640682201687,0.1512641334754,0.0000025696464
148688,0.2532292057239,3.8348874950321,0.0062785574033,0.2640250143565,0.1512488595267,0.0000025696464
148787,0.2532395458707,3.8350440855793,0.0063387017391,0.2638483087721,0.1512137422791,0.0000025696464
148794,0.2532394754399,3.8350430189783,0.0062968701057,0.2638594857442,0.1511997911196,0.0000025696464
148973,0.2532472564898,3.8351608547188,0.0063214523194,0.2638224908907,0.1511987812742,0.0000025696464
148991,0.2532458693930,3.8351398486110,0.0062957737677,0.2638190850278,0.1511862625660,0.0000025696464
149209,0.2532500534475,3.8352032116739,0.0062898127737,0.2638219589047,0.1511856308220,0.0000025696464
149970,0.2532578103064,3.8353206810675,0.0063316444071,0.2637613367159,0.1511835700672,0.0000025696464
150213,0.2532431163430,3.8350981565912,0.0062602281732,0.2638475737220,0.1511806133342,0.0000025696464
150573,0.2532437196838,3.8351072935466,0.0062439373606,0.2638504377423,0.1511747837090,0.0000025696464
150635,0.2532472676163,3.8351610232183,0.0062439373606,0.2638422673194,0.1511726259721,0.0000025696464
150753,0.2532495798621,3.8351960397261,0.0062907713808,0.2637828970463,0.1511719895073,0.0000025696464
151071,0.2532521621469,3.8352351456883,0.0063376054011,0.2637181594342,0.1511694940013,0.0000025696464
151326,0.2532554134826,3.8352843837152,0.0062489562751,0.2637755264102,0.1511526864392,0.0000025696464
151529,0.2532546330617,3.8352725650693,0.0061436912916,0.2638908894376,0.1511486067231,0.0000025696464
151624,0.2532562694787,3.8352973468687,0.0061905253119,0.2637685601697,0.1511253400826,0.0000025696464
151742,0.2532494298459,3.8351937678897,0.0062323569453,0.2637183145582,0.1511238574286,0.0000025182534
151845,0.2532495397011,3.8351954315301,0.0062323569453,0.2637061282428,0.1511195287135,0.0000025182534
152065,0.2532519725082,3.8352322738114,0.0062323569453,0.2636576758399,0.1511027455997,0.0000025182534
152174,0.2532540974864,3.8352644543499,0.0062791909655,0.2635980346760,0.1511019722594,0.0000025182534
152251,0.2532451366697,3.8351287522943,0.0062841933523,0.2634593561062,0.1510526679039,0.0000025182534
152619,0.2532368173424,3.8350027649135,0.0062841933523,0.2634549808330,0.1510493225933,0.0000025182534
152878,0.2532455945785,3.8351356868367,0.0061698491470,0.2635791276017,0.1510465369018,0.0000025182534
152963,0.2532417572953,3.8350775752570,0.0061698491470,0.2635653511560,0.1510407944677,0.0000024678884
153017,0.2532388542477,3.8350336116830,0.0061698491470,0.2634913299767,0.1510137362506,0.0000024678884
153528,0.2532319338062,3.8349288089430,0.0061921009535,0.2634635133796,0.1510118552884,0.0000024678884
153643,0.2532236103995,3.8348027597839,0.0061921009535,0.2634526112613,0.1510061780876,0.0000024678884
153927,0.2532315688170,3.8349232815690,0.0062281258516,0.2633928306573,0.1510019724891,0.0000024678884
153967,0.2532364982341,3.8349979323581,0.0061812918314,0.2634075573353,0.1509882165976,0.0000024678884
154143,0.2532388798428,3.8350339992937,0.0061568473486,0.2634306010212,0.1509864806233,0.0000024678884
154180,0.2532464967897,3.8351493498682,0.0061507486237,0.2633840502316,0.1509688738050,0.0000024678884
154487,0.2532531402215,3.8352499575893,0.0061507486237,0.2633346635563,0.1509526592991,0.0000024678884
154501,0.2532506790081,3.8352126851259,0.0061529412999,0.2633064782511,0.1509430054342,0.0000024678884
155109,0.2532608448594,3.8353666361523,0.0061866192631,0.2632526331576,0.1509403868532,0.0000024678884
155304,0.2532607512557,3.8353652186231,0.0061620370495,0.2632666750289,0.1509348465149,0.0000024678884
155809,0.2532481975891,3.8351751066695,0.0062088710697,0.2632147122356,0.1509336700260,0.0000024678884
155836,0.2532513333834,3.8352225949447,0.0061200676852,0.2633065750019,0.1509290915193,0.0000024678884
155944,0.2532534018692,3.8352539199672,0.0061380718703,0.2632463389857,0.1509157379827,0.0000024678884
156266,0.2532622494132,3.8353879066281,0.0061734632062,0.2631002813845,0.1508806381714,0.0000024678884
156423,0.2532655838713,3.8354384034564,0.0061433993021,0.2631108953955,0.1508722588860,0.0000024678884
156455,0.2532647425707,3.8354256628517,0.0061902333223,0.2630364326503,0.1508655564927,0.0000024678884
156766,0.2532434102602,3.8351026076555,0.0061902333223,0.2630394666707,0.1508620688620,0.0000024678884
156785,0.2532481082374,3.8351737535320,0.0062370673426,0.2629671702050,0.1508573271280,0.0000024678884
156809,0.2532508131631,3.8352147167611,0.0062839013628,0.2629062834974,0.1508562332252,0.0000024678884
157006,0.2532466656927,3.8351519077252,0.0062616495562,0.2627911053455,0.1508046729388,0.0000024678884
157113,0.2532525256188,3.8352406500852,0.0062148155360,0.2628297648487,0.1507996638797,0.0000024678884
157256,0.2532505386045,3.8352105588624,0.0062148155360,0.2627576824422,0.1507734943743,0.0000024678884
157271,0.2532489453492,3.8351864307015,0.0062154325705,0.2627104761571,0.1507565580183,0.0000024678884
157652,0.2532492485802,3.8351910228136,0.0062137191979,0.2626965974169,0.1507509320009,0.0000024678884
157989,0.2532487744097,3.8351838420054,0.0061969490817,0.2625822545888,0.1507028064760,0.0000024678884
157994,0.2532452497858,3.8351304653177,0.0062437831020,0.2625156609943,0.1506983394958,0.0000024678884
158024,0.2532502612551,3.8352063587004,0.0062846561282,0.2624553187208,0.1506953795813,0.0000024678884
158334,0.2532580184647,3.8353238334042,0.0062378221080,0.2624462995064,0.1506737489696,0.0000024678884
158343,0.2532545273338,3.8352709639325,0.0061909880878,0.2624983874342,0.1506715319785,0.0000024678884
158364,0.2532456930414,3.8351371779533,0.0061837930248,0.2625074066485,0.1506697764654,0.0000024678884
158561,0.2532530437160,3.8352484961160,0.0060752390270,0.2626210930429,0.1506654307518,0.0000024678884
158574,0.2532580671372,3.8353245704978,0.0060992042062,0.2625601521267,0.1506550133773,0.0000024678884
158714,0.2532607359583,3.8353649869601,0.0060992042062,0.2625575593931,0.1506546592912,0.0000024678884
158753,0.2532668726917,3.8354579212734,0.0060316940211,0.2626343896678,0.1506544807529,0.0000024678884
158765,0.2532617696149,3.8353806405925,0.0060583311800,0.2626048848223,0.1506542657169,0.0000024678884
158779,0.2532575949207,3.8353174192800,0.0060583311800,0.2625252973988,0.1506249470597,0.0000024678884
158803,0.2532573396422,3.8353135533576,0.0060295013449,0.2625568021335,0.1506237884045,0.0000024678884
158857,0.2532559999599,3.8352932652923,0.0060822963591,0.2624757904960,0.1506171950367,0.0000024678884
158939,0.2532639975429,3.8354143801964,0.0060829133936,0.2623600383261,0.1505778331872,0.0000024678884
159135,0.2532609682665,3.8353685050216,0.0061297474138,0.2622747643681,0.1505668007945,0.0000024185306
159150,0.2532508306559,3.8352149816705,0.0061297474138,0.2622777953197,0.1505657109321,0.0000024185306
159220,0.2532482623747,3.8351760877788,0.0061297474138,0.2622673712090,0.1505614376895,0.0000024185306
159993,0.2532481258101,3.8351740196527,0.0061297474138,0.2622537953475,0.1505565599036,0.0000024185306
160012,0.2532441323093,3.8351135423217,0.0061385181185,0.2621867339335,0.1505355125219,0.0000024185306
160079,0.2532440049802,3.8351116140578,0.0061368047459,0.2621506074798,0.1505218486297,0.0000024185306
160317,0.2532411663866,3.8350686265721,0.0061026474791,0.2621709540496,0.1505138681630,0.0000024185306
160579,0.2532352040889,3.8349783339030,0.0061026474791,0.2621592507853,0.1505084107905,0.0000024185306
160589,0.2532385229694,3.8350285948246,0.0060660055465,0.2621692950953,0.1504970055474,0.0000024185306
160647,0.2532370268647,3.8350059379063,0.0060566178074,0.2621020090014,0.1504686308890,0.0000024185306
160650,0.2532429727251,3.8350959816499,0.0060464422474,0.2620866345251,0.1504600531632,0.0000024185306
160706,0.2532419985443,3.8350812287173,0.0060558299865,0.2620313329162,0.1504441171524,0.0000024185306
161254,0.2532346191813,3.8349694760971,0.0060107093389,0.2620651836211,0.1504352879773,0.0000024185306
161444,0.2532335560376,3.8349533759154,0.0060107093389,0.2620516077595,0.1504302116388,0.0000024185306
161473,0.2532358306322,3.8349878222352,0.0060107093389,0.2619901792704,0.1504087603059,0.0000024185306
161541,0.2532303050737,3.8349041435174,0.0060107093389,0.2619825745582,0.1504048602890,0.0000024185306
162022,0.2532354840912,3.8349825742402,0.0060013215997,0.2619405860498,0.1503869508658,0.0000024185306
162066,0.2532323103916,3.8349345119289,0.0060248074753,0.2618673084672,0.1503701655973,0.0000024185306
162361,0.2532304382055,3.8349061596576,0.0059894161395,0.2619021769693,0.1503670497357,0.0000024185306
162414,0.2532187374788,3.8347289645737,0.0059894161395,0.2619060099402,0.1503659113553,0.0000024185306
162527,0.2532217451152,3.8347745120334,0.0060248074753,0.2618185368666,0.1503504831808,0.0000024185306
162652,0.2532210620360,3.8347641675250,0.0060716414956,0.2617510260928,0.1503462975390,0.0000024185306
162750,0.2532141671039,3.8346597510975,0.0060716414956,0.2617446711233,0.1503425504215,0.0000023701600
162841,0.2532255444322,3.8348320486559,0.0061219022609,0.2616763559820,0.1503421304837,0.0000023701600
163545,0.2532220797556,3.8347795798077,0.0061068620451,0.1991630692371,0.1280087684087,0.0000023701600
163637,0.2532214368874,3.8347698442513,0.0061536960653,0.1990876949380,0.1280017829817,0.0000023701600
163688,0.2532219281133,3.8347772833453,0.0061530790308,0.1990714841619,0.1279958342381,0.0000023701600
163763,0.2532181951554,3.8347207516606,0.0061999130510,0.1989530669678,0.1279728141865,0.0000023701600
163843,0.2532250971711,3.8348252753616,0.0061776777722,0.1989463816718,0.1279623761789,0.0000023701600
163912,0.2532190806546,3.8347341616061,0.0061530790308,0.1988494657057,0.1279159317626,0.0000023701600
163939,0.2532195817130,3.8347417496035,0.0061905253119,0.1465043353716,0.1092373981334,0.0000023701600
164430,0.2532148515560,3.8346701163973,0.0062445543951,0.1047571946976,0.0943498467519,0.0000023701600
164634,0.2532136107189,3.8346513252370,0.0062505153891,0.1047362540137,0.0943446567543,0.0000023701600
164801,0.2532205774668,3.8347568292385,0.0062392269633,0.1047395553687,0.0943424907874,0.0000023701600
164881,0.2532195089054,3.8347406470095,0.0062392269633,0.0733767807276,0.0831412708667,0.0000023701600
164899,0.2532191920608,3.8347358487346,0.0062392269633,0.0733140787752,0.0831188094170,0.0000023701600
164908,0.2532152244790,3.8346757639200,0.0062445543951,0.0732602094863,0.0831010033742,0.0000023701600
165143,0.2532160609948,3.8346884320647,0.0062379763666,0.0732154415652,0.0830823749293,0.0000023701600
165239,0.2532188788253,3.8347311051153,0.0062362629940,0.0731652533076,0.0830643200698,0.0000023701600
165294,0.2532127500416,3.8346382911931,0.0062362629940,0.0731375268594,0.0830531044561,0.0000023701600
165357,0.2532062378641,3.8345396711786,0.0061894289738,0.0730421865145,0.0829975871434,0.0000023701600
165469,0.2532116884632,3.8346222147150,0.0062362629940,0.0729223539574,0.0829760295101,0.0000023701600
165749,0.2532173685937,3.8347082342618,0.0062362629940,0.0728972479791,0.0829682802601,0.0000023701600
165830,0.2532247857299,3.8348205589159,0.0061894289738,0.0729457027466,0.0829671031975,0.0000023701600
165872,0.2532268064529,3.8348511606197,0.0061894289738,0.0728825679226,0.0829449880582,0.0000023701600
165956,0.2532164531526,3.8346943708776,0.0061894289738,0.0728858524990,0.0829439425568,0.0000023701600
166051,0.2532118345160,3.8346244265298,0.0062047777069,0.0728662712103,0.0829425375601,0.0000023701600
166325,0.2532141592210,3.8346596317189,0.0062047777069,0.0728148570640,0.0829246735160,0.0000023227568
166806,0.2532003221965,3.8344500846723,0.0061485559476,0.0728441539850,0.0829080765857,0.0000023227568
167103,0.2531893803832,3.8342843825257,0.0061485559476,0.0728273524119,0.0828997313496,0.0000023227568
167139,0.2531883961872,3.8342694779225,0.0061485559476,0.0728130901394,0.0828944267817,0.0000023227568
167266,0.2531912920624,3.8343133328770,0.0061502693201,0.0728062394941,0.0828933349699,0.0000023227568
167369,0.2531880968933,3.8342649454334,0.0060761811065,0.0728785550388,0.0828867251795,0.0000023227568
167494,0.2531856601175,3.8342280430514,0.0061313065278,0.0728014513956,0.0828822911784,0.0000023227568
167653,0.2531959607382,3.8343840350171,0.0061295931552,0.0727399165986,0.0828617874385,0.0000023227568
167666,0.2532087780359,3.8345781393828,0.0060827591350,0.0727852814034,0.0828606639953,0.0000023227568
167842,0.2532066054296,3.8345452375668,0.0061213017542,0.0726595643622,0.0828318177589,0.0000023227568
167959,0.2532050294781,3.8345213714547,0.0061230151267,0.0726449698383,0.0828270020276,0.0000023227568
168058,0.2531988484585,3.8344277664741,0.0061634088494,0.0725837275450,0.0828211168712,0.0000023227568
168130,0.2532026913800,3.8344859634413,0.0061634088494,0.0725377663824,0.0828055256534,0.0000023227568
168383,0.2531962033070,3.8343877084636,0.0061634088494,0.0725094437918,0.0827940201412,0.0000023227568
168440,0.2531880862334,3.8342647840013,0.0061754685683,0.0724975009416,0.0827931839156,0.0000023227568
168540,0.2531828886246,3.8341860717337,0.0061530790308,0.0724768182881,0.0827750879642,0.0000023227568
168595,0.2531916562645,3.8343188483321,0.0061334992040,0.0724732621163,0.0827673053285,0.0000023227568
168710,0.2532089956080,3.8345814342826,0.0061334992040,0.0724598339558,0.0827662251305,0.0000023227568
168749,0.2532084731092,3.8345735215924,0.0061334992040,0.0724455716833,0.0827610194977,0.0000023227568
168869,0.2531940180553,3.8343546151456,0.0061428869431,0.0724261011738,0.0827549915495,0.0000023227568
168877,0.2531901345740,3.8342958039452,0.0061106303629,0.0724625770706,0.0827533622323,0.0000023227568
168970,0.2531998949457,3.8344436144131,0.0061089169903,0.0724336743795,0.0827443970483,0.0000023227568
169072,0.2531924306423,3.8343305754614,0.0061089169903,0.0723804443153,0.0827237868175,0.0000023227568
169169,0.2531888262357,3.8342759905500,0.0061308272242,0.0723500184145,0.0827215381518,0.0000023227568
169172,0.2531865229633,3.8342411099354,0.0061112473974,0.0722869744711,0.0826901375450,0.0000023227568
169217,0.2531796171034,3.8341365280174,0.0059936141778,0.0723673179995,0.0826669375982,0.0000023227568
169223,0.2531837214073,3.8341986833427,0.0059908044671,0.0723069735829,0.0826450613528,0.0000023227568
169226,0.2531898019968,3.8342907674159,0.0059908044671,0.0722438254889,0.0826238114455,0.0000023227568
169233,0.2531894453715,3.8342853667040,0.0060609701043,0.0721291328045,0.0826128443402,0.0000023227568
169243,0.2531887743693,3.8342752050885,0.0060603530698,0.0721262468889,0.0826114054265,0.0000023227568
169315,0.2531825346231,3.8341807107559,0.0060603530698,0.0721216039201,0.0826084101349,0.0000023227568
169341,0.2531813717860,3.8341631008232,0.0060603530698,0.0720607676743,0.0825864337249,0.0000023227568
169434,0.2531792468425,3.8341309208095,0.0060135190496,0.0720036197158,0.0825454966717,0.0000023227568
169452,0.2531791072100,3.8341288062232,0.0060118056770,0.0719666288107,0.0825315214104,0.0000023227568
169831,0.2531736217997,3.8340457355083,0.0060041313104,0.0719691532590,0.0825279585398,0.0000023227568
170289,0.2531653536113,3.8339205225722,0.0060041313104,0.0719623933594,0.0825237725352,0.0000022763017
170315,0.2531578131847,3.8338063308154,0.0060047483449,0.0719115906716,0.0825042773558,0.0000022763017
170529,0.2531524906666,3.8337257269294,0.0060141360840,0.0718959531332,0.0825015752979,0.0000022763017
170649,0.2531537928121,3.8337454465414,0.0060282342205,0.0718452789332,0.0824897984589,0.0000022763017
170680,0.2531608207770,3.8338518776079,0.0060282342205,0.0717834933448,0.0824692381698,0.0000022763017
170692,0.2531771455185,3.8340990984875,0.0060282342205,0.0717586091295,0.0824638491090,0.0000022763017
170754,0.2531815667608,3.8341660535098,0.0059199887400,0.0718771251719,0.0824607327559,0.0000022763017
170819,0.2531770544684,3.8340977196316,0.0059193717055,0.0718492510466,0.0824495463480,0.0000022763017
170929,0.2531710505542,3.8340067967249,0.0059193717055,0.0718480108093,0.0824478168530,0.0000022763017
170960,0.2531644217626,3.8339064107128,0.0059035601965,0.0718370579141,0.0824357082884,0.0000022763017
171017,0.2531638303326,3.8338974541327,0.0059035601965,0.0717215307801,0.0823943218626,0.0000022763017
171383,0.2531669100838,3.8339440936950,0.0058725376853,0.0716505879411,0.0823563497192,0.0000022763017
171613,0.2531659012176,3.8339288154874,0.0059193717055,0.0715851491618,0.0823528342639,0.0000022763017
171703,0.2531698022500,3.8339878924821,0.0059292387482,0.0715341175686,0.0823396733630,0.0000022763017
171733,0.2531646544231,3.8339099341083,0.0059292387482,0.0714730343367,0.0823167548173,0.0000022763017
172098,0.2531610380589,3.8338551681119,0.0058824047280,0.0714979760760,0.0823048159232,0.0000022763017
172252,0.2531648282180,3.8339125660481,0.0058730169889,0.0714951683813,0.0823006020353,0.0000022763017
172478,0.2531716599594,3.8340160255198,0.0058730169889,0.0714265483733,0.0822775588341,0.0000022763017
172512,0.2531777333684,3.8341080008502,0.0058871151253,0.0713888477379,0.0822714378247,0.0000022763017
172560,0.2531795918687,3.8341361458642,0.0058877321598,0.0713371988378,0.0822536544824,0.0000022763017
172989,0.2531595790872,3.8338330735348,0.0059329905383,0.0712728083093,0.0822457658599,0.0000022763017
173033,0.2531712179420,3.8340093316345,0.0059318942003,0.0712590358257,0.0822428712969,0.0000022763017
173059,0.2531657158485,3.8339260082704,0.0059787282205,0.0711601006319,0.0822264300020,0.0000022763017
173273,0.2531533501565,3.8337387429913,0.0060161745016,0.0711136185000,0.0822232278556,0.0000022763017
173287,0.2531458900673,3.8336257678602,0.0060630085218,0.0710616767080,0.0822231503481,0.0000022763017
173622,0.2531504909316,3.8336954430663,0.0059607240353,0.0710865659152,0.0821891890417,0.0000022307756
173690,0.2531348061286,3.8334579133751,0.0059607240353,0.0710788147538,0.0821830597405,0.0000022307756
173728,0.2531370016592,3.8334911623557,0.0058659596568,0.0710782913744,0.0821427299850,0.0000022307756
174118,0.2531286873545,3.8333652510365,0.0058927345466,0.0710511173694,0.0821427182993,0.0000022307756
174277,0.2531265393845,3.8333327223119,0.0059204680436,0.0709873977193,0.0821313867865,0.0000022307756
174421,0.2531297714321,3.8333816682415,0.0059673020638,0.0709232762159,0.0821292505542,0.0000022307756
174627,0.2531240187516,3.8332945500027,0.0058752096650,0.0709866948450,0.0821111991764,0.0000022307756
175066,0.2531322144860,3.8334186656991,0.0058061238382,0.0710120920557,0.0820924176261,0.0000022307756
175159,0.2531276030375,3.8333488302067,0.0057686775571,0.0710520372046,0.0820896471770,0.0000022307756
175170,0.2531331508101,3.8334328453341,0.0057987414612,0.0709028437746,0.0820504371479,0.0000022307756
175535,0.2531370410805,3.8334917593498,0.0057730629094,0.0709263498642,0.0820486607157,0.0000022307756
175702,0.2531385038129,3.8335139108779,0.0058128395976,0.0708651431392,0.0820441617657,0.0000022307756
175738,0.2531424836450,3.8335741812102,0.0058128395976,0.0707701513782,0.0820110889580,0.0000022307756
175974,0.2531409585023,3.8335510845443,0.0057849683697,0.0707579400108,0.0819944561271,0.0000022307756
177252,0.2531241842713,3.8332970566222,0.0058715790781,0.0706348191810,0.0819840087991,0.0000022307756
179930,0.2531351395840,3.8334629632033,0.0059652471186,0.0705113527929,0.0819824046734,0.0000022307756
180170,0.2531344687053,3.8334528034577,0.0058599986628,0.0706106876919,0.0819726311823,0.0000022307756
180511,0.2531359198027,3.8334747787871,0.0058599986628,0.0705198258309,0.0819404914671,0.0000022307756
180601,0.2531306424085,3.8333948582550,0.0058599986628,0.0496782076743,0.0744959255410,0.0000022307756
180687,0.2531317723226,3.8334119696040,0.0057423654432,0.0497366095555,0.0744666112432,0.0000021861601
180742,0.2531425586536,3.8335753171358,0.0056941265676,0.0497367821046,0.0744483104207,0.0000021861601
180793,0.2531477062411,3.8336532718848,0.0057279587895,0.0496754518865,0.0744420093495,0.0000021861601
180866,0.2531565414920,3.8337870723800,0.0057869902595,0.0494837995255,0.0744007545472,0.0000021861601
181713,0.2531477170517,3.8336534355999,0.0058311523000,0.0494152238953,0.0743932988880,0.0000021861601
181916,0.2531371948161,3.8334940875121,0.0058311523000,0.0494210476912,0.0743931240503,0.0000021861601
182191,0.2531264710377,3.8333316872721,0.0058311523000,0.0494264883140,0.0743927691774,0.0000021861601
182558,0.2531303302098,3.8333901303360,0.0058311523000,0.0494210476912,0.0743916530632,0.0000021861601
183147,0.2531018047628,3.8329581427235,0.0057412525774,0.0495135956504,0.0743800648575,0.0000021861601
183160,0.2531016230101,3.8329553902725,0.0056361583802,0.0495894211256,0.0743620660671,0.0000021861601
183161,0.2530918847536,3.8328079147151,0.0056333486696,0.0495506918544,0.0743449432536,0.0000021424369
183559,0.2530821957337,3.8326611847957,0.0056333486696,0.0495435965132,0.0743403329846,0.0000021424369
183676,0.2530844437353,3.8326952283935,0.0056775107101,0.0494802584416,0.0743371205482,0.0000021424369
183723,0.2530842545626,3.8326923635735,0.0056775107101,0.0494568577405,0.0743287226179,0.0000021424369
184784,0.2530804558922,3.8326348367420,0.0056725083232,0.0494612762847,0.0743273427885,0.0000021424369
184841,0.2530756838984,3.8325625699622,0.0056775107101,0.0494450458542,0.0743226675162,0.0000021424369
185932,0.2530841442586,3.8326906931369,0.0057494062475,0.0493200138495,0.0743106385363,0.0000021424369
186198,0.2530899036941,3.8327779136731,0.0057869902595,0.0492664946311,0.0743088661282,0.0000021424369
186377,0.2530989635950,3.8329151162545,0.0057765061823,0.0492642339426,0.0743055069708,0.0000021424369
186521,0.2531026708147,3.8329712581605,0.0058233402025,0.0492057060095,0.0743054702648,0.0000021424369
186531,0.2531146366285,3.8331524677075,0.0057497312925,0.0492276487999,0.0742843244028,0.0000021424369
186552,0.2531215030365,3.8332564521680,0.0057497312925,0.0492175826431,0.0742822007200,0.0000021424369
186567,0.2531232476165,3.8332828719798,0.0057965653127,0.0491596396114,0.0742819523416,0.0000021424369
186793,0.2531246094499,3.8333034955006,0.0057965653127,0.0491562524251,0.0742810344537,0.0000021424369
186861,0.2531243072721,3.8332989193392,0.0057497312925,0.0492100480463,0.0742801107002,0.0000021424369
186976,0.2531312827593,3.8334045556873,0.0057965653127,0.0491396413592,0.0742765319250,0.0000021424369
188210,0.2531342673280,3.8334497538119,0.0057138606531,0.0492168729446,0.0742693093304,0.0000020995882
188226,0.2531294258136,3.8333764342160,0.0057138606531,0.0491251521753,0.0742355144454,0.0000020995882
188795,0.2531309194395,3.8333990535947,0.0057274794859,0.0490711945733,0.0742224005786,0.0000020995882
188957,0.2531360109322,3.8334761588463,0.0057274794859,0.0490663554912,0.0742217633691,0.0000020995882
189086,0.2531179224114,3.8332022274023,0.0056715662438,0.0491389407284,0.0742198477385,0.0000020995882
189208,0.2531163636754,3.8331786219994,0.0056715662438,0.0490976432028,0.0742047646074,0.0000020995882
189250,0.2531165329332,3.8331811852292,0.0057184002640,0.0490253284071,0.0741990458871,0.0000020995882
189417,0.2531225361866,3.8332720981293,0.0057184002640,0.0489973674204,0.0741903462319,0.0000020995882
189530,0.2531225409968,3.8332721709752,0.0057652342843,0.0489281731294,0.0741857067388,0.0000020995882
189809,0.2531285343062,3.8333629332825,0.0057365752355,0.0489490079844,0.0741821495895,0.0000020995882
189915,0.2531291553235,3.8333723379311,0.0056750260444,0.0490198759511,0.0741812144280,0.0000020995882
190000,0.2531230101872,3.8332792763651,0.0056679687123,0.0489949997857,0.0741679886974,0.0000020995882
190273,0.2531134319702,3.8331342244372,0.0057148027325,0.0489231981364,0.0741603644991,0.0000020995882
190311,0.2531123509838,3.8331178540449,0.0057218600646,0.0488635514642,0.0741418550471,0.0000020995882
190886,0.2531247374177,3.8333054334380,0.0057686940848,0.0487643947547,0.0741291678954,0.0000020995882
192044,0.2531226848688,3.8332743497631,0.0057563093210,0.0487702709720,0.0741255189566,0.0000020995882
192205,0.2531209916505,3.8332487077700,0.0058031433412,0.0487032375360,0.0741212873342,0.0000020995882
192723,0.2531266377199,3.8333342114967,0.0057226313577,0.0487788968290,0.0741150132465,0.0000020995882
192801,0.2531318586494,3.8334132769314,0.0056642169222,0.0487794233448,0.0740912853004,0.0000020995882
192862,0.2531315393222,3.8334084410599,0.0056747009994,0.0486547330806,0.0740511778119,0.0000020995882
192924,0.2531366830312,3.8334863370730,0.0057215350196,0.0485640136560,0.0740399519637,0.0000020995882
193201,0.2531376039246,3.8335002830248,0.0056078078488,0.0486972690677,0.0740390003003,0.0000020995882
193246,0.2531377197150,3.8335020365482,0.0056078078488,0.0486160137636,0.0740100053611,0.0000020995882
193269,0.2531310458791,3.8334009683882,0.0056012298203,0.0486257857262,0.0740092460850,0.0000020995882
193334,0.2531389687965,3.8335209525615,0.0056012298203,0.0485965778215,0.0740005124585,0.0000020995882
193415,0.2531450769726,3.8336134544048,0.0056480638405,0.0485364373822,0.0740004143480,0.0000020995882
193888,0.2531432449514,3.8335857103886,0.0056480638405,0.0485136451793,0.0739918816996,0.0000020995882
193913,0.2531537181120,3.8337443152867,0.0056442955227,0.0484492008283,0.0739694951152,0.0000020995882
194137,0.2531577894532,3.8338059714273,0.0056786070481,0.0483941710467,0.0739654189916,0.0000020995882
194498,0.2531709982186,3.8340060041578,0.0056786070481,0.0483293174113,0.0739450874287,0.0000020995882
194552,0.2531728344478,3.8340338118996,0.0056634125736,0.0483452945557,0.0739446751117,0.0000020995882
194652,0.2531713367618,3.8340111310343,0.0056165785534,0.0483704101995,0.0739332523288,0.0000020995882
194888,0.2531650799993,3.8339163790089,0.0056041937896,0.0483833098960,0.0739312108725,0.0000020995882
194892,0.2531655752706,3.8339238793667,0.0055877487183,0.0483965904122,0.0739290121559,0.0000020995882
194894,0.2531650198866,3.8339154686649,0.0055761683030,0.0483511088035,0.0739076866782,0.0000020995882
194972,0.2531619848404,3.8338695061131,0.0056159449912,0.0482767232259,0.0738975171856,0.0000020995882
195477,0.2531659174579,3.8339290614299,0.0056447748263,0.0482115631986,0.0738874440946,0.0000020575964
196490,0.2531718258497,3.8340185377517,0.0056169035984,0.0482233045774,0.0738809587162,0.0000020575964
196687,0.2531765249944,3.8340897013090,0.0056637376186,0.0481431264455,0.0738734023516,0.0000020575964
196967,0.2531792754947,3.8341313547167,0.0056762601134,0.0480756880575,0.0738552733894,0.0000020575964
197817,0.2531754110043,3.8340728311119,0.0056762601134,0.0480475793937,0.0738444064758,0.0000020575964
199050,0.2531794317256,3.8341337206684,0.0056762601134,0.0480193360757,0.0738351811597,0.0000020575964
199126,0.2531910208912,3.8343092262779,0.0057230941336,0.0479538223645,0.0738343385213,0.0000020575964
200463,0.2531971307277,3.8344017532648,0.0057624080459,0.0478976535401,0.0738324362970,0.0000020575964
200917,0.2531987214914,3.8344258436927,0.0057155740257,0.0479310164715,0.0738246207847,0.0000020575964
201506,0.2531998870989,3.8344434955807,0.0056687400054,0.0479796981767,0.0738221851581,0.0000020575964
201654,0.2532120265049,3.8346273339975,0.0057155740257,0.0478804122497,0.0738093989227,0.0000020575964
201669,0.2532249145549,3.8348225098327,0.0057574056591,0.0478142753821,0.0738064681807,0.0000020575964
201743,0.2532285696430,3.8348778622626,0.0057221520541,0.0478282526849,0.0737971346199,0.0000020575964
201817,0.2532195763756,3.8347416687744,0.0057271544410,0.0478172929557,0.0737934371822,0.0000020575964
201858,0.2532265209014,3.8348468362456,0.0056803204207,0.0478234901205,0.0737770668451,0.0000020575964
201926,0.2532228328578,3.8347909847399,0.0056803204207,0.0477949405746,0.0737660802836,0.0000020575964
202241,0.2532205975420,3.8347571332560,0.0056494521681,0.0477871582968,0.0737495926513,0.0000020164445
202260,0.2532262997434,3.8348434870433,0.0056607405939,0.0477408664201,0.0737391196353,0.0000020164445
202476,0.2532261282468,3.8348408899084,0.0056447748263,0.0477561475346,0.0737376979551,0.0000019761156
203013,0.2532250419298,3.8348244387910,0.0056447748263,0.0476885471658,0.0737133221840,0.0000019761156
203085,0.2532311172854,3.8349164436025,0.0056397724394,0.0476318255358,0.0736922224409,0.0000019761156
203439,0.2532281116646,3.8348709266663,0.0056866064597,0.0475681688109,0.0736889155576,0.0000019761156
203673,0.2532229804562,3.8347932199625,0.0056273876756,0.0476279174840,0.0736837753459,0.0000019761156
204037,0.2532173846266,3.8347084770624,0.0055855560422,0.0476692590356,0.0736794132365,0.0000019761156
204911,0.2532213040773,3.8347678329836,0.0056159449912,0.0476124564152,0.0736729903040,0.0000019761156
204982,0.2532218983356,3.8347768323938,0.0056090419178,0.0475642705071,0.0736529499321,0.0000019761156
205021,0.2532240775118,3.8348098337047,0.0055936931846,0.0475762651300,0.0736511226638,0.0000019761156
205169,0.2532209033088,3.8347617637694,0.0056051358690,0.0474951506675,0.0736263770342,0.0000019761156
205311,0.2532194775081,3.8347401715318,0.0056051358690,0.0474701764796,0.0736171521526,0.0000019761156
205475,0.2532181467642,3.8347200188274,0.0055583018488,0.0474978303916,0.0736066716674,0.0000019761156
205801,0.2532212880283,3.8347675899378,0.0055539164965,0.0474599922209,0.0735919517263,0.0000019761156
206267,0.2532214728145,3.8347703883289,0.0055070824762,0.0475152203488,0.0735916439318,0.0000019761156
206422,0.2532119360656,3.8346259643900,0.0054652508428,0.0475561914213,0.0735863050257,0.0000019761156
207023,0.2532173576195,3.8347080680684,0.0055347994455,0.0474385827984,0.0735752702517,0.0000019761156
207091,0.2532243305518,3.8348136657264,0.0055347994455,0.0474163750086,0.0735688330980,0.0000019761156
207617,0.2532224661853,3.8347854318746,0.0055766310789,0.0473501643024,0.0735627147529,0.0000019761156
208975,0.2532177579021,3.8347141299246,0.0055412397431,0.0473762974497,0.0735558713867,0.0000019761156
209183,0.2532205021278,3.8347556883096,0.0055766310789,0.0473085351001,0.0735474263112,0.0000019761156
209509,0.2532195539443,3.8347413290772,0.0055816334657,0.0472885464337,0.0735422281997,0.0000019761156
210477,0.2532258431379,3.8348365722369,0.0056284674860,0.0472257736947,0.0735412287716,0.0000019365933
211858,0.2532241441902,3.8348108434774,0.0055474761989,0.0472163912203,0.0735028032761,0.0000019365933
212080,0.2532259827763,3.8348386869122,0.0055322817244,0.0472260381798,0.0735001306839,0.0000019365933
212173,0.2532225530953,3.8347867480339,0.0055589188833,0.0471345294027,0.0734781299713,0.0000019365933
212306,0.2532248561952,3.8348216260383,0.0055222769507,0.0471392244824,0.0734645966216,0.0000019365933
212425,0.2532267635815,3.8348505113789,0.0055576682866,0.0470714621327,0.0734559722234,0.0000019365933
213361,0.2532285905411,3.8348781787414,0.0055567262071,0.0470081261118,0.0734333399589,0.0000019365933
213468,0.2532346082475,3.8349693105165,0.0056035602273,0.0469445213398,0.0734319852004,0.0000019365933
213510,0.2532364852031,3.8349977350169,0.0056204680744,0.0468713719443,0.0734135088412,0.0000019365933
213714,0.2532292530957,3.8348882124279,0.0056204680744,0.0468619966218,0.0734086107745,0.0000019365933
215242,0.2532147369731,3.8346683811614,0.0056622997078,0.0467956382385,0.0733997285971,0.0000019365933
216025,0.2532441247886,3.8351134284286,0.0055723999852,0.0468146734898,0.0733742958376,0.0000019365933
216225,0.2532433477422,3.8351016608865,0.0056192340054,0.0467481012345,0.0733704252451,0.0000019365933
216657,0.2532502249683,3.8352058091743,0.0056638753495,0.0466594112650,0.0733593559519,0.0000019365933
216703,0.2532539549191,3.8352622953203,0.0056638753495,0.0466111724722,0.0733429270868,0.0000019365933
216741,0.2532485754226,3.8351808285562,0.0056046565654,0.0466706811700,0.0733376479650,0.0000019365933
217348,0.2532507752782,3.8352141430338,0.0056046565654,0.0466545641482,0.0733323632834,0.0000018978614
217561,0.2532498302275,3.8351998312451,0.0055794407896,0.0466796510553,0.0733303136212,0.0000018978614
217604,0.2532422985221,3.8350857715614,0.0055598609627,0.0467004891342,0.0733277505010,0.0000018978614
217716,0.2532444253124,3.8351179795437,0.0055308933968,0.0467330704160,0.0733274277427,0.0000018978614
218172,0.2532517175144,3.8352284122018,0.0055308933968,0.0467236027953,0.0733256090643,0.0000018978614
218178,0.2532454884172,3.8351340791361,0.0055183709020,0.0467169878576,0.0733165449965,0.0000018978614
218602,0.2532526870667,3.8352430950418,0.0055935554537,0.0466093917939,0.0733118823494,0.0000018978614
218610,0.2532580449459,3.8353242344346,0.0055935554537,0.0465998247232,0.0733096136554,0.0000018978614
218620,0.2532572028692,3.8353114820768,0.0055935554537,0.0465985844858,0.0733089902685,0.0000018978614
218627,0.2532537465230,3.8352591393829,0.0056403894739,0.0465318094561,0.0733044731209,0.0000018978614
218659,0.2532673718473,3.8354654804545,0.0056225230197,0.0464645586653,0.0732757176419,0.0000018978614
218688,0.2532791069141,3.8356431955829,0.0056693570399,0.0463903043299,0.0732717846165,0.0000018978614
218731,0.2532719228836,3.8355344010679,0.0056533912723,0.0464007634048,0.0732671380935,0.0000018978614
218811,0.2532720634056,3.8355365291240,0.0057002252925,0.0463232976151,0.0732595735748,0.0000018978614
218813,0.2532776339218,3.8356208886788,0.0057002252925,0.0462814729737,0.0732458298849,0.0000018978614
218816,0.2532786949448,3.8356369567455,0.0057002252925,0.0462724440366,0.0732428326266,0.0000018978614
219074,0.2532788194419,3.8356388421218,0.0057002252925,0.0462303004897,0.0732278080378,0.0000018978614
219167,0.2532781448160,3.8356286256290,0.0057470593127,0.0461654623836,0.0732245787316,0.0000018978614
219369,0.2532845120087,3.8357250500035,0.0057470593127,0.0461399089361,0.0732168168988,0.0000018978614
220052,0.2532848149141,3.8357296371845,0.0056442955227,0.0460652237005,0.0731461668843,0.0000018978614
220210,0.2532798695125,3.8356547443260,0.0056455461194,0.0459877025319,0.0731179569938,0.0000018978614
220440,0.2532861955904,3.8357505460609,0.0056306766898,0.0459935060779,0.0731150126643,0.0000018978614
220522,0.2532886205791,3.8357872699407,0.0056295803518,0.0459798310081,0.0731101784920,0.0000018978614
220573,0.2532958829184,3.8358972503593,0.0056295803518,0.0459331711050,0.0730950704565,0.0000018978614
220976,0.2533004882409,3.8359669930796,0.0056067115107,0.0459350476354,0.0730869265689,0.0000018978614
221165,0.2532937982449,3.8358656801923,0.0055467214335,0.0460019646616,0.0730836819031,0.0000018978614
221289,0.2532870309176,3.8357631962042,0.0055608195699,0.0459732229333,0.0730780089171,0.0000018978614
221496,0.2532745179520,3.8355737006241,0.0056015548652,0.0459052566879,0.0730685118919,0.0000018978614
221836,0.2532741946519,3.8355688045868,0.0056015548652,0.0458889351827,0.0730626135043,0.0000018599042
221879,0.2532789750853,3.8356411991757,0.0056076535901,0.0458690741658,0.0730591584018,0.0000018599042
221935,0.2532835443118,3.8357103952601,0.0056076535901,0.0458269821926,0.0730451046742,0.0000018599042
222109,0.2532888889128,3.8357913335687,0.0056544876104,0.0457607745515,0.0730426760827,0.0000018599042
222172,0.2532957623644,3.8358954246966,0.0056544876104,0.0456925944341,0.0730197989233,0.0000018599042
222274,0.2532955371255,3.8358920136929,0.0057013216306,0.0456166903365,0.0730127137745,0.0000018599042
222299,0.2532973513958,3.8359194888904,0.0056670101051,0.0456475975060,0.0730094358820,0.0000018599042
222338,0.2533002300851,3.8359630835838,0.0056837802213,0.0456047958025,0.0730019536140,0.0000018599042
222646,0.2533062105856,3.8360536519152,0.0057180917468,0.0455054761839,0.0729824687969,0.0000018599042
222671,0.2532955436823,3.8358921129881,0.0057152820361,0.0454950011803,0.0729752377975,0.0000018599042
222675,0.2532996361816,3.8359540895456,0.0056045353622,0.0456217169532,0.0729739075346,0.0000018599042
222836,0.2532953707677,3.8358894943811,0.0056045353622,0.0456166644498,0.0729711890518,0.0000018599042
222979,0.2532882999530,3.8357824143985,0.0056513693825,0.0455611935625,0.0729699345690,0.0000018599042
223013,0.2532975109154,3.8359219046456,0.0056513693825,0.0454141954207,0.0729194090103,0.0000018599042
223281,0.2532996334178,3.8359540476918,0.0056513693825,0.0453978354277,0.0729140209776,0.0000018599042
223290,0.2533006286454,3.8359691193560,0.0056982034027,0.0453218759512,0.0729071775791,0.0000018599042
223354,0.2533113116255,3.8361309017499,0.0055822835556,0.0453976497093,0.0728868489112,0.0000018599042
223584,0.2533168598859,3.8362149242626,0.0055829005901,0.0453398228723,0.0728676498257,0.0000018599042
223922,0.2533229826636,3.8363076472310,0.0055528366861,0.0453522514462,0.0728605160956,0.0000018599042
224042,0.2533211550932,3.8362799706183,0.0055996707063,0.0452714087673,0.0728513238110,0.0000018227061
224204,0.2533319622766,3.8364436339382,0.0056465047266,0.0451948490896,0.0728463686170,0.0000018227061
224217,0.2533317270584,3.8364400718076,0.0056847223008,0.0450517669064,0.0728115963937,0.0000018227061
224401,0.2533409181948,3.8365792618107,0.0056447913540,0.0450676102270,0.0728021109888,0.0000018227061
224561,0.2533386028823,3.8365441988608,0.0056916253742,0.0449992809446,0.0727972832582,0.0000018227061
224674,0.2533495268150,3.8367096302248,0.0055757055272,0.0450748927219,0.0727769483727,0.0000018227061
224976,0.2533421603765,3.8365980733343,0.0056638918772,0.0449157794576,0.0727563378343,0.0000018227061
225711,0.2533534522432,3.8367690766678,0.0057107258975,0.0448386380383,0.0727512787361,0.0000018227061
226191,0.2533561255033,3.8368095603550,0.0057107258975,0.0448357522531,0.0727508209400,0.0000018227061
226982,0.2533371494133,3.8365221876157,0.0055930926778,0.0449052878626,0.0727211745443,0.0000018227061
227218,0.2533387306093,3.8365461331509,0.0056399266981,0.0448172760039,0.0727101522883,0.0000018227061
228039,0.2533328896745,3.8364576783944,0.0055758597858,0.0448852696887,0.0727057268701,0.0000018227061
228134,0.2533256805600,3.8363485040088,0.0056220767715,0.0448007564738,0.0726938060484,0.0000018227061
228198,0.2533324997619,3.8364517735826,0.0055855725699,0.0448099269044,0.0726828978019,0.0000018227061
228281,0.2533338715090,3.8364725472354,0.0056324065901,0.0447409944130,0.0726786447238,0.0000018227061
228746,0.2533309465062,3.8364282511735,0.0057376550459,0.0445976560870,0.0726719321592,0.0000018227061
230110,0.2533351791239,3.8364923496758,0.0057099215489,0.0445606896634,0.0726477510702,0.0000018227061
230561,0.2533331627190,3.8364618133629,0.0057534665549,0.0444683212369,0.0726329924050,0.0000018227061
230722,0.2533357768129,3.8365014010407,0.0057047483758,0.0445220389469,0.0726318582448,0.0000018227061
230790,0.2533365719175,3.8365134420548,0.0057047483758,0.0444130637017,0.0725931088940,0.0000018227061
230802,0.2533314766788,3.8364362800739,0.0056579143555,0.0444706581495,0.0725925147798,0.0000018227061
230815,0.2533303464030,3.8364191632476,0.0057190007708,0.0443838126896,0.0725874362344,0.0000018227061
231618,0.2533293634966,3.8364042781730,0.0057113264042,0.0443805781901,0.0725827814190,0.0000017862520
233710,0.2533183350182,3.8362372635753,0.0056176583638,0.0444304251989,0.0725580772308,0.0000017862520
235438,0.2533174108858,3.8362232685718,0.0056541625654,0.0443621152633,0.0725491274547,0.0000017862520
236813,0.2533144636133,3.8361786352583,0.0056823588383,0.0442924673172,0.0725357057468,0.0000017862520
236816,0.2533133712970,3.8361620932881,0.0056926886569,0.0442722281850,0.0725326704827,0.0000017862520
237833,0.2533131069682,3.8361580903089,0.0056251784717,0.0443334282320,0.0725255380639,0.0000017862520
237878,0.2533176169223,3.8362263887757,0.0056001169545,0.0443321879947,0.0725153208905,0.0000017862520
237882,0.2533190032838,3.8362473837492,0.0055777274170,0.0443432484299,0.0725099726074,0.0000017862520
238028,0.2533179668843,3.8362316885792,0.0056245614372,0.0442680404201,0.0725029622412,0.0000017862520
238404,0.2533195521433,3.8362556956429,0.0056713954575,0.0441975923648,0.0724982136428,0.0000017862520
238409,0.2533184407153,3.8362388642462,0.0056742051681,0.0441912852448,0.0724969270985,0.0000017862520
238869,0.2533238283239,3.8363204538596,0.0056273711479,0.0442208424847,0.0724885660202,0.0000017505269
239521,0.2533174158253,3.8362233433754,0.0056742051681,0.0441501990169,0.0724820338264,0.0000017505269
240489,0.2533237055844,3.8363185950989,0.0056742051681,0.0441240975046,0.0724740596632,0.0000017505269
240690,0.2533257211311,3.8363491184140,0.0056987873818,0.0440826996698,0.0724702418595,0.0000017505269
240839,0.2533306726930,3.8364241045635,0.0056884575632,0.0440209024946,0.0724448054236,0.0000017505269
241165,0.2533294121005,3.8364050142275,0.0056622997078,0.0440307369842,0.0724368371050,0.0000017505269
241211,0.2533268270668,3.8363658666367,0.0056356625489,0.0440547106420,0.0724334292646,0.0000017505269
241226,0.2533265800544,3.8363621258962,0.0056187547019,0.0440376602231,0.0724200406779,0.0000017505269
241291,0.2533286707920,3.8363937878977,0.0056187547019,0.0440312240196,0.0724181900489,0.0000017505269
241439,0.2533151836058,3.8361895387798,0.0056187547019,0.0440312240196,0.0724152999376,0.0000017505269
241518,0.2533189681690,3.8362468519721,0.0055864981216,0.0440525850654,0.0724099156117,0.0000017505269
241629,0.2533120920461,3.8361427203908,0.0054870233458,0.0440976353854,0.0723818995100,0.0000017505269
241630,0.2533207938184,3.8362744994948,0.0055338573660,0.0440257640644,0.0723781675695,0.0000017505269
241761,0.2533228051137,3.8363049584267,0.0055114678285,0.0440165976317,0.0723657293193,0.0000017505269
241904,0.2533236462330,3.8363176962859,0.0054614990527,0.0440446844283,0.0723545253683,0.0000017155164
241911,0.2533222188891,3.8362960806780,0.0054455332851,0.0439760591038,0.0723228679926,0.0000017155164
241954,0.2533266614993,3.8363633592924,0.0054287631689,0.0439692057258,0.0723141851529,0.0000017155164
241957,0.2533247653543,3.8363346441889,0.0053944516434,0.0439965954721,0.0723088559488,0.0000017155164
241971,0.2533191072460,3.8362489581455,0.0054167034500,0.0439117336733,0.0722868722003,0.0000017155164
241972,0.2533174834808,3.8362243679454,0.0054412856637,0.0438632843573,0.0722797561579,0.0000017155164
242213,0.2533207229298,3.8362734259614,0.0054412856637,0.0438410765675,0.0722725189720,0.0000017155164
242361,0.2533185290332,3.8362402017269,0.0054287631689,0.0438415782054,0.0722668612243,0.0000017155164
242851,0.2533197103056,3.8362580908432,0.0054456710160,0.0437898943899,0.0722559020687,0.0000017155164
243006,0.2533215411874,3.8362858176044,0.0054456710160,0.0437827778143,0.0722537527664,0.0000017155164
243222,0.2533191976697,3.8362503275175,0.0054831172971,0.0437364586876,0.0722527564450,0.0000017155164
243422,0.2533186626021,3.8362422244858,0.0054995623683,0.0436898206555,0.0722430332353,0.0000017155164
243482,0.2533180717386,3.8362332764858,0.0054749801546,0.0436862156768,0.0722310838948,0.0000017155164
243686,0.2533068565520,3.8360634343900,0.0054472466576,0.0437061185896,0.0722239030393,0.0000017155164
243711,0.2533066410220,3.8360601704173,0.0054804453173,0.0436340485412,0.0722123455483,0.0000017155164
243833,0.2533052944993,3.8360397787603,0.0055398183600,0.0435473002472,0.0722065210638,0.0000017155164
244144,0.2533039486560,3.8360193973931,0.0055462421299,0.0435000244041,0.0721921014834,0.0000017155164
244191,0.2532953423093,3.8358890634082,0.0055174122948,0.0435072413997,0.0721804791211,0.0000017155164
244235,0.2532877070385,3.8357734353372,0.0055207013091,0.0435047761100,0.0721793721086,0.0000017155164
244280,0.2532930375398,3.8358541601213,0.0055207013091,0.0434751265719,0.0721699252381,0.0000017155164
244326,0.2532930750977,3.8358547288960,0.0055277586411,0.0434583271541,0.0721669580651,0.0000017155164
244600,0.2532976572945,3.8359241214012,0.0055097544560,0.0434420812214,0.0721544217662,0.0000017155164
245396,0.2532969406261,3.8359132682198,0.0054803075864,0.0434699410744,0.0721515980549,0.0000017155164
245707,0.2532959953129,3.8358989524547,0.0054803075864,0.0434580236935,0.0721471392803,0.0000016812061
246005,0.2533021847239,3.8359926845130,0.0054814039245,0.0434489187895,0.0721456836904,0.0000016812061
246347,0.2532950313508,3.8358843542713,0.0055282379447,0.0433474985096,0.0721280010192,0.0000016812061
247460,0.2533007826663,3.8359714518393,0.0055750719650,0.0432662866379,0.0721203009270,0.0000016812061
247649,0.2533045625785,3.8360286945972,0.0055442037124,0.0431882301399,0.0720800043364,0.0000016812061
249812,0.2533008918807,3.8359731057758,0.0055044270242,0.0431920748063,0.0720635437013,0.0000016812061
249836,0.2533012994961,3.8359792786781,0.0055290092378,0.0431483320226,0.0720585438592,0.0000016812061
250146,0.2532977189063,3.8359250544473,0.0055687859260,0.0431006653548,0.0720577999321,0.0000016812061
250846,0.2532995852454,3.8359533181716,0.0055279128998,0.0430843843579,0.0720348682089,0.0000016812061
250991,0.2533029241367,3.8360038821347,0.0055747469200,0.0430230541398,0.0720337517592,0.0000016812061
251631,0.2533107647238,3.8361226195033,0.0055642628428,0.0430303482682,0.0720335437549,0.0000016812061
252445,0.2533109511096,3.8361254421181,0.0055506274822,0.0430137533339,0.0720218132065,0.0000016812061
253203,0.2533156918500,3.8361972355989,0.0055974615024,0.0429324860834,0.0720138767844,0.0000016475820
254582,0.2533217219463,3.8362885550058,0.0054992538510,0.0430199952192,0.0720043332172,0.0000016475820
254830,0.2533194933502,3.8362548052838,0.0054992538510,0.0430004481128,0.0719968745515,0.0000016475820
254919,0.2533218959742,3.8362911904746,0.0055473384680,0.0429262241993,0.0719914885519,0.0000016475820
255097,0.2533259825199,3.8363530768697,0.0055473384680,0.0427579272145,0.0719322581743,0.0000016475820
255723,0.2533312915991,3.8364334772388,0.0055254117064,0.0427083388140,0.0719062885075,0.0000016475820
256637,0.2533449197292,3.8366398608016,0.0055526658998,0.0426609988087,0.0719039820450,0.0000016475820
256999,0.2533506947204,3.8367273169134,0.0055341824110,0.0426703828330,0.0719006494852,0.0000016475820
257236,0.2533513865501,3.8367377939388,0.0056060779485,0.0425780049262,0.0718986179980,0.0000016475820
257497,0.2533535980288,3.8367712844360,0.0055877652461,0.0425807573346,0.0718922265883,0.0000016475820
257534,0.2533544881974,3.8367847650951,0.0055127349530,0.0425977218322,0.0718663202479,0.0000016475820
257602,0.2533609948148,3.8368833009086,0.0054751344133,0.0425885133223,0.0718483112525,0.0000016475820
257619,0.2533603884096,3.8368741175448,0.0054997166269,0.0425400640063,0.0718414132158,0.0000016475820
258544,0.2533644708653,3.8369359420032,0.0055488975819,0.0424736437967,0.0718396440765,0.0000016475820
258620,0.2533576201085,3.8368321945644,0.0055488975819,0.0423978012051,0.0718110894173,0.0000016475820
258741,0.2533556662347,3.8368026052193,0.0055258744822,0.0424216735281,0.0718093295170,0.0000016475820
258819,0.2533519501811,3.8367463295330,0.0055258744822,0.0424204806167,0.0718081071800,0.0000016475820
259077,0.2533551610036,3.8367949540305,0.0055874402011,0.0423205518300,0.0717994916691,0.0000016475820
259086,0.2533534606388,3.8367692038106,0.0055628579874,0.0422999429501,0.0717812317565,0.0000016475820
259557,0.2533529104992,3.8367608725300,0.0055514153030,0.0422994413121,0.0717760307055,0.0000016475820
259794,0.2533543218925,3.8367822465836,0.0055208720954,0.0422824799136,0.0717571855584,0.0000016475820
260128,0.2533669566656,3.8369735868088,0.0055208720954,0.0422062095779,0.0717326536042,0.0000016146303
260724,0.2533526354683,3.8367567074789,0.0055083496006,0.0422202776376,0.0717292422998,0.0000016146303
260740,0.2533454814897,3.8366483680677,0.0055329318143,0.0421736036680,0.0717215752639,0.0000016146303
260815,0.2533524328162,3.8367536385288,0.0055210263540,0.0421266180913,0.0717011819307,0.0000016146303
261407,0.2533590141204,3.8368533053934,0.0055083496006,0.0420793209076,0.0716802674645,0.0000016146303
261425,0.2533654621731,3.8369509543071,0.0055551836209,0.0420112898399,0.0716774241032,0.0000016146303
262335,0.2533613012146,3.8368879410074,0.0055404519222,0.0420022504627,0.0716669905350,0.0000016146303
262509,0.2533633950888,3.8369196505102,0.0055872859425,0.0418881982373,0.0716467780077,0.0000016146303
262651,0.2533650086729,3.8369440865277,0.0055177373398,0.0419113997239,0.0716256034769,0.0000016146303
262933,0.2533728062649,3.8370621727815,0.0055177373398,0.0418891919341,0.0716193430360,0.0000016146303
263064,0.2533717397783,3.8370460219731,0.0055183543743,0.0418403940342,0.0716019511251,0.0000016146303
263910,0.2533715294089,3.8370428361522,0.0054295509897,0.0419278773544,0.0715950914955,0.0000016146303
264224,0.2533680971046,3.8369908575467,0.0054376881322,0.0418273546316,0.0715619423760,0.0000016146303
264513,0.2533654729622,3.8369511176961,0.0054752886719,0.0417537200986,0.0715511965293,0.0000016146303
266689,0.2533669728457,3.8369738318399,0.0054839051179,0.0417333788121,0.0715479459504,0.0000016146303
267186,0.2533662062743,3.8369622229297,0.0055307391381,0.0416556482914,0.0715400925078,0.0000016146303
272089,0.2533615119227,3.8368911319576,0.0055369921217,0.0415809602936,0.0715150921404,0.0000015823377
272226,0.2533638240853,3.8369261472067,0.0055369921217,0.0415119521639,0.0714909418433,0.0000015823377
273051,0.2533694992307,3.8370120912592,0.0054763850100,0.0415243179114,0.0714705998078,0.0000015506910
274841,0.2533560395463,3.8368082586277,0.0055514153030,0.0414006350257,0.0714556989704,0.0000015196771
274911,0.2533525986087,3.8367561492792,0.0055514153030,0.0414006350257,0.0714549616266,0.0000015196771
275928,0.2533505684824,3.8367254051722,0.0055514153030,0.0414004562480,0.0714544627504,0.0000015196771
277013,0.2533439922846,3.8366258156376,0.0055514153030,0.0414004562480,0.0714530535652,0.0000015196771
277743,0.2533433833018,3.8366165932397,0.0055514153030,0.0413797205915,0.0714455174772,0.0000015196771
278170,0.2533430071013,3.8366108960832,0.0055252574477,0.0413789698164,0.0714339582195,0.0000015196771
278214,0.2533472150375,3.8366746208095,0.0054875191771,0.0414018009151,0.0714268403393,0.0000015196771
278353,0.2533472791175,3.8366755912335,0.0055343531973,0.0413090180564,0.0714137890585,0.0000015196771
278676,0.2533499234417,3.8367156367162,0.0055811872176,0.0412395549084,0.0714096191552,0.0000015196771
278776,0.2533517016006,3.8367425650444,0.0055811872176,0.0412184600860,0.0714024663241,0.0000015196771
279324,0.2533726367817,3.8370596061372,0.0056280212378,0.0411428382583,0.0714000163617,0.0000015196771
280207,0.2533680427364,3.8369900341986,0.0056748552580,0.0410634521402,0.0713907514613,0.0000015196771
280490,0.2533678034999,3.8369864112152,0.0056748552580,0.0410602783070,0.0713895666845,0.0000015196771
280546,0.2533684300626,3.8369958998431,0.0056748552580,0.0410389862996,0.0713820966596,0.0000015196771
280608,0.2533762914555,3.8371149522930,0.0056280212378,0.0410868266413,0.0713807953571,0.0000015196771
280692,0.2533696853679,3.8370149101095,0.0056280212378,0.0410780076196,0.0713762301163,0.0000015196771
280800,0.2533628540562,3.8369114571450,0.0055811872176,0.0411270687790,0.0713722163835,0.0000015196771
280887,0.2533677975469,3.8369863210641,0.0056280212378,0.0410564832230,0.0713681382987,0.0000015196771
281231,0.2533665116931,3.8369668481734,0.0056677979260,0.0410043054352,0.0713662749865,0.0000015196771
281412,0.2533671786577,3.8369769486437,0.0056085791419,0.0410714815052,0.0713650298821,0.0000015196771
281555,0.2533713993792,3.8370408669900,0.0056554131621,0.0409349759010,0.0713372540440,0.0000015196771
282086,0.2533715451918,3.8370430751673,0.0056624704942,0.0409173665793,0.0713340208169,0.0000014892836
286592,0.2533738958074,3.8370786727460,0.0055847682213,0.0409811883189,0.0713240170246,0.0000014892836
286811,0.2533745518939,3.8370886084795,0.0055847682213,0.0409173665793,0.0713013641362,0.0000014892836
294176,0.2533816951393,3.8371967853478,0.0055847682213,0.0409086910788,0.0712997964386,0.0000014594979
308049,0.2533738152615,3.8370774529626,0.0055847682213,0.0409086910788,0.0712981078933,0.0000014017018
311872,0.2533540608782,3.8367782937993,0.0055908834740,0.0408781945466,0.0712856040151,0.0000013736678
312126,0.2533482295320,3.8366899842522,0.0055908834740,0.0408517493119,0.0712749097143,0.0000013736678
315149,0.2533473389858,3.8366764978748,0.0055908834740,0.0408475633601,0.0712732239001,0.0000013736678
322089,0.2533445188757,3.8366337903013,0.0055113135699,0.0408984893416,0.0712567060539,0.0000013461944
322568,0.2533399615067,3.8365647737861,0.0055113135699,0.0408949389233,0.0712544614683,0.0000013461944
325118,0.2533462048164,3.8366593220826,0.0055412232154,0.0408167975193,0.0712407100956,0.0000013461944
332406,0.2533448753117,3.8366391881465,0.0055623786839,0.0407858970243,0.0712384559400,0.0000012928851
339768,0.2533565081756,3.8368153555208,0.0055026971239,0.0408406532309,0.0712349266732,0.0000012670274
340396,0.2533501395957,3.8367189101390,0.0055495311441,0.0407548618751,0.0712229939305,0.0000012670274
341055,0.2533511201691,3.8367337598811,0.0055473384680,0.0407459946263,0.0712190974605,0.0000012670274
344319,0.2533531601774,3.8367646536416,0.0055554756104,0.0407283428019,0.0712167177289,0.0000012670274
346449,0.2533508764174,3.8367300685207,0.0055554756104,0.0407236920715,0.0712145673766,0.0000012670274
350889,0.2533591351312,3.8368551379746,0.0055523408548,0.0406923876137,0.0712038134708,0.0000012416869
351816,0.2533557945291,3.8368045481023,0.0055523408548,0.0406658316213,0.0711936133445,0.0000012416869
352005,0.2533524722602,3.8367542358656,0.0055055068346,0.0407208927140,0.0711924943827,0.0000012416869
352301,0.2533514962801,3.8367394556842,0.0055293177551,0.0406391336761,0.0711732902680,0.0000012416869
353370,0.2533525049398,3.8367547307639,0.0054824837349,0.0406941148180,0.0711730708085,0.0000012416869
354377,0.2533534072972,3.8367683960085,0.0054824837349,0.0406909409847,0.0711721306589,0.0000012168531
354463,0.2533535085387,3.8367699292042,0.0055293177551,0.0406211538751,0.0711673001087,0.0000012168531
360398,0.2533590539358,3.8368539083566,0.0055412232154,0.0405941904842,0.0711639609658,0.0000012168531
361513,0.2533556393277,3.8368021977419,0.0055412232154,0.0405853119277,0.0711600583510,0.0000011925161
366175,0.2533441057612,3.8366275341206,0.0055412232154,0.0405853119277,0.0711575868724,0.0000011925161
366527,0.2533438882939,3.8366242408090,0.0055532829342,0.0405581881244,0.0711530216507,0.0000011925161
368664,0.2533415561531,3.8365889230124,0.0055112970422,0.0405309223684,0.0711247901825,0.0000011686657
369186,0.2533410905118,3.8365818713691,0.0055172580362,0.0405124485952,0.0711206473377,0.0000011686657
374472,0.2533372121984,3.8365231384295,0.0055172580362,0.0405035146597,0.0711166255794,0.0000011686657
647670,0.2533349878917,3.8364894536670,0.0055172580362,0.0405035146597,0.0711161489422,0.0000005423519
