0,0.2063240533919,3.124558757017,0.5553584234398,0.3201241934734,0.3965531191558,100000
1,0.2063224875866,3.124535044558,0.5552407902202,0.3200864645633,0.3964888947784,100000.0000000000000
141978,0.2541837188858,3.8493425835670,0.0071930741492,0.8629363273242,0.3657422312981,0.0000024678884
141983,0.2541783221597,3.8492608558791,0.0071930741492,0.8627397655389,0.3656708742192,0.0000024678884
142035,0.2541786544012,3.8492658873239,0.0071925948456,0.8627373233424,0.3656698677849,0.0000024678884
142053,0.2541732970775,3.8491847563448,0.0071774003711,0.8627177421296,0.3656552145791,0.0000024678884
142060,0.2541790286534,3.8492715549775,0.0071774003711,0.8627041757077,0.3656515976232,0.0000024678884
142131,0.2541810216169,3.8493017362931,0.0071379487279,0.8627217515727,0.3656413939344,0.0000024678884
142239,0.2541780436406,3.8492566380040,0.0071305663508,0.8626526040016,0.3656128963596,0.0000024678884
142251,0.2541819528408,3.8493158386906,0.0071774003711,0.8625927554083,0.3656124312707,0.0000024678884
142406,0.2541818762483,3.8493146787779,0.0071404333936,0.8626186697883,0.3656058270034,0.0000024678884
142512,0.2541756481112,3.8492203602545,0.0071196029700,0.8626231147837,0.3655971525766,0.0000024678884
142589,0.2541812790476,3.8493056348078,0.0071664369903,0.8625631851999,0.3655970275060,0.0000024678884
142694,0.2541826060560,3.8493257309420,0.0071539144955,0.8625636868379,0.3655921242379,0.0000024678884
142700,0.2541809598144,3.8493008003604,0.0071572035097,0.8625530927903,0.3655893974609,0.0000024678884
142713,0.2541753488541,3.8492158283234,0.0071355852654,0.8625555140109,0.3655797948721,0.0000024678884
142778,0.2541732167031,3.8491835391588,0.0071022323471,0.8625782012387,0.3655731464561,0.0000024678884
142857,0.2541720034393,3.8491651655674,0.0070843658928,0.8625802231455,0.3655659515288,0.0000024678884
142963,0.2541738360170,3.8491929180114,0.0071332383306,0.8625009862106,0.3655589906491,0.0000024678884
142971,0.2541659345644,3.8490732588995,0.0071512425158,0.8624791745649,0.3655572236866,0.0000024678884
142977,0.2541712470428,3.8491537107454,0.0071669162938,0.8624342961554,0.3655490514049,0.0000024678884
142987,0.2541725068255,3.8491727888173,0.0071489121087,0.8624414509238,0.3655441605534,0.0000024678884
143003,0.2541738642120,3.8491933449941,0.0071363896139,0.8624419525617,0.3655392637949,0.0000024678884
143049,0.2541785210862,3.8492638684105,0.0071832236341,0.8623729450848,0.3655356878920,0.0000024678884
143147,0.2541694104104,3.8491258968970,0.0071229085120,0.8624502090709,0.3655354805470,0.0000024678884
143171,0.2541716300358,3.8491595107677,0.0070760744918,0.8624707969254,0.3655232372632,0.0000024678884
143189,0.2541696149603,3.8491289945876,0.0070694964633,0.8624784900391,0.3655227338469,0.0000024678884
143202,0.2541727753084,3.8491768547052,0.0071006567054,0.8623802166930,0.3655016678302,0.0000024678884
143212,0.2541761635460,3.8492281659661,0.0071474907256,0.8623210982333,0.3655013518685,0.0000024678884
143271,0.2541805678127,3.8492948639109,0.0071268145607,0.8623310761182,0.3654969979567,0.0000024678884
143314,0.2541841547119,3.8493491836910,0.0070325129581,0.8624404426189,0.3654964110699,0.0000024678884
143338,0.2541943615942,3.8495037560878,0.0070793469783,0.8622462083739,0.3654493006087,0.0000024678884
143371,0.2542002035237,3.8495922259089,0.0070527098194,0.8622674807300,0.3654467337955,0.0000024678884
143591,0.2542014347077,3.8496108708829,0.0070527098194,0.8622598726005,0.3654442804316,0.0000024678884
143641,0.2541989090056,3.8495726218066,0.0070370360413,0.8621908828566,0.3654123826820,0.0000024678884
143808,0.2541985293692,3.8495668726156,0.0070069721372,0.8622177007419,0.3654089946172,0.0000024678884
143906,0.2541930574056,3.8494840055357,0.0070538061575,0.8621459781324,0.3654022785588,0.0000024678884
143919,0.2541949494078,3.8495126579010,0.0070248385915,0.8621443317469,0.3653896813219,0.0000024678884
144009,0.2541654255965,3.8490655511212,0.0070325129581,0.8621523101706,0.3653894932422,0.0000024678884
144034,0.2541686294079,3.8491140694439,0.0070591501170,0.8620854318045,0.3653777105677,0.0000024678884
144036,0.2541686371527,3.8491141867307,0.0070325129581,0.8621067041606,0.3653738935721,0.0000024678884
144053,0.2541700369491,3.8491353851601,0.0070683835975,0.8620295693449,0.3653620185112,0.0000024678884
144187,0.2541798820990,3.8492844795044,0.0071542395405,0.8619057371636,0.3653566978113,0.0000024678884
144215,0.2541811360003,3.8493034685086,0.0071340426791,0.8619065823343,0.3653486125534,0.0000024678884
144232,0.2541816951431,3.8493119361334,0.0071230792983,0.8619183898559,0.3653482507499,0.0000024678884
144246,0.2541708859950,3.8491482430594,0.0071165012698,0.8619252904522,0.3653455798475,0.0000024678884
144421,0.2541831920018,3.8493346044689,0.0071180769115,0.8618805495872,0.3653329132436,0.0000024185306
144467,0.2541968137021,3.8495408906594,0.0071138458178,0.8618519873665,0.3653238180604,0.0000024185306
144489,0.2541978008328,3.8495558397048,0.0071243298950,0.8618321197432,0.3653214271846,0.0000024185306
144588,0.2542011877317,3.8496071306932,0.0070965963980,0.8617639314279,0.3652859141945,0.0000023701600
144736,0.2542086898255,3.8497207419408,0.0071335633755,0.8617081275422,0.3652834348172,0.0000023701600
144763,0.2542088930364,3.8497238193540,0.0071803973958,0.8616421678419,0.3652799930495,0.0000023701600
145711,0.2541996888458,3.8495844316580,0.0072377485487,0.8615730492019,0.3652779145599,0.0000023701600
145799,0.2541979088325,3.8495574752465,0.0071992059295,0.8616194064288,0.3652775710156,0.0000023701600
145886,0.2542028206936,3.8496318601687,0.0071824358133,0.8615608278641,0.3652505154487,0.0000023701600
146068,0.2541907988659,3.8494498023498,0.0071757035262,0.8615079057568,0.3652261533242,0.0000023701600
146092,0.2541963414254,3.8495337385296,0.0071288695060,0.8615602727421,0.3652259717873,0.0000023701600
146156,0.2541970202935,3.8495440192668,0.0070820354857,0.8615002941906,0.3651846246248,0.0000023701600
146167,0.2541986362637,3.8495684914197,0.0071033286852,0.8614511827897,0.3651765567750,0.0000023701600
146176,0.2542027182431,3.8496303086640,0.0071055213613,0.8613776880281,0.3651521230741,0.0000023701600
146234,0.2542085354395,3.8497184039286,0.0071055213613,0.8612458735969,0.3651062930336,0.0000023701600
146294,0.2542074933552,3.8497026226671,0.0070799805405,0.8612364262665,0.3650917496172,0.0000023701600
146477,0.2542088985267,3.8497239024981,0.0070795012369,0.8612339840699,0.3650909730965,0.0000023701600
146488,0.2542148108487,3.8498134383383,0.0071177188111,0.8611711056155,0.3650861623922,0.0000023701600
146568,0.2542145927925,3.8498101361097,0.0070708847909,0.8612127667377,0.3650809229151,0.0000023701600
146658,0.2542148525283,3.8498140695319,0.0070713640945,0.8612033718264,0.3650778286631,0.0000023701600
146943,0.2542264469213,3.8499896543050,0.0070812146095,0.8611627829494,0.3650700387977,0.0000023701600
147056,0.2542192213668,3.8498802309537,0.0071014114708,0.8611309287189,0.3650657697514,0.0000023701600
147074,0.2542168747744,3.8498446943019,0.0070545774506,0.8611434713500,0.3650496746983,0.0000023701600
147129,0.2542283399095,3.8500183216017,0.0070931200698,0.8610738030707,0.3650437682500,0.0000023701600
147238,0.2542328951648,3.8500873061073,0.0071784967092,0.8609451166837,0.3650353749405,0.0000023701600
147354,0.2542288654080,3.8500262797183,0.0071572035097,0.8609703356003,0.3650343925203,0.0000023701600
147383,0.2542316943980,3.8500691217689,0.0071600132204,0.8609219597271,0.3650189257966,0.0000023701600
147411,0.2542260106006,3.8499830466921,0.0071340096237,0.8609520210847,0.3650172996405,0.0000023701600
147739,0.2542287527124,3.8500245730631,0.0071286656642,0.8609370983003,0.3650102674017,0.0000023701600
147790,0.2542220135545,3.8499225156716,0.0071107992100,0.8608863019958,0.3649830247073,0.0000023701600
147804,0.2542203413489,3.8498971918932,0.0071977514910,0.8607435044559,0.3649689325195,0.0000023701600
147811,0.2542201716222,3.8498946215628,0.0071977514910,0.8607325148834,0.3649649713021,0.0000023701600
147831,0.2542219857271,3.8499220942558,0.0071977514910,0.8606755102689,0.3649450012480,0.0000023701600
147850,0.2542326284750,3.8500832673733,0.0071509174708,0.8606932508635,0.3649335460405,0.0000023701600
147854,0.2542292160684,3.8500315900991,0.0071977514910,0.8606125879545,0.3649240783517,0.0000023701600
147942,0.2542303477703,3.8500487285217,0.0072232923119,0.8605712013567,0.3649204859975,0.0000023701600
147966,0.2542314434181,3.8500653209454,0.0072232923119,0.8604859443560,0.3648902718504,0.0000023701600
148017,0.2542259035175,3.8499814250316,0.0072232923119,0.8604438609655,0.3648740549465,0.0000023701600
148075,0.2542364448393,3.8501410621596,0.0072378697519,0.8603965689175,0.3648656712583,0.0000023701600
148321,0.2542432587298,3.8502442512982,0.0073912358800,0.8602064928969,0.3648649754253,0.0000023701600
148428,0.2542497878611,3.8503431280597,0.0074178730389,0.8601476021426,0.3648567580378,0.0000023701600
148437,0.2542447611231,3.8502670034495,0.0074178730389,0.8601460580776,0.3648551294279,0.0000023701600
148447,0.2542425194074,3.8502330550455,0.0074178730389,0.8600974648237,0.3648372943267,0.0000023701600
148488,0.2542379681152,3.8501641305566,0.0074647070591,0.8600234249567,0.3648299479631,0.0000023701600
148559,0.2542360154826,3.8501345600084,0.0075115410794,0.8599504131445,0.3648235256176,0.0000023701600
148579,0.2542342797915,3.8501082748092,0.0074545149714,0.8599099644990,0.3647842679785,0.0000023701600
148719,0.2542316520574,3.8500684805667,0.0073680419940,0.8598290254896,0.3647177382560,0.0000023701600
148725,0.2542367359518,3.8501454707493,0.0073680419940,0.8597863600669,0.3647035900110,0.0000023701600
148771,0.2542334350733,3.8500954824488,0.0073212079737,0.8598377306703,0.3647011576010,0.0000023701600
148774,0.2542362989292,3.8501388525060,0.0073212079737,0.8597800922598,0.3646811861378,0.0000023701600
148868,0.2542349472969,3.8501183834704,0.0072771836642,0.8596944282168,0.3646314346400,0.0000023701600
149025,0.2542344589947,3.8501109886510,0.0072303496439,0.8596924855954,0.3646105644875,0.0000023227568
149090,0.2542298078609,3.8500405521676,0.0072015198089,0.8597138588373,0.3646048454730,0.0000023227568
149272,0.2542264466353,3.8499896499739,0.0072015198089,0.8597070986297,0.3646017108505,0.0000023227568
149334,0.2542222763430,3.8499264953246,0.0071954210840,0.8597063378573,0.3645979317728,0.0000023227568
149362,0.2542163982746,3.8498374782189,0.0072422551042,0.8596324597852,0.3645903588839,0.0000023227568
149395,0.2542217861701,3.8499190721768,0.0071954210840,0.7342195357873,0.3197811117108,0.0000023227568
149479,0.2542136344921,3.8497956236664,0.0072110948620,0.7341792257651,0.3197716858196,0.0000023227568
149607,0.2542122077586,3.8497740173018,0.0073151092488,0.7340090666667,0.3197551865787,0.0000023227568
149663,0.2542009826274,3.8496040246077,0.0072814312856,0.7340300368877,0.3197458371453,0.0000023227568
149669,0.2542008614272,3.8496021891584,0.0072406959902,0.7340337057610,0.3197296635020,0.0000023227568
149736,0.2541936074181,3.8494923348916,0.0072781422713,0.7339852834796,0.3197268638057,0.0000023227568
149773,0.2541934049141,3.8494892681841,0.0072657575075,0.7339767924368,0.3197184801408,0.0000023227568
149850,0.2541894181471,3.8494288928297,0.0072189234872,0.7339690324156,0.3196947826745,0.0000023227568
149854,0.2541897924196,3.8494345607900,0.0072283112264,0.7339484530194,0.3196915364082,0.0000023227568
149904,0.2541884506458,3.8494142410491,0.0072245429086,0.7339385696628,0.3196861041216,0.0000023227568
149958,0.2541905830279,3.8494465337121,0.0072245429086,0.7338882257305,0.3196685810848,0.0000023227568
150402,0.2541766954487,3.8492362210689,0.0072576038373,0.7338447648725,0.3196642524095,0.0000023227568
150475,0.2541765295927,3.8492337093562,0.0073044378576,0.7337834299220,0.3196623832524,0.0000023227568
150483,0.2541803092304,3.8492909479564,0.0072576038373,0.7337975861684,0.3196481772541,0.0000023227568
150487,0.2541768971095,3.8492392750075,0.0072554111612,0.7337992832317,0.3196471124610,0.0000023227568
150493,0.2541832330963,3.8493352268014,0.0072569868028,0.7337248190211,0.3196225510865,0.0000023227568
150528,0.2541919041959,3.8494665413989,0.0072129624932,0.7337698465248,0.3196216228694,0.0000023227568
150560,0.2541970377100,3.8495442830205,0.0072406959902,0.7336971066298,0.3196086301586,0.0000023227568
150580,0.2541925723740,3.8494766602481,0.0072526014505,0.7336368609571,0.3195912593293,0.0000023227568
150657,0.2541844366791,3.8493534537847,0.0072237716154,0.7336440779527,0.3195797378210,0.0000023227568
150834,0.2541658081077,3.8490713438472,0.0072309666784,0.7336010426417,0.3195634598287,0.0000023227568
150979,0.2541715488256,3.8491582809252,0.0071510717294,0.7336406092189,0.3195445802106,0.0000023227568
151078,0.2541735156116,3.8491880658111,0.0071532644056,0.7335952738147,0.3195297501673,0.0000023227568
151155,0.2541648969146,3.8490575447948,0.0071740948291,0.7334825668088,0.3194965781259,0.0000023227568
151226,0.2541669049922,3.8490879549983,0.0071740948291,0.7334805899078,0.3194963023922,0.0000023227568
151270,0.2541620215701,3.8490140007543,0.0071740948291,0.7334722804208,0.3194922882706,0.0000023227568
151312,0.2541616045375,3.8490076852388,0.0071141047519,0.7335153344013,0.3194818652950,0.0000023227568
151356,0.2541678440561,3.8491021761237,0.0071609387722,0.7334409112237,0.3194766943514,0.0000023227568
151465,0.2541646920055,3.8490544416644,0.0071526473711,0.7334481850662,0.3194750632553,0.0000023227568
151468,0.2541634224737,3.8490352159520,0.0071302578336,0.7334592455014,0.3194691458521,0.0000023227568
151469,0.2541601457276,3.8489855931110,0.0071008109640,0.7334504717363,0.3194526901177,0.0000023227568
151497,0.2541568249986,3.8489353041966,0.0071274481229,0.7333594798290,0.3194308973485,0.0000023227568
151520,0.2541607977790,3.8489954677378,0.0071274481229,0.7333568640279,0.3194308144439,0.0000023227568
151583,0.2541585464537,3.8489613738056,0.0071982473223,0.7332366206047,0.3194177304513,0.0000023227568
151659,0.2541569644415,3.8489374159109,0.0071982473223,0.7331634426557,0.3193912564669,0.0000023227568
151811,0.2541574599657,3.8489449200990,0.0072331593546,0.6182852394143,0.2783783952211,0.0000022763017
151833,0.2541648813128,3.8490573085223,0.0072315837129,0.6182105252244,0.2783526265956,0.0000022763017
151927,0.2541634211494,3.8490351958980,0.0072582208718,0.6180424253313,0.2783036939525,0.0000022763017
151956,0.2541626004445,3.8490227671938,0.0072337763891,0.6180495603479,0.2782955901005,0.0000022763017
152012,0.2541646915072,3.8490544341185,0.0072320630165,0.6180305002589,0.2782884967082,0.0000022763017
152034,0.2541634195894,3.8490351722733,0.0072190612182,0.6180126718110,0.2782762846523,0.0000022763017
152190,0.2541570006605,3.8489379644093,0.0072190612182,0.6180136630430,0.2782752631790,0.0000022763017
152212,0.2541571217060,3.8489397975151,0.0072190612182,0.6180089364042,0.2782736010320,0.0000022763017
152223,0.2541507954458,3.8488439930200,0.0071739405705,0.6180405805041,0.2782642094487,0.0000022763017
152282,0.2541471544936,3.8487888546641,0.0071451107354,0.6180575718393,0.2782571419350,0.0000022763017
152291,0.2541498961131,3.8488303735808,0.0072627439551,0.5135849326261,0.2409964868000,0.0000022763017
152316,0.2541447774342,3.8487528566234,0.0072627439551,0.5135638248475,0.2409878514479,0.0000022763017
152318,0.2541458534020,3.8487691510123,0.0072296830263,0.5135655644047,0.2409745343134,0.0000022763017
152361,0.2541414628018,3.8487026600338,0.0072182403419,0.5135650627668,0.2409685103065,0.0000022763017
152409,0.2541483501386,3.8488069614389,0.0072182403419,0.5135609184405,0.2409685060478,0.0000022763017
152507,0.2541459645391,3.8487708340663,0.0072939041972,0.5133438609468,0.2409229016810,0.0000022763017
152596,0.2541420858714,3.8487120957619,0.0072470701770,0.5133249176477,0.2408952333510,0.0000022763017
152646,0.2541504124807,3.8488381934202,0.0072376824378,0.5133256583211,0.2408932588339,0.0000022763017
152655,0.2541431085425,3.8487275830290,0.0072304873748,0.5132619124080,0.2408658437083,0.0000022763017
152698,0.2541492824521,3.8488210803364,0.0072586836477,0.5132014956923,0.2408576734074,0.0000022763017
152877,0.2541460067034,3.8487714726003,0.0073055176679,0.5131408102256,0.2408553698033,0.0000022763017
152967,0.2541462082079,3.8487745241712,0.0073051926230,0.5131383232552,0.2408543854741,0.0000022763017
153003,0.2541471391045,3.8487886216125,0.0072376824378,0.5131450656043,0.2408280599973,0.0000022763017
153187,0.2541497622596,3.8488283465122,0.0072376824378,0.5130943043818,0.2408104930939,0.0000022763017
153321,0.2541435266019,3.8487339140962,0.0072132379551,0.5131112022559,0.2408047156297,0.0000022763017
153334,0.2541470977391,3.8487879951772,0.0072231049978,0.5130345302160,0.2407823267346,0.0000022763017
153365,0.2541488927182,3.8488151782296,0.0072105659753,0.5130328356667,0.2407767323100,0.0000022763017
153479,0.2541524176659,3.8488685598205,0.0072105659753,0.5129829443272,0.2407596693204,0.0000022763017
153558,0.2541491762614,3.8488194721912,0.0071952172422,0.5130009952276,0.2407588434554,0.0000022307756
153723,0.2541556369080,3.8489173118253,0.0071952172422,0.5129940092371,0.2407577328831,0.0000022307756
153762,0.2541584645912,3.8489601340855,0.0072043129918,0.5129327862683,0.2407403716476,0.0000022307756
153861,0.2541414737656,3.8487028260688,0.0071731527497,0.5129684596700,0.2407361168675,0.0000022307756
153999,0.2541480576790,3.8488025324473,0.0072574330510,0.5128518302570,0.2407319944734,0.0000022307756
154014,0.2541478250418,3.8487990094040,0.0072574330510,0.5128413235994,0.2407281922449,0.0000022307756
154042,0.2541490958664,3.8488182546934,0.0072574330510,0.5127622308607,0.2407002171577,0.0000022307756
154152,0.2541505741813,3.8488406422046,0.0072417592729,0.5127761645412,0.2406987929205,0.0000022307756
154183,0.2541533266210,3.8488823249804,0.0073542193194,0.4188354278711,0.2071973167953,0.0000022307756
154213,0.2541462840399,3.8487756725672,0.0073542193194,0.4186566142079,0.2071319456483,0.0000022307756
154334,0.2541433738666,3.8487316010813,0.0074010533396,0.4185755778202,0.2071224521956,0.0000022307756
154335,0.2541275172117,3.8484914688766,0.0074010533396,0.3350184199660,0.1772772122502,0.0000022307756
154383,0.2541237286951,3.8484340958138,0.0074010533396,0.3350184199660,0.1772764004252,0.0000022307756
154390,0.2541275476890,3.8484919304220,0.0073106743134,0.3350303560538,0.1772427478011,0.0000022307756
154414,0.2541254303052,3.8484598648922,0.0072046215091,0.3350860300807,0.1772167264552,0.0000022307756
154529,0.2541251096635,3.8484550091151,0.0072387787759,0.3349533256990,0.1771839021529,0.0000022307756
154600,0.2541117943366,3.8482533626244,0.0073296371057,0.3348100280634,0.1771688104258,0.0000022307756
154628,0.2541061070607,3.8481672348680,0.0073764711259,0.3347364382750,0.1771613813795,0.0000022307756
154666,0.2541146603029,3.8482967646407,0.0073584669408,0.3347292212795,0.1771529206393,0.0000022307756
154699,0.2541108373583,3.8482388702041,0.0073368486964,0.3347566098878,0.1771526181209,0.0000022307756
154832,0.2541180836504,3.8483486076055,0.0073863546964,0.3346655626016,0.1771428708670,0.0000022307756
154903,0.2541010716990,3.8480909796604,0.0073957424355,0.3346553674054,0.1771396076241,0.0000022307756
154908,0.2541013819996,3.8480956788347,0.0074366154618,0.3345925083129,0.1771347414524,0.0000022307756
155164,0.2541034032202,3.8481262880749,0.0073999735292,0.3345940478263,0.1771200207120,0.0000022307756
155349,0.2541060980805,3.8481670988731,0.0074468075495,0.3345162718831,0.1771128927824,0.0000022307756
155404,0.2541070388265,3.8481813454719,0.0074223630667,0.3345280882329,0.1771068382889,0.0000022307756
155416,0.2541128283772,3.8482690220716,0.0074355191237,0.3344857077977,0.1770985813473,0.0000022307756
155436,0.2541090806868,3.8482122672794,0.0074339434820,0.3344883003070,0.1770980288920,0.0000022307756
155447,0.2541162816813,3.8483213186960,0.0074193660420,0.3344880739512,0.1770932436466,0.0000022307756
155598,0.2541158326515,3.8483145186159,0.0074513306327,0.3344289846777,0.1770857432242,0.0000022307756
155790,0.2541231231573,3.8484249255876,0.0074670044108,0.3343268555045,0.1770575481042,0.0000022307756
155820,0.2541280736894,3.8484998961410,0.0074529062744,0.3343277590530,0.1770528895700,0.0000022307756
155866,0.2541395275886,3.8486733532840,0.0074060722541,0.3342502038815,0.1770075739784,0.0000022307756
155956,0.2541288207395,3.8485112094212,0.0073684882421,0.3342697321604,0.1769961466052,0.0000022307756
156038,0.2541213867232,3.8483986291362,0.0074126502826,0.3341949625916,0.1769867767731,0.0000022307756
156046,0.2541268089474,3.8484807429659,0.0074707562009,0.3341156478479,0.1769845145205,0.0000022307756
156048,0.2541263261581,3.8484734316346,0.0074778135330,0.3341067890666,0.1769842717861,0.0000022307756
156132,0.2541261261395,3.8484704025644,0.0074695221319,0.3341124264807,0.1769826888295,0.0000022307756
156164,0.2541260032464,3.8484685414787,0.0073601803133,0.3341259370549,0.1769406269210,0.0000022307756
156194,0.2541259071940,3.8484670868680,0.0073133462931,0.3341693776240,0.1769360491044,0.0000022307756
156430,0.2541231496927,3.8484253274379,0.0073155389693,0.3341674718464,0.1769357172947,0.0000022307756
156675,0.2541283820655,3.8485045661686,0.0073540815884,0.3341013541672,0.1769297433260,0.0000022307756
156756,0.2541355227238,3.8486127038580,0.0073072475682,0.3341009285701,0.1769110497451,0.0000022307756
156834,0.2541317933515,3.8485562264747,0.0073540815884,0.3340229133731,0.1769024597465,0.0000022307756
156835,0.2541206563661,3.8483875686533,0.0073406004865,0.3340205740815,0.1768934601732,0.0000022307756
157109,0.2541255871406,3.8484622399988,0.0073540815884,0.3339799668641,0.1768857918052,0.0000022307756
157377,0.2541239865138,3.8484380002051,0.0074009156087,0.3339077983152,0.1768797460550,0.0000022307756
157491,0.2541310917528,3.8485456015062,0.0073926242076,0.3339074622774,0.1768775951351,0.0000022307756
157501,0.2541307571494,3.8485405342930,0.0074394582278,0.3338350613969,0.1768717377000,0.0000022307756
157524,0.2541355615564,3.8486132919371,0.0074862922481,0.3337730837346,0.1768707040593,0.0000022307756
157609,0.2541335957718,3.8485835222157,0.0074394582278,0.3338153999023,0.1768653240138,0.0000022307756
157678,0.2541381459060,3.8486524291684,0.0073540815884,0.3337487781265,0.1768059155629,0.0000022307756
157883,0.2541390897304,3.8486667223873,0.0073938582766,0.3336975887014,0.1768048830256,0.0000022307756
157919,0.2541414791866,3.8487029081637,0.0073644114070,0.3337047911139,0.1767953472551,0.0000022307756
157977,0.2541416748033,3.8487058705713,0.0073644114070,0.3336984867592,0.1767931376177,0.0000022307756
158067,0.2541378965819,3.8486486534194,0.0073258687879,0.3337415145194,0.1767911767907,0.0000022307756
158112,0.2541433863817,3.8487317906092,0.0073258687879,0.3337298357065,0.1767881821718,0.0000022307756
158173,0.2541435771827,3.8487346800887,0.0072840371545,0.3337599214547,0.1767810401249,0.0000022307756
158382,0.2541501139978,3.8488336732139,0.0072840371545,0.3337188514931,0.1767677730276,0.0000022307756
158436,0.2541508949953,3.8488455005919,0.0072384537309,0.3337442875887,0.1767574889511,0.0000022307756
158549,0.2541548598483,3.8489055440808,0.0072852877512,0.3336787568586,0.1767550064532,0.0000022307756
158552,0.2541515094573,3.8488548059665,0.0072852877512,0.3336533560742,0.1767452168036,0.0000022307756
158559,0.2541505260258,3.8488399129405,0.0072852877512,0.3336455881717,0.1767422318174,0.0000022307756
158633,0.2541491096907,3.8488184640490,0.0073293120607,0.3335598182385,0.1767301637592,0.0000022307756
158692,0.2541451790753,3.8487589390502,0.0073293120607,0.3334959492809,0.1767065111425,0.0000022307756
158923,0.2541530707012,3.8488784493476,0.0073293120607,0.3334871029669,0.1767050428073,0.0000022307756
159003,0.2541565854724,3.8489316768259,0.0073293120607,0.3333836118241,0.1766688348501,0.0000021861601
159016,0.2541476884042,3.8487969401734,0.0073069225233,0.3333803004953,0.1766561502020,0.0000021424369
159087,0.2541515829318,3.8488559186592,0.0073454651424,0.3333174067570,0.1766510409596,0.0000021424369
159095,0.2541573571126,3.8489433624979,0.0073553321851,0.3332430451822,0.1766299493114,0.0000021424369
159112,0.2541567298416,3.8489338631447,0.0073553321851,0.3332324715747,0.1766260386078,0.0000021424369
159214,0.2541490588870,3.8488176946798,0.0073846247961,0.3331710972514,0.1766150294067,0.0000021424369
159332,0.2541601564586,3.8489857556213,0.0074314588163,0.3330972859473,0.1766111180007,0.0000021424369
159416,0.2541546439998,3.8489022752846,0.0073951088733,0.3330962040576,0.1765939718234,0.0000021424369
159585,0.2541662926445,3.8490786816430,0.0074419428935,0.3330221865333,0.1765901048544,0.0000021424369
159643,0.2541675348607,3.8490974936888,0.0074750038223,0.3329796493692,0.1765893481687,0.0000021424369
159795,0.2541718899499,3.8491634468915,0.0074364612031,0.3330226771294,0.1765891301940,0.0000021424369
159919,0.2541707561891,3.8491462772876,0.0073750497429,0.3329436311236,0.1765343373316,0.0000021424369
159994,0.2541777819133,3.8492526744210,0.0074218837631,0.3328686400391,0.1765291320367,0.0000021424369
160136,0.2541801239842,3.8492881425993,0.0073888228344,0.3327942205067,0.1764888865352,0.0000021424369
160235,0.2541859063763,3.8493757107890,0.0073621856755,0.3328109352546,0.1764846792468,0.0000021424369
160245,0.2541822943952,3.8493210111696,0.0073419888141,0.3327418491907,0.1764505758588,0.0000021424369
160347,0.2541784435301,3.8492626939051,0.0073510845637,0.3326670313979,0.1764269282116,0.0000021424369
160585,0.2541734712944,3.8491873946746,0.0071521680675,0.3327420802531,0.1763674159681,0.0000021424369
160643,0.2541769083015,3.8492394444978,0.0071864795930,0.3326749884321,0.1763588960445,0.0000021424369
161166,0.2541828229978,3.8493290162948,0.0072228295360,0.3326135331184,0.1763537937001,0.0000021424369
161195,0.2541862703550,3.8493812228597,0.0072602758171,0.3325655960621,0.1763534604484,0.0000021424369
161328,0.2541848213929,3.8493592798673,0.0072239258741,0.3326069849292,0.1763523531478,0.0000021424369
161485,0.2541824401749,3.8493232188488,0.0072151551694,0.3326163157874,0.1763514164627,0.0000021424369
161615,0.2541899810072,3.8494374167480,0.0071869588966,0.3326344122356,0.1763474112556,0.0000021424369
161621,0.2541941757008,3.8495009409302,0.0071869588966,0.3326172524282,0.1763421816159,0.0000021424369
161715,0.2541995093666,3.8495817136360,0.0072255015157,0.3325647703167,0.1763410991984,0.0000021424369
161798,0.2541977832286,3.8495555731084,0.0072723355360,0.3324898268846,0.1763340355232,0.0000021424369
161905,0.2541993605490,3.8495794599518,0.0072811062406,0.3324696794476,0.1763309368806,0.0000021424369
162011,0.2541919197690,3.8494667772373,0.0072181356664,0.3325074020798,0.1763158274074,0.0000021424369
162026,0.2541792981146,3.8492756356812,0.0071957296012,0.3324878738009,0.1762965457825,0.0000021424369
162058,0.2541674539328,3.8490962681208,0.0071759955157,0.3325113236291,0.1762939252170,0.0000021424369
162145,0.2541607092989,3.8489941278010,0.0072103070412,0.3324441083150,0.1762831794085,0.0000021424369
162467,0.2541493445946,3.8488220214184,0.0071998229640,0.3324633198243,0.1762831121921,0.0000021424369
162592,0.2541471778406,3.8487892082301,0.0071634730210,0.3324916483189,0.1762771866602,0.0000021424369
163228,0.2541635588737,3.8490372815865,0.0070552275405,0.3324039403864,0.1762029816997,0.0000021424369
163383,0.2541632258085,3.8490322376677,0.0070552275405,0.3323986776494,0.1762010307797,0.0000021424369
163461,0.2541607955975,3.8489954347019,0.0070209160150,0.3324232012746,0.1761945635183,0.0000021424369
163467,0.2541640814174,3.8490451949552,0.0070497458501,0.3323522315160,0.1761822769238,0.0000021424369
163469,0.2541701675151,3.8491373624446,0.0070497458501,0.3323041709667,0.1761664166057,0.0000021424369
163647,0.2541758663482,3.8492236652218,0.0070209160150,0.3323177774523,0.1761601415997,0.0000021424369
163701,0.2541728319633,3.8491777126832,0.0070029118299,0.3323237393093,0.1761539045297,0.0000021424369
164103,0.2541838038918,3.8493438708928,0.0070776501334,0.3321908450024,0.1761408241063,0.0000021424369
164409,0.2541791243138,3.8492730036521,0.0070630726934,0.3321374277194,0.1761144962642,0.0000021424369
164417,0.2541692010683,3.8491227266341,0.0070311081027,0.3321361321945,0.1760982080567,0.0000021424369
164464,0.2541587288266,3.8489641356499,0.0069842740825,0.3321523528523,0.1760816853740,0.0000021424369
164541,0.2541592105062,3.8489714301767,0.0070311081027,0.3320725614294,0.1760733633773,0.0000021424369
164551,0.2541556170714,3.8489170114211,0.0070311081027,0.3320410236493,0.1760613298626,0.0000021424369
164589,0.2541533290636,3.8488823619721,0.0070311081027,0.3320413464823,0.1760609548728,0.0000021424369
164647,0.2541540562882,3.8488933750157,0.0070311081027,0.3320359797024,0.1760591939995,0.0000021424369
164670,0.2541497366293,3.8488279583683,0.0070685543838,0.3319710858217,0.1760511403785,0.0000021424369
164760,0.2541437044608,3.8487366075796,0.0071099067136,0.3318716891369,0.1760320713820,0.0000021424369
164990,0.2541376723936,3.8486452583255,0.0071567407339,0.3318133426207,0.1760300124777,0.0000021424369
165022,0.2541423040860,3.8487154003906,0.0072035747541,0.3317481630054,0.1760277982721,0.0000021424369
165061,0.2541399204120,3.8486793021776,0.0072035747541,0.3317384835633,0.1760238305412,0.0000021424369
165094,0.2541410868534,3.8486969666944,0.0072258265607,0.3316956041138,0.1760183028924,0.0000021424369
165125,0.2541396748024,3.8486755826817,0.0071894766177,0.3316939257707,0.1760018223548,0.0000021424369
165181,0.2541459823994,3.8487711045424,0.0071976302878,0.3316301994012,0.1759839089951,0.0000021424369
165303,0.2541455777663,3.8487649768027,0.0071976302878,0.3316279501245,0.1759830189749,0.0000021424369
165312,0.2541452605204,3.8487601724512,0.0071507962676,0.3316355399385,0.1759655899185,0.0000021424369
165343,0.2541452555397,3.8487600970229,0.0071753784812,0.3315867334499,0.1759586931969,0.0000021424369
165509,0.2541494647086,3.8488238404174,0.0071648944040,0.3315901337900,0.1759563163928,0.0000021424369
165657,0.2541543114240,3.8488972387767,0.0072035747541,0.3314820066227,0.1759353154222,0.0000021424369
165773,0.2541576218135,3.8489473711117,0.0072035747541,0.3314281603440,0.1759167939775,0.0000021424369
165847,0.2541623638444,3.8490191841351,0.0071789925404,0.3313965856446,0.1758959982142,0.0000021424369
165911,0.2541551882036,3.8489105166730,0.0071789925404,0.3313947695760,0.1758938119810,0.0000021424369
166046,0.2541583270124,3.8489580505998,0.0071976302878,0.3313431362152,0.1758840317028,0.0000021424369
166081,0.2541653790351,3.8490648459987,0.0071258890090,0.3313670521273,0.1758633379854,0.0000021424369
166261,0.2541561281595,3.8489247513079,0.0071302743613,0.3313668033796,0.1758631462532,0.0000020995882
166299,0.2541553873315,3.8489135322542,0.0070566654513,0.3313726584835,0.1758335319371,0.0000020995882
166425,0.2541557562987,3.8489191198709,0.0070336423516,0.3313191677101,0.1758046401112,0.0000020995882
166566,0.2541858723251,3.8493751951191,0.0070964256117,0.3312173649424,0.1758016425255,0.0000020575964
166648,0.2541822057356,3.8493196685135,0.0070964256117,0.3312190948657,0.1758014746575,0.0000020575964
166895,0.2541730015779,3.8491802813160,0.0070495915915,0.3312166731318,0.1757785657101,0.0000020575964
166960,0.2541668787060,3.8490875569220,0.0070011819296,0.3312402122434,0.1757649134938,0.0000020575964
167020,0.2541650791424,3.8490603044409,0.0070022782677,0.3312396527313,0.1757647979064,0.0000020575964
167027,0.2541640265124,3.8490443634773,0.0070011819296,0.3312402122434,0.1757643023094,0.0000020575964
167171,0.2541634031989,3.8490349240556,0.0070257641432,0.3311985044709,0.1757598083436,0.0000020575964
167179,0.2541618206800,3.8490109584877,0.0070890432347,0.3311213659194,0.1757590393604,0.0000020575964
167218,0.2541623403378,3.8490188281537,0.0071330675443,0.3310609705729,0.1757564485103,0.0000020575964
167241,0.2541540661105,3.8488935237641,0.0070633646829,0.3310762078852,0.1757302447039,0.0000020575964
167272,0.2541598299385,3.8489808108214,0.0070942329355,0.3310316436320,0.1757287932564,0.0000020575964
167343,0.2541513182479,3.8488519103020,0.0070473989153,0.3310195384902,0.1757025743347,0.0000020575964
167373,0.2541529200337,3.8488761676486,0.0070348598928,0.3309300762378,0.1756655929034,0.0000020575964
167487,0.2541492319074,3.8488203148913,0.0070317251372,0.3309139552939,0.1756577016439,0.0000020575964
167656,0.2541532090435,3.8488805443949,0.0069355559033,0.3309843303316,0.1756424724435,0.0000020575964
167854,0.2541513874756,3.8488529586824,0.0068887218831,0.2580585230948,0.1495770792285,0.0000020575964
167902,0.2541588231988,3.8489655648174,0.0069230334086,0.2579808149762,0.1495656246378,0.0000020575964
167915,0.2541563407545,3.8489279708332,0.0069396327384,0.2579210898383,0.1495508762775,0.0000020575964
167925,0.2541609523714,3.8489978088752,0.0069684625735,0.2578487257442,0.1495383758054,0.0000020575964
168008,0.2541590438416,3.8489689062178,0.0069603089033,0.2578387823543,0.1495309211940,0.0000020575964
168174,0.2541635562019,3.8490372411237,0.0069723686222,0.2576844167670,0.1494819260124,0.0000020575964
168215,0.2541634236037,3.8490352330660,0.0068547354026,0.2577777570920,0.1494648191919,0.0000020575964
168235,0.2541683294182,3.8491095264183,0.0068876255450,0.2576358900558,0.1494292994146,0.0000020575964
168344,0.2541667067500,3.8490849528310,0.0069000103089,0.2575768064779,0.1494131581781,0.0000020575964
168544,0.2541678744669,3.8491026366628,0.0069000103089,0.2574116756009,0.1493544330899,0.0000020575964
169734,0.2541710380265,3.8491505454154,0.0069336882721,0.2573597343137,0.1493509939486,0.0000020575964
169745,0.2541760050438,3.8492257656187,0.0069777125817,0.2572847266875,0.1493441374328,0.0000020575964
170061,0.2541773994208,3.8492468819781,0.0069777125817,0.2572641783134,0.1493370975228,0.0000020575964
170064,0.2541770919670,3.8492422259170,0.0069777125817,0.2572589155764,0.1493351520910,0.0000020575964
170385,0.2541813507887,3.8493067212508,0.0070154673801,0.1945913722947,0.1269709798657,0.0000020575964
170625,0.2541767761933,3.8492374438594,0.0070015069745,0.1945493794314,0.1269490191131,0.0000020575964
170780,0.2541773755235,3.8492465200801,0.0070259514573,0.1944942743790,0.1269399433721,0.0000020575964
170857,0.2541878718292,3.8494054754864,0.0069791174370,0.1424971683114,0.1083517258333,0.0000020575964
170935,0.2541885530256,3.8494157914835,0.0069322834168,0.1425405885698,0.1083473073162,0.0000020575964
171002,0.2541906087221,3.8494469228241,0.0069322834168,0.1425293912992,0.1083437487974,0.0000020575964
171023,0.2542023108973,3.8496241398451,0.0069631516694,0.1424534070345,0.1083323484201,0.0000020575964
171058,0.2542004137408,3.8495954094239,0.0069253968711,0.1423001028367,0.1082610097594,0.0000020575964
171077,0.2542026751585,3.8496296561931,0.0069722308913,0.1422206794286,0.1082532005690,0.0000020575964
171189,0.2542009474107,3.8496034912875,0.0069722308913,0.1422108768556,0.1082493294184,0.0000020575964
171356,0.2541922689909,3.8494720658324,0.0069722308913,0.1422117110002,0.1082477676658,0.0000020575964
171364,0.2541833067740,3.8493363425714,0.0069988680502,0.1420026517753,0.1081825991071,0.0000020575964
171366,0.2541861945330,3.8493800746156,0.0070190649115,0.1418556114583,0.1081393593114,0.0000020575964
171813,0.2541879824075,3.8494071500777,0.0070658989318,0.1417836433455,0.1081341112529,0.0000020575964
171913,0.2541935977176,3.8494921879875,0.0069482657122,0.1417278125120,0.1080649607133,0.0000020575964
172051,0.2541888950737,3.8494209714378,0.0069950997324,0.1416716777233,0.1080639765880,0.0000020575964
172078,0.2541834741893,3.8493388778993,0.0069950997324,0.1416704526420,0.1080623774409,0.0000020575964
172101,0.2541848917749,3.8493603457271,0.0068879505900,0.1415927938442,0.1079890248633,0.0000020575964
172123,0.2541843003911,3.8493513898477,0.0068879505900,0.1415918309999,0.1079885542652,0.0000020575964
172429,0.2541907545826,3.8494491317265,0.0068774665128,0.1415901964302,0.1079848603554,0.0000020575964
172638,0.2541876680223,3.8494023890468,0.0068650817489,0.1415302072679,0.1079574664928,0.0000020575964
172870,0.2541899168777,3.8494364455745,0.0069119157691,0.1414658296684,0.1079550281136,0.0000020575964
173238,0.2541883044925,3.8494120277123,0.0070055838096,0.1413330272978,0.1079473966303,0.0000020575964
173624,0.2541886242785,3.8494168705317,0.0069587497894,0.1413878699177,0.1079469800829,0.0000020164445
173712,0.2541878620711,3.8494053277103,0.0069587497894,0.0997555272460,0.0930781229414,0.0000020164445
173714,0.2541948631299,3.8495113513136,0.0069587497894,0.0997349506240,0.0930722743747,0.0000020164445
173767,0.2541884430604,3.8494141261766,0.0070055838096,0.0996608788589,0.0930645161667,0.0000020164445
173777,0.2541858357776,3.8493746416465,0.0070055838096,0.0996499164918,0.0930600423321,0.0000020164445
174139,0.2541948036983,3.8495104512856,0.0070992518501,0.0995208859696,0.0930560251460,0.0000020164445
174351,0.2541863542117,3.8493824927809,0.0070992518501,0.0993991870316,0.0930107506353,0.0000020164445
174452,0.2541861471104,3.8493793564516,0.0070909604490,0.0993961121663,0.0930060546326,0.0000020164445
174485,0.2541866475144,3.8493869345393,0.0070909604490,0.0993864609921,0.0930027150142,0.0000020164445
174583,0.2541923293102,3.8494729793047,0.0070524178298,0.0994047824559,0.0929939576564,0.0000019761156
174597,0.2541982669998,3.8495628993105,0.0070524178298,0.0993840158007,0.0929878133559,0.0000019761156
174666,0.2541860218425,3.8493774594023,0.0070524178298,0.0992925502744,0.0929525231342,0.0000019761156
174670,0.2541840198455,3.8493471412833,0.0070992518501,0.0992143527707,0.0929442381779,0.0000019761156
174905,0.2541806751123,3.8492964888486,0.0070992518501,0.0991934330016,0.0929360501032,0.0000019761156
174966,0.2541853647271,3.8493675080873,0.0070514757504,0.0992187840246,0.0929256334862,0.0000019761156
175099,0.2541903038520,3.8494423058903,0.0070046417302,0.0992206057859,0.0929072707762,0.0000019761156
175197,0.2541820052197,3.8493166319130,0.0069930613149,0.0992216490912,0.0929009020717,0.0000019761156
175800,0.2541799298081,3.8492852020076,0.0069940033943,0.0992026151346,0.0928940632474,0.0000019761156
175922,0.2541829469150,3.8493308928897,0.0070148338178,0.0991387056274,0.0928808122707,0.0000019761156
176035,0.2541880040166,3.8494074773239,0.0069881966589,0.0991553132545,0.0928764113054,0.0000019761156
176175,0.2541825347529,3.8493246511322,0.0069758118951,0.0990746182527,0.0928411119209,0.0000019761156
176286,0.2541826473951,3.8493263569776,0.0069736192189,0.0990758451979,0.0928406345349,0.0000019761156
176411,0.2541764611589,3.8492326729987,0.0070204532392,0.0990196388432,0.0928393069377,0.0000019761156
176474,0.2541691323800,3.8491216864217,0.0070317416649,0.0989651058798,0.0928230983235,0.0000019761156
176925,0.2541648481090,3.8490568056859,0.0070441264288,0.0989520337803,0.0928228194144,0.0000019761156
176987,0.2541489724350,3.8488163854566,0.0070419337526,0.0989607328021,0.0928215845594,0.0000019761156
177038,0.2541578723200,3.8489511647675,0.0070887677729,0.0988936482985,0.0928196046493,0.0000019761156
177136,0.2541568482452,3.8489356562413,0.0070419337526,0.0988839161340,0.0927958377087,0.0000019761156
177145,0.2541587995647,3.8489652069040,0.0069955790360,0.0988877447598,0.0927777569078,0.0000019761156
177188,0.2541539967152,3.8488924728465,0.0069955790360,0.0988877873338,0.0927767429308,0.0000019761156
177352,0.2541548348797,3.8489051659582,0.0069487450157,0.0989423975646,0.0927763544683,0.0000019761156
177701,0.2541527797114,3.8488740426159,0.0069863290277,0.0988725952473,0.0927670921098,0.0000019761156
177910,0.2541500085418,3.8488320761944,0.0069772332781,0.0987971445229,0.0927356534220,0.0000019761156
177980,0.2541476775578,3.8487967759155,0.0069390157039,0.0987952391448,0.0927180944729,0.0000019761156
178016,0.2541460663009,3.8487723751408,0.0069858497242,0.0987306185742,0.0927147421513,0.0000019761156
178298,0.2541463076806,3.8487760305800,0.0070326837444,0.0986657271127,0.0927116900766,0.0000019761156
178484,0.2541603656936,3.8489889242635,0.0070795177646,0.0986008778239,0.0927116137706,0.0000019761156
178769,0.2541554137996,3.8489139330861,0.0070795177646,0.0985996002237,0.0927100963647,0.0000019761156
178866,0.2541540569655,3.8488933852728,0.0071263517849,0.0985129947391,0.0926989468072,0.0000019761156
178876,0.2541506755129,3.8488421767627,0.0071731858051,0.0984489200868,0.0926954101288,0.0000019761156
178889,0.2541425419257,3.8487190022205,0.0071263517849,0.0985049386809,0.0926936021351,0.0000019761156
178971,0.2541438578070,3.8487389298450,0.0071731858051,0.0984291190202,0.0926868773823,0.0000019761156
179146,0.2541386015598,3.8486593295612,0.0071388742796,0.0984507730644,0.0926787796913,0.0000019761156
179170,0.2541376797229,3.8486453693207,0.0071388742796,0.0984503270204,0.0926784228535,0.0000019761156
179198,0.2541400108425,3.8486806716513,0.0071388742796,0.0984482844635,0.0926781928945,0.0000019761156
179248,0.2541327474314,3.8485706750015,0.0071388742796,0.0984375424520,0.0926728000166,0.0000019761156
179441,0.2541306192085,3.8485384453254,0.0072463319393,0.0982718972642,0.0926592382559,0.0000019761156
179772,0.2541256223017,3.8484627724765,0.0072463319393,0.0982712558079,0.0926579383986,0.0000019761156
179867,0.2541240753295,3.8484393452244,0.0071304120922,0.0983586949182,0.0926391552238,0.0000019761156
179884,0.2541250474733,3.8484540673097,0.0071102152309,0.0983750513680,0.0926365493318,0.0000019761156
179966,0.2541321359253,3.8485614143910,0.0071570492511,0.0982301113191,0.0926063757056,0.0000019761156
180024,0.2541304820987,3.8485363689428,0.0071102152309,0.0982455791183,0.0925914738052,0.0000019761156
180169,0.2541232778351,3.8484272680186,0.0070149880765,0.0982802305870,0.0925614939214,0.0000019761156
180304,0.2541179823906,3.8483470741334,0.0069915022009,0.0982779720871,0.0925494872009,0.0000019761156
180330,0.2541022184617,3.8481083461646,0.0070138917384,0.0982545381414,0.0925473354659,0.0000019761156
180365,0.2541036094674,3.8481294114689,0.0069164553801,0.0981732000048,0.0924768257648,0.0000019761156
180478,0.2541013323966,3.8480949276494,0.0068490994536,0.0981965471967,0.0924558092782,0.0000019761156
180538,0.2541003874423,3.8480806173196,0.0068735439363,0.0981275077962,0.0924414260661,0.0000019761156
180553,0.2540986165549,3.8480537991090,0.0068691585840,0.0981295800409,0.0924399072409,0.0000019761156
180618,0.2540958554853,3.8480119856425,0.0069159926042,0.0980692266506,0.0924378325239,0.0000019761156
180745,0.2540836507205,3.8478271574359,0.0068347093276,0.0981370058125,0.0924245883707,0.0000019365933
180751,0.2540825427048,3.8478103777135,0.0068267099161,0.0980707319779,0.0923972533929,0.0000019365933
180914,0.2540748129123,3.8476933182123,0.0068154214903,0.0980691355077,0.0923901889441,0.0000019365933
181036,0.2540826649200,3.8478122285331,0.0068611591725,0.0979831022056,0.0923807472016,0.0000019365933
181066,0.2540854426177,3.8478542938169,0.0067865916553,0.0980647836008,0.0923785568421,0.0000019365933
181126,0.2540880168994,3.8478932785797,0.0068334256755,0.0979935387152,0.0923737355948,0.0000019365933
181219,0.2540935296563,3.8479767634309,0.0068802596957,0.0979278106435,0.0923715143115,0.0000019365933
181266,0.2540914480501,3.8479452397145,0.0068802596957,0.0979057964124,0.0923632060276,0.0000019365933
181269,0.2540841490025,3.8478347033872,0.0068458104393,0.0979404478811,0.0923592535035,0.0000019365933
181385,0.2540860156230,3.8478629713735,0.0068677372010,0.0978699166503,0.0923438609519,0.0000019365933
181446,0.2540806291629,3.8477813991526,0.0068564487752,0.0978681302798,0.0923372308242,0.0000019365933
181932,0.2540791144960,3.8477584611309,0.0069357101620,0.0976772636561,0.0923027087672,0.0000019365933
182036,0.2540818819324,3.8478003710174,0.0069236504431,0.0976797175684,0.0922990097356,0.0000019365933
182668,0.2540829063800,3.8478158851883,0.0069126870623,0.0976119914393,0.0922703427650,0.0000019365933
182895,0.2540796676468,3.8477668380128,0.0069411918524,0.0975665452749,0.0922656343164,0.0000019365933
182898,0.2540764614639,3.8477182837758,0.0068943578321,0.0976225662688,0.0922648830520,0.0000019365933
182905,0.2540781784930,3.8477442863589,0.0069411918524,0.0975315651988,0.0922528223277,0.0000019365933
182922,0.2540791362576,3.8477587906873,0.0069880258726,0.0974742264951,0.0922526211774,0.0000019365933
182956,0.2540787229648,3.8477525318070,0.0070348598928,0.0973397776475,0.0922245868921,0.0000019365933
183043,0.2540834131773,3.8478235600960,0.0070920402594,0.0972587712162,0.0922211669407,0.0000019365933
183106,0.2540854325591,3.8478541414891,0.0070625933898,0.0972642127784,0.0922109229934,0.0000018978614
183348,0.2540898730079,3.8479213873731,0.0070990810637,0.0972054280844,0.0922065175592,0.0000018978614
183403,0.2540930971196,3.8479702131209,0.0070054130233,0.0973126536622,0.0922053598435,0.0000018978614
183619,0.2541017144368,3.8481007132427,0.0070038539093,0.0660426288281,0.0810386722076,0.0000018978614
183692,0.2541138925217,3.8482851374094,0.0070036996507,0.0659604203229,0.0810118555060,0.0000018978614
183711,0.2541106143780,3.8482354934037,0.0069792551680,0.0659712946806,0.0810045605389,0.0000018978614
183712,0.2541124637949,3.8482635008600,0.0068740067122,0.0659725267939,0.0809602904020,0.0000018978614
183903,0.2541153873582,3.8483077751223,0.0068608506552,0.0659816106738,0.0809585228125,0.0000018978614
183999,0.2541142975422,3.8482912710159,0.0068157300076,0.0659347704490,0.0809222232084,0.0000018978614
184121,0.2541185157582,3.8483551514194,0.0067804764026,0.0658648616353,0.0808830509905,0.0000018978614
184403,0.2540955724161,3.8480076988595,0.0067795343232,0.0658074135945,0.0808572136543,0.0000018978614
184459,0.2540808678189,3.8477850133452,0.0067439887287,0.0658249873050,0.0808451051681,0.0000018978614
184509,0.2540701773134,3.8476231169882,0.0067891093764,0.0657261039378,0.0808268362777,0.0000018978614
184659,0.2540670325681,3.8475754931588,0.0067792423336,0.0657354698237,0.0808252786303,0.0000018978614
184883,0.2540671421709,3.8475771529772,0.0067955331462,0.0656737902641,0.0808102554793,0.0000018978614
185100,0.2540798481025,3.8477695708229,0.0068298446717,0.0655106567918,0.0807694211641,0.0000018978614
185129,0.2540886551244,3.8479029438203,0.0068074551342,0.0654205923013,0.0807295469775,0.0000018978614
185245,0.2540932360699,3.8479723173757,0.0067606211140,0.0654231416950,0.0807113673835,0.0000018978614
185334,0.2540936607310,3.8479787484175,0.0067623344866,0.0653717951584,0.0806938546360,0.0000018978614
185695,0.2541070473875,3.8481814751190,0.0067378900038,0.0653818925990,0.0806898532272,0.0000018978614
185698,0.2541031733979,3.8481228076591,0.0067743776777,0.0653019771062,0.0806761194137,0.0000018978614
185855,0.2541057046681,3.8481611410600,0.0067903434454,0.0652556869319,0.0806669720954,0.0000018978614
186492,0.2541012655761,3.8480939157242,0.0067275436575,0.0653267125181,0.0806644729474,0.0000018978614
186592,0.2541113429549,3.8482465269275,0.0067743776777,0.0652267435845,0.0806510009181,0.0000018978614
186762,0.2541102649137,3.8482302011383,0.0067988221605,0.0651571232109,0.0806363816970,0.0000018978614
186968,0.2541061567492,3.8481679873483,0.0068329794273,0.0650807281290,0.0806228562469,0.0000018978614
187001,0.2541162777624,3.8483212593487,0.0068798134476,0.0650041191750,0.0806177364177,0.0000018978614
187099,0.2541126162399,3.8482658094775,0.0069266474678,0.0649445500642,0.0806157488463,0.0000018978614
187231,0.2541137266541,3.8482826255213,0.0069266474678,0.0649364573224,0.0806130965272,0.0000018978614
187619,0.2541134774644,3.8482788518079,0.0069266474678,0.0649203123621,0.0806072770722,0.0000018978614
187624,0.2541033869633,3.8481260418808,0.0069266474678,0.0649213060588,0.0806054697136,0.0000018978614
187824,0.2541092685578,3.8482151123862,0.0069734814880,0.0648370533325,0.0805967115189,0.0000018978614
187851,0.2541023181808,3.8481098563037,0.0068912561319,0.0647699272864,0.0805360091262,0.0000018599042
188061,0.2540953917699,3.8480049631643,0.0068912561319,0.0647657128669,0.0805330197454,0.0000018599042
188073,0.2540895183359,3.8479160162416,0.0069037786267,0.0647413187447,0.0805284157494,0.0000018599042
188346,0.2540879936497,3.8478929264873,0.0069506126469,0.0646839224425,0.0805276620745,0.0000018599042
188406,0.2540876022756,3.8478869995427,0.0069506126469,0.0646807486093,0.0805264446968,0.0000018599042
188436,0.2540819019954,3.8478006748497,0.0069506126469,0.0646603099291,0.0805179236795,0.0000018599042
188594,0.2540817320159,3.8477981006906,0.0069974466672,0.0646035164988,0.0805176756103,0.0000018599042
188599,0.2540896288731,3.8479176902102,0.0069849241724,0.0645849841802,0.0805073823253,0.0000018599042
188884,0.2540898346674,3.8479208067469,0.0069849241724,0.0645364246778,0.0804900837447,0.0000018599042
189053,0.2540891707386,3.8479107522502,0.0069495163089,0.0645258156592,0.0804709777404,0.0000018599042
189390,0.2540878293191,3.8478904378757,0.0069495163089,0.0645150094556,0.0804668309349,0.0000018599042
189393,0.2540877591527,3.8478893752794,0.0069026822886,0.0645375866046,0.0804548074438,0.0000018599042
189604,0.2540832813251,3.8478215633338,0.0069478029363,0.0644568534537,0.0804443520615,0.0000018599042
190405,0.2540905222904,3.8479312200668,0.0069946369565,0.0643891746020,0.0804418044015,0.0000018599042
190807,0.2540786634711,3.8477516308382,0.0069723851499,0.0644178725869,0.0804399760177,0.0000018599042
191130,0.2540721639711,3.8476532028098,0.0069723851499,0.0644081054561,0.0804350950067,0.0000018599042
191177,0.2540740441673,3.8476816763859,0.0068804304821,0.0644797466613,0.0804216749072,0.0000018599042
191240,0.2540791592952,3.8477591395677,0.0068804304821,0.0644590386727,0.0804153752958,0.0000018599042
191268,0.2540768579459,3.8477242880757,0.0069272645023,0.0644018747597,0.0804145381893,0.0000018599042
191437,0.2540778688286,3.8477395968212,0.0069694046529,0.0643412682697,0.0804111696966,0.0000018599042
191484,0.2540763917145,3.8477172274959,0.0069437261012,0.0643408554937,0.0803997006585,0.0000018599042
191684,0.2540702954492,3.8476249060298,0.0068968920810,0.0643486775925,0.0803811161997,0.0000018599042
192085,0.2540646431646,3.8475393081793,0.0068968920810,0.0643305651052,0.0803734362504,0.0000018599042
192111,0.2540645988520,3.8475386371119,0.0069351096552,0.0642584209179,0.0803640399340,0.0000018599042
192157,0.2540705378054,3.8476285762564,0.0069351096552,0.0642356102562,0.0803571659020,0.0000018599042
192295,0.2540705369621,3.8476285634865,0.0069651735592,0.0641610067510,0.0803434061426,0.0000018599042
192851,0.2540767008785,3.8477219094563,0.0069874253658,0.0641287305854,0.0803427362684,0.0000018599042
193024,0.2540755898205,3.8477050836630,0.0069509376919,0.0641175300117,0.0803228604051,0.0000018599042
193078,0.2540736699148,3.8476760087281,0.0069221078568,0.0641294824350,0.0803143620757,0.0000018599042
193258,0.2540721510968,3.8476530078422,0.0069041036717,0.0641366372034,0.0803088758098,0.0000018599042
193365,0.2540723657904,3.8476562591490,0.0069041036717,0.0641334633702,0.0803077883037,0.0000018599042
193485,0.2540765000590,3.8477188682584,0.0069509376919,0.0640555360896,0.0803009147698,0.0000018227061
194068,0.2540693166219,3.8476100827287,0.0069852326897,0.0640036797421,0.0802955531939,0.0000018227061
194080,0.2540747461360,3.8476923069554,0.0070217203636,0.0639472348957,0.0802921953620,0.0000018227061
194562,0.2540800725161,3.8477729693285,0.0070091978688,0.0639287025771,0.0802813512605,0.0000018227061
194598,0.2540772532317,3.8477302742597,0.0069383986694,0.0639932232633,0.0802734477163,0.0000018227061
194652,0.2540755478615,3.8477044482379,0.0069615760278,0.0639566910669,0.0802699682204,0.0000018227061
194710,0.2540815844552,3.8477958660403,0.0069838278343,0.0639243410627,0.0802692446918,0.0000018227061
194736,0.2540885330348,3.8479010949018,0.0069838278343,0.0638564192398,0.0802464758792,0.0000018227061
195103,0.2540880778046,3.8478942009237,0.0069473401604,0.0638450566854,0.0802266827002,0.0000017862520
195192,0.2540878806977,3.8478912159495,0.0069005061402,0.0637991671986,0.0801901796376,0.0000017862520
195409,0.2540859449677,3.8478619013730,0.0069473401604,0.0636532196459,0.0801577124354,0.0000017862520
195496,0.2540756857932,3.8477065370668,0.0069473401604,0.0636534316931,0.0801555897720,0.0000017862520
195579,0.2540820435288,3.8478028182233,0.0069473401604,0.0635849570646,0.0801324969194,0.0000017862520
195978,0.2540810617396,3.8477879500676,0.0069473401604,0.0635799400201,0.0801304947344,0.0000017862520
196204,0.2540723858933,3.8476565635868,0.0069473401604,0.0635744919298,0.0801266898780,0.0000017862520
196579,0.2540617761305,3.8474958899913,0.0069390487593,0.0635799092263,0.0801227976485,0.0000017862520
196589,0.2540603706412,3.8474746053484,0.0068834440345,0.0635743273919,0.0800966723636,0.0000017862520
197154,0.2540555253264,3.8474012281989,0.0068710592706,0.0634963262728,0.0800624687833,0.0000017862520
197164,0.2540467242242,3.8472679448504,0.0068151460285,0.0635610411342,0.0800597324653,0.0000017862520
197179,0.2540418726244,3.8471944725210,0.0068397282421,0.0635157850640,0.0800530651890,0.0000017862520
197188,0.2540489423153,3.8473015354840,0.0068032240405,0.0635252139296,0.0800423029169,0.0000017862520
197214,0.2540495750731,3.8473111179294,0.0068397117144,0.0634626945346,0.0800357477271,0.0000017862520
197367,0.2540602444616,3.8474726944922,0.0068865457347,0.0633293430639,0.0800104802223,0.0000017862520
197388,0.2540468100734,3.8472692449444,0.0069333797549,0.0632511631671,0.0799997517561,0.0000017862520
197698,0.2540396733608,3.8471611670083,0.0069802137751,0.0631820547426,0.0799936126033,0.0000017862520
198351,0.2540385203399,3.8471437057310,0.0068796426612,0.0632373462787,0.0799700105986,0.0000017862520
198356,0.2540316525189,3.8470396998725,0.0068796426612,0.0631727693983,0.0799454757511,0.0000017862520
198698,0.2540277950200,3.8469812821468,0.0068157465353,0.0631718232107,0.0799169271661,0.0000017862520
199118,0.2540317175489,3.8470406846829,0.0068625805555,0.0631023239615,0.0799130182705,0.0000017862520
199203,0.2540324781124,3.8470522026096,0.0068093227654,0.0630278014267,0.0798637412902,0.0000017862520
199218,0.2540333979288,3.8470661322534,0.0068093227654,0.0630250323164,0.0798629494258,0.0000017862520
199482,0.2540353164372,3.8470951860255,0.0068179392114,0.0630017687565,0.0798587448831,0.0000017862520
199587,0.2540298768966,3.8470128099583,0.0068140331627,0.0630021211752,0.0798560311101,0.0000017862520
199698,0.2540330255796,3.8470604934197,0.0068071300893,0.0629910998944,0.0798498111962,0.0000017862520
199747,0.2540387040482,3.8471464877977,0.0067917813561,0.0629462193454,0.0798284212149,0.0000017862520
199897,0.2540504187469,3.8473238944737,0.0067848782827,0.0628687456527,0.0798003038714,0.0000017862520
200036,0.2540572865679,3.8474279003323,0.0067848782827,0.0628001450322,0.0797772753258,0.0000017862520
200282,0.2540574396368,3.8474302183989,0.0067696838082,0.0628088220360,0.0797738951385,0.0000017862520
200410,0.2540553359635,3.8473983604989,0.0067696838082,0.0627937308218,0.0797680546320,0.0000017862520
200422,0.2540478878168,3.8472855662248,0.0067696838082,0.0627944958367,0.0797667318202,0.0000017862520
200446,0.2540515692663,3.8473413178683,0.0067696838082,0.0627306820799,0.0797447300748,0.0000017862520
201710,0.2540518898683,3.8473461730453,0.0067388155556,0.0627198462565,0.0797276995872,0.0000017862520
201751,0.2540509599268,3.8473320900697,0.0067143710728,0.0627241448714,0.0797185593267,0.0000017862520
201756,0.2540416798406,3.8471915530153,0.0066984053052,0.0627250997866,0.0797100693061,0.0000017862520
201828,0.2540370452059,3.8471213663927,0.0066760157677,0.0627278507348,0.0797004631356,0.0000017862520
201833,0.2540391264457,3.8471528845598,0.0067228497879,0.0625931092527,0.0796728588806,0.0000017862520
201874,0.2540386036922,3.8471449680129,0.0067696838082,0.0625228476583,0.0796677251584,0.0000017862520
202375,0.2540344556642,3.8470821505331,0.0067696838082,0.0625141107871,0.0796637159841,0.0000017505269
202442,0.2540383650180,3.8471413535462,0.0067583953824,0.0625102305361,0.0796583300021,0.0000017505269
202560,0.2540396994785,3.8471615625330,0.0067388155556,0.0625074846832,0.0796492439418,0.0000017505269
202753,0.2540371133877,3.8471223989340,0.0067856495758,0.0624143369709,0.0796354944623,0.0000017505269
203395,0.2540380519862,3.8471366130110,0.0068165178284,0.0623452257041,0.0796242422464,0.0000017505269
203486,0.2540361514088,3.8471078307838,0.0068165178284,0.0623330074595,0.0796194713210,0.0000017505269
204154,0.2540328021474,3.8470571097764,0.0068165178284,0.0623119802201,0.0796112438938,0.0000017505269
205040,0.2540256756104,3.8469491859388,0.0067674911320,0.0623685351588,0.0796089035298,0.0000017505269
206944,0.2540333581091,3.8470655292257,0.0067599710241,0.0623466581116,0.0795995136450,0.0000017505269
207066,0.2540312932912,3.8470342597505,0.0067137540383,0.0623699561443,0.0795875846304,0.0000017505269
207939,0.2540336720718,3.8470702838569,0.0067605880586,0.0623006549771,0.0795834156752,0.0000017505269
209270,0.2540302538695,3.8470185188121,0.0067605880586,0.0622918627270,0.0795795431139,0.0000017505269
209611,0.2540341491004,3.8470775079490,0.0067605880586,0.0622705661791,0.0795727718963,0.0000017155164
209885,0.2540304413951,3.8470213586880,0.0067605880586,0.0622491349770,0.0795643233873,0.0000017155164
211476,0.2540373617489,3.8471261600998,0.0067605880586,0.0622402063576,0.0795626175276,0.0000017155164
215664,0.2540301797183,3.8470173958710,0.0067605880586,0.0622311782881,0.0795578542105,0.0000017155164
216596,0.2540262874609,3.8469584517654,0.0067605880586,0.0415468206267,0.0721697495620,0.0000017155164
216716,0.2540211921144,3.8468812881521,0.0066828857857,0.0416023247508,0.0721551796294,0.0000017155164
216762,0.2540179825560,3.8468326827967,0.0066828857857,0.0414609450924,0.0721039991317,0.0000016812061
216829,0.2540220410413,3.8468941442474,0.0066083182685,0.0415406827180,0.0721013890232,0.0000016812061
217041,0.2540191554996,3.8468504457827,0.0066545352542,0.0414378090405,0.0720838373734,0.0000016812061
217229,0.2540134619090,3.8467642223976,0.0066453017737,0.0413509028973,0.0720476222040,0.0000016812061
218659,0.2540121402113,3.8467442066877,0.0066409164214,0.0413383466507,0.0720409751726,0.0000016812061
218814,0.2540111741496,3.8467295767101,0.0066877504416,0.0412505364526,0.0720294790973,0.0000016812061
220269,0.2540068326336,3.8466638290588,0.0066506292055,0.0412972530282,0.0720293241625,0.0000016475820
220637,0.2540017404675,3.8465867136083,0.0066974632257,0.0412270724241,0.0720232402055,0.0000016475820
220783,0.2539999132882,3.8465590429187,0.0066642480383,0.0412397096611,0.0720131268857,0.0000016475820
221631,0.2539954578144,3.8464915694975,0.0066864998449,0.0412071381412,0.0720100759442,0.0000016475820
225691,0.2539823225503,3.8462926498665,0.0066453017737,0.0412635712853,0.0720097596228,0.0000016146303
225816,0.2539837107365,3.8463136724736,0.0066829023134,0.0411980546928,0.0720027728253,0.0000016146303
226375,0.2539725945522,3.8461453296631,0.0066360682932,0.0412531247132,0.0719999869273,0.0000016146303
226672,0.2539497954112,3.8458000608756,0.0066360682932,0.0412535034380,0.0719952366559,0.0000016146303
228169,0.2539484386336,3.8457795139197,0.0066316829409,0.0412409471914,0.0719885821074,0.0000016146303
228443,0.2539460370185,3.8457431440085,0.0066692834806,0.0411763965382,0.0719811281879,0.0000016146303
228813,0.2539451664108,3.8457299595782,0.0066785169611,0.0411637240971,0.0719803729632,0.0000016146303
232876,0.2539486490989,3.8457827011928,0.0066785169611,0.0411527665141,0.0719772058310,0.0000015823377
234940,0.2539478616292,3.8457707758003,0.0066218158981,0.0412013260165,0.0719700793114,0.0000015823377
236032,0.2539499537784,3.8458024591789,0.0066218158981,0.0411773680158,0.0719619712002,0.0000015823377
236625,0.2539483310094,3.8457778840646,0.0065886007108,0.0411900052527,0.0719519016826,0.0000015823377
236764,0.2539416414210,3.8456765773504,0.0066070841995,0.0411683286385,0.0719506480466,0.0000015823377
237114,0.2539376366027,3.8456159286277,0.0066539182197,0.0410868767916,0.0719407716489,0.0000015823377
241469,0.2539413582052,3.8456722883470,0.0066207030324,0.0411085718654,0.0719350822955,0.0000015506910
