0,0.2063240533919,3.124558757017,0.5553584234398,0.3201241934734,0.3965531191558,100000
11,0.2063296628288,3.124643705984,0.5552647553994,0.3201748413371,0.3965322662549,92236.8159999999916
12,0.2063419966446,3.1248304885298,0.5552647553994,0.3201556248389,0.3965280461803,90392.0796799999953
13,0.2063345008531,3.1247169727254,0.5553115894196,0.3201025062986,0.3965275407550,90392.0796799999953
14,0.2063420475064,3.1248312587786,0.5553115894196,0.3198132894439,0.3964258661612,88584.2380864000006
15,0.2063390638513,3.1247860744886,0.5552647553994,0.3197771069225,0.3963922327544,88584.2380864000006
16,0.2063405538197,3.1248086384789,0.5552647553994,0.3193206131963,0.3962295185598,86812.5533246720006
17,0.2063425570539,3.1248389753337,0.5551471221798,0.3192975899131,0.3961713109861,86812.5533246720006
18,0.2063502492944,3.1249554661501,0.5551471221798,0.3190360606570,0.3960795560176,85076.3022581785626
19,0.2063557507763,3.1250387802533,0.5551471221798,0.3190315914994,0.3960791387789,85076.3022581785626
20,0.2063577717057,3.1250693850841,0.5551471221798,0.3189966974521,0.3960671096754,83374.7762130149931
21,0.2063622569332,3.1251373090939,0.5551471221798,0.3184666434789,0.3958787658052,83374.7762130149931
26,0.2063632642726,3.1251525641795,0.5551002881595,0.3184034286342,0.3958363332104,78471.6723734800034
27,0.2063621893881,3.1251362861938,0.5551002881595,0.3183700286833,0.3958241743241,78471.6723734800034
34,0.2063743403403,3.1253202994657,0.5549358209197,0.3181773615634,0.3956874824540,72379.7720592495607
35,0.2063736033124,3.1253091379615,0.5549358209197,0.3181530011577,0.3956786243745,72379.7720592495607
37,0.2063835122545,3.1254591983703,0.5547713536798,0.3181653029152,0.3956146552442,70932.1766180645645
38,0.2063818005184,3.1254332759433,0.5547713536798,0.3180976470314,0.3955901256279,69513.5330857032677
39,0.2063889745415,3.1255419189077,0.5547245196596,0.3181203431453,0.3955796969506,69513.5330857032677
40,0.2063802828726,3.1254102928097,0.5547245196596,0.3180758680378,0.3955619504832,68123.2624239892029
47,0.2063840002181,3.1254665880602,0.5546776856393,0.3180302377033,0.3955263787862,64117.0696073592408
50,0.2063917412532,3.1255838178193,0.5546308516191,0.3180751291838,0.3955239985281,61578.0336509078115
18869,0.2159625366608,3.2705233540050,0.3819294241230,0.5022038958313,0.3893202595627,0.0000001714618
18872,0.2159621893457,3.2705180942857,0.3818117909034,0.5022115122198,0.3892724910398,0.0000001714618
18878,0.2159594505291,3.2704766178155,0.3816941576838,0.5022354336124,0.3892300332680,0.0000001714618
18880,0.2159649742398,3.2705602685511,0.3815765244642,0.5022918762080,0.3892009607532,0.0000001714618
18881,0.2159592592022,3.2704737203737,0.3815296904439,0.5023004081295,0.3891827114941,0.0000001714618
18883,0.2159628354208,3.2705278784067,0.3815296904439,0.5022461935295,0.3891641154695,0.0000001714618
18899,0.2159634703391,3.2705374935714,0.3815296904439,0.5022228153933,0.3891559021891,0.0000001714618
18929,0.2159632610587,3.2705343242409,0.3814828564237,0.5022155205755,0.3891331803283,0.0000001680326
18930,0.2159709277015,3.2706504274078,0.3813652232041,0.5021570575473,0.3890635292904,0.0000001680326
18944,0.2159741831042,3.2706997270254,0.3813183891838,0.5021078057003,0.3890265652083,0.0000001680326
18955,0.2159747503119,3.2707083167845,0.3813183891838,0.5021072148467,0.3890264757337,0.0000001680326
18972,0.2159733236876,3.2706867120737,0.3812715551636,0.5020624806185,0.3889901217955,0.0000001680326
18977,0.2159723083635,3.2706713360685,0.3812715551636,0.5020591595124,0.3889887181167,0.0000001680326
18986,0.2159790056662,3.2707727596074,0.3811539219440,0.5021097246631,0.3889577979984,0.0000001680326
18997,0.2159719741081,3.2706662741249,0.3811539219440,0.5021108058927,0.3889566773894,0.0000001680326
19022,0.2159666700972,3.2705859505108,0.3811539219440,0.5020962182221,0.3889503309333,0.0000001680326
19023,0.2159651363992,3.2705627242821,0.3811539219440,0.5020801993672,0.3889442812641,0.0000001680326
19064,0.2159763553308,3.2707326230914,0.3811070879238,0.5021227496981,0.3889418101447,0.0000001680326
19075,0.2159729534271,3.2706811048718,0.3811070879238,0.5020668348518,0.3889211115774,0.0000001680326
19102,0.2159726840957,3.2706770261336,0.3811070879238,0.5020220889830,0.3889050731960,0.0000001680326
19105,0.2159723825198,3.2706724590862,0.3810602539035,0.5020589881920,0.3888981151386,0.0000001680326
19107,0.2159729138393,3.2706805053557,0.3810466185430,0.5020213079450,0.3888789280357,0.0000001680326
19114,0.2159738702884,3.2706949897618,0.3809997845227,0.5019871072204,0.3888468467217,0.0000001680326
19120,0.2159720737863,3.2706677836449,0.3808821513031,0.5020067574335,0.3888030654532,0.0000001646720
19121,0.2159611612931,3.2705025255199,0.3808353172829,0.5020465488888,0.3887948665729,0.0000001646720
19124,0.2159674214707,3.2705973292648,0.3808353172829,0.5019896259265,0.3887758784101,0.0000001646720
19126,0.2159736283095,3.2706913252493,0.3808353172829,0.5019703591097,0.3887703274410,0.0000001646720
19129,0.2159823000984,3.2708226502855,0.3807884832627,0.5019773981274,0.3887546278934,0.0000001646720
19130,0.2159784779291,3.2707647675901,0.3807884832627,0.5019675073951,0.3887502764528,0.0000001646720
19146,0.2159774331426,3.2707489454070,0.3807884832627,0.5019237017129,0.3887344076834,0.0000001646720
19151,0.2159770556389,3.2707432285141,0.3807416492424,0.5019490161598,0.3887232959407,0.0000001646720
19193,0.2159877174737,3.2709046906835,0.3807416492424,0.5019034419978,0.3887093041332,0.0000001646720
19200,0.2159941878391,3.2710026774991,0.3806948152222,0.5018763159614,0.3886809310470,0.0000001646720
19202,0.2159955751183,3.2710236863698,0.3806948152222,0.5018678745592,0.3886782135346,0.0000001646720
19206,0.2160005636482,3.2710992323589,0.3806948152222,0.5018505040663,0.3886730787578,0.0000001646720
19207,0.2160017379405,3.2711170157689,0.3806479812020,0.5018132047945,0.3886399375004,0.0000001646720
19220,0.2160046397962,3.2711609612943,0.3805303479823,0.5017733589651,0.3885759144363,0.0000001646720
19227,0.2160074260899,3.2712031567537,0.3805303479823,0.5016482626514,0.3885318342443,0.0000001646720
19229,0.2160011318744,3.2711078375416,0.3804835139621,0.5016327500056,0.3885048735303,0.0000001646720
19230,0.2160044720255,3.2711584205839,0.3803658807425,0.5016340669389,0.3884556453733,0.0000001646720
19232,0.2160169690897,3.2713476753546,0.3803190467222,0.5016313059040,0.3884372655087,0.0000001646720
19236,0.2160132387701,3.2712911836246,0.3803190467222,0.5015932214321,0.3884228645575,0.0000001646720
19244,0.2160129228523,3.2712863993843,0.3802722127020,0.5016053425364,0.3884070541036,0.0000001646720
19245,0.2160130155241,3.2712878028010,0.3802253786818,0.5016598853757,0.3884064818244,0.0000001646720
19254,0.2160127242552,3.2712833918421,0.3801785446616,0.5016161742109,0.3883707365564,0.0000001646720
19260,0.2160064987401,3.2711891130262,0.3800609114419,0.5017189171426,0.3883556821846,0.0000001646720
19261,0.2160115696816,3.2712659070513,0.3799432782223,0.5016593360258,0.3882850756077,0.0000001646720
19277,0.2160158901863,3.2713313365086,0.3798964442021,0.5016538430462,0.3882639679288,0.0000001646720
19279,0.2160201413686,3.2713957161505,0.3798496101818,0.5016867475539,0.3882565587833,0.0000001646720
19312,0.2160191115731,3.2713801209912,0.3797319769622,0.5017306987180,0.3882216207202,0.0000001646720
19318,0.2160210586941,3.2714096080727,0.3797319769622,0.5017291576950,0.3882214875951,0.0000001646720
19321,0.2160134920818,3.2712950197617,0.3796279791032,0.5017842768260,0.3881949810710,0.0000001646720
19328,0.2160136173718,3.2712969171449,0.3796279791032,0.5017683714327,0.3881893274213,0.0000001646720
19341,0.2160201355853,3.2713956285693,0.3795811450829,0.5017684734449,0.3881706888913,0.0000001613785
19346,0.2160207536747,3.2714049888775,0.3794635118633,0.5018299663962,0.3881423688704,0.0000001613785
19358,0.2160255830382,3.2714781244600,0.3794166778431,0.5018741669024,0.3881391179061,0.0000001613785
19360,0.2160320280870,3.2715757278822,0.3794166778431,0.5018414357087,0.3881288092759,0.0000001613785
19364,0.2160333807580,3.2715962126496,0.3794166778431,0.5017682574031,0.3881029640248,0.0000001613785
19380,0.2160286839584,3.2715250846054,0.3794635118633,0.5017073968858,0.3881002933917,0.0000001613785
19402,0.2160341344148,3.2716076259807,0.3794166778431,0.5017010802763,0.3880791336917,0.0000001613785
19403,0.2160409734599,3.2717111960582,0.3792990446235,0.5017056082867,0.3880318021110,0.0000001613785
19406,0.2160507824923,3.2718597434410,0.3792522106032,0.5017478031695,0.3880289019246,0.0000001613785
19411,0.2160493560284,3.2718381411598,0.3791345773836,0.5017487985320,0.3879785375034,0.0000001613785
19423,0.2160562727949,3.2719428882466,0.3790877433634,0.5017895778632,0.3879745119915,0.0000001613785
19424,0.2160587028572,3.2719796889599,0.3790877433634,0.5017523282394,0.3879617292821,0.0000001613785
19425,0.2160625627008,3.2720381421929,0.3789701101437,0.5018249477578,0.3879380776967,0.0000001613785
19436,0.2160619395227,3.2720287048223,0.3789701101437,0.5018114437361,0.3879331212936,0.0000001613785
19455,0.2160569610434,3.2719533110385,0.3789701101437,0.5017877058250,0.3879235766513,0.0000001613785
19459,0.2160578186845,3.2719662991029,0.3789701101437,0.5017564314605,0.3879125910156,0.0000001613785
19467,0.2160582248141,3.2719724495036,0.3788524769241,0.5017671017308,0.3878660746172,0.0000001613785
19478,0.2160583174973,3.2719738530934,0.3788056429039,0.5017895361032,0.3878540350308,0.0000001613785
19480,0.2160527206396,3.2718890946248,0.3788056429039,0.5016687901427,0.3878097121468,0.0000001613785
19489,0.2160573792803,3.2719596447927,0.3788056429039,0.5016444847113,0.3878020299158,0.0000001613785
19493,0.2160568809972,3.2719520988243,0.3787588088837,0.5016950802845,0.3877999212654,0.0000001613785
19501,0.2160582019702,3.2719721035576,0.3787588088837,0.5016019278836,0.3877669356165,0.0000001613785
19526,0.2160529473254,3.2718925275403,0.3787588088837,0.5015919063868,0.3877622305151,0.0000001613785
19550,0.2160544065712,3.2719146262693,0.3786411756640,0.5016296103096,0.3877255946604,0.0000001613785
19564,0.2160510320493,3.2718635227176,0.3785943416438,0.5016769706905,0.3877217142474,0.0000001581510
19566,0.2160505256298,3.2718558535312,0.3785943416438,0.5016747983672,0.3877208298992,0.0000001581510
19567,0.2160517228924,3.2718739848019,0.3785943416438,0.5016536353791,0.3877135282454,0.0000001581510
19573,0.2160521210566,3.2718800145761,0.3785475076236,0.5016429651088,0.3876897310325,0.0000001581510
19601,0.2160578464080,3.2719667189463,0.3785475076236,0.5015787801646,0.3876680346992,0.0000001581510
19608,0.2160576823102,3.2719642338592,0.3785475076236,0.5014851645137,0.3876345653743,0.0000001581510
19613,0.2160510782080,3.2718642217412,0.3785006736033,0.5015140857111,0.3876234074857,0.0000001581510
19614,0.2160585580340,3.2719774957655,0.3783830403837,0.5015541849323,0.3875889172190,0.0000001581510
19618,0.2160571485908,3.2719561512449,0.3783830403837,0.5015445872133,0.3875851874386,0.0000001581510
19620,0.2160508543268,3.2718608312989,0.3782654071641,0.5014758636643,0.3875088803062,0.0000001581510
19624,0.2160529355456,3.2718923491476,0.3782654071641,0.5013820959961,0.3874758378287,0.0000001581510
19637,0.2160539089873,3.2719070908884,0.3782185731439,0.5013521130427,0.3874452665027,0.0000001581510
19640,0.2160545649118,3.2719170241691,0.3782185731439,0.5013313571762,0.3874379942485,0.0000001581510
19642,0.2160564072290,3.2719449241072,0.3781009399242,0.5013927369554,0.3874098961435,0.0000001581510
19645,0.2160542471544,3.2719122120706,0.3780541059040,0.5013738262407,0.3873826077208,0.0000001581510
19649,0.2160572600047,3.2719578384896,0.3780072718838,0.5013744489039,0.3873634039883,0.0000001581510
19664,0.2160579981179,3.2719690164314,0.3780072718838,0.5013498058719,0.3873547610726,0.0000001581510
19672,0.2160626198287,3.2720390073344,0.3780072718838,0.5012727842638,0.3873282437220,0.0000001581510
19675,0.2160648243749,3.2720723928469,0.3778896386642,0.5013126532115,0.3872925407976,0.0000001581510
19677,0.2160612948863,3.2720189424892,0.3778896386642,0.5012858371504,0.3872822073140,0.0000001581510
19681,0.2160656584693,3.2720850243214,0.3778428046439,0.5013370992770,0.3872813785469,0.0000001581510
19685,0.2160557404515,3.2719348264696,0.3777959706237,0.5013200393030,0.3872530886866,0.0000001581510
19694,0.2160615798113,3.2720232573759,0.3777491366035,0.5013480427134,0.3872442694730,0.0000001581510
19699,0.2160677394196,3.2721165381041,0.3777491366035,0.5013120396260,0.3872327311435,0.0000001581510
19703,0.2160684675101,3.2721275642624,0.3777491366035,0.5013093114730,0.3872319128226,0.0000001581510
19738,0.2160686123078,3.2721297570692,0.3777491366035,0.5012536767449,0.3872120743049,0.0000001581510
19740,0.2160692032578,3.2721387063804,0.3777491366035,0.5012138271191,0.3871979689278,0.0000001581510
19754,0.2160694720067,3.2721427762960,0.3777023025832,0.5012506346382,0.3871911003364,0.0000001581510
19755,0.2160805529309,3.2723105851303,0.3775846693636,0.5012098869528,0.3871285078385,0.0000001581510
19767,0.2160773280112,3.2722617471440,0.3775378353434,0.5012569832617,0.3871245651716,0.0000001581510
19778,0.2160768634926,3.2722547125033,0.3774202021238,0.5013256309816,0.3870985684377,0.0000001581510
19784,0.2160824473030,3.2723392733847,0.3773025689041,0.5013151607900,0.3870456113774,0.0000001581510
19794,0.2160839868992,3.2723625889345,0.3773025689041,0.5013049026398,0.3870422776658,0.0000001549879
19799,0.2160897323866,3.2724495982418,0.3771849356845,0.5012909205961,0.3869881010177,0.0000001549879
19805,0.2160861893563,3.2723959428098,0.3771800710286,0.5012728406222,0.3869787998108,0.0000001549879
19808,0.2160923008163,3.2724884943824,0.3771800710286,0.5011790069846,0.3869465973960,0.0000001549879
19810,0.2160922301232,3.2724874238116,0.3771326199739,0.5012031977433,0.3869348856378,0.0000001549879
19811,0.2160925434294,3.2724921685006,0.3771326199739,0.5011466127424,0.3869147438460,0.0000001549879
19826,0.2160899430148,3.2724527879822,0.3771326199739,0.5011150272944,0.3869029060971,0.0000001549879
19836,0.2160888465706,3.2724361834996,0.3770149867543,0.5011599802096,0.3868683115204,0.0000001549879
19844,0.2160863172977,3.2723978803465,0.3770149867543,0.5011279099681,0.3868563158757,0.0000001549879
19847,0.2160844240133,3.2723692085641,0.3770149867543,0.5011134442010,0.3868507438265,0.0000001549879
19861,0.2160846155162,3.2723721086712,0.3768973535346,0.5011371441655,0.3868088348989,0.0000001549879
19871,0.2160756719077,3.2722366672156,0.3767797203150,0.5012021358047,0.3867797154741,0.0000001549879
19874,0.2160693410017,3.2721407923645,0.3767328862948,0.5011035918274,0.3867230928508,0.0000001549879
19882,0.2160744917815,3.2722187954564,0.3766152530752,0.5010613969446,0.3866587127513,0.0000001549879
19892,0.2160708767432,3.2721640495394,0.3764976198555,0.5010396110641,0.3865997431916,0.0000001549879
19918,0.2160761496598,3.2722439022638,0.3764976198555,0.5010149331382,0.3865920595574,0.0000001549879
19938,0.2160881662821,3.2724258812518,0.3764371504747,0.5010559826560,0.3865833796410,0.0000001549879
19946,0.2160919683526,3.2724834595734,0.3763903164545,0.5009981458617,0.3865434666495,0.0000001549879
19952,0.2160939969480,3.2725141804976,0.3763903164545,0.5009934216601,0.3865422141337,0.0000001549879
19959,0.2160959598447,3.2725439064843,0.3763434824343,0.5009702840713,0.3865142996069,0.0000001549879
19964,0.2160935992157,3.2725081572632,0.3762258492147,0.5009785497451,0.3864663315472,0.0000001549879
19970,0.2160935357394,3.2725071959819,0.3761790151944,0.5009685931012,0.3864426902779,0.0000001549879
19973,0.2160995160240,3.2725977610446,0.3760613819748,0.5009455467950,0.3863853267069,0.0000001549879
19975,0.2161004457153,3.2726118402315,0.3760145479546,0.5009067865841,0.3863516112710,0.0000001549879
19981,0.2161015932401,3.2726292182760,0.3758969147350,0.5009068450143,0.3863014638001,0.0000001549879
19984,0.2161011837897,3.2726230175846,0.3757792815153,0.5009463446964,0.3862650688531,0.0000001549879
19986,0.2161010553580,3.2726210726231,0.3758261155356,0.5008895380410,0.3862648249637,0.0000001549879
20001,0.2160966956895,3.2725550500715,0.3757084823159,0.5008436772597,0.3861970976616,0.0000001549879
20013,0.2160974570341,3.2725665798283,0.3756616482957,0.5007864798685,0.3861567614442,0.0000001549879
20022,0.2160978583838,3.2725726578436,0.3756148142755,0.5007692308849,0.3861306153735,0.0000001518882
20026,0.2160978824839,3.2725730228128,0.3756148142755,0.5006918713796,0.3861029921430,0.0000001518882
20027,0.2161009682197,3.2726197530064,0.3756148142755,0.5006682880121,0.3860952307409,0.0000001518882
20037,0.2161009542547,3.2726195415208,0.3754971810559,0.5006749396883,0.3860471891101,0.0000001518882
20060,0.2160960038075,3.2725445722536,0.3754503470356,0.5006425941298,0.3860145045918,0.0000001518882
20068,0.2161020512422,3.2726361542329,0.3754035130154,0.5006789776554,0.3860087228640,0.0000001518882
20073,0.2161083593607,3.2727316839899,0.3754035130154,0.5006657395484,0.3860053467083,0.0000001518882
20076,0.2161077440727,3.2727223661074,0.3754035130154,0.5006419475495,0.3859967177184,0.0000001518882
20091,0.2161044074936,3.2726718371590,0.3754035130154,0.5006058866493,0.3859831238443,0.0000001518882
20095,0.2161056601233,3.2726908069053,0.3754035130154,0.5005985884344,0.3859807857596,0.0000001518882
20096,0.2161023809796,3.2726411477545,0.3752858797958,0.5006967061013,0.3859647108728,0.0000001518882
20097,0.2161068905007,3.2727094396642,0.3752390457755,0.5006590543923,0.3859321584369,0.0000001518882
20103,0.2161124348261,3.2727934025867,0.3752390457755,0.5006082895044,0.3859152161895,0.0000001518882
20105,0.2161164216617,3.2728537789799,0.3751214125559,0.5005762529526,0.3858542146488,0.0000001518882
20118,0.2161108730753,3.2727697515292,0.3751214125559,0.5005504840311,0.3858438224798,0.0000001518882
20129,0.2161125099099,3.2727945396513,0.3751214125559,0.5005020184218,0.3858268640839,0.0000001518882
20133,0.2161155064663,3.2728399193170,0.3750745785357,0.5005446151944,0.3858226476132,0.0000001518882
20142,0.2161157473357,3.2728435670294,0.3750745785357,0.5005039102554,0.3858081617499,0.0000001518882
20145,0.2161180788711,3.2728788756576,0.3750745785357,0.5004932781796,0.3858048641947,0.0000001518882
20158,0.2161106262109,3.2727660130308,0.3750277445155,0.5004751470847,0.3857767200821,0.0000001518882
20165,0.2161136004809,3.2728110551911,0.3750277445155,0.5004623119273,0.3857727734408,0.0000001518882
20168,0.2161187800571,3.2728894943741,0.3750277445155,0.5004443831946,0.3857674802312,0.0000001518882
20170,0.2161197353354,3.2729039610504,0.3749101112958,0.5004833773142,0.3857311971680,0.0000001518882
20179,0.2161184239406,3.2728841013687,0.3749101112958,0.5004614711418,0.3857230925219,0.0000001518882
20205,0.2161254708888,3.2729908199176,0.3749101112958,0.5004320318523,0.3857140885502,0.0000001518882
20207,0.2161253446888,3.2729889087527,0.3749101112958,0.5003957380016,0.3857010994178,0.0000001518882
20231,0.2161217837803,3.2729349825737,0.3749101112958,0.5003205195136,0.3856734726203,0.0000001518882
20250,0.2161256007091,3.2729927859089,0.3749101112958,0.5002582544811,0.3856520530220,0.0000001518882
20260,0.2161256480922,3.2729935034746,0.3748632772756,0.5002185264490,0.3856178028696,0.0000001488504
20275,0.2161370088151,3.2731655495627,0.3748632772756,0.5001910862000,0.3856104372214,0.0000001488504
20289,0.2161421412322,3.2732432745719,0.3748164432554,0.5001330255546,0.3855707293573,0.0000001488504
20293,0.2161469618478,3.2733162776774,0.3746988100357,0.5001510518613,0.3855277860760,0.0000001488504
20302,0.2161520337003,3.2733930854986,0.3746988100357,0.5001379203563,0.3855241830783,0.0000001488504
20322,0.2161536587906,3.2734176957664,0.3745811768161,0.5000987676023,0.3854601339486,0.0000001488504
20325,0.2161560810296,3.2734543780043,0.3744635435965,0.5001505208147,0.3854287220530,0.0000001488504
20354,0.2161465293795,3.2733097284044,0.3744167095763,0.5000984557965,0.3853880088985,0.0000001488504
20356,0.2161466551266,3.2733116327099,0.3744167095763,0.5000284477981,0.3853630329877,0.0000001488504
20368,0.2161466164783,3.2733110474228,0.3744167095763,0.4999535158703,0.3853362633032,0.0000001488504
20371,0.2161451894954,3.2732894372819,0.3743698755560,0.5000082238520,0.3853354243630,0.0000001488504
20388,0.2161468596010,3.2733147292581,0.3743698755560,0.4999577698352,0.3853177629511,0.0000001488504
20393,0.2161416279945,3.2732355021315,0.3742522423364,0.4999584550287,0.3852664723675,0.0000001488504
20398,0.2161419491468,3.2732403656421,0.3742522423364,0.4999214340763,0.3852533194172,0.0000001488504
20413,0.2161425452918,3.2732493936255,0.3742054083162,0.4999434131804,0.3852412251196,0.0000001488504
20415,0.2161440409217,3.2732720433528,0.3740877750966,0.4999952114525,0.3852096307576,0.0000001488504
20423,0.2161437142201,3.2732670958035,0.3740877750966,0.4999819804974,0.3852048354090,0.0000001488504
20431,0.2161425017058,3.2732487335622,0.3740409410763,0.4999643610345,0.3851782111963,0.0000001488504
20433,0.2161467017289,3.2733123384523,0.3739233078567,0.4999576017958,0.3851262829504,0.0000001488504
20439,0.2161473353829,3.2733219344702,0.3739087304167,0.4999365218043,0.3851126426907,0.0000001488504
20442,0.2161479109989,3.2733306515629,0.3738618963965,0.4999786679276,0.3851077465010,0.0000001488504
20445,0.2161518827286,3.2733907991939,0.3738199270321,0.4999385455716,0.3850762813026,0.0000001488504
20468,0.2161497942952,3.2733591720861,0.3738199270321,0.4998413447751,0.3850411192110,0.0000001488504
20501,0.2161551497537,3.2734402748204,0.3738199270321,0.4998130008481,0.3850321439782,0.0000001458734
20503,0.2161591426248,3.2735007426148,0.3738199270321,0.4997944024518,0.3850263573090,0.0000001458734
20521,0.2161618446225,3.2735416615003,0.3738199270321,0.4997073732737,0.3849958544592,0.0000001458734
20532,0.2161747364606,3.2737368947031,0.3737730930119,0.4996750526859,0.3849670022059,0.0000001458734
20552,0.2161753680581,3.2737464595773,0.3737262589917,0.4996679669268,0.3849445351971,0.0000001458734
20558,0.2161764513542,3.2737628649463,0.3736794249714,0.4997082733359,0.3849390907550,0.0000001458734
20572,0.2161815132350,3.2738395217569,0.3736794249714,0.4996936049392,0.3849349367307,0.0000001458734
20576,0.2161813185266,3.2738365731049,0.3735617917518,0.4997320437137,0.3848982089042,0.0000001458734
20580,0.2161795543648,3.2738098567478,0.3735617917518,0.4997284447072,0.3848965455101,0.0000001458734
20589,0.2161822741939,3.2738510456721,0.3734441585322,0.4996967271566,0.3848353863970,0.0000001458734
20612,0.2161806702344,3.2738267554072,0.3734441585322,0.4996742594918,0.3848270185254,0.0000001458734
20616,0.2161790877313,3.2738027900782,0.3733265253126,0.4997089060298,0.3847886389442,0.0000001458734
20617,0.2161834359813,3.2738686397088,0.3733265253126,0.4997019271995,0.3847870782726,0.0000001458734
20628,0.2161891762818,3.2739555704655,0.3732088920930,0.4997164675184,0.3847430870711,0.0000001458734
20629,0.2161865225729,3.2739153828616,0.3732088920930,0.4997080689105,0.3847395189164,0.0000001458734
20632,0.2161817356078,3.2738428893570,0.3732088920930,0.4996583097544,0.3847207220109,0.0000001458734
20646,0.2161833193575,3.2738668735643,0.3732088920930,0.4996311474059,0.3847113605471,0.0000001458734
20671,0.2161943221174,3.2740334986832,0.3731620580727,0.4996309606056,0.3846935798441,0.0000001458734
20702,0.2161975798070,3.2740828329335,0.3730835845068,0.4996077588133,0.3846523600377,0.0000001458734
20704,0.2162049524887,3.2741944843714,0.3729659512872,0.4996824571082,0.3846302036236,0.0000001458734
20711,0.2162056205338,3.2742046012058,0.3729742426882,0.4996603813874,0.3846260160477,0.0000001458734
20718,0.2162074175810,3.2742318155778,0.3729274086680,0.4996999336693,0.3846204552212,0.0000001458734
20754,0.2162022449860,3.2741534821175,0.3729742426882,0.4996266264726,0.3846132373893,0.0000001429559
20815,0.2162037000438,3.2741755174225,0.3728566094686,0.4997013063080,0.3845898063202,0.0000001429559
20834,0.2162103906465,3.2742768394986,0.3728097754484,0.4997187024792,0.3845773812161,0.0000001429559
20835,0.2162091827996,3.2742585479398,0.3727629414281,0.4997524387209,0.3845690993266,0.0000001429559
20846,0.2161989948064,3.2741042615975,0.3727629414281,0.4996999858376,0.3845481830126,0.0000001429559
20861,0.2162075588822,3.2742339554337,0.3727275500923,0.4996674721563,0.3845232384273,0.0000001429559
20884,0.2162061367167,3.2742124182472,0.3727275500923,0.4996356963067,0.3845115851598,0.0000001429559
20893,0.2161985601265,3.2740976788322,0.3726807160721,0.4995668521758,0.3844653026922,0.0000001429559
20896,0.2162046045284,3.2741892148818,0.3726338820518,0.4995555746336,0.3844424985046,0.0000001429559
20897,0.2161993404483,3.2741094959766,0.3726338820518,0.4995149105814,0.3844268476116,0.0000001429559
20899,0.2161942735078,3.2740327625427,0.3726338820518,0.4995169198648,0.3844264794399,0.0000001429559
20901,0.2161986231498,3.2740986332526,0.3726224393674,0.4994973316085,0.3844155116926,0.0000001429559
20903,0.2161948244446,3.2740411058958,0.3725756053472,0.4995133873005,0.3844003601371,0.0000001429559
20924,0.2161978343837,3.2740866882277,0.3725287713270,0.4995635331127,0.3843988426198,0.0000001429559
20939,0.2161971326420,3.2740760610944,0.3724819373067,0.4996153321524,0.3843971201806,0.0000001429559
20962,0.2162006258099,3.2741289614149,0.3724819373067,0.4995999960916,0.3843923915520,0.0000001429559
20967,0.2162002116543,3.2741226894677,0.3723643040871,0.4995757417466,0.3843332263014,0.0000001429559
20981,0.2162033572809,3.2741703266430,0.3723174700669,0.4995200219690,0.3842939287206,0.0000001400968
20986,0.2162028543523,3.2741627103228,0.3723174700669,0.4994781878266,0.3842788801851,0.0000001400968
20988,0.2162107053697,3.2742816056473,0.3721998368473,0.4994563761809,0.3842223584355,0.0000001400968
20995,0.2162125239275,3.2743091457748,0.3721530028270,0.4994905388427,0.3842148773542,0.0000001400968
21010,0.2162064903016,3.2742177729149,0.3721061688068,0.4995416204129,0.3842117561293,0.0000001400968
21016,0.2162150674609,3.2743476648871,0.3720593347866,0.4995051675577,0.3841805034922,0.0000001400968
21022,0.2162004469177,3.2741262522816,0.3720239434507,0.4994725984975,0.3841505709961,0.0000001400968
21032,0.2161943882962,3.2740345008902,0.3720125007663,0.4994466180230,0.3841350899715,0.0000001400968
21046,0.2162022962620,3.2741542586375,0.3718948675467,0.4993955456245,0.3840681301563,0.0000001400968
21056,0.2162005937826,3.2741284763947,0.3717772343271,0.4994235693957,0.3840273595920,0.0000001400968
21057,0.2162004496234,3.2741262932574,0.3717304003069,0.4994401968394,0.3840131953506,0.0000001400968
21061,0.2162003679317,3.2741250561226,0.3716835662866,0.4994533544803,0.3839978052797,0.0000001400968
21073,0.2162004089682,3.2741256775766,0.3716835662866,0.4993487464651,0.3839604540678,0.0000001400968
21098,0.2162010965162,3.2741360897619,0.3716835662866,0.4992678710439,0.3839317173206,0.0000001400968
21101,0.2161995379917,3.2741124875617,0.3715659330670,0.4992696271274,0.3838815962867,0.0000001400968
21103,0.2161960484093,3.2740596415409,0.3715659330670,0.4992258867891,0.3838652269697,0.0000001400968
21105,0.2161927112412,3.2740091036735,0.3715190990468,0.4992019457778,0.3838358897781,0.0000001400968
21113,0.2161892758239,3.2739570779256,0.3714722650265,0.4992500319265,0.3838322555188,0.0000001400968
21124,0.2161892544871,3.2739567548021,0.3713546318069,0.4993703521166,0.3838248082061,0.0000001400968
21127,0.2161883540765,3.2739431190401,0.3713077977867,0.4994158944147,0.3838208086445,0.0000001400968
21140,0.2161995871129,3.2741132314512,0.3712724064508,0.4994204088598,0.3838096603102,0.0000001400968
21145,0.2161941498909,3.2740308904953,0.3712724064508,0.4993799673292,0.3837940517874,0.0000001400968
21147,0.2161873745949,3.2739282858302,0.3712724064508,0.4993695342090,0.3837888738239,0.0000001400968
21157,0.2161910438457,3.2739838527379,0.3711547732312,0.4993162319098,0.3837202093195,0.0000001400968
21163,0.2162023197119,3.2741546137613,0.3711547732312,0.4992655944139,0.3837045407566,0.0000001400968
21166,0.2162045392655,3.2741882265444,0.3711547732312,0.4991775571109,0.3836735744813,0.0000001400968
21209,0.2162091909604,3.2742586715261,0.3711079392110,0.4991495333398,0.3836444910604,0.0000001400968
21213,0.2162197884515,3.2744191592781,0.3709903059914,0.4992414732471,0.3836291833956,0.0000001400968
21215,0.2162242000951,3.2744859689367,0.3709434719711,0.4991878914232,0.3835909206591,0.0000001400968
21216,0.2162148378801,3.2743441881301,0.3708966379509,0.4991691747816,0.3835621582324,0.0000001400968
21229,0.2162204973628,3.2744298949872,0.3708966379509,0.4991575477120,0.3835592184539,0.0000001400968
21244,0.2162256188817,3.2745074549540,0.3708966379509,0.4991394218056,0.3835538423842,0.0000001372949
21250,0.2162327108253,3.2746148549115,0.3707790047313,0.4991806292764,0.3835196648033,0.0000001372949
21254,0.2162405563439,3.2747336669621,0.3706613715117,0.4992622463643,0.3835000807088,0.0000001372949
21255,0.2162441364523,3.2747878839030,0.3706613715117,0.4992359718612,0.3834914641238,0.0000001372949
21258,0.2162431749218,3.2747733225450,0.3706613715117,0.4992202611958,0.3834856471296,0.0000001372949
21265,0.2162430536241,3.2747714856196,0.3706613715117,0.4992188985722,0.3834851344860,0.0000001372949
21282,0.2162403718955,3.2747308736869,0.3706613715117,0.4991610113673,0.3834638858281,0.0000001372949
21283,0.2162396752279,3.2747203233960,0.3706613715117,0.4991551745843,0.3834616519768,0.0000001372949
21284,0.2162341322170,3.2746363803797,0.3706145374914,0.4990962871391,0.3834193612354,0.0000001372949
21290,0.2162224717125,3.2744597944173,0.3706030948070,0.4990881333457,0.3834090464792,0.0000001372949
21297,0.2162114627213,3.2742930749330,0.3706030948070,0.4990132317038,0.3833799368232,0.0000001372949
21298,0.2162209994766,3.2744374989676,0.3704854615874,0.4990574235154,0.3833473489665,0.0000001372949
21327,0.2162183367630,3.2743971749973,0.3704854615874,0.4989610720379,0.3833123671431,0.0000001372949
21343,0.2162226172545,3.2744619984973,0.3704386275672,0.4990100834739,0.3833107167526,0.0000001372949
21353,0.2162265520524,3.2745215868338,0.3703917935470,0.4990171224917,0.3832940021355,0.0000001372949
21365,0.2162244950026,3.2744904349986,0.3703869288910,0.4990138578366,0.3832903105384,0.0000001372949
21389,0.2162268443651,3.2745260135992,0.3703400948708,0.4989908745243,0.3832625339244,0.0000001372949
21391,0.2162340670671,3.2746353937533,0.3702224616512,0.4989690628786,0.3832058775358,0.0000001372949
21413,0.2162234506681,3.2744746196609,0.3702224616512,0.4989721517536,0.3832047057628,0.0000001372949
21414,0.2162310343374,3.2745894662816,0.3701048284316,0.4990122509748,0.3831702377483,0.0000001372949
21420,0.2162277182203,3.2745392472081,0.3701048284316,0.4989946341304,0.3831632354216,0.0000001372949
21425,0.2162220609080,3.2744535732194,0.3700579944113,0.4990166478856,0.3831498134729,0.0000001372949
21426,0.2162239939526,3.2744828471284,0.3700579944113,0.4989755390533,0.3831355459709,0.0000001372949
21430,0.2162241138770,3.2744846632561,0.3700579944113,0.4989014567442,0.3831091137015,0.0000001372949
21447,0.2162188185194,3.2744044706866,0.3700579944113,0.4988840462458,0.3831017609468,0.0000001372949
21450,0.2162276372932,3.2745380216537,0.3700111603911,0.4988793644419,0.3830819068883,0.0000001372949
21455,0.2162277760662,3.2745401232234,0.3700111603911,0.4988480900774,0.3830707672094,0.0000001372949
21456,0.2162266017269,3.2745223391016,0.3698935271715,0.4988481207277,0.3830201122749,0.0000001372949
21461,0.2162290074692,3.2745587715140,0.3698935271715,0.4988324631922,0.3830150358141,0.0000001372949
21464,0.2162303780273,3.2745795271617,0.3698466931513,0.4988043535237,0.3829852186148,0.0000001372949
21466,0.2162205587791,3.2744308250726,0.3698466931513,0.4987647906221,0.3829689848825,0.0000001372949
21467,0.2162200749487,3.2744234979744,0.3697290599316,0.4988011707698,0.3829314598775,0.0000001372949
21481,0.2162197167830,3.2744180739358,0.3696114267120,0.4987865202886,0.3828757365760,0.0000001372949
21488,0.2162216053386,3.2744466741046,0.3695645926918,0.4987651034273,0.3828484206645,0.0000001345490
21492,0.2162161782624,3.2743644867965,0.3694469594722,0.4987230694590,0.3827818313511,0.0000001345490
21516,0.2162110086645,3.2742861987251,0.3694049901078,0.4986827809662,0.3827483479622,0.0000001345490
21534,0.2162142005147,3.2743345359075,0.3694049901078,0.4986730486275,0.3827455560949,0.0000001345490
21535,0.2162137035913,3.2743270105307,0.3693581560876,0.4986886756088,0.3827309589531,0.0000001345490
21538,0.2162154834906,3.2743539652155,0.3693581560876,0.4986675993580,0.3827238131277,0.0000001345490
21548,0.2162134525825,3.2743232092679,0.3693581560876,0.4986502445679,0.3827171797937,0.0000001345490
21549,0.2162269461468,3.2745275549746,0.3693581560876,0.4985978855002,0.3827013716048,0.0000001345490
21556,0.2162330514171,3.2746200128123,0.3693113220674,0.4986433973770,0.3826988623958,0.0000001345490
21576,0.2162371735288,3.2746824378183,0.3693113220674,0.4986046447667,0.3826859054875,0.0000001345490
21587,0.2162317211316,3.2745998670517,0.3693113220674,0.4986026959059,0.3826840410949,0.0000001345490
21589,0.2162369030644,3.2746783419221,0.3691936888477,0.4985881031456,0.3826295255720,0.0000001345490
21601,0.2162232791492,3.2744720221899,0.3692405228680,0.4985245945332,0.3826239962372,0.0000001345490
21606,0.2162251831718,3.2745008565906,0.3692405228680,0.4985171459739,0.3826217440423,0.0000001345490
21610,0.2162230935674,3.2744692117496,0.3692405228680,0.4985064657374,0.3826174818998,0.0000001345490
21625,0.2162306776106,3.2745840640327,0.3692405228680,0.4984871895463,0.3826122226980,0.0000001345490
21638,0.2162364896190,3.2746720807311,0.3691936888477,0.4984643680189,0.3825852458599,0.0000001345490
21656,0.2162359782245,3.2746643362034,0.3690760556281,0.4985064657374,0.3825497569378,0.0000001345490
21663,0.2162299396013,3.2745728876653,0.3690760556281,0.4984165598619,0.3825163537059,0.0000001345490
21665,0.2162337656702,3.2746308294177,0.3690292216079,0.4984479387579,0.3825083086034,0.0000001345490
21677,0.2162352318316,3.2746530328755,0.3690292216079,0.4984246645251,0.3825003105548,0.0000001345490
21703,0.2162408908773,3.2747387331152,0.3689115883883,0.4985169576029,0.3824840707840,0.0000001345490
21704,0.2162520991587,3.2749084706381,0.3689001622316,0.4985141248811,0.3824805639479,0.0000001345490
21707,0.2162503522069,3.2748820149074,0.3689001622316,0.4985043569664,0.3824767010602,0.0000001345490
21709,0.2162520340326,3.2749074843724,0.3689001622316,0.4984999150407,0.3824754750494,0.0000001345490
21712,0.2162540701366,3.2749383190060,0.3688647543680,0.4985147627692,0.3824660393188,0.0000001345490
21713,0.2162468870976,3.2748295395057,0.3688647543680,0.4984728904059,0.3824495456807,0.0000001345490
21737,0.2162445707797,3.2747944613304,0.3688647543680,0.4984373958831,0.3824363727116,0.0000001345490
21743,0.2162425101233,3.2747632548767,0.3688647543680,0.4984273487475,0.3824323428797,0.0000001318580
21744,0.2162482238605,3.2748497833606,0.3688179203478,0.4984277900692,0.3824136531439,0.0000001318580
21757,0.2162472439527,3.2748349436983,0.3688179203478,0.4983533862854,0.3823868703837,0.0000001318580
21773,0.2162487471482,3.2748577079976,0.3687710863276,0.4983524561912,0.3823667885976,0.0000001318580
21779,0.2162600606100,3.2750290383656,0.3687710863276,0.4982750681606,0.3823415743284,0.0000001318580
21786,0.2162649319442,3.2751028095518,0.3687242523073,0.4983147057418,0.3823367027418,0.0000001318580
21787,0.2162721714766,3.2752124445847,0.3686774182871,0.4983607041771,0.3823346103598,0.0000001318580
21790,0.2162732975013,3.2752294970333,0.3686305842669,0.4983344873596,0.3823054167788,0.0000001318580
21792,0.2162683747744,3.2751549475593,0.3686305842669,0.4982952854575,0.3822903612294,0.0000001318580
21799,0.2162744793166,3.2752473943705,0.3685129510473,0.4983542282817,0.3822623061173,0.0000001318580
21826,0.2162852590321,3.2754106417192,0.3684661170270,0.4983011415093,0.3822255847718,0.0000001318580
21863,0.2162810163099,3.2753463901955,0.3683484838074,0.4982876888359,0.3821694568538,0.0000001318580
21864,0.2162778399772,3.2752982880083,0.3683484838074,0.4982633385848,0.3821600796929,0.0000001318580
21878,0.2162752440291,3.2752589751297,0.3682308505878,0.4982915769017,0.3821191942944,0.0000001318580
21886,0.2162783833968,3.2753065175217,0.3682308505878,0.4982856836102,0.3821177622692,0.0000001318580
21897,0.2162802452245,3.2753347129248,0.3682308505878,0.4982733134570,0.3821137433204,0.0000001318580
21913,0.2162842404972,3.2753952170891,0.3682308505878,0.4982216936569,0.3820961638074,0.0000001318580
21932,0.2162830973433,3.2753779052372,0.3682194244311,0.4982345088254,0.3820955987674,0.0000001318580
21935,0.2162890473270,3.2754680114238,0.3681017912115,0.4982511339176,0.3820523970598,0.0000001318580
21980,0.2162930324755,3.2755283622665,0.3681486252317,0.4981886356861,0.3820510019462,0.0000001318580
21984,0.2162782906701,3.2753051132737,0.3681132338959,0.4981559004892,0.3820209841308,0.0000001318580
21991,0.2162811259943,3.2753480512482,0.3681132338959,0.4981498172974,0.3820194191318,0.0000001318580
22007,0.2162806497719,3.2753408393663,0.3679956006763,0.4981507562043,0.3819692381710,0.0000001292208
22026,0.2162683044038,3.2751538818721,0.3679601928127,0.4981831327117,0.3819629809747,0.0000001292208
22040,0.2162726564632,3.2752197891919,0.3679133587925,0.4981241345086,0.3819227710491,0.0000001292208
22041,0.2162665830279,3.2751278134610,0.3678665247722,0.4981716368938,0.3819183630133,0.0000001292208
22066,0.2162567569887,3.2749790085295,0.3677488915526,0.4980970645244,0.3818392102074,0.0000001292208
22073,0.2162664294484,3.2751254876624,0.3677020575324,0.4981282121872,0.3818323353197,0.0000001292208
22078,0.2162603961007,3.2750341190163,0.3676552235122,0.4980686673804,0.3817897047341,0.0000001292208
22080,0.2162449648425,3.2748004289933,0.3676552235122,0.4980770751519,0.3817894008114,0.0000001292208
22082,0.2162394201054,3.2747164598360,0.3676552235122,0.4980581475456,0.3817814527941,0.0000001292208
22096,0.2162355695873,3.2746581478266,0.3676503588562,0.4980526165481,0.3817765674743,0.0000001292208
22108,0.2162207710753,3.2744340400731,0.3676035248360,0.4980041194486,0.3817360042489,0.0000001292208
22125,0.2162280944252,3.2745449444333,0.3676035248360,0.4979813288266,0.3817294340304,0.0000001292208
22129,0.2162232899050,3.2744721850745,0.3675566908158,0.4980263125594,0.3817243983862,0.0000001292208
22139,0.2162124421626,3.2743079075316,0.3675098567955,0.4980597407678,0.3817139407929,0.0000001292208
22147,0.2162106292726,3.2742804532375,0.3675098567955,0.4980562676960,0.3817123119337,0.0000001292208
22170,0.2162092640031,3.2742597776798,0.3674630227753,0.4981112200238,0.3817115734843,0.0000001292208
22178,0.2162128107803,3.2743134898556,0.3673453895557,0.4980531675472,0.3816411862437,0.0000001292208
22185,0.2162020507172,3.2741505401225,0.3672985555355,0.4980860787726,0.3816305628019,0.0000001292208
22197,0.2161967492269,3.2740702546795,0.3672985555355,0.4980682527573,0.3816230603343,0.0000001292208
22206,0.2161963028856,3.2740634953149,0.3671809223158,0.4980766873315,0.3815755628007,0.0000001292208
22238,0.2161891385464,3.2739549990039,0.3671809223158,0.4980636100453,0.3815693571258,0.0000001292208
22246,0.2161869692270,3.2739221469638,0.3671340882956,0.4981202772904,0.3815690588505,0.0000001292208
22303,0.2161895824186,3.2739617209764,0.3670164550760,0.4981009000069,0.3815122841247,0.0000001266364
22340,0.2161910551044,3.2739840232396,0.3670164550760,0.4980591969401,0.3814977057478,0.0000001266364
22346,0.2161939491161,3.2740278499751,0.3670164550760,0.4979999091457,0.3814771516809,0.0000001266364
22347,0.2161929539544,3.2740127793065,0.3669696210558,0.4980012978295,0.3814573626675,0.0000001266364
22364,0.2161947336226,3.2740397304929,0.3669696210558,0.4979846991330,0.3814518159191,0.0000001266364
22376,0.2162064543504,3.2742172284722,0.3669696210558,0.4979514485317,0.3814424522889,0.0000001266364
22387,0.2162075172231,3.2742333245517,0.3670050289193,0.4978916330102,0.3814364921597,0.0000001266364
22393,0.2162080188379,3.2742409209757,0.3668873956997,0.4978805468037,0.3813822260522,0.0000001266364
22402,0.2162100427583,3.2742715711007,0.3668873956997,0.4978230862720,0.3813621381309,0.0000001266364
22414,0.2162114478986,3.2742928504583,0.3668405616795,0.4977751206983,0.3813252369474,0.0000001266364
22422,0.2162136965396,3.2743269037403,0.3667937276592,0.4977336714412,0.3812908437700,0.0000001266364
22431,0.2162090388436,3.2742563678788,0.3667468936390,0.4976917273664,0.3812547939426,0.0000001266364
22438,0.2162134349856,3.2743229427822,0.3667468936390,0.4976678479320,0.3812472076036,0.0000001266364
22449,0.2162167523418,3.2743731806208,0.3667000596188,0.4976582083596,0.3812244040383,0.0000001266364
22456,0.2162198273315,3.2744197480746,0.3665824263991,0.4976143523084,0.3811589858522,0.0000001266364
22465,0.2162310821484,3.2745901903283,0.3665355923789,0.4976293937522,0.3811466978200,0.0000001266364
22467,0.2162296728124,3.2745688474315,0.3664887583587,0.4975828815199,0.3811097125849,0.0000001266364
22478,0.2162323292435,3.2746090762606,0.3664887583587,0.4975806568605,0.3811094872990,0.0000001266364
22492,0.2162326568882,3.2746140380919,0.3664887583587,0.4975413247291,0.3810955103187,0.0000001266364
22502,0.2162398717239,3.2747232991190,0.3663711251390,0.4975585002517,0.3810527762332,0.0000001266364
22503,0.2162375693340,3.2746884318684,0.3663242911188,0.4975290478074,0.3810216924109,0.0000001266364
22505,0.2162394325951,3.2747166489787,0.3663242911188,0.4975172070023,0.3810178628221,0.0000001266364
22510,0.2162380742357,3.2746960780684,0.3663242911188,0.4974979559347,0.3810106963638,0.0000001266364
22519,0.2162347120974,3.2746451620526,0.3663242911188,0.4974848360704,0.3810052902398,0.0000001266364
22520,0.2162308034303,3.2745859694395,0.3662066578992,0.4974175628474,0.3809300122802,0.0000001266364
22532,0.2162378247586,3.2746923000023,0.3661598238790,0.4974114818011,0.3809092733253,0.0000001266364
22548,0.2162321967963,3.2746070704873,0.3661129898587,0.4974309159237,0.3808949363685,0.0000001241037
22564,0.2162324529497,3.2746109496590,0.3660661558385,0.4973834572869,0.3808579700225,0.0000001241037
22580,0.2162327815376,3.2746159257735,0.3659718707635,0.4973921484415,0.3808207365287,0.0000001241037
22589,0.2162318210708,3.2746013805240,0.3659718707635,0.4973495467515,0.3808053158251,0.0000001241037
22592,0.2162307453500,3.2745850898741,0.3658542375439,0.4973096521564,0.3807404230068,0.0000001241037
22593,0.2162340390953,3.2746349701500,0.3658074035237,0.4973628560216,0.3807400584669,0.0000001241037
22594,0.2162322152208,3.2746073495068,0.3657605695034,0.4973560192040,0.3807171541931,0.0000001241037
22621,0.2162272357465,3.2745319406545,0.3657137354832,0.4973553600761,0.3806957800371,0.0000001241037
22626,0.2162226402835,3.2744623472468,0.3656669014630,0.4974069920767,0.3806931635723,0.0000001241037
22629,0.2162273121221,3.2745330972821,0.3656200674428,0.4973775419986,0.3806635750726,0.0000001241037
22635,0.2162246451776,3.2744927092398,0.3656200674428,0.4973762590245,0.3806625453794,0.0000001241037
22636,0.2162260132547,3.2745134273151,0.3655732334225,0.4974093819904,0.3806545964465,0.0000001241037
22637,0.2162288303272,3.2745560888879,0.3655732334225,0.4974061975839,0.3806540628169,0.0000001241037
22638,0.2162336018739,3.2746283488965,0.3654556002029,0.4974357310187,0.3806152187095,0.0000001241037
22647,0.2162261877945,3.2745160705342,0.3654087661827,0.4974081135931,0.3805836948889,0.0000001241037
22656,0.2162365982786,3.2746737262652,0.3652911329630,0.4974275761837,0.3805424623952,0.0000001241037
22667,0.2162422828783,3.2747598134929,0.3652911329630,0.4973987797459,0.3805333960816,0.0000001241037
22673,0.2162474721523,3.2748383995375,0.3652911329630,0.4973882198328,0.3805307366714,0.0000001241037
22676,0.2162515417079,3.2749000286370,0.3652911329630,0.4973687586246,0.3805246582875,0.0000001241037
22689,0.2162577463869,3.2749939919138,0.3652911329630,0.4973578480756,0.3805220912369,0.0000001241037
22694,0.2162648147283,3.2751010344413,0.3651734997434,0.4973586637115,0.3804734829431,0.0000001241037
22717,0.2162584558465,3.2750047359265,0.3651266657232,0.4973405535488,0.3804455806873,0.0000001241037
22718,0.2162638923598,3.2750870661488,0.3651266657232,0.4972987799542,0.3804318265135,0.0000001241037
22744,0.2162688178256,3.2751616571002,0.3650912578596,0.4973149936875,0.3804234977909,0.0000001241037
22755,0.2162835667765,3.2753850143042,0.3650444238394,0.4973034774537,0.3804024736167,0.0000001241037
22765,0.2162800460501,3.2753316966409,0.3649267906198,0.4972948624770,0.3803482281610,0.0000001241037
22768,0.2162753191020,3.2752601120298,0.3648091574002,0.4973477446859,0.3803156875097,0.0000001241037
22776,0.2162769753003,3.2752851933948,0.3648091574002,0.4973397019902,0.3803131700181,0.0000001241037
22796,0.2162819092344,3.2753599125883,0.3648091574002,0.4973203811705,0.3803073269969,0.0000001241037
22799,0.2162846751492,3.2754017994322,0.3648091574002,0.4973015864745,0.3803012073015,0.0000001241037
22802,0.2162811640289,3.2753486272425,0.3647623233799,0.4973457779911,0.3802961658801,0.0000001241037
22807,0.2162796969361,3.2753264096790,0.3647623233799,0.4972408377025,0.3802583728286,0.0000001241037
22819,0.2162882031434,3.2754552271591,0.3646446901603,0.4972531327167,0.3802141724268,0.0000001241037
22826,0.2162940175601,3.2755432803278,0.3646446901603,0.4971634355493,0.3801833836706,0.0000001216216
22836,0.2162971933532,3.2755913743426,0.3646446901603,0.4970732712389,0.3801518626583,0.0000001216216
22839,0.2162996282387,3.2756282480979,0.3646446901603,0.4970655666829,0.3801496327923,0.0000001216216
22843,0.2162923982125,3.2755187570277,0.3645978561401,0.4970371141521,0.3801178501599,0.0000001216216
22851,0.2162922562415,3.2755166070265,0.3645978561401,0.4970322068643,0.3801160671347,0.0000001216216
22856,0.2162953168778,3.2755629571151,0.3645978561401,0.4970225089238,0.3801132594352,0.0000001216216
22862,0.2162953655582,3.2755636943271,0.3646446901603,0.4969652791379,0.3801129023804,0.0000001216216
22867,0.2162990838488,3.2756200038914,0.3646446901603,0.4969122817870,0.3800947715317,0.0000001216216
22872,0.2163046007168,3.2757035510010,0.3645270569407,0.4968941625082,0.3800390683097,0.0000001216216
22874,0.2163033779546,3.2756850335653,0.3645270569407,0.4968726417830,0.3800311203159,0.0000001216216
22882,0.2163050540800,3.2757104167048,0.3644802229205,0.4968286110484,0.3799956825003,0.0000001216216
22884,0.2163010164527,3.2756492711253,0.3644802229205,0.4968141273576,0.3799896445478,0.0000001216216
22892,0.2163005194643,3.2756417447644,0.3644802229205,0.4968090153256,0.3799877123245,0.0000001216216
22912,0.2162886270295,3.2754616464637,0.3644802229205,0.4967457021255,0.3799625520885,0.0000001216216
22913,0.2162862355063,3.2754254293831,0.3643625897008,0.4967318662458,0.3799066839966,0.0000001216216
22914,0.2162730357584,3.2752255332140,0.3643511470164,0.4967457921967,0.3799039250255,0.0000001216216
22916,0.2162797801750,3.2753276702436,0.3643511470164,0.4967101225827,0.3798926311098,0.0000001216216
22922,0.2162743085308,3.2752448080009,0.3643043129962,0.4966485077561,0.3798493815964,0.0000001216216
22925,0.2162794629448,3.2753228661298,0.3641866797766,0.4967024403131,0.3798193335043,0.0000001216216
22931,0.2162824076533,3.2753674606134,0.3641866797766,0.4966929436079,0.3798165728328,0.0000001216216
22944,0.2162764695628,3.2752775345362,0.3640690465570,0.4966927503660,0.3797648171329,0.0000001216216
22951,0.2162862755456,3.2754260357362,0.3640690465570,0.4966388574872,0.3797476709582,0.0000001216216
22963,0.2162849922843,3.2754066021068,0.3640690465570,0.4966013678155,0.3797340068052,0.0000001216216
22984,0.2162794246456,3.2753222861288,0.3640690465570,0.4965849632860,0.3797269549792,0.0000001216216
22985,0.2162870369157,3.2754375658790,0.3640690465570,0.4965068836006,0.3797007005780,0.0000001216216
22987,0.2162847690688,3.2754032217446,0.3640690465570,0.4964907870267,0.3796944658344,0.0000001216216
22990,0.2162865532193,3.2754302408095,0.3640222125367,0.4964598395263,0.3796637237507,0.0000001216216
23001,0.2162896072735,3.2754764912188,0.3640222125367,0.4964462444992,0.3796595228241,0.0000001216216
23012,0.2162987137918,3.2756143997703,0.3639753785165,0.4964754413382,0.3796518299404,0.0000001216216
23022,0.2163024949779,3.2756716618204,0.3639753785165,0.4964645672111,0.3796487565777,0.0000001216216
23023,0.2162970677661,3.2755894724591,0.3639868212009,0.4964441235233,0.3796451962943,0.0000001216216
23031,0.2162950747451,3.2755592902712,0.3639399871807,0.4964021044195,0.3796096906726,0.0000001216216
23039,0.2162979833307,3.2756033377125,0.3638931531604,0.4963945526385,0.3795875451533,0.0000001216216
23049,0.2162983569914,3.2756089964081,0.3638463191402,0.4963447783816,0.3795497769802,0.0000001216216
23058,0.2162982230752,3.2756069683882,0.3637994851200,0.4963849211069,0.3795440132486,0.0000001216216
23072,0.2162914703728,3.2755047058798,0.3637526510997,0.4963555404385,0.3795120014221,0.0000001216216
23099,0.2162981705469,3.2756061729032,0.3636878128943,0.4963585498475,0.3794867241603,0.0000001216216
23117,0.2163062032017,3.2757278189324,0.3635701796747,0.4963411053966,0.3794318010454,0.0000001191892
23118,0.2162931848990,3.2755306705593,0.3635233456545,0.4963354797755,0.3794069305358,0.0000001191892
23133,0.2162932858300,3.2755321990524,0.3635233456545,0.4963150708712,0.3793996632695,0.0000001191892
23153,0.2163016928068,3.2756595137898,0.3634765116343,0.4963212702609,0.3793836071093,0.0000001191892
23158,0.2163033563460,3.2756847063261,0.3634296776140,0.4963506495468,0.3793743844612,0.0000001191892
23164,0.2163029893189,3.2756791480905,0.3634296776140,0.4963461054669,0.3793726829268,0.0000001191892
23166,0.2163088350385,3.2757676753071,0.3633828435938,0.4963287591217,0.3793476687348,0.0000001191892
23168,0.2163164458861,3.2758829335145,0.3633828435938,0.4963120194064,0.3793433211609,0.0000001191892
23199,0.2163232102533,3.2759853726751,0.3633828435938,0.4962704954320,0.3793299406773,0.0000001191892
23212,0.2163164162796,3.2758824851555,0.3633360095736,0.4963289578606,0.3793292925416,0.0000001191892
23265,0.2163161683589,3.2758787306597,0.3632891755533,0.4963193415164,0.3793057332842,0.0000001191892
23272,0.2163075898825,3.2757488187423,0.3632423415331,0.4962406873722,0.3792557325505,0.0000001191892
23285,0.2163076539300,3.2757497886736,0.3632423415331,0.4962050805926,0.3792430295680,0.0000001191892
23293,0.2163105843525,3.2757941668106,0.3631955075129,0.4961968697841,0.3792206533611,0.0000001191892
23300,0.2163093186305,3.2757749987955,0.3631955075129,0.4961906882100,0.3792181744299,0.0000001191892
23310,0.2163145213958,3.2758537891526,0.3631955075129,0.4961868969743,0.3792179352954,0.0000001191892
23315,0.2163192775748,3.2759258164348,0.3630778742932,0.4963251689574,0.3792179230908,0.0000001191892
23321,0.2163256828830,3.2760228180262,0.3630310402730,0.4963240024028,0.3791988073072,0.0000001191892
23322,0.2163185303840,3.2759145010230,0.3629134070534,0.4964162075099,0.3791797907873,0.0000001191892
23349,0.2163127736002,3.2758273206430,0.3629019643690,0.4964311037142,0.3791789732561,0.0000001191892
23350,0.2163198615578,3.2759346602367,0.3629019643690,0.4964182723952,0.3791759094902,0.0000001191892
23355,0.2163217052872,3.2759625815612,0.3627843311494,0.4964403578924,0.3791337780157,0.0000001191892
23357,0.2163252714559,3.2760165874009,0.3627843311494,0.4964204980975,0.3791274494108,0.0000001191892
23372,0.2163327321426,3.2761295715807,0.3627843311494,0.4963362562837,0.3790989617673,0.0000001191892
23376,0.2163345132947,3.2761565452376,0.3626666979297,0.4963712059960,0.3790614112459,0.0000001191892
23380,0.2163440070012,3.2763003173437,0.3626666979297,0.4963647387633,0.3790611358856,0.0000001191892
23382,0.2163486461489,3.2763705723116,0.3626198639095,0.4964173078603,0.3790608329432,0.0000001191892
23388,0.2163433032171,3.2762896592809,0.3625022306899,0.4964416860052,0.3790179802726,0.0000001191892
23390,0.2163482079350,3.2763639360276,0.3625022306899,0.4964178926715,0.3790105336644,0.0000001168054
23398,0.2163441897229,3.2763030844708,0.3624962696959,0.4963777697026,0.3789927882755,0.0000001168054
23415,0.2163481720332,3.2763633923330,0.3624494356757,0.4964291303447,0.3789919129912,0.0000001168054
23427,0.2163487251293,3.2763717683852,0.3623318024561,0.4964390264678,0.3789451516045,0.0000001168054
23430,0.2163469882614,3.2763454653645,0.3624085626494,0.4963440738663,0.3789437650009,0.0000001168054
23454,0.2163509025035,3.2764047424068,0.3624085626494,0.4963264476184,0.3789383086785,0.0000001168054
23457,0.2163496185734,3.2763852986487,0.3622909294298,0.4962428443402,0.3788577610000,0.0000001168054
23463,0.2163444634675,3.2763072300427,0.3622909294298,0.4962299761018,0.3788520605350,0.0000001168054
23476,0.2163483123722,3.2763655176173,0.3622440954096,0.4962596341409,0.3788434057342,0.0000001168054
23481,0.2163490367532,3.2763764875984,0.3621379048743,0.4962245406881,0.3787855173533,0.0000001168054
23483,0.2163473007006,3.2763501969260,0.3621379048743,0.4962144635099,0.3787815463498,0.0000001168054
23491,0.2163411788377,3.2762574878108,0.3620910708541,0.4961961318315,0.3787536157711,0.0000001168054
23521,0.2163381577532,3.2762117366928,0.3619734376345,0.4962599224687,0.3787253365293,0.0000001168054
23539,0.2163443364941,3.2763053071641,0.3620910708541,0.4961123839162,0.3787243824420,0.0000001168054
23540,0.2163403872985,3.2762455007894,0.3620442368339,0.4961066208938,0.3787014062405,0.0000001168054
23553,0.2163456489916,3.2763251835453,0.3620442368339,0.4960085130385,0.3786674952264,0.0000001168054
23560,0.2163408508796,3.2762525212327,0.3620442368339,0.4959789896441,0.3786559229902,0.0000001168054
23562,0.2163519178902,3.2764201193595,0.3619974028137,0.4960199488826,0.3786528510689,0.0000001168054
23567,0.2163496416816,3.2763856485981,0.3619974028137,0.4959984933037,0.3786447006032,0.0000001168054
23600,0.2163541176455,3.2764534323187,0.3619505687934,0.4959827892085,0.3786199794100,0.0000001168054
23602,0.2163591113261,3.2765290563097,0.3619037347732,0.4959197480574,0.3785784630646,0.0000001168054
23612,0.2163606158562,3.2765518408210,0.3619037347732,0.4958957669631,0.3785702207874,0.0000001168054
23613,0.2163623865831,3.2765786566011,0.3618569007530,0.4958239504600,0.3785248797548,0.0000001168054
23619,0.2163653257376,3.2766231669747,0.3618100667327,0.4958676255350,0.3785210360917,0.0000001168054
23622,0.2163639773352,3.2766027468525,0.3618100667327,0.4957932949749,0.3784942005197,0.0000001168054
23679,0.2163681972953,3.2766666536681,0.3617632327125,0.4958338340465,0.3784895113138,0.0000001168054
23694,0.2163682750010,3.2766678304388,0.3617632327125,0.4957481380638,0.3784589222569,0.0000001144693
23696,0.2163734371465,3.2767460056522,0.3617632327125,0.4957063405110,0.3784451007335,0.0000001144693
23716,0.2163687242647,3.2766746340612,0.3617163986923,0.4957525885693,0.3784405362710,0.0000001144693
23722,0.2163587616075,3.2765237601933,0.3616930505476,0.4957705624341,0.3784348143056,0.0000001144693
23744,0.2163570921892,3.2764984786250,0.3616462165274,0.4957823198147,0.3784185839147,0.0000001144693
23748,0.2163589165223,3.2765261062144,0.3615993825071,0.4958143483078,0.3784103418678,0.0000001144693
23756,0.2163622291154,3.2765762719199,0.3615993825071,0.4957771383911,0.3783977624532,0.0000001144693
23762,0.2163619210422,3.2765716064783,0.3614817492875,0.4958217606353,0.3783632187163,0.0000001144693
23768,0.2163593749736,3.2765330489725,0.3614817492875,0.4957837549767,0.3783490996807,0.0000001144693
23781,0.2163674742352,3.2766557036910,0.3613641160679,0.4957658690827,0.3782940331805,0.0000001144693
23794,0.2163611983243,3.2765606616823,0.3612464828483,0.4957635308972,0.3782414390392,0.0000001144693
23811,0.2163672756496,3.2766526963229,0.3611996488280,0.4957895778024,0.3782319720664,0.0000001144693
23815,0.2163727476937,3.2767355646208,0.3611996488280,0.4957501013595,0.3782190459176,0.0000001144693
23828,0.2163715409502,3.2767172897718,0.3611528148078,0.4957003082762,0.3781809323627,0.0000001144693
23843,0.2163680333160,3.2766641703754,0.3611528148078,0.4956262623675,0.3781537357594,0.0000001144693
23853,0.2163658383439,3.2766309298531,0.3610351815882,0.4956707684170,0.3781187461890,0.0000001144693
23857,0.2163666204631,3.2766427742182,0.3610351815882,0.4956286810085,0.3781038825686,0.0000001144693
23860,0.2163652794850,3.2766224665282,0.3609175483686,0.4955797369518,0.3780357009590,0.0000001144693
23862,0.2163617522473,3.2765690502581,0.3608707143483,0.4955170899338,0.3779924994643,0.0000001144693
23894,0.2163621083793,3.2765744434989,0.3607530811287,0.4954811060441,0.3779293101522,0.0000001144693
23896,0.2163505986467,3.2764001408175,0.3607530811287,0.4954492356832,0.3779154615092,0.0000001144693
23904,0.2163498275542,3.2763884634404,0.3607530811287,0.4954280870703,0.3779077431990,0.0000001144693
23928,0.2163497274346,3.2763869472359,0.3606354479091,0.4954347201445,0.3778596764629,0.0000001144693
23965,0.2163479453992,3.2763599602019,0.3605886138889,0.4953924426058,0.3778241237543,0.0000001144693
24026,0.2163437249842,3.2762960464970,0.3605886138889,0.4953839657833,0.3778201919430,0.0000001121799
24036,0.2163363827607,3.2761848563160,0.3605417798686,0.4953383896668,0.3777822697020,0.0000001121799
24048,0.2163420779239,3.2762711035164,0.3605417798686,0.4952709702240,0.3777594117217,0.0000001121799
24083,0.2163488653489,3.2763738918623,0.3604949458484,0.4952857729844,0.3777460811471,0.0000001121799
24086,0.2163437244100,3.2762960378014,0.3604481118282,0.4952508710206,0.3777124428073,0.0000001121799
24092,0.2163422388040,3.2762735398748,0.3604481118282,0.4952109039353,0.3776978505041,0.0000001121799
24098,0.2163400644010,3.2762406108495,0.3603304786085,0.4952031873468,0.3776442143991,0.0000001121799
24103,0.2163504123626,3.2763973197434,0.3603304786085,0.4951789695107,0.3776377825923,0.0000001121799
24105,0.2163483663860,3.2763663355994,0.3602836445883,0.4951149015245,0.3775943910222,0.0000001121799
24114,0.2163514251806,3.2764126577957,0.3601660113687,0.4952491213726,0.3775925679012,0.0000001121799
24125,0.2163508876463,3.2764045174105,0.3601660113687,0.4952026089138,0.3775758411229,0.0000001121799
24130,0.2163560398497,3.2764825420609,0.3601660113687,0.4951617653029,0.3775623581625,0.0000001121799
24131,0.2163549503057,3.2764660420734,0.3601360851955,0.4951851632576,0.3775576555984,0.0000001121799
24141,0.2163544631979,3.2764586653439,0.3601360851955,0.4951357348066,0.3775398982000,0.0000001121799
24145,0.2163429252531,3.2762839354173,0.3601360851955,0.4951030815754,0.3775257639150,0.0000001121799
24166,0.2163496371446,3.2763855798892,0.3600892511753,0.4951351818833,0.3775185948502,0.0000001121799
24171,0.2163460697695,3.2763315557801,0.3600892511753,0.4951169670763,0.3775113251244,0.0000001121799
24173,0.2163456206213,3.2763247539084,0.3600424171551,0.4951558964387,0.3775050604991,0.0000001121799
24182,0.2163569964068,3.2764970281032,0.3599247839355,0.4951276546473,0.3774469975764,0.0000001121799
24193,0.2163637173130,3.2765988090921,0.3599247839355,0.4951148703952,0.3774438719663,0.0000001121799
24196,0.2163617629505,3.2765692123472,0.3599547101086,0.4950197093770,0.3774222925992,0.0000001121799
24197,0.2163549959798,3.2764667337600,0.3598370768890,0.4950407134312,0.3773779297449,0.0000001121799
24205,0.2163530832076,3.2764377668550,0.3598724847525,0.4949598352554,0.3773638096011,0.0000001121799
24211,0.2163494201142,3.2763822931935,0.3598724847525,0.4949414673344,0.3773564646807,0.0000001121799
24215,0.2163542741181,3.2764558019310,0.3598256507323,0.4948786910989,0.3773150130173,0.0000001121799
24223,0.2163529148707,3.2764352175719,0.3598256507323,0.4948549892342,0.3773062567984,0.0000001121799
24233,0.2163497054705,3.2763866146128,0.3597788167121,0.4947919304671,0.3772629763585,0.0000001121799
24260,0.2163536964851,3.2764470542925,0.3596611834924,0.4948395180531,0.3772304129054,0.0000001121799
24263,0.2163612698110,3.2765617442726,0.3596143494722,0.4948771175643,0.3772253924348,0.0000001121799
24277,0.2163556957096,3.2764773304239,0.3595675154520,0.4948129572799,0.3771812118743,0.0000001121799
24280,0.2163497774092,3.2763877040481,0.3595206814317,0.4948033176826,0.3771564292308,0.0000001099363
24306,0.2163460099078,3.2763306492387,0.3594738474115,0.4947396938521,0.3771128273895,0.0000001099363
24318,0.2163526340750,3.2764309652180,0.3594738474115,0.4946579025521,0.3770850356753,0.0000001099363
24335,0.2163476352871,3.2763552638824,0.3594270133913,0.4946228529111,0.3770513750546,0.0000001099363
24338,0.2163434106618,3.2762912864167,0.3593801793710,0.4946557894241,0.3770421610952,0.0000001099363
24341,0.2163406635655,3.2762496845601,0.3592625461514,0.4946944305606,0.3770049586006,0.0000001099363
24345,0.2163455399940,3.2763235328929,0.3592157121312,0.4947293489437,0.3769984026777,0.0000001099363
24350,0.2163467456973,3.2763417919900,0.3591688781110,0.4946782566010,0.3769603420545,0.0000001099363
24377,0.2163488972411,3.2763743748364,0.3591688781110,0.4945760013800,0.3769242833778,0.0000001099363
24389,0.2163572236605,3.2765004696187,0.3591220440907,0.4945865135635,0.3769097502388,0.0000001099363
24410,0.2163578320410,3.2765096828953,0.3591220440907,0.4945847133426,0.3769092376700,0.0000001099363
24415,0.2163599579760,3.2765418779245,0.3591220440907,0.4945601332971,0.3769009146399,0.0000001099363
24435,0.2163579671881,3.2765117295543,0.3590752100705,0.4945755926938,0.3768859375326,0.0000001099363
24437,0.2163612256848,3.2765610760284,0.3590283760503,0.4945545886397,0.3768590626110,0.0000001099363
24452,0.2163570771296,3.2764982505645,0.3590283760503,0.4945529025897,0.3768575714742,0.0000001099363
24462,0.2163606243431,3.2765519693460,0.3589107428306,0.4945347731678,0.3768014425608,0.0000001099363
24467,0.2163572237143,3.2765004704338,0.3587931096110,0.4945133482392,0.3767426478575,0.0000001099363
24473,0.2163662580991,3.2766372866009,0.3587931096110,0.4944892465978,0.3767359760680,0.0000001099363
24489,0.2163701487536,3.2766962064330,0.3587931096110,0.4944707679190,0.3767302102516,0.0000001099363
24512,0.2163738559707,3.2767523483009,0.3586754763914,0.4945312008098,0.3767021735936,0.0000001099363
24527,0.2163877258321,3.2769623926262,0.3586754763914,0.4944981503336,0.3766933419652,0.0000001099363
24536,0.2163925799827,3.2770359035850,0.3585578431718,0.4945050141816,0.3766464192776,0.0000001099363
24540,0.2163928295568,3.2770396831201,0.3584402099522,0.4945688486201,0.3766188565346,0.0000001099363
24544,0.2163900670267,3.2769978475331,0.3583225767325,0.4945388386500,0.3765571324804,0.0000001099363
24547,0.2163973189544,3.2771076702795,0.3582049435129,0.4944886178507,0.3764903362282,0.0000001099363
24555,0.2163966372849,3.2770973471194,0.3582049435129,0.4943911480089,0.3764553794983,0.0000001099363
24556,0.2164003855369,3.2771541104169,0.3582049435129,0.4943814957401,0.3764527354563,0.0000001099363
24567,0.2164018557009,3.2771763744904,0.3582049435129,0.4943623367899,0.3764462080093,0.0000001099363
24570,0.2164025325815,3.2771866251286,0.3582049435129,0.4943564501301,0.3764442506766,0.0000001099363
24597,0.2164001564657,3.2771506413760,0.3582049435129,0.4943549433836,0.3764432033852,0.0000001077376
24598,0.2163949737832,3.2770721551513,0.3582049435129,0.4943552615602,0.3764422064449,0.0000001077376
24601,0.2163968262037,3.2771002080937,0.3581581094927,0.4943602017990,0.3764242960401,0.0000001077376
24602,0.2163918844269,3.2770253701306,0.3580758676089,0.4944025795061,0.3764031254618,0.0000001077376
24609,0.2163938892653,3.2770557312792,0.3579582343893,0.4943800547361,0.3763450962723,0.0000001077376
24611,0.2163884082149,3.2769727265904,0.3579582343893,0.4942999192512,0.3763153019455,0.0000001077376
24622,0.2163843804183,3.2769117298862,0.3578406011697,0.4942875795757,0.3762596175822,0.0000001077376
24665,0.2163770417413,3.2768005934145,0.3578406011697,0.4942629156980,0.3762492364809,0.0000001077376
24676,0.2163748855035,3.2767679394808,0.3577229679500,0.4943075919906,0.3762143160117,0.0000001077376
24682,0.2163796592189,3.2768402323342,0.3577229679500,0.4942576066201,0.3761974870327,0.0000001077376
24706,0.2163832194992,3.2768941489995,0.3576761339298,0.4942413039081,0.3761723558298,0.0000001077376
24715,0.2163721974926,3.2767272324100,0.3576292999096,0.4942900093487,0.3761673170485,0.0000001077376
24716,0.2163710195794,3.2767093941646,0.3575824658893,0.4942411186684,0.3761295319583,0.0000001077376
24717,0.2163816204870,3.2768699336566,0.3575824658893,0.4941663587201,0.3761051035998,0.0000001077376
24721,0.2163755779304,3.2767784255512,0.3575824658893,0.4941456649418,0.3760964181312,0.0000001077376
24742,0.2163713206854,3.2767139540951,0.3575356318691,0.4941123290740,0.3760635284743,0.0000001077376
24746,0.2163682125724,3.2766668850244,0.3575356318691,0.4940552667155,0.3760424830364,0.0000001077376
24748,0.2163672078079,3.2766516689318,0.3574887978489,0.4940867152992,0.3760334276438,0.0000001077376
24762,0.2163751312516,3.2767716610760,0.3574305211443,0.4940702363137,0.3760042644421,0.0000001077376
24777,0.2163766851811,3.2767951936883,0.3573128879246,0.4940385170790,0.3759428548919,0.0000001077376
24813,0.2163801845365,3.2768481877114,0.3573128879246,0.4939605620457,0.3759157636704,0.0000001077376
24822,0.2163821876216,3.2768785223085,0.3572660539044,0.4939179706931,0.3758809099826,0.0000001077376
24832,0.2163846125180,3.2769152447903,0.3572660539044,0.4939151417383,0.3758804192623,0.0000001077376
24857,0.2163942289624,3.2770608756317,0.3572660539044,0.4939019114924,0.3758777548411,0.0000001077376
24876,0.2163964183932,3.2770940322370,0.3572192198842,0.4938795948805,0.3758501820634,0.0000001077376
24886,0.2163962850483,3.2770920128700,0.3571380743385,0.4938846387030,0.3758171781922,0.0000001077376
24899,0.2164044363550,3.2772154557566,0.3570204411188,0.4939664853061,0.3757977415935,0.0000001055828
24938,0.2164122385188,3.2773336112445,0.3569736070986,0.4939709009229,0.3757809187688,0.0000001055828
24958,0.2164093993345,3.2772906148125,0.3569839534449,0.4939269460123,0.3757690463382,0.0000001055828
24962,0.2164103795813,3.2773054596093,0.3569371194247,0.4939613718717,0.3757614796179,0.0000001055828
24967,0.2164043934934,3.2772148066638,0.3569371194247,0.4939366152364,0.3757513552293,0.0000001055828
24992,0.2164095466108,3.2772928451555,0.3568902854045,0.4938991163284,0.3757189952786,0.0000001055828
25000,0.2164105816989,3.2773085204662,0.3568902854045,0.4938810412329,0.3757127616920,0.0000001055828
25017,0.2164146287357,3.2773698085426,0.3568902854045,0.4938737780569,0.3757110349227,0.0000001055828
25019,0.2164127181122,3.2773408741771,0.3568434513842,0.4939149857644,0.3757052708189,0.0000001055828
25023,0.2164144650605,3.2773673298554,0.3568434513842,0.4938964617101,0.3756990294312,0.0000001055828
25024,0.2164230183300,3.2774968600411,0.3567966173640,0.4938539931217,0.3756656231988,0.0000001055828
25025,0.2164243007756,3.2775162813183,0.3567497833438,0.4938030094492,0.3756276178311,0.0000001055828
25029,0.2164248629822,3.2775247953415,0.3566321501241,0.4938078364377,0.3755790479914,0.0000001055828
25037,0.2164296683010,3.2775975667927,0.3565853161039,0.4938571946070,0.3755776338973,0.0000001055828
25039,0.2164258322808,3.2775394743394,0.3565384820837,0.4938207224302,0.3755437143925,0.0000001055828
25040,0.2164270594779,3.2775580589366,0.3565384820837,0.4937921935563,0.3755337884798,0.0000001055828
25047,0.2164373684805,3.2777141778362,0.3564916480634,0.4937588207691,0.3755040069763,0.0000001055828
25048,0.2164405167505,3.2777618550439,0.3563740148438,0.4936504649668,0.3754155688678,0.0000001055828
25058,0.2164344369195,3.2776697824582,0.3563636684975,0.4936485661926,0.3754091537648,0.0000001055828
25063,0.2164271448773,3.2775593522203,0.3563805763446,0.4935937607777,0.3753952640420,0.0000001055828
25070,0.2164273799407,3.2775629120055,0.3563805763446,0.4935744640714,0.3753884227319,0.0000001055828
25072,0.2164288460858,3.2775851152168,0.3563805763446,0.4935665067412,0.3753858950022,0.0000001055828
25073,0.2164291654418,3.2775899515236,0.3563805763446,0.4935526000364,0.3753809967554,0.0000001055828
25076,0.2164397845142,3.2777507661025,0.3563337423244,0.4935407863087,0.3753589813594,0.0000001055828
25090,0.2164343973815,3.2776691836966,0.3563337423244,0.4935280491236,0.3753532779792,0.0000001055828
25098,0.2164370695710,3.2777096511700,0.3563337423244,0.4934752920709,0.3753350087867,0.0000001055828
25100,0.2164449589928,3.2778291280870,0.3562161091047,0.4934477936588,0.3752764642786,0.0000001055828
25108,0.2164396427941,3.2777486199016,0.3562161091047,0.4934262165723,0.3752676189909,0.0000001055828
25113,0.2164362655222,3.2776974747048,0.3562161091047,0.4933856029451,0.3752523904229,0.0000001055828
25121,0.2164301592169,3.2776050011928,0.3562161091047,0.4933546308515,0.3752400204669,0.0000001055828
25125,0.2164323833425,3.2776386832140,0.3562161091047,0.4933324102925,0.3752325611513,0.0000001055828
25147,0.2164282298509,3.2775757829924,0.3561692750845,0.4933394796753,0.3752141241740,0.0000001055828
25192,0.2164265991432,3.2775510876553,0.3561692750845,0.4933236469509,0.3752081201922,0.0000001055828
25195,0.2164270089373,3.2775572935529,0.3561224410643,0.4933789174553,0.3752078757482,0.0000001055828
25196,0.2164212178694,3.2774695939766,0.3560586991970,0.4933802801868,0.3751798035517,0.0000001055828
25206,0.2164212785171,3.2774705124224,0.3560586991970,0.4933654720425,0.3751745279247,0.0000001055828
25209,0.2164146980176,3.2773708577434,0.3559410659773,0.4933988632893,0.3751346290260,0.0000001055828
25213,0.2164099483667,3.2772989293224,0.3558234327577,0.4934941786082,0.3751172381920,0.0000001034712
25215,0.2164170816338,3.2774069550797,0.3558234327577,0.4933915945574,0.3750821295882,0.0000001034712
25231,0.2164157577147,3.2773869057312,0.3557057995381,0.4934435014590,0.3750499698334,0.0000001034712
25234,0.2164149828465,3.2773751711739,0.3557057995381,0.4934030123560,0.3750353433963,0.0000001034712
25257,0.2164137329718,3.2773562431482,0.3557057995381,0.4933770206070,0.3750257927985,0.0000001034712
25258,0.2164228993627,3.2774950584085,0.3556589655179,0.4934152952090,0.3750213548029,0.0000001034712
25265,0.2164239549291,3.2775110438402,0.3555413322982,0.4933669239712,0.3749538913166,0.0000001034712
25266,0.2164225628166,3.2774899617753,0.3554362381011,0.4934371105086,0.3749336192571,0.0000001034712
25271,0.2164301913214,3.2776054873815,0.3553186048815,0.4934822935387,0.3749009764962,0.0000001034712
25277,0.2164281864575,3.2775751258461,0.3552009716619,0.4934673100338,0.3748447813938,0.0000001034712
25291,0.2164152591100,3.2773793548923,0.3551541376416,0.4935258830252,0.3748428584504,0.0000001034712
25299,0.2164164638926,3.2773976000453,0.3551073036214,0.4935606451223,0.3748354599298,0.0000001034712
25300,0.2164208388046,3.2774638534425,0.3551073036214,0.4935418048368,0.3748296687376,0.0000001034712
25306,0.2164318282041,3.2776302762328,0.3551073036214,0.4935260136003,0.3748263838816,0.0000001034712
25321,0.2164334894569,3.2776554341429,0.3549896704018,0.4936017640946,0.3748033793753,0.0000001034712
25328,0.2164260991964,3.2775435164921,0.3549428363815,0.4935781173322,0.3747732787528,0.0000001034712
25331,0.2164321255960,3.2776347799175,0.3549428363815,0.4935632212876,0.3747692501082,0.0000001034712
25338,0.2164245229892,3.2775196465076,0.3548252031619,0.4935987355256,0.3747298903976,0.0000001034712
25342,0.2164310842961,3.2776190105346,0.3547783691417,0.4935220438586,0.3746838347879,0.0000001034712
25353,0.2164300772298,3.2776037595850,0.3547315351214,0.4934728529564,0.3746459790857,0.0000001034712
25355,0.2164316365255,3.2776273734627,0.3547315351214,0.4934158523910,0.3746259558757,0.0000001034712
25362,0.2164296291398,3.2775969737381,0.3546139019018,0.4933580689320,0.3745544745350,0.0000001034712
25370,0.2164354607779,3.2776852877054,0.3546139019018,0.4933481286746,0.3745521740798,0.0000001034712
25387,0.2164335983578,3.2776570833305,0.3546139019018,0.4933449614257,0.3745506438295,0.0000001034712
25392,0.2164322299228,3.2776363598347,0.3545670678816,0.4934003232419,0.3745500509477,0.0000001034712
25397,0.2164354455132,3.2776850565387,0.3545670678816,0.4933399210841,0.3745291678036,0.0000001034712
25402,0.2164367609617,3.2777049776091,0.3545202338614,0.4932907117223,0.3744918031903,0.0000001034712
25411,0.2164498310255,3.2779029098512,0.3544733998411,0.4932481877550,0.3744593450642,0.0000001034712
25412,0.2164425593233,3.2777927876405,0.3544265658209,0.4932893763446,0.3744524253299,0.0000001034712
25419,0.2164439503928,3.2778138539111,0.3543797318007,0.4932935471184,0.3744341412553,0.0000001034712
25422,0.2164467348315,3.2778560212796,0.3543797318007,0.4932899259474,0.3744334446454,0.0000001034712
25426,0.2164470390699,3.2778606286473,0.3543328977804,0.4932627601079,0.3744037360309,0.0000001034712
25435,0.2164530016308,3.2779509253025,0.3543328977804,0.4932522015038,0.3744012427924,0.0000001034712
25452,0.2164510310047,3.2779210822624,0.3543203587580,0.4932256697914,0.3743859710371,0.0000001034712
25463,0.2164542972900,3.2779705466853,0.3543203587580,0.4932183745494,0.3743840655118,0.0000001034712
25486,0.2164413449557,3.2777743973317,0.3543671927782,0.4931634948698,0.3743817618489,0.0000001034712
25496,0.2164433612038,3.2778049312688,0.3543203587580,0.4931527574753,0.3743582873954,0.0000001034712
25503,0.2164453199851,3.2778345949325,0.3542735247377,0.4930747312571,0.3743107689048,0.0000001034712
25514,0.2164456071520,3.2778389437702,0.3542266907175,0.4930324700170,0.3742756654176,0.0000001034712
25518,0.2164465492844,3.2778532113658,0.3541798566973,0.4930270371706,0.3742538552778,0.0000001034712
25519,0.2164297582688,3.2775989292598,0.3541330226770,0.4930875971062,0.3742518140285,0.0000001034712
25520,0.2164299229631,3.2776014233799,0.3540153894574,0.4931309851850,0.3742169308256,0.0000001034712
25523,0.2164285473848,3.2775805917067,0.3540083321253,0.4931348881954,0.3742150054202,0.0000001034712
25556,0.2164306616267,3.2776126096559,0.3540083321253,0.4931075388843,0.3742056908610,0.0000001014018
25571,0.2164367689768,3.2777050989892,0.3538906989057,0.4931705920143,0.3741791043169,0.0000001014018
25603,0.2164344148633,3.2776694484403,0.3538438648855,0.4931351494170,0.3741458700706,0.0000001014018
25610,0.2164288047810,3.2775844896991,0.3538438648855,0.4931026761257,0.3741330703060,0.0000001014018
25617,0.2164308352710,3.2776152393151,0.3537262316659,0.4931284375833,0.3740922916946,0.0000001014018
25644,0.2164336112128,3.2776572780066,0.3536085984462,0.4932630700324,0.3740905553199,0.0000001014018
25646,0.2164298072524,3.2775996710645,0.3534909652266,0.4933193062808,0.3740594103229,0.0000001014018
25650,0.2164308319228,3.2776151886094,0.3534441312064,0.4933101529386,0.3740362891214,0.0000001014018
25653,0.2164351976804,3.2776813033739,0.3534441312064,0.4932891098497,0.3740297092520,0.0000001014018
25693,0.2164389058638,3.2777374598752,0.3534441312064,0.4932708617190,0.3740239866732,0.0000001014018
25706,0.2164398934007,3.2777524150726,0.3533264979868,0.4933275943317,0.3739940456986,0.0000001014018
25710,0.2164465966474,3.2778539286279,0.3532796639665,0.4933711529397,0.3739909670314,0.0000001014018
25716,0.2164526510888,3.2779456167155,0.3532796639665,0.4933561332422,0.3739869002341,0.0000001014018
25717,0.2164488574599,3.2778881662327,0.3531620307469,0.4933591827907,0.3739367622011,0.0000001014018
25719,0.2164468644023,3.2778579834922,0.3531151967267,0.4933167038842,0.3739010923563,0.0000001014018
25741,0.2164482453332,3.2778788962242,0.3529975635071,0.4933710728211,0.3738703915105,0.0000001014018
25759,0.2164548802081,3.2779793743605,0.3529507294868,0.4933569511294,0.3738466980852,0.0000001014018
25769,0.2164580746765,3.2780277511939,0.3529038954666,0.4933184666475,0.3738135664333,0.0000001014018
25787,0.2164535040549,3.2779585339824,0.3529038954666,0.4932969022666,0.3738048854498,0.0000001014018
25806,0.2164525737109,3.2779444449095,0.3530215286862,0.4931384904426,0.3737985246759,0.0000001014018
25812,0.2164457681390,3.2778413817483,0.3529577868189,0.4931618255980,0.3737780823800,0.0000001014018
25813,0.2164482171936,3.2778784700792,0.3529109527987,0.4931622174354,0.3737586753964,0.0000001014018
25835,0.2164376553926,3.2777185228163,0.3528641187784,0.4931991459868,0.3737495291987,0.0000001014018
25844,0.2164381373225,3.2777258211326,0.3528172847582,0.4932429193122,0.3737451940770,0.0000001014018
25853,0.2164311171697,3.2776195083716,0.3527704507380,0.4932299392480,0.3737189822984,0.0000001014018
25862,0.2164348410854,3.2776759031207,0.3527099978849,0.4932950293811,0.3737171183908,0.0000001014018
25863,0.2164331266274,3.2776499394750,0.3527099978849,0.4932345497979,0.3736951511558,0.0000001014018
25864,0.2164407297628,3.2777650808894,0.3526631638647,0.4931787924843,0.3736567953498,0.0000000993737
25867,0.2164394386585,3.2777455284843,0.3526163298444,0.4931143368457,0.3736134270907,0.0000000993737
25875,0.2164392346792,3.2777424394349,0.3526092725124,0.4931170533679,0.3736113289965,0.0000000993737
25879,0.2164379252652,3.2777226097498,0.3525624384921,0.4930667538762,0.3735730125807,0.0000000993737
25898,0.2164325202893,3.2776407571279,0.3525226618040,0.4930283125582,0.3735410781773,0.0000000993737
25901,0.2164366120266,3.2777027221460,0.3524758277837,0.4930251863748,0.3735207667612,0.0000000993737
25941,0.2164376491221,3.2777184278558,0.3524289937635,0.4930801387026,0.3735205431043,0.0000000993737
25943,0.2164436125154,3.2778087371168,0.3524289937635,0.4930560471872,0.3735132168617,0.0000000993737
25949,0.2164401948808,3.2777569806690,0.3524289937635,0.4930415918344,0.3735073218854,0.0000000993737
25981,0.2164351615623,3.2776807564037,0.3524289937635,0.4930187816843,0.3734980968350,0.0000000993737
25993,0.2164305477793,3.2776108855586,0.3524289937635,0.4929801134900,0.3734832980978,0.0000000993737
26014,0.2164344290083,3.2776696626509,0.3523821597433,0.4929684452734,0.3734598908465,0.0000000993737
26017,0.2164435740433,3.2778081544982,0.3523821597433,0.4929448289577,0.3734534160984,0.0000000993737
26037,0.2164384519696,3.2777305861289,0.3523353257230,0.4929195455891,0.3734232170138,0.0000000993737
26038,0.2164397314453,3.2777499624301,0.3523353257230,0.4929127052754,0.3734210482179,0.0000000993737
26064,0.2164456982348,3.2778403231224,0.3522176925034,0.4929382789723,0.3733810460419,0.0000000993737
26075,0.2164479372000,3.2778742298734,0.3521000592838,0.4929931382360,0.3733507041773,0.0000000993737
26081,0.2164379854766,3.2777235215879,0.3521000592838,0.4929922244903,0.3733482453274,0.0000000993737
26092,0.2164339166292,3.2776619032136,0.3521000592838,0.4929831441751,0.3733441304619,0.0000000993737
26102,0.2164401299097,3.2777559967504,0.3520532252636,0.4929749327228,0.3733224574946,0.0000000993737
26120,0.2164399800649,3.2777537275105,0.3519355920439,0.4930196349295,0.3732879762218,0.0000000993737
26121,0.2164311228937,3.2776195950547,0.3519355920439,0.4930088184758,0.3732822152374,0.0000000993737
26125,0.2164224330993,3.2774879973441,0.3519355920439,0.4930079792397,0.3732800534114,0.0000000993737
26132,0.2164249077402,3.2775254731530,0.3519355920439,0.4929919556457,0.3732748609795,0.0000000993737
26138,0.2164210854413,3.2774675884941,0.3518179588243,0.4930006630616,0.3732267374698,0.0000000993737
26143,0.2164236998655,3.2775071811736,0.3518179588243,0.4929807501901,0.3732201859638,0.0000000993737
26156,0.2164303211932,3.2776074541522,0.3518179588243,0.4929617253082,0.3732148102190,0.0000000993737
26186,0.2164328713023,3.2776460728471,0.3517711248041,0.4930153271204,0.3732144284524,0.0000000993737
26187,0.2164272392191,3.2775607809267,0.3517242907839,0.4930681831974,0.3732120270248,0.0000000993737
26201,0.2164323434153,3.2776380785593,0.3516774567636,0.4930061845547,0.3731709066858,0.0000000973862
26208,0.2164287797960,3.2775841113279,0.3515598235440,0.4929407872541,0.3730963726373,0.0000000973862
26239,0.2164261145245,3.2775437486198,0.3515598235440,0.4929220920362,0.3730891246442,0.0000000973862
26246,0.2164252183508,3.2775301770214,0.3515129895238,0.4928847093228,0.3730555099149,0.0000000973862
26283,0.2164370660131,3.2777095972890,0.3515129895238,0.4928444411491,0.3730436672091,0.0000000973862
26284,0.2164348461612,3.2776759799882,0.3513953563041,0.4928718426221,0.3730025635299,0.0000000973862
26290,0.2164404783929,3.2777612741591,0.3513882989721,0.4928680400398,0.3729993878007,0.0000000973862
26315,0.2164433568189,3.2778048648646,0.3513882989721,0.4928339969487,0.3729878463595,0.0000000973862
26324,0.2164381479545,3.2777259821436,0.3513882989721,0.4928109060524,0.3729784834256,0.0000000973862
26326,0.2164353134222,3.2776830561603,0.3513882989721,0.4928059719760,0.3729761138556,0.0000000973862
26339,0.2164451602221,3.2778321754912,0.3512706657525,0.4927879446403,0.3729213713130,0.0000000973862
26340,0.2164481994862,3.2778782019202,0.3512238317322,0.4928271790317,0.3729159631436,0.0000000973862
26356,0.2164475135814,3.2778678146202,0.3512238317322,0.4928078291325,0.3729089054857,0.0000000973862
26362,0.2164467853964,3.2778567870305,0.3511061985126,0.4928521558179,0.3728741661682,0.0000000973862
26368,0.2164501691616,3.2779080305628,0.3511530325328,0.4927763050279,0.3728678734158,0.0000000973862
26374,0.2164522006499,3.2779387952969,0.3511530325328,0.4927464444639,0.3728576442476,0.0000000973862
26381,0.2164505329872,3.2779135403156,0.3510353993132,0.4927364168036,0.3728032913471,0.0000000973862
26400,0.2164451883409,3.2778326013206,0.3509177660936,0.4927543991443,0.3727581540933,0.0000000973862
26404,0.2164448654132,3.2778277109242,0.3509177660936,0.4927223038269,0.3727466222811,0.0000000973862
26405,0.2164444071267,3.2778207706617,0.3509177660936,0.4926700688962,0.3727278687445,0.0000000973862
26411,0.2164456404124,3.2778394474637,0.3509177660936,0.4925922165716,0.3727003286183,0.0000000973862
26433,0.2164411518508,3.2777714729639,0.3508709320734,0.4925358882517,0.3726591778036,0.0000000973862
26450,0.2164416128923,3.2777784549479,0.3508240980531,0.4925028790275,0.3726274158666,0.0000000973862
26452,0.2164294363134,3.2775940535867,0.3508240980531,0.4924909971430,0.3726205630696,0.0000000973862
26455,0.2164378658028,3.2777217092556,0.3507064648335,0.4924464923888,0.3725560605967,0.0000000973862
26464,0.2164448556804,3.2778275635303,0.3505888316139,0.4924469483441,0.3725073070318,0.0000000973862
26468,0.2164454249226,3.2778361841005,0.3504711983943,0.4924934113727,0.3724736087141,0.0000000973862
26469,0.2164484377546,3.2778818102424,0.3504711983943,0.4924638013719,0.3724636793207,0.0000000973862
26479,0.2164423099302,3.2777890108460,0.3504243643740,0.4924231962779,0.3724277926731,0.0000000973862
26482,0.2164417938047,3.2777811946741,0.3504243643740,0.4923857440622,0.3724143062835,0.0000000973862
26489,0.2164406872590,3.2777644372147,0.3503775303538,0.4923688910344,0.3723879785051,0.0000000973862
26492,0.2164396430382,3.2777486235984,0.3503775303538,0.4923481268257,0.3723803389547,0.0000000973862
26493,0.2164413640615,3.2777746866692,0.3503775303538,0.4922942803314,0.3723614768546,0.0000000973862
26495,0.2164304552200,3.2776094838452,0.3503421390180,0.4923383452597,0.3723597090047,0.0000000973862
26497,0.2164229661292,3.2774960695158,0.3503421390180,0.4923137072799,0.3723493049211,0.0000000973862
26532,0.2164258987672,3.2775404812043,0.3502953049977,0.4922584813673,0.3723101380803,0.0000000973862
26534,0.2164284688386,3.2775794022078,0.3502953049977,0.4922529220408,0.3723087033361,0.0000000973862
26536,0.2164290564938,3.2775883016221,0.3501776717781,0.4923343727295,0.3722875045570,0.0000000973862
26541,0.2164274431059,3.2775638685749,0.3501776717781,0.4922802464563,0.3722678280191,0.0000000954385
26558,0.2164299440593,3.2776017428596,0.3501776717781,0.4922651636148,0.3722629772086,0.0000000954385
26567,0.2164263773108,3.2775477282397,0.3501776717781,0.4922369473066,0.3722521356524,0.0000000954385
26570,0.2164186548971,3.2774307804817,0.3501662290937,0.4922077979677,0.3722351663637,0.0000000954385
26601,0.2164255454443,3.2775351305054,0.3501662290937,0.4921850490395,0.3722285182923,0.0000000954385
26608,0.2164285558223,3.2775807194839,0.3501558827474,0.4921532897014,0.3722133866042,0.0000000954385
26640,0.2164280094302,3.2775724449556,0.3501558827474,0.4920967672530,0.3721930829314,0.0000000954385
26645,0.2164338760168,3.2776612881822,0.3500382495278,0.4921147752719,0.3721503572555,0.0000000954385
26648,0.2164352947461,3.2776827733306,0.3499206163082,0.4921656752074,0.3721184255803,0.0000000954385
26653,0.2164343996901,3.2776692186575,0.3499206163082,0.4921429458962,0.3721101161714,0.0000000954385
26655,0.2164259712508,3.2775415788923,0.3499206163082,0.4921449603274,0.3721090295170,0.0000000954385
26660,0.2164259540353,3.2775413181823,0.3498737822879,0.4921891343543,0.3721047305432,0.0000000954385
26668,0.2164302072516,3.2776057286280,0.3498269482677,0.4922387470469,0.3721032890425,0.0000000954385
26671,0.2164306055232,3.2776117600275,0.3497801142475,0.4921951157069,0.3720677200420,0.0000000954385
26674,0.2164342170174,3.2776664522740,0.3497332802272,0.4921860042536,0.3720451681203,0.0000000954385
26684,0.2164437757147,3.2778112085969,0.3496156470076,0.4921268201655,0.3719756650012,0.0000000954385
26688,0.2164424597348,3.2777912794786,0.3496156470076,0.4921107962774,0.3719696601884,0.0000000954385
26689,0.2164371632295,3.2777110695282,0.3494980137880,0.4921408921085,0.3719288594971,0.0000000954385
26702,0.2164469519000,3.2778593085511,0.3494980137880,0.4921078663802,0.3719191621664,0.0000000954385
26722,0.2164376331575,3.2777181860896,0.3494980137880,0.4920729278804,0.3719046872573,0.0000000954385
26728,0.2164421512180,3.2777866073182,0.3494511797678,0.4921040552539,0.3718967006093,0.0000000954385
26731,0.2164423740462,3.2777899818149,0.3494043457475,0.4921237128895,0.3718836972194,0.0000000954385
26734,0.2164459682084,3.2778444115866,0.3494043457475,0.4920983328295,0.3718754030898,0.0000000954385
26741,0.2164365812039,3.2777022553687,0.3493575117273,0.4921476062475,0.3718709175152,0.0000000954385
26751,0.2164340944137,3.2776645955703,0.3493575117273,0.4921421594034,0.3718684393301,0.0000000954385
26768,0.2164449523152,3.2778290269618,0.3493575117273,0.4920266166520,0.3718295007549,0.0000000954385
26783,0.2164387224398,3.2777346821131,0.3493575117273,0.4920240747363,0.3718272579546,0.0000000954385
26805,0.2164422274641,3.2777877619852,0.3492398785077,0.4920334502615,0.3717809431961,0.0000000954385
26807,0.2164559674635,3.2779958396896,0.3491222452880,0.4920674621095,0.3717456203333,0.0000000954385
26809,0.2164522150023,3.2779390126488,0.3491222452880,0.4920366665132,0.3717338178072,0.0000000954385
26831,0.2164591254839,3.2780436645569,0.3490754112678,0.4920778551028,0.3717299371123,0.0000000954385
26842,0.2164567406711,3.2780075490978,0.3490285772476,0.4921148629929,0.3717225714616,0.0000000954385
26851,0.2164471509313,3.2778623226692,0.3490285772476,0.4920915987442,0.3717122078572,0.0000000954385
26852,0.2164509411064,3.2779197208478,0.3490285772476,0.4920784351845,0.3717083187662,0.0000000954385
26855,0.2164568830859,3.2780097058188,0.3490285772476,0.4920654580242,0.3717049573474,0.0000000954385
26882,0.2164518924749,3.2779341283128,0.3489817432274,0.4920856752103,0.3716910366314,0.0000000954385
26885,0.2164508213664,3.2779179075116,0.3488641100077,0.4922208570919,0.3716886721146,0.0000000935298
26893,0.2164584984479,3.2780341687610,0.3488641100077,0.4921634532543,0.3716698158330,0.0000000935298
26900,0.2164524459110,3.2779425095154,0.3488504911749,0.4921260311926,0.3716493171961,0.0000000935298
26902,0.2164501478023,3.2779077070992,0.3488504911749,0.4921149130465,0.3716448539778,0.0000000935298
26910,0.2164513467867,3.2779258644455,0.3488504911749,0.4919467927574,0.3715850679426,0.0000000935298
26911,0.2164452960840,3.2778342329753,0.3488036571547,0.4920039226061,0.3715841031579,0.0000000935298
26914,0.2164455820656,3.2778385638634,0.3488036571547,0.4919979172406,0.3715820196663,0.0000000935298
26922,0.2164451449396,3.2778319440542,0.3488036571547,0.4919662861939,0.3715706291940,0.0000000935298
26938,0.2164506398655,3.2779151588744,0.3486860239350,0.4920064015303,0.3715357193470,0.0000000935298
26940,0.2164431313481,3.2778014503495,0.3486860239350,0.4920023112069,0.3715326495492,0.0000000935298
26955,0.2164397719514,3.2777505758515,0.3486528087476,0.4920054684842,0.3715188221972,0.0000000935298
26960,0.2164455517005,3.2778381040172,0.3485351755280,0.4920333990569,0.3714796216825,0.0000000935298
26965,0.2164482394696,3.2778788074258,0.3484883415078,0.4920340378682,0.3714603540569,0.0000000935298
26967,0.2164545618631,3.2779745533634,0.3484415074876,0.4919771825582,0.3714213316647,0.0000000935298
26976,0.2164511290377,3.2779225668668,0.3484415074876,0.4919702942854,0.3714181359618,0.0000000935298
26980,0.2164624071402,3.2780933617574,0.3483238742679,0.4919651451810,0.3713682994952,0.0000000935298
26998,0.2164617396375,3.2780832531376,0.3483238742679,0.4919455014910,0.3713611408554,0.0000000935298
27007,0.2164664787757,3.2781550223550,0.3482770402477,0.4919903441538,0.3713580998987,0.0000000935298
27013,0.2164732926625,3.2782582114365,0.3482656140910,0.4919761185637,0.3713495825252,0.0000000935298
27033,0.2164725727191,3.2782473086577,0.3482656140910,0.4918782610695,0.3713144791465,0.0000000935298
27052,0.2164732084665,3.2782569363779,0.3481479808714,0.4918596223672,0.3712575444617,0.0000000935298
27053,0.2164594982489,3.2780493096872,0.3481594070281,0.4917977380611,0.3712374019443,0.0000000935298
27055,0.2164552455211,3.2779849066382,0.3481594070281,0.4917875487610,0.3712328516098,0.0000000935298
27062,0.2164571057888,3.2780130784181,0.3481125730079,0.4917849289879,0.3712122428824,0.0000000935298
27065,0.2164534694555,3.2779580100102,0.3481125730079,0.4917287246553,0.3711913906921,0.0000000935298
27075,0.2164519516522,3.2779350244915,0.3481125730079,0.4917000162774,0.3711808124565,0.0000000935298
27078,0.2164547103057,3.2779768013690,0.3481594070281,0.4916368165098,0.3711789039739,0.0000000935298
27108,0.2164566190389,3.2780057071075,0.3481125730079,0.4915711618348,0.3711357931670,0.0000000935298
27128,0.2164628798996,3.2781005211962,0.3481125730079,0.4915454320333,0.3711279455652,0.0000000935298
27159,0.2164657223922,3.2781435677285,0.3479949397882,0.4916791815964,0.3711259081348,0.0000000935298
27165,0.2164585990909,3.2780356928927,0.3479949397882,0.4916602598862,0.3711176239595,0.0000000935298
27185,0.2164544522651,3.2779728936190,0.3479949397882,0.4916349056369,0.3711076802649,0.0000000935298
27186,0.2164586336377,3.2780362160674,0.3479481057680,0.4915915413329,0.3710730172990,0.0000000935298
27193,0.2164593402208,3.2780469165194,0.3478304725484,0.4916356439941,0.3710385054231,0.0000000935298
27201,0.2164624862328,3.2780945595313,0.3477836385281,0.4915850836277,0.3710010505718,0.0000000935298
27210,0.2164676489385,3.2781727432278,0.3477368045079,0.4916080921274,0.3709903024643,0.0000000935298
27233,0.2164648918609,3.2781309902142,0.3477368045079,0.4916054028362,0.3709887512008,0.0000000935298
27257,0.2164552400078,3.2779848231458,0.3477368045079,0.4915816961891,0.3709782162869,0.0000000916592
27268,0.2164575823225,3.2780202950147,0.3477209929989,0.4915565035524,0.3709629444802,0.0000000916592
27277,0.2164566693522,3.2780064690497,0.3477209929989,0.4915445343387,0.3709584741246,0.0000000916592
27280,0.2164580800751,3.2780278329503,0.3476741589787,0.4914935721191,0.3709205039066,0.0000000916592
27290,0.2164537592997,3.2779623993939,0.3476741589787,0.4914580006515,0.3709068739306,0.0000000916592
27297,0.2164478655316,3.2778731445321,0.3477209929989,0.4914009198215,0.3709052966925,0.0000000916592
27301,0.2164523440315,3.2779409666584,0.3477678270191,0.4913241604023,0.3708989140158,0.0000000916592
27307,0.2164478766463,3.2778733128523,0.3477209929989,0.4912769956647,0.3708610404468,0.0000000916592
27313,0.2164460135911,3.2778450988588,0.3476033597793,0.4913467818595,0.3708351506247,0.0000000916592
27316,0.2164419094979,3.2777829467246,0.3474857265597,0.4914163560549,0.3708087048661,0.0000000916592
27345,0.2164448051245,3.2778267979149,0.3474857265597,0.4913978320005,0.3708027096239,0.0000000916592
27346,0.2164454197785,3.2778361061975,0.3474388925394,0.4913465949239,0.3707644706565,0.0000000916592
27356,0.2164483544958,3.2778805493757,0.3473920585192,0.4913887697993,0.3707600902571,0.0000000916592
27371,0.2164554154582,3.2779874801557,0.3473452244990,0.4913666251345,0.3707336227887,0.0000000916592
27376,0.2164540175341,3.2779663100786,0.3472983904787,0.4913920013029,0.3707223144278,0.0000000916592
27381,0.2164522470676,3.2779394982432,0.3471807572591,0.4914262770225,0.3706837621336,0.0000000916592
27382,0.2164508982029,3.2779190711196,0.3471807572591,0.4914269769836,0.3706837230772,0.0000000916592
27387,0.2164464748062,3.2778520834730,0.3471807572591,0.4914135904644,0.3706779943068,0.0000000916592
27416,0.2164427779728,3.2777960988552,0.3471807572591,0.4913925289650,0.3706696801642,0.0000000916592
27426,0.2164472320139,3.2778635505793,0.3470631240395,0.4914101614626,0.3706265176851,0.0000000916592
27437,0.2164493825613,3.2778961183360,0.3470631240395,0.4913873450506,0.3706188297981,0.0000000916592
27444,0.2164364534703,3.2777003209789,0.3470631240395,0.4913778828547,0.3706126799229,0.0000000916592
27453,0.2164321491134,3.2776351360624,0.3470162900193,0.4913500470570,0.3705817444815,0.0000000916592
27457,0.2164282299997,3.2775757852457,0.3470162900193,0.4079205913564,0.3407846704926,0.0000000916592
27461,0.2164333539664,3.2776533822822,0.3470162900193,0.4079003763621,0.3407785488447,0.0000000916592
27481,0.2164324212066,3.2776392566259,0.3470162900193,0.4078458595521,0.3407588786783,0.0000000916592
27484,0.2164352792092,3.2776825380409,0.3469852675080,0.4078411228749,0.3407445040750,0.0000000916592
27489,0.2164408680185,3.2777671746240,0.3469384334878,0.4078693660114,0.3407357167885,0.0000000916592
27501,0.2164445313340,3.2778226516493,0.3468208002682,0.4078972947947,0.3406960621132,0.0000000916592
27502,0.2164413340030,3.2777742314646,0.3468676342884,0.4078399207817,0.3406949579749,0.0000000916592
27504,0.2164411128239,3.2777708819420,0.3468208002682,0.4078206039254,0.3406679399791,0.0000000916592
27508,0.2164396461859,3.2777486712676,0.3467739662479,0.4078521300039,0.3406588132904,0.0000000916592
27510,0.2164475012545,3.2778676279419,0.3467271322277,0.4078955816822,0.3406559432529,0.0000000916592
27516,0.2164341444304,3.2776653530208,0.3466802982075,0.4079142125941,0.3406396632505,0.0000000916592
27520,0.2164376643412,3.2777186583326,0.3466334641873,0.4079664624585,0.3406390064600,0.0000000916592
27527,0.2164236341001,3.2775061852266,0.3467510974069,0.4078118443418,0.3406311934607,0.0000000916592
27549,0.2164213888059,3.2774721826290,0.3467042633866,0.4077646426849,0.3405937828687,0.0000000916592
27562,0.2164159936833,3.2773904792249,0.3466906445538,0.4077272206232,0.3405734251063,0.0000000916592
27565,0.2164133902542,3.2773510530548,0.3465730113342,0.4077395204414,0.3405268457839,0.0000000916592
27571,0.2164141991081,3.2773633022874,0.3465730113342,0.4077228400019,0.3405210618099,0.0000000916592
27584,0.2164161558575,3.2773929351809,0.3464553781146,0.4076842986538,0.3404573021092,0.0000000916592
