0,0.2063240533919,3.124558757017,0.5553584234398,0.3201241934734,0.3965531191558,1000
1,0.2063297301556,3.124644725577,0.5553584234398,0.3201148197599,0.3965509878504,1000.0000000000000
2,0.2063325834989,3.1246879364318,0.5554052574601,0.3199361253692,0.3965078515788,1000.0000000000000
4,0.2063435849069,3.1248545410775,0.5553584234398,0.3199820903290,0.3965065533575,1000.0000000000000
5,0.2063495405940,3.1249447336353,0.5553584234398,0.3199521403713,0.3964971331627,1000.0000000000000
6,0.2063449540968,3.1248752760039,0.5554052574601,0.3194655479427,0.3963424390546,1000.0000000000000
7,0.2063468002020,3.1249032333078,0.5552876242404,0.3193742764121,0.3962598234364,1000.0000000000000
8,0.2063483602736,3.1249268589355,0.5552407902202,0.3193429157443,0.3962288857759,1000.0000000000000
9,0.2063456756997,3.1248862039140,0.5551231570006,0.3191456575147,0.3961074469054,1000.0000000000000
12,0.2063346306457,3.1247189382961,0.5551231570006,0.3190961037179,0.3960873823236,1000.0000000000000
14,0.2063480728731,3.1249225065608,0.5551231570006,0.3190852015765,0.3960863691790,1000.0000000000000
15,0.2063408894309,3.1248137209549,0.5551231570006,0.3189114609979,0.3960227796633,1000.0000000000000
16,0.2063383273603,3.1247749211143,0.5550055237810,0.3187769715472,0.3959237844645,1000.0000000000000
23,0.2063832123689,3.1254546569204,0.5550523578012,0.3185695392546,0.3958793914419,1000.0000000000000
25,0.2063963684011,3.1256538910625,0.5550523578012,0.3183533188405,0.3958049890152,1000.0000000000000
26,0.2063958778682,3.1256464624616,0.5550523578012,0.3182088999613,0.3957533057299,1000.0000000000000
27,0.2063939635370,3.1256174719490,0.5550523578012,0.3180499629938,0.3956961323134,1000.0000000000000
29,0.2063924164354,3.1255940427373,0.5551699910208,0.3177461204855,0.3956376998471,1000.0000000000000
31,0.2063974934227,3.1256709283204,0.5551231570006,0.3177641232958,0.3956251456251,1000.0000000000000
33,0.2064050501360,3.1257853667206,0.5551699910208,0.3176688059274,0.3956127947264,1000.0000000000000
34,0.2064070740563,3.1258160168456,0.5551699910208,0.3176407618887,0.3956032126955,1000.0000000000000
123347,0.2543235278555,3.8514598419944,0.0091951362344,0.9114350976645,0.3839512063783,0.0000019974876
123349,0.2543284264384,3.8515340258317,0.0092419702546,0.9113652997018,0.3839473999537,0.0000019974876
123354,0.2543291279968,3.8515446501887,0.0092419702546,0.9112873384634,0.3839197069882,0.0000019974876
123360,0.2543340671564,3.8516194485179,0.0092419702546,0.9111543760913,0.3838732788181,0.0000019974876
123364,0.2543336310130,3.8516128435888,0.0092419702546,0.9111492897784,0.3838713688185,0.0000019974876
123368,0.2543345060729,3.8516260954422,0.0092419702546,0.9107239080457,0.3837196342839,0.0000019974876
123372,0.2543260842431,3.8514985557703,0.0092419702546,0.9106943247590,0.3837072641466,0.0000019974876
123380,0.2543280251827,3.8515279492391,0.0092697037516,0.9105388980106,0.3836640562936,0.0000019974876
123384,0.2543354246665,3.8516400065662,0.0092228697314,0.9105548600397,0.3836512708990,0.0000019974876
123419,0.2543432892032,3.8517591066266,0.0092228697314,0.9104006417219,0.3835978781863,0.0000019974876
123443,0.2543349341074,3.8516325775699,0.0092228697314,0.9102726466718,0.3835503752907,0.0000019755152
123449,0.2543439553890,3.8517691953023,0.0091052365117,0.9103137807376,0.3835165849232,0.0000019755152
123456,0.2543391377382,3.8516962370957,0.0091052365117,0.9102590448563,0.3834960040405,0.0000019755152
123462,0.2543415212546,3.8517323329219,0.0091520705320,0.9101132388769,0.3834645129529,0.0000019755152
123472,0.2543337702383,3.8516149520078,0.0091052365117,0.9099942909324,0.3834002988891,0.0000019755152
123486,0.2543367638869,3.8516602876384,0.0090764066767,0.9100251832585,0.3833996177152,0.0000019755152
123505,0.2543349003546,3.8516320664203,0.0091232406969,0.9098888909743,0.3833706142941,0.0000019755152
123507,0.2543344139666,3.8516247005894,0.0090056074773,0.9099545692846,0.3833435523705,0.0000019755152
123520,0.2543325898483,3.8515970762548,0.0090474391107,0.9098131542328,0.3833105839552,0.0000019755152
123522,0.2543326044515,3.8515972974049,0.0090474391107,0.9074348834758,0.3824612046713,0.0000019755152
123524,0.2543333215496,3.8516081570935,0.0090942731309,0.9073159686822,0.3824389604889,0.0000019755152
123525,0.2543325111736,3.8515958848099,0.0091411071512,0.9072193405197,0.3824243485019,0.0000019755152
123534,0.2543408875686,3.8517227364193,0.0091050822531,0.9072405147821,0.3824182664382,0.0000019755152
123540,0.2543400063024,3.8517093905780,0.0091050822531,0.9047116267094,0.3815149032838,0.0000019755152
123558,0.2543468141557,3.8518124882898,0.0090582482329,0.9046979695277,0.3814914128217,0.0000019755152
123568,0.2543432187401,3.8517580395380,0.0091050822531,0.9039985649933,0.3812609267647,0.0000019755152
123574,0.2543329544510,3.8516025977761,0.0091805753221,0.9034523712473,0.3810960122516,0.0000019755152
123593,0.2543349529253,3.8516328625468,0.0091805753221,0.9032877174132,0.3810376355553,0.0000019537845
123596,0.2543366260054,3.8516581995691,0.0091805753221,0.9032329305052,0.3810184273196,0.0000019537845
123614,0.2543413909390,3.8517303594308,0.0091805753221,0.9031989677944,0.3810073188373,0.0000019537845
123619,0.2543450079572,3.8517851353316,0.0091805753221,0.9031875465011,0.3810040148793,0.0000019537845
123621,0.2543414175389,3.8517307622568,0.0092274093423,0.9031045947741,0.3809936916101,0.0000019537845
123627,0.2543383339779,3.8516840649992,0.0092742433625,0.9029620944119,0.3809622095835,0.0000019537845
123628,0.2543414311089,3.8517309677609,0.0092274093423,0.9029666020910,0.3809444114168,0.0000019537845
123652,0.2543361340772,3.8516507498385,0.0092742433625,0.9028060131113,0.3809059948545,0.0000019537845
123653,0.2543332127698,3.8516065097390,0.0092742433625,0.9028042756617,0.3809047483424,0.0000019537845
123664,0.2543333379087,3.8516084048349,0.0092742433625,0.9024341821148,0.3807725988911,0.0000019537845
123672,0.2543210650571,3.8514225455258,0.0092742433625,0.9024136164511,0.3807626241144,0.0000019537845
123678,0.2543241928627,3.8514699128219,0.0093210773828,0.7770610181023,0.3360145809569,0.0000019537845
123685,0.2543129056480,3.8512989799369,0.0092742433625,0.7769876179652,0.3359658762104,0.0000019537845
123699,0.2543176655611,3.8513710637683,0.0092742433625,0.7769362088963,0.3359485358100,0.0000019537845
123706,0.2543180445911,3.8513768037758,0.0093204603483,0.7767929540142,0.3359172618524,0.0000019537845
123710,0.2543226443358,3.8514464620263,0.0093210773828,0.7767890528777,0.3359171186923,0.0000019537845
123736,0.2543280009910,3.8515275828818,0.0093210773828,0.7767367597085,0.3358995904152,0.0000019537845
123751,0.2543330069381,3.8516033926360,0.0092742433625,0.7767041100812,0.3358689308140,0.0000019537845
123761,0.2543356876620,3.8516439893543,0.0092742433625,0.7766520889526,0.3358509262803,0.0000019322929
123767,0.2543303544960,3.8515632242166,0.0092742433625,0.7761021271048,0.3356533685134,0.0000019322929
123770,0.2543236304225,3.8514613952616,0.0091566101429,0.7761778727272,0.3356285654115,0.0000019322929
123777,0.2543208192237,3.8514188226407,0.0091349918986,0.7760495476175,0.3355728676536,0.0000019322929
123779,0.2543182837148,3.8513804250502,0.0090234574038,0.7759031244301,0.3354722298370,0.0000019322929
123780,0.2543205697927,3.8514150452725,0.0090702914241,0.7758130320641,0.3354606155888,0.0000019322929
123786,0.2543134563200,3.8513073192807,0.0091171254443,0.7756475659601,0.3354200679590,0.0000019322929
123798,0.2543116007461,3.8512792185835,0.0091171254443,0.7754812118837,0.3353602581659,0.0000019322929
123826,0.2543056127752,3.8511885371212,0.0091069498843,0.7754222937242,0.3353335718752,0.0000019322929
123834,0.2543118473076,3.8512829524960,0.0090582317052,0.7752890792563,0.3352664520311,0.0000019322929
123858,0.2543085590178,3.8512331548382,0.0090582317052,0.7752896788236,0.3352659615288,0.0000019322929
123868,0.2543033774389,3.8511546853261,0.0090582317052,0.7747454448808,0.3350704819251,0.0000019322929
123870,0.2543031200759,3.8511507878364,0.0091050657254,0.7726231787227,0.3343325462996,0.0000019322929
123879,0.2542959453972,3.8510421349433,0.0091050657254,0.7725960226095,0.3343213102565,0.0000019322929
123880,0.2542994179364,3.8510947228638,0.0091050657254,0.7724462704135,0.3342685714450,0.0000019322929
123885,0.2543032023066,3.8511520331333,0.0090582317052,0.7724392756626,0.3342468125331,0.0000019110377
123888,0.2542993912143,3.8510943181865,0.0089930684548,0.7724119588122,0.3342083127452,0.0000019110377
123898,0.2543039323712,3.8511630891867,0.0088754352352,0.7725039841585,0.3341917378084,0.0000019110377
123900,0.2543024010167,3.8511398984488,0.0089222692554,0.7720739851168,0.3340579102976,0.0000019110377
123903,0.2543066794079,3.8512046901409,0.0088754352352,0.7720702554791,0.3340374233593,0.0000019110377
123904,0.2543070839436,3.8512108164040,0.0089222692554,0.7719195325117,0.3340037521373,0.0000019110377
123913,0.2543095385097,3.8512479882022,0.0088754352352,0.7718936896935,0.3339749768148,0.0000019110377
123918,0.2543065015526,3.8512019967109,0.0088754352352,0.7718727705961,0.3339668549321,0.0000019110377
123926,0.2543031409770,3.8511511043615,0.0088422200478,0.7718984049975,0.3339610548718,0.0000019110377
123943,0.2543019759356,3.8511334610454,0.0088622791782,0.7718147642973,0.3339395303116,0.0000018900163
123948,0.2542977057767,3.8510687940231,0.0089091131985,0.7713994241512,0.3338103512341,0.0000018900163
123951,0.2542907179193,3.8509629703403,0.0089091131985,0.7713743424122,0.3337998960721,0.0000018900163
123968,0.2543027334779,3.8511449332194,0.0089559472187,0.7712149906495,0.3337656312138,0.0000018900163
123988,0.2543033633278,3.8511544716284,0.0089326156017,0.7711497381225,0.3337324624433,0.0000018900163
123998,0.2543041335663,3.8511661360718,0.0088149823821,0.7710255301392,0.3336378532634,0.0000018900163
124004,0.2543024986569,3.8511413771046,0.0087590691400,0.7710802121278,0.3336330693893,0.0000018900163
124042,0.2543049580233,3.8511786215988,0.0087857062989,0.7709738285294,0.3336070181793,0.0000018900163
124046,0.2543044998386,3.8511716828777,0.0087927636310,0.7707759538184,0.3335392750281,0.0000018900163
124079,0.2543044046605,3.8511702415071,0.0087927636310,0.7706301994808,0.3334871995122,0.0000018900163
124092,0.2543120214929,3.8512855903478,0.0087661264721,0.7705887620072,0.3334626166677,0.0000018900163
124097,0.2543110575461,3.8512709923959,0.0088525994495,0.7704558175440,0.3334519897897,0.0000018900163
124106,0.2543107001275,3.8512655796715,0.0088525994495,0.7704546923529,0.3334515113460,0.0000018692261
124118,0.2543138905578,3.8513138953516,0.0088525994495,0.7702995380410,0.3333967827554,0.0000018692261
124124,0.2543150439329,3.8513313619924,0.0088525994495,0.7702163285090,0.3333673122172,0.0000018692261
124132,0.2543143639341,3.8513210641320,0.0088525994495,0.7701514919937,0.3333440106048,0.0000018692261
124139,0.2543074027014,3.8512156436531,0.0089702326692,0.7699895794806,0.3333351072516,0.0000018692261
124151,0.2543037931525,3.8511609808666,0.0090878658888,0.7697798754891,0.3333098537311,0.0000018692261
124156,0.2542928452608,3.8509951866694,0.0090410318686,0.7698314477826,0.3333058547076,0.0000018692261
124170,0.2542908771683,3.8509653819978,0.0090878658888,0.7696913714475,0.3332754774340,0.0000018692261
124172,0.2542957979299,3.8510399017085,0.0090259916527,0.7696123183000,0.3332217810861,0.0000018692261
124192,0.2542902671932,3.8509561445721,0.0089791576324,0.7693843817551,0.3331191182964,0.0000018692261
124193,0.2542899235371,3.8509509402661,0.0089323236122,0.7693019362867,0.3330695281227,0.0000018692261
124211,0.2543016564840,3.8511286232902,0.0089590985020,0.7692395256409,0.3330612277620,0.0000018692261
124216,0.2542969590825,3.8510574861321,0.0090059325223,0.7690643774566,0.3330177399760,0.0000018692261
124224,0.2543139775574,3.8513152128681,0.0090527665425,0.7687765893680,0.3329386770548,0.0000018692261
124234,0.2543011630103,3.8511211501559,0.0090527665425,0.7686485329639,0.3328901966504,0.0000018692261
124240,0.2543136980261,3.8513109796629,0.0090527665425,0.7686147812267,0.3328808285334,0.0000018692261
124244,0.2543122127433,3.8512884866313,0.0090908298581,0.7684717685553,0.3328457471539,0.0000018692261
124252,0.2543116302647,3.8512796656113,0.0090908298581,0.7684519126549,0.3328385309441,0.0000018692261
124255,0.2543114368249,3.8512767361712,0.0090908298581,0.7683269941872,0.3327938757542,0.0000018692261
124262,0.2543152003132,3.8513337302060,0.0090511909008,0.7683382410535,0.3327817108294,0.0000018692261
124263,0.2543176571915,3.8513709370193,0.0090511909008,0.7683161030793,0.3327743308840,0.0000018692261
124272,0.2543157252511,3.8513416798340,0.0090756353836,0.7682210061526,0.3327504299156,0.0000018486646
124286,0.2543143264393,3.8513204963135,0.0091022725425,0.7681325444254,0.3327299526214,0.0000018486646
124287,0.2543029954560,3.8511489006000,0.0091223316729,0.7680593547562,0.3327099821562,0.0000018486646
124290,0.2542966302158,3.8510525057952,0.0090754976526,0.7680637698590,0.3326901232756,0.0000018486646
124298,0.2542913404570,3.8509723980137,0.0090754976526,0.7680574820084,0.3326867440949,0.0000018486646
124302,0.2542922094297,3.8509855576823,0.0089811960500,0.7680717622725,0.3326516154251,0.0000018486646
124305,0.2542940818782,3.8510139139276,0.0089811960500,0.7680569259725,0.3326467179855,0.0000018486646
124313,0.2542916398432,3.8509769318990,0.0089811960500,0.7680476863306,0.3326428948202,0.0000018486646
124329,0.2542865787725,3.8509002873559,0.0090280300702,0.7678818931892,0.3326026701918,0.0000018486646
124330,0.2542833505550,3.8508513994290,0.0090280300702,0.7677555420422,0.3325568530212,0.0000018486646
124336,0.2542796000242,3.8507946016226,0.0090748640904,0.6528829244900,0.2915501862189,0.0000018486646
124352,0.2542751831763,3.8507277131490,0.0090748640904,0.6526927641820,0.2914813253558,0.0000018486646
124369,0.2542732593825,3.8506985793342,0.0091425285342,0.6525744913749,0.2914676718734,0.0000018486646
124379,0.2542749057059,3.8507235111551,0.0090366465162,0.6526158608257,0.2914374214531,0.0000018486646
124388,0.2542771392763,3.8507573362067,0.0089608284023,0.6526579015614,0.2914204211464,0.0000018486646
124395,0.2542829914504,3.8508459611709,0.0090076624225,0.6525404838968,0.2913998120265,0.0000018486646
124414,0.2542761484806,3.8507423316583,0.0090076624225,0.6524325329374,0.2913597917617,0.0000018486646
124417,0.2542789701510,3.8507850628607,0.0090544964428,0.6522906111366,0.2913297817709,0.0000018486646
124433,0.2542703428312,3.8506544112620,0.0090076624225,0.6520202925010,0.2912113189667,0.0000018486646
124449,0.2542679164376,3.8506176661065,0.0089832179398,0.6519266738190,0.2911668875748,0.0000018283293
124460,0.2542676584394,3.8506137589971,0.0090062410395,0.6517448870761,0.2911117754954,0.0000018283293
124462,0.2542666015278,3.8505977531932,0.0090062410395,0.6516943272040,0.2910934919172,0.0000018283293
124490,0.2542512618625,3.8503654502473,0.0090530750597,0.5472365845040,0.2538039398904,0.0000018283293
124500,0.2542590390799,3.8504832279472,0.0090530750597,0.5470894894638,0.2537530724941,0.0000018283293
124518,0.2542449510527,3.8502698797323,0.0090999090800,0.5466388393879,0.2536091788984,0.0000018283293
124523,0.2542397746933,3.8501914892642,0.0090972371002,0.5466359615739,0.2536058967536,0.0000018283293
124527,0.2542424684077,3.8502322827081,0.0090029354975,0.5466592136162,0.2535743633064,0.0000018283293
124541,0.2542363528065,3.8501396684211,0.0090029354975,0.5461492237725,0.2533909135905,0.0000018283293
124543,0.2542330415900,3.8500895235627,0.0090029354975,0.5461451072905,0.2533887338720,0.0000018283293
124547,0.2542371040066,3.8501510445484,0.0090029354975,0.5461377078631,0.2533869617372,0.0000018283293
124580,0.2542381135726,3.8501663333549,0.0088853022779,0.5461930594842,0.2533565322719,0.0000018283293
124590,0.2542333193148,3.8500937294089,0.0088853022779,0.5461860272631,0.2533529934234,0.0000018283293
124592,0.2542413526061,3.8502153850777,0.0088879742577,0.5461541272227,0.2533444671056,0.0000018283293
124595,0.2542452855216,3.8502749449084,0.0088879742577,0.5461461666821,0.2533424668230,0.0000018283293
124599,0.2542465135343,3.8502935418566,0.0088411402374,0.5460686064785,0.2532949581729,0.0000018283293
124602,0.2542440994225,3.8502569826967,0.0087235070178,0.5461199225712,0.2532623538022,0.0000018283293
124607,0.2542523698208,3.8503822290983,0.0087144277959,0.5456039808248,0.2530759700258,0.0000018082177
124622,0.2542616549463,3.8505228424676,0.0086766729976,0.5455609543386,0.2530464124655,0.0000017883273
124634,0.2542536757167,3.8504020055062,0.0087011174803,0.5455081184157,0.2530363088650,0.0000017883273
124635,0.2542489134258,3.8503298856653,0.0087011174803,0.5454127006237,0.2530012105913,0.0000017883273
124636,0.2542473831673,3.8503067115252,0.0086400310650,0.5454269532863,0.2529797930231,0.0000017883273
124641,0.2542471334276,3.8503029294824,0.0086400310650,0.5454085356919,0.2529731617952,0.0000017883273
124654,0.2542403412690,3.8502000694512,0.0086622828716,0.5452320455715,0.2529182106353,0.0000017883273
124664,0.2542493981851,3.8503372268314,0.0086649548514,0.5450844631142,0.2528685885167,0.0000017883273
124665,0.2542495264233,3.8503391688622,0.0087117888716,0.5449908254854,0.2528552457090,0.0000017883273
124675,0.2542472803655,3.8503051547013,0.0086983242974,0.5449395093927,0.2528306667032,0.0000017883273
124701,0.2542317252381,3.8500695888094,0.0087451583176,0.5447849078025,0.2527921903309,0.0000017883273
124721,0.2542344372014,3.8501106586149,0.0086983242974,0.5447832910492,0.2527721223310,0.0000017883273
124723,0.2542412397931,3.8502136766447,0.0086983242974,0.5426309701738,0.2520048940023,0.0000017883273
124754,0.2542403861441,3.8502007490366,0.0086983242974,0.5405692037675,0.2512683659324,0.0000017883273
124764,0.2542321067634,3.8500753666051,0.0086983242974,0.5404305019872,0.2512170554293,0.0000017883273
124768,0.2542337530449,3.8501002977918,0.0085845971265,0.5403682567660,0.2511464375517,0.0000017883273
124773,0.2542315594955,3.8500670788147,0.0086314311467,0.5402817373555,0.2511351394389,0.0000017883273
124803,0.2542339295912,3.8501029713981,0.0086782651670,0.5400533231974,0.2510741425544,0.0000017686557
124808,0.2542291122056,3.8500300172070,0.0087230607697,0.5399324185346,0.2510491281363,0.0000017686557
124837,0.2542401408077,3.8501970336775,0.0087230607697,0.5397852405610,0.2509989278462,0.0000017686557
124841,0.2542429638297,3.8502397853494,0.0087230607697,0.5396270657322,0.2509430417692,0.0000017686557
124905,0.2542511601437,3.8503639098232,0.0087230607697,0.5391023369798,0.2507573949963,0.0000017686557
124914,0.2542465488516,3.8502940766992,0.0087698947899,0.5390204079513,0.2507472182179,0.0000017686557
124918,0.2542381296745,3.8501665772000,0.0087698947899,0.5388616942303,0.2506887306367,0.0000017686557
124929,0.2542377394578,3.8501606677828,0.0088167288101,0.5387609111542,0.2506727247861,0.0000017686557
124931,0.2542354861193,3.8501265433625,0.0086990955905,0.5388588402564,0.2506568023702,0.0000017686557
124939,0.2542368172783,3.8501467023527,0.0087459296107,0.5387764417351,0.2506477312982,0.0000017686557
124944,0.2542259978968,3.8499828543059,0.0087459296107,0.5386934208571,0.2506157625457,0.0000017686557
124963,0.2542309850511,3.8500583794633,0.0087927636310,0.5385867290174,0.2505987987161,0.0000017492005
124977,0.2542443051399,3.8502600980683,0.0087927636310,0.5385683026935,0.2505950721909,0.0000017492005
125021,0.2542403055603,3.8501995286803,0.0087846099608,0.5385773023960,0.2505939348876,0.0000017492005
125031,0.2542456380658,3.8502802838163,0.0087846099608,0.5385652770208,0.2505907827905,0.0000017492005
125038,0.2542475629434,3.8503094340432,0.0088314439810,0.5384302891836,0.2505630570453,0.0000017492005
125044,0.2542539731610,3.8504065099846,0.0088314439810,0.5384233806974,0.2505619633469,0.0000017492005
125048,0.2542456355569,3.8502802458213,0.0088314439810,0.5382656438814,0.2505038421403,0.0000017492005
125049,0.2542386713713,3.8501747806231,0.0088314439810,0.5381266850313,0.2504527216541,0.0000017492005
125090,0.2542423631536,3.8502306887475,0.0088782780013,0.5379788543696,0.2504207878083,0.0000017492005
125095,0.2542399598003,3.8501942925125,0.0088782780013,0.5379715172509,0.2504176524045,0.0000017492005
125106,0.2542441166878,3.8502572441613,0.0088243866490,0.5380122054221,0.2504099783620,0.0000017492005
125129,0.2542419908688,3.8502250508887,0.0088243866490,0.5379881508552,0.2504009319126,0.0000017299593
125131,0.2542318886995,3.8500720642594,0.0088586981744,0.5378416069407,0.2503611349892,0.0000017299593
125148,0.2542336494716,3.8500987292834,0.0088586981744,0.5374357759995,0.2502165726756,0.0000017299593
125161,0.2542386047276,3.8501737713748,0.0087698947899,0.5372820761381,0.2501246831152,0.0000017299593
125169,0.2542402806980,3.8501991521678,0.0088167288101,0.5371954185218,0.2501141648260,0.0000017299593
125170,0.2542342461922,3.8501077659841,0.0088635628304,0.5370432966811,0.2500786142117,0.0000017299593
125178,0.2542380963821,3.8501660730217,0.0088334989263,0.5370612162661,0.2500729545739,0.0000017299593
125190,0.2542256157334,3.8499770668475,0.0088334989263,0.5366506627343,0.2499236538878,0.0000017299593
125211,0.2542174614493,3.8498535788708,0.0088334989263,0.5366284706614,0.2499139808009,0.0000017299593
125257,0.2542014956189,3.8496117933192,0.0087866649061,0.5362746260226,0.2497641147433,0.0000017299593
125274,0.2542001263711,3.8495910575147,0.0088334989263,0.5361322163027,0.2497330324417,0.0000017299593
125276,0.2541962239865,3.8495319600419,0.0088334989263,0.5361325854372,0.2497323280502,0.0000017299593
125297,0.2541929942153,3.8494830485863,0.0088803329465,0.5360429477647,0.2497196942249,0.0000017109297
125298,0.2541931496939,3.8494854031443,0.0088808122501,0.5360341781035,0.2497168009357,0.0000017109297
125310,0.2541821502393,3.8493188280820,0.0088808122501,0.5360140776479,0.2497072651756,0.0000017109297
125317,0.2541855091572,3.8493696953268,0.0088808122501,0.5359461697105,0.2496837321089,0.0000017109297
125319,0.2541877304590,3.8494033345844,0.0088808122501,0.5359038323383,0.2496690876121,0.0000017109297
125333,0.2541864027807,3.8493832283062,0.0089276462703,0.5358214338169,0.2496594467892,0.0000017109297
125355,0.2541922255996,3.8494714087175,0.0089744802906,0.5338713418455,0.2489843048407,0.0000017109297
125360,0.2541786153453,3.8492652958647,0.0089276462703,0.5337915310182,0.2489328127678,0.0000017109297
125369,0.2541742075296,3.8491985441749,0.0088808122501,0.5336328172971,0.2488551130411,0.0000017109297
125397,0.2541766722738,3.8492358701090,0.0088339782299,0.5336228555457,0.2488320117092,0.0000017109297
125412,0.2541778076826,3.8492530646707,0.0087871442096,0.5336606452692,0.2488256796180,0.0000017109297
125441,0.2541805337622,3.8492943482520,0.0087403101894,0.5336843093506,0.2488146435126,0.0000017109297
125443,0.2541781628692,3.8492584435947,0.0086350617336,0.5337492522439,0.2487922228735,0.0000017109297
125461,0.2541762074484,3.8492288308215,0.0086792237741,0.5335963445610,0.2487561205568,0.0000016921095
125482,0.2541764233629,3.8492321006173,0.0087526949533,0.5334564003343,0.2487376743914,0.0000016921095
125491,0.2541766288313,3.8492352122182,0.0087526949533,0.5334425396143,0.2487327681632,0.0000016921095
125496,0.2541897358543,3.8494337041676,0.0087526949533,0.5334212865422,0.2487279864281,0.0000016921095
125507,0.2541940035082,3.8494983332550,0.0086350617336,0.5334873261632,0.2487020722673,0.0000016921095
125518,0.2541882461968,3.8494111448856,0.0086350617336,0.5334819567558,0.2486989209122,0.0000016921095
125521,0.2541946705425,3.8495084347820,0.0085882277134,0.5334393639639,0.2486650141234,0.0000016921095
125547,0.2542006095514,3.8495983747665,0.0085413936932,0.5334468416972,0.2486488856642,0.0000016921095
125583,0.2542035873599,3.8496434705162,0.0085413936932,0.5333536917437,0.2486162559255,0.0000016921095
125597,0.2542044699956,3.8496568370962,0.0085713198663,0.5332614556414,0.2485963290994,0.0000016921095
125603,0.2541950272989,3.8495138374783,0.0086142478378,0.5331892591183,0.2485869188939,0.0000016921095
125630,0.2541963888430,3.8495344566190,0.0086610818580,0.5330367418591,0.2485528119266,0.0000016921095
125637,0.2541996209543,3.8495834035141,0.0085902826587,0.5330430610504,0.2485254188619,0.0000016734963
125638,0.2542008569740,3.8496021217199,0.0085902826587,0.5329037701292,0.2484759369657,0.0000016734963
125700,0.2541983300735,3.8495638544934,0.0085735125425,0.5327770608156,0.2484229549681,0.0000016550878
125715,0.2541930539752,3.8494839535859,0.0085735125425,0.5327780181384,0.2484221662766,0.0000016550878
125726,0.2541957620464,3.8495249644496,0.0085973234630,0.5326461509387,0.2483858558293,0.0000016550878
125778,0.2541981399569,3.8495609753799,0.0086441574832,0.5324865916054,0.2483494516284,0.0000016550878
125782,0.2541950040197,3.8495134849400,0.0086441574832,0.5324203669250,0.2483251279703,0.0000016550878
125787,0.2542001969584,3.8495921264836,0.0086441574832,0.5322881406401,0.2482790170696,0.0000016550878
125795,0.2542012854677,3.8496086108025,0.0086436781797,0.5322866742098,0.2482785211807,0.0000016550878
125797,0.2542004828851,3.8495964565406,0.0086475842284,0.5322038044621,0.2482504268812,0.0000016550878
125804,0.2542017884959,3.8496162286305,0.0086480635320,0.5320693010765,0.2482028751473,0.0000016368818
125813,0.2542062683562,3.8496840713578,0.0086480635320,0.5320105470678,0.2481828515428,0.0000016368818
125814,0.2541999984770,3.8495891206933,0.0086858183303,0.4380247164133,0.2146313205342,0.0000016368818
125828,0.2542028315045,3.8496320238878,0.0086909915035,0.4379021944368,0.2145903868370,0.0000016368818
125898,0.2541980631593,3.8495598123620,0.0086441574832,0.4377449339416,0.2145131288632,0.0000016368818
125901,0.2541980303695,3.8495593157953,0.0085973234630,0.4377710393755,0.2145023734832,0.0000016368818
125944,0.2542057668071,3.8496764759297,0.0085973234630,0.4377525679792,0.2144974343639,0.0000016368818
125961,0.2542023273366,3.8496243888004,0.0085520485567,0.4377735213394,0.2144847771462,0.0000016368818
125965,0.2542077802302,3.8497069670849,0.0085133682067,0.4373724524558,0.2143261294435,0.0000016368818
125982,0.2542129580721,3.8497853800041,0.0085133682067,0.4373623894134,0.2143236450374,0.0000016188761
125991,0.2542070155538,3.8496953868725,0.0083957349870,0.4374494026545,0.2143030335611,0.0000016188761
126008,0.2542075430501,3.8497033752446,0.0083957349870,0.4373568434066,0.2142700897218,0.0000016188761
126020,0.2542141045430,3.8498027420894,0.0084126428341,0.4373194413311,0.2142653840921,0.0000016188761
126060,0.2542064309815,3.8496865341462,0.0084126428341,0.4371725323178,0.2142112722527,0.0000016188761
126113,0.2542057909271,3.8496768412010,0.0084594768544,0.4369765540754,0.2141612145917,0.0000016188761
126114,0.2541954801594,3.8495206955698,0.0084594768544,0.4368571557661,0.2141163628882,0.0000016188761
126137,0.2541919422180,3.8494671172046,0.0083418436347,0.4368852490473,0.2140752238356,0.0000016188761
126140,0.2541949625236,3.8495128565254,0.0083886776550,0.4368180619675,0.2140719473813,0.0000016188761
126153,0.2541983115842,3.8495635744928,0.0083886776550,0.4368052779300,0.2140680993095,0.0000016010685
126158,0.2542039963679,3.8496496645069,0.0083418436347,0.4368422273538,0.2140624419772,0.0000016010685
126181,0.2542023915591,3.8496253613821,0.0083418436347,0.4366848642786,0.2140058969913,0.0000016010685
126188,0.2541996273539,3.8495835004286,0.0082531945088,0.4367259800249,0.2139819963742,0.0000016010685
126197,0.2542034706817,3.8496417035476,0.0082766803844,0.4366566510856,0.2139681249842,0.0000016010685
126222,0.2542068452958,3.8496928084958,0.0082766803844,0.4365644501542,0.2139359192117,0.0000016010685
126226,0.2542013015733,3.8496088547045,0.0082766803844,0.4365640014749,0.2139345710286,0.0000016010685
126232,0.2541942105140,3.8495014681392,0.0082766803844,0.4364024539746,0.2138753559801,0.0000016010685
126235,0.2541953951465,3.8495194081404,0.0082766803844,0.4363932246190,0.2138723136315,0.0000016010685
126241,0.2541964840008,3.8495358976826,0.0082766803844,0.4362980012447,0.2138385386094,0.0000016010685
126263,0.2541926527596,3.8494778776021,0.0082766803844,0.4361329497395,0.2137787706630,0.0000016010685
126268,0.2541917304439,3.8494639101093,0.0082766803844,0.4360491190794,0.2137486335025,0.0000016010685
126282,0.2541939223913,3.8494971048257,0.0082766803844,0.4360398011714,0.2137457753812,0.0000016010685
126292,0.2541995251297,3.8495819523515,0.0082766803844,0.4359343033624,0.2137092981791,0.0000016010685
126311,0.2541981927883,3.8495617754549,0.0083235144046,0.4358692794787,0.2137058615847,0.0000015834568
126313,0.2541890285485,3.8494229927724,0.0082805864331,0.4357986649729,0.2136602806506,0.0000015834568
126358,0.2541877914744,3.8494042585983,0.0082805864331,0.4357881707614,0.2136562676306,0.0000015834568
126388,0.2541838825768,3.8493450624934,0.0082865474271,0.4357013807636,0.2136269882937,0.0000015834568
126411,0.2541862021784,3.8493801903972,0.0082762010808,0.4357092467448,0.2136258604817,0.0000015834568
126476,0.2541846836203,3.8493571934469,0.0083230351010,0.4355703637576,0.2135960057325,0.0000015834568
126499,0.2541872851608,3.8493965910162,0.0083524819706,0.4355221403069,0.2135919606315,0.0000015660387
126555,0.2541869484485,3.8493914918664,0.0083524819706,0.4355182727267,0.2135905072002,0.0000015660387
126572,0.2541867067480,3.8493878315680,0.0083056479504,0.4355320809790,0.2135753152029,0.0000015660387
126576,0.2541914742098,3.8494600297159,0.0083524819706,0.4353458162122,0.2135298853938,0.0000015660387
126624,0.2541933271817,3.8494880910094,0.0083524819706,0.4352395203060,0.2134923196356,0.0000015660387
126632,0.2541952006530,3.8495164627430,0.0083056479504,0.4352892576022,0.2134904126909,0.0000015660387
126639,0.2541997617119,3.8495855351378,0.0083056479504,0.4352042036398,0.2134610136455,0.0000015660387
126646,0.2542040851591,3.8496510091552,0.0083524819706,0.4351174948932,0.2134510444119,0.0000015660387
126697,0.2542004890521,3.8495965499328,0.0083400972067,0.4349450469048,0.2133833774943,0.0000015488123
126737,0.2542013874250,3.8496101548373,0.0083112673717,0.4349688079392,0.2133797004429,0.0000015488123
126749,0.2542024370247,3.8496260499095,0.0083581013919,0.4348849957388,0.2133700641514,0.0000015488123
126751,0.2541967373299,3.8495397340833,0.0082404681723,0.4349876400425,0.2133550872312,0.0000015488123
126778,0.2541934206644,3.8494895067049,0.0082323145021,0.4349078224549,0.2133223758058,0.0000015488123
126782,0.2541984824787,3.8495661625085,0.0082323145021,0.4348888820831,0.2133166960617,0.0000015488123
126788,0.2541992439926,3.8495776948293,0.0083112673717,0.4347468984175,0.2132999877354,0.0000015488123
126812,0.2542011776338,3.8496069777724,0.0083302301640,0.4346851935904,0.2132864915598,0.0000015488123
126817,0.2541959309654,3.8495275225493,0.0082125969444,0.4348105996710,0.2132797409227,0.0000015488123
126822,0.2542005574393,3.8495975855850,0.0081657629242,0.4347994397968,0.2132566749176,0.0000015317754
126863,0.2542050487401,3.8496656015665,0.0081336440748,0.4347873211939,0.2132395440456,0.0000015317754
126906,0.2542028053903,3.8496316284162,0.0081804780951,0.4347192697027,0.2132348309468,0.0000015317754
126929,0.2542014532995,3.8496111524360,0.0082093079301,0.4345569168186,0.2131889136837,0.0000015317754
126955,0.2542028409139,3.8496321663834,0.0081707653110,0.4345556847542,0.2131722527413,0.0000015317754
126964,0.2542047256670,3.8496607089676,0.0081707653110,0.4345431364234,0.2131681750703,0.0000015317754
126973,0.2542003696567,3.8495947418164,0.0081702860074,0.4345324609988,0.2131632235720,0.0000015317754
126980,0.2541993124448,3.8495787314648,0.0081702860074,0.4345225226205,0.2131594476058,0.0000015317754
126996,0.2542034277901,3.8496410540010,0.0081702860074,0.4343899354987,0.2131129769220,0.0000015149258
127032,0.2542068539046,3.8496929388666,0.0080554624984,0.4344433034932,0.2130835610122,0.0000015149258
127068,0.2542110311173,3.8497561983198,0.0080766179669,0.4342902390678,0.2130388568923,0.0000015149258
127085,0.2542124004665,3.8497769356586,0.0079823163643,0.4343245716774,0.2130109969980,0.0000015149258
127087,0.2542282878167,3.8500175327120,0.0079823163643,0.4343007119280,0.2130058800911,0.0000015149258
127096,0.2542288131011,3.8500254875863,0.0079611608958,0.4341703148220,0.2129503556277,0.0000015149258
127097,0.2542203142470,3.8498967814642,0.0079611608958,0.4341586563407,0.2129443707014,0.0000015149258
127141,0.2542179817800,3.8498614587271,0.0080079949160,0.4341030622865,0.2129440875906,0.0000015149258
127158,0.2542124273254,3.8497773424093,0.0079611608958,0.4341596070793,0.2129430201962,0.0000015149258
127181,0.2542066848629,3.8496903789099,0.0079611608958,0.4339773882493,0.2128767115150,0.0000014817808
127183,0.2542146666165,3.8498112540952,0.0079791650809,0.4339475339080,0.2128754757054,0.0000014817808
127217,0.2542259957106,3.8499828211983,0.0080259991012,0.4338288774238,0.2128555977756,0.0000014817808
127229,0.2542099623871,3.8497400135342,0.0080259991012,0.4337506593676,0.2128242270433,0.0000014817808
127239,0.2542140806176,3.8498023797642,0.0080259991012,0.4337422362191,0.2128221012539,0.0000014817808
127243,0.2542168486365,3.8498442984716,0.0080259991012,0.4337334049419,0.2128195403733,0.0000014817808
127249,0.2542100134549,3.8497407869022,0.0080259991012,0.4337232097800,0.2128144345622,0.0000014817808
127256,0.2542113117426,3.8497604480907,0.0080728331214,0.3501443548531,0.1829851934444,0.0000014817808
127264,0.2542105319054,3.8497486382851,0.0080728331214,0.3501365661631,0.1829822446614,0.0000014817808
127278,0.2542127928994,3.8497828786391,0.0080728331214,0.3501189399399,0.1829764340804,0.0000014817808
127302,0.2542131165678,3.8497877802528,0.0081196671416,0.3499733611745,0.1829445827447,0.0000014817808
127305,0.2542179865684,3.8498615312426,0.0081196671416,0.3498441392534,0.1828994756301,0.0000014817808
127354,0.2542173323867,3.8498516243546,0.0080728331214,0.3498684137888,0.1828879332023,0.0000014654812
127371,0.2542217437076,3.8499184291275,0.0080728331214,0.3497053455813,0.1828306398398,0.0000014654812
127448,0.2542225624993,3.8499308288578,0.0080374417855,0.3497193517181,0.1828206497715,0.0000014654812
127453,0.2542186508662,3.8498715913271,0.0080374417855,0.3496347942988,0.1827896124861,0.0000014654812
127485,0.2542142291642,3.8498046293450,0.0080374417855,0.3496368677240,0.1827894054876,0.0000014654812
127501,0.2542151948463,3.8498192535740,0.0080374417855,0.3495659906082,0.1827642991638,0.0000014493609
127519,0.2542023242490,3.8496243420423,0.0079934174760,0.3495814435916,0.1827481925401,0.0000014493609
127614,0.2542055448516,3.8496731146491,0.0080690813313,0.3494676922597,0.1827406845601,0.0000014493609
127628,0.2542069021803,3.8496936699515,0.0080690813313,0.3493779523915,0.1827089254633,0.0000014493609
127647,0.2542060177105,3.8496802755953,0.0080662716206,0.3492931977384,0.1826772622534,0.0000014493609
127717,0.2542112089193,3.8497588909419,0.0080662716206,0.3491609817023,0.1826311546424,0.0000014334179
127731,0.2542151586273,3.8498187050762,0.0081131056408,0.3489919315246,0.1825916976679,0.0000014334179
127766,0.2542193352131,3.8498819550342,0.0081131056408,0.3489883023470,0.1825912965157,0.0000014334179
127783,0.2542233449494,3.8499426782335,0.0081599396611,0.3489021655912,0.1825814643408,0.0000014334179
127788,0.2542209043332,3.8499057176927,0.0080423064415,0.3489889830167,0.1825615333380,0.0000014334179
127866,0.2542240342742,3.8499531173257,0.0080423064415,0.3489816655560,0.1825595906608,0.0000014176503
127909,0.2542198289161,3.8498894316423,0.0080134766064,0.3488954865583,0.1825155556556,0.0000014176503
127918,0.2542157372547,3.8498274677734,0.0080134766064,0.3488795626282,0.1825089917531,0.0000014176503
127977,0.2542140358635,3.8498017020100,0.0080603106266,0.3488188630627,0.1825070204760,0.0000014176503
128021,0.2542189023230,3.8498753993731,0.0080603106266,0.3469871954046,0.1818538962680,0.0000014020562
128069,0.2542275675917,3.8500066256690,0.0081043349362,0.3468511466234,0.1818260318221,0.0000014020562
128101,0.2542307418855,3.8500546969785,0.0081778061153,0.3467529911324,0.1818231441436,0.0000014020562
128138,0.2542297287369,3.8500393539180,0.0081778061153,0.3466668341822,0.1817921567010,0.0000014020562
128146,0.2542350693283,3.8501202315062,0.0081309720951,0.3466744323892,0.1817759430358,0.0000014020562
128152,0.2542297194826,3.8500392137726,0.0081422605209,0.3465883639885,0.1817488958226,0.0000014020562
128231,0.2542277351310,3.8500091628739,0.0080246273012,0.3465998036419,0.1817021419578,0.0000013866336
128286,0.2542328113711,3.8500860371405,0.0080714613215,0.3465334852573,0.1816996163092,0.0000013866336
128403,0.2542271709746,3.8500006193241,0.0081165819691,0.2738357105630,0.1557542541110,0.0000013713806
128419,0.2542216768993,3.8499174173866,0.0081089076026,0.2738431706714,0.1557524521193,0.0000013713806
128433,0.2542224651687,3.8499293548896,0.0081557416228,0.2737457739384,0.1557379082096,0.0000013713806
128487,0.2542281591467,3.8500155841417,0.0081291044639,0.2736109396308,0.1556795573127,0.0000013713806
128498,0.2542284589810,3.8500201248137,0.0081291044639,0.2735975997267,0.1556748573114,0.0000013713806
128557,0.2542306750851,3.8500536853576,0.0081291044639,0.2731166394169,0.1555035606517,0.0000013562954
128575,0.2542292703516,3.8500324121606,0.0081759384841,0.2730195084269,0.1554886417210,0.0000013562954
128582,0.2542382757344,3.8501687891220,0.0082227725044,0.2729367892997,0.1554811006234,0.0000013562954
128705,0.2542412179823,3.8502133463436,0.0082227725044,0.2729153839150,0.1554740863249,0.0000013413761
128707,0.2542438195354,3.8502527441037,0.0082696065246,0.2728207700449,0.1554609248556,0.0000013413761
128760,0.2542424217964,3.8502315768296,0.0082583180988,0.2727990898404,0.1554480445132,0.0000013413761
128782,0.2542418391280,3.8502227529357,0.0082583180988,0.2727795098910,0.1554409268166,0.0000013413761
128836,0.2542430034791,3.8502403857969,0.0082583180988,0.2726880474185,0.1554085111516,0.0000013413761
128862,0.2542281990115,3.8500161878513,0.0082583180988,0.2726901185100,0.1554060784412,0.0000013266210
128871,0.2542325499388,3.8500820780263,0.0083051521191,0.2726153411994,0.1554003763234,0.0000013266210
128880,0.2542361135592,3.8501360452738,0.0082990533942,0.2725667974380,0.1553811891595,0.0000013266210
128934,0.2542402289524,3.8501983685356,0.0083333649196,0.2724082090969,0.1553401372757,0.0000013266210
128981,0.2542373881532,3.8501553476480,0.0083333649196,0.2723990426642,0.1553362548070,0.0000013266210
129038,0.2542343141652,3.8501087953625,0.0083289795673,0.2722728467462,0.1552886466879,0.0000013120282
129042,0.2542395844178,3.8501886077436,0.0083289795673,0.2705200534673,0.1546637784281,0.0000013120282
129140,0.2542414983137,3.8502175916652,0.0083289795673,0.2704570948349,0.1546417033228,0.0000013120282
129162,0.2542571343413,3.8504543827038,0.0082414102517,0.2705056378336,0.1546248609787,0.0000013120282
129183,0.2542494622329,3.8503381967662,0.0081973859422,0.2705090553151,0.1546055699234,0.0000013120282
129258,0.2542561897519,3.8504400779007,0.0081973859422,0.2704797173070,0.1545965336746,0.0000012975959
129265,0.2542555296321,3.8504300810866,0.0081505519219,0.2704680242878,0.1545721444191,0.0000012975959
129285,0.2542560597027,3.8504381084437,0.0081505519219,0.2704115120434,0.1545520750612,0.0000012975959
129318,0.2542594622350,3.8504896361826,0.0081392634962,0.2704108941627,0.1545477456068,0.0000012975959
129329,0.2542572539185,3.8504561935740,0.0080924294759,0.2704356702943,0.1545360492916,0.0000012975959
129373,0.2542571576195,3.8504547352280,0.0080455954557,0.2704238962846,0.1545117519297,0.0000012833223
129426,0.2542573187408,3.8504571752387,0.0080504601116,0.2703325459525,0.1544812461896,0.0000012833223
129437,0.2542599264859,3.8504966667703,0.0080504601116,0.2703210587967,0.1544777024365,0.0000012833223
129441,0.2542611794893,3.8505156421757,0.0079328268920,0.2703313373454,0.1544312276105,0.0000012833223
129448,0.2542667139602,3.8505994558630,0.0079027629879,0.2702819873308,0.1544019040330,0.0000012833223
129481,0.2542654585266,3.8505804436526,0.0078750294909,0.2702168200758,0.1543664752075,0.0000012833223
129553,0.2542544289823,3.8504134129142,0.0078461996559,0.2702228376884,0.1543539052375,0.0000012692058
129558,0.2542526591888,3.8503866112693,0.0078930336761,0.2687530944953,0.1538486894357,0.0000012692058
129563,0.2542487259932,3.8503270471984,0.0079284250120,0.2686586400362,0.1538292805880,0.0000012692058
129613,0.2542545004128,3.8504144946525,0.0079284250120,0.2683864684554,0.1537333138277,0.0000012692058
129619,0.2542482186610,3.8503193641912,0.0079284250120,0.2683723848663,0.1537269378847,0.0000012692058
129768,0.2542443058112,3.8502601082346,0.0079284250120,0.2682765651664,0.1536918780955,0.0000012552445
129787,0.2542448399721,3.8502681975333,0.0078107917923,0.2682882581857,0.1536457543999,0.0000012552445
129793,0.2542417241971,3.8502210124298,0.0078107917923,0.2681970062763,0.1536124967662,0.0000012414368
129868,0.2542415798601,3.8502188265986,0.0078112710959,0.2680649942734,0.1535655241088,0.0000012414368
129955,0.2542501443631,3.8503485269047,0.0077644370757,0.2680025422645,0.1535249833476,0.0000012277810
129956,0.2542469700934,3.8503004559599,0.0077757255014,0.2679903013946,0.1535247693044,0.0000012277810
130241,0.2542449478822,3.8502698317176,0.0077833998680,0.2678832559196,0.1534893944609,0.0000012009184
130346,0.2542467716135,3.8502974501928,0.0078302338882,0.2662715430166,0.1529342452324,0.0000012009184
130407,0.2542379804995,3.8501643181033,0.0077959223628,0.2663029340858,0.1529288675789,0.0000011877083
130611,0.2542433028830,3.8502449199508,0.0076956762938,0.2663820415587,0.1529152981575,0.0000011746435
130783,0.2542471886233,3.8503037653637,0.0076956762938,0.2663765813396,0.1529141807379,0.0000011617224
130814,0.2542455104207,3.8502783507665,0.0076956762938,0.2663679277843,0.1529107305676,0.0000011617224
130937,0.2542479536943,3.8503153515513,0.0076832915300,0.2663146779103,0.1528869285582,0.0000011489435
131276,0.2542457248177,3.8502815975819,0.0076832915300,0.2663146779103,0.1528864509418,0.0000011238057
131317,0.2542487753526,3.8503277946945,0.0077067774056,0.2662653021159,0.1528795357908,0.0000011238057
131386,0.2542434645681,3.8502473685003,0.0076599433853,0.2663029872559,0.1528717850211,0.0000011238057
131974,0.2542400067732,3.8501950038676,0.0076599433853,0.2662452026430,0.1528504067033,0.0000010751682
132521,0.2542425650309,3.8502337459641,0.0076055892571,0.2039614221311,0.1305834529494,0.0000010400765
132604,0.2542387548838,3.8501760453317,0.0076055892571,0.2034835468696,0.1304119667530,0.0000010286357
132770,0.2542391336269,3.8501817809941,0.0076524232774,0.2034200064957,0.1304094266445,0.0000010286357
132926,0.2542479396623,3.8503151390509,0.0076055892571,0.2034209179079,0.1303915674335,0.0000010173207
132935,0.2542602239857,3.8505011720878,0.0075788143673,0.2034430561107,0.1303906313367,0.0000010173207
132947,0.2542647267752,3.8505693620555,0.0076256483876,0.2033721771231,0.1303863540190,0.0000010061301
133893,0.2542671561945,3.8506061530307,0.0076945964835,0.2032383103456,0.1303686142294,0.0000009519971
134519,0.2542631736083,3.8505458409920,0.0076701520007,0.2032641864041,0.1303665260607,0.0000009107953
135188,0.2542684274211,3.8506254044085,0.0076435148418,0.2032877375643,0.1303646470811,0.0000008713767
135244,0.2542638600530,3.8505562364678,0.0076500928703,0.2032603822552,0.1303567177612,0.0000008713767
135453,0.2542635273310,3.8505511977462,0.0076261276911,0.2032670341846,0.1303487513616,0.0000008617916
135604,0.2542617119414,3.8505237055973,0.0076261276911,0.2032001973017,0.1303244920342,0.0000008523119
136059,0.2542619734243,3.8505276654781,0.0075938711109,0.2032325233189,0.1303222688238,0.0000008244938
136086,0.2542610562171,3.8505137753494,0.0076407051312,0.2031590442120,0.1303159014642,0.0000008244938
136492,0.2542554613386,3.8504290468544,0.0076407051312,0.2031331520588,0.1303054553640,0.0000008064547
136881,0.2542667565077,3.8506001001995,0.0076875391514,0.2030695563059,0.1303052347115,0.0000007801334
137079,0.2542601554392,3.8505001340242,0.0076875391514,0.2030658984559,0.1303025138218,0.0000007715519
138358,0.2542694175031,3.8506403981496,0.0076847294407,0.2030636203763,0.1303024807882,0.0000007140674
138550,0.2542720988853,3.8506810048359,0.0076407051312,0.2030774585369,0.1302891300091,0.0000007062127
138916,0.2542821633284,3.8508334201430,0.0076407051312,0.2030074852886,0.1302662962297,0.0000006831630
138996,0.2542827584231,3.8508424322212,0.0076407051312,0.2029497006757,0.1302457863882,0.0000006831630
139009,0.2542922743165,3.8509865403242,0.0076139302413,0.2029645522897,0.1302416547033,0.0000006831630
139117,0.2542856853048,3.8508867567363,0.0075938711109,0.2028941374756,0.1302064978541,0.0000006756483
139255,0.2542738692872,3.8507078156940,0.0075470370907,0.2029456373203,0.1302022869291,0.0000006682161
139261,0.2542769295461,3.8507541600667,0.0075002030705,0.2029742260391,0.1301930812326,0.0000006682161
139265,0.2542767572444,3.8507515507403,0.0075470370907,0.2029110954948,0.1301905694108,0.0000006682161
139403,0.2542684449784,3.8506256702957,0.0075470370907,0.2029069170572,0.1301872959118,0.0000006608657
139469,0.2542688258518,3.8506314382195,0.0074980103943,0.2029186364058,0.1301705515679,0.0000006608657
139596,0.2542707160326,3.8506600630002,0.0075448444145,0.2028335446115,0.1301606384030,0.0000006535962
139619,0.2542783496204,3.8507756655842,0.0075872930824,0.2027764280543,0.1301600676877,0.0000006535962
139624,0.2542747739252,3.8507215154757,0.0075872930824,0.2027087023525,0.1301351137166,0.0000006535962
139695,0.2542682018485,3.8506219883511,0.0076073522129,0.2026827948115,0.1301330494914,0.0000006535962
139796,0.2542627352189,3.8505392020496,0.0076541862331,0.2025865023021,0.1301175596118,0.0000006464067
139971,0.2542651752861,3.8505761542768,0.0077010202533,0.2025130231952,0.1301119116682,0.0000006392962
140180,0.2542598576846,3.8504956248477,0.0076580922818,0.2025301283725,0.1300984834720,0.0000006322639
140251,0.2542670887296,3.8506051313478,0.0076580922818,0.2024844798320,0.1300837299314,0.0000006253090
140438,0.2542717830684,3.8506762221256,0.0076770550742,0.2024385132071,0.1300764461204,0.0000006184306
140454,0.2542800646911,3.8508016385082,0.0076814404265,0.2023500547052,0.1300485078684,0.0000006184306
140543,0.2542821330307,3.8508329613160,0.0077282744467,0.2022847068599,0.1300456842908,0.0000006184306
140596,0.2542743387644,3.8507149254273,0.0077751084670,0.2022209634299,0.1300413203032,0.0000006116279
140686,0.2542778170748,3.8507676007458,0.0077282744467,0.2022744456932,0.1300410947408,0.0000006116279
141161,0.2542818616137,3.8508288509948,0.0076842501371,0.2023132713026,0.1300369601555,0.0000005916654
141225,0.2542869928734,3.8509065584753,0.0076842501371,0.2022209464681,0.1300050865560,0.0000005916654
141254,0.2542865113193,3.8508992658486,0.0076842501371,0.2022090168575,0.1300007227906,0.0000005916654
141275,0.2542855053966,3.8508840322184,0.0076842501371,0.2021968827634,0.1299961736307,0.0000005851571
141414,0.2542817949708,3.8508278417587,0.0077216964182,0.2021286632983,0.1299870628510,0.0000005851571
141650,0.2542777108421,3.8507659919641,0.0077685304385,0.2020604654977,0.1299819030461,0.0000005723544
141725,0.2542770780853,3.8507564095341,0.0077049263021,0.2020943771546,0.1299666198458,0.0000005723544
141884,0.2542759824101,3.8507398166966,0.0077049263021,0.2020222463781,0.1299406240666,0.0000005660585
141901,0.2542769248276,3.8507540886102,0.0076580922818,0.2020262883082,0.1299221978368,0.0000005660585
141978,0.2542784476287,3.8507771498153,0.0076580922818,0.2020138262376,0.1299180734118,0.0000005598319
142116,0.2542742208051,3.8507131390588,0.0076580922818,0.1498095342314,0.1112727776617,0.0000005598319
142307,0.2542759990132,3.8507400681336,0.0076580922818,0.1497974608824,0.1112688467959,0.0000005475833
143043,0.2542983774130,3.8510789652414,0.0076977312391,0.1497270811790,0.1112654946835,0.0000005238843
143079,0.2542972297268,3.8510615847528,0.0076977312391,0.1497274346965,0.1112653750069,0.0000005238843
143487,0.2543096044990,3.8512489875399,0.0077445652593,0.1495950548695,0.1112408199572,0.0000005067856
143531,0.2543064759606,3.8512016091479,0.0076977312391,0.1496336048817,0.1112338456946,0.0000005067856
143618,0.2543128186702,3.8512976627515,0.0076977312391,0.1496074703883,0.1112258710990,0.0000005067856
143676,0.2543077530253,3.8512209489361,0.0076602849580,0.1496514442640,0.1112244421531,0.0000005012109
143725,0.2543127877937,3.8512971951600,0.0076826910232,0.1496206514519,0.1112241261985,0.0000005012109
143745,0.2543167206837,3.8513567546039,0.0076842666649,0.1495528672385,0.1112014355881,0.0000005012109
143789,0.2543180942880,3.8513775563817,0.0076653038725,0.1495622027398,0.1111969371284,0.0000004956976
143929,0.2543211237543,3.8514234344330,0.0075545571986,0.1496903214452,0.1111958801201,0.0000004902449
143944,0.2543160517612,3.8513466244819,0.0075545571986,0.1496287474654,0.1111728025573,0.0000004902449
143977,0.2543100796650,3.8512561834257,0.0075338810337,0.1496362594365,0.1111653444557,0.0000004902449
144067,0.2543119903727,3.8512851190644,0.0074870470135,0.1496342280204,0.1111449566644,0.0000004848522
144210,0.2543163102658,3.8513505392599,0.0074746622496,0.1496050076282,0.1111301387455,0.0000004795189
144243,0.2543201338075,3.8514084427399,0.0074746622496,0.1495991160980,0.1111288539579,0.0000004795189
144424,0.2543309497366,3.8515722385041,0.0074746622496,0.1495343231070,0.1111080313031,0.0000004742442
144456,0.2543370619235,3.8516648010862,0.0074746622496,0.1495081355996,0.1110999883762,0.0000004742442
144780,0.2543383564823,3.8516844058048,0.0074903360277,0.1493825201123,0.1110621204411,0.0000004638682
144930,0.2543402366029,3.8517128782360,0.0074887603861,0.1493698200040,0.1110573122961,0.0000004587656
145020,0.2543434113363,3.8517609562016,0.0075175902211,0.1493036142251,0.1110467033187,0.0000004537192
145775,0.2543421956288,3.8517425456024,0.0075310713231,0.1492611318331,0.1110370481421,0.0000004340825
146895,0.2543485764900,3.8518391769722,0.0075310713231,0.1492349258660,0.1110290561956,0.0000004017412
147365,0.2543547668022,3.8519329226780,0.0075310713231,0.1492085828797,0.1110209744817,0.0000003929515
147511,0.2543489434602,3.8518447343454,0.0075121085307,0.1491363918397,0.1109858171974,0.0000003886290
147592,0.2543492300895,3.8518490750422,0.0074920494003,0.1491272012730,0.1109739995025,0.0000003843541
147746,0.2543542213324,3.8519246621174,0.0074452153801,0.1491543091201,0.1109646787056,0.0000003801262
148071,0.2543520790528,3.8518922195670,0.0074696598628,0.1491174585395,0.1109615349309,0.0000003718094
148320,0.2543593305290,3.8520020354755,0.0074452153801,0.1490802963520,0.1109393404019,0.0000003677195
148416,0.2543713234183,3.8521836550530,0.0074452153801,0.1490166750411,0.1109191884101,0.0000003636746
148836,0.2543640535866,3.8520735611697,0.0074467910217,0.1490029767842,0.1109134136294,0.0000003557178
149014,0.2543689195877,3.8521472515907,0.0074936250420,0.1489340062265,0.1109098957248,0.0000003518049
149051,0.2543669777429,3.8521178444125,0.0074810860195,0.1489459349508,0.1109083660071,0.0000003518049
149107,0.2543714400168,3.8521854208142,0.0074586799543,0.1489466035867,0.1108999584078,0.0000003479350
149155,0.2543733940502,3.8522150125750,0.0074810860195,0.1488604132899,0.1108791974798,0.0000003479350
149369,0.2543838803504,3.8523738164597,0.0075229176529,0.1487875137520,0.1108733368378,0.0000003441077
149583,0.2543849763552,3.8523904142886,0.0075072438748,0.1487887700785,0.1108673030505,0.0000003403226
149687,0.2543812410993,3.8523338478039,0.0075072438748,0.1487623114009,0.1108570531108,0.0000003365790
149746,0.2543745166439,3.8522320130648,0.0074654122414,0.1488090080436,0.1108543616856,0.0000003365790
150017,0.2543760909750,3.8522558546381,0.0075072438748,0.1487360715864,0.1108465781504,0.0000003292150
150124,0.2543764653188,3.8522615236778,0.0074593135165,0.1487464616326,0.1108298275156,0.0000003255936
150445,0.2543731916239,3.8522119470441,0.0074593135165,0.1487198425426,0.1108196191917,0.0000003220121
150811,0.2543773547904,3.8522749937802,0.0074593135165,0.1486812778250,0.1108067381854,0.0000003115022
150964,0.2543788895930,3.8522982367363,0.0074348690338,0.1487046970322,0.1108049548673,0.0000003080756
151022,0.2543782483300,3.8522885254897,0.0074174818831,0.1486888611735,0.1107917101540,0.0000003080756
151329,0.2543800624418,3.8523159982866,0.0073930374004,0.1487120926201,0.1107899196306,0.0000003013353
151361,0.2543767480119,3.8522658047643,0.0074398714206,0.1486324498177,0.1107808372605,0.0000003013353
151448,0.2543807081045,3.8523257761622,0.0074398714206,0.1485929610023,0.1107675827035,0.0000003013353
151741,0.2543824265807,3.8523518006602,0.0074354860683,0.1485968666691,0.1107674663926,0.0000002947423
151864,0.2543823034261,3.8523499356149,0.0074339104266,0.1485840381342,0.1107621831078,0.0000002915002
151957,0.2543809910163,3.8523300605619,0.0074339104266,0.1485714894247,0.1107574201952,0.0000002915002
152364,0.2543834094252,3.8523666847972,0.0074594512474,0.1484924215567,0.1107406459674,0.0000002819861
152625,0.2543757393031,3.8522505289398,0.0074594512474,0.1484957407235,0.1107401877865,0.0000002788842
153096,0.2543690306486,3.8521489334894,0.0074594512474,0.1484693293355,0.1107293175791,0.0000002697819
153116,0.2543763617896,3.8522599558372,0.0074768383981,0.1484187540258,0.1107202775633,0.0000002697819
153249,0.2543776408104,3.8522793252496,0.0075131883411,0.1483626065220,0.1107160775063,0.0000002668143
153284,0.2543836850562,3.8523708589367,0.0075131883411,0.1483032487614,0.1106961735016,0.0000002668143
153453,0.2543847756851,3.8523873753529,0.0074729323494,0.1482522350681,0.1106609354637,0.0000002638794
153563,0.2543893615823,3.8524568238976,0.0074729323494,0.1482143404398,0.1106483843601,0.0000002609767
154072,0.2544021581645,3.8526506145503,0.0074918951417,0.1481495759302,0.1106361232139,0.0000002524589
154531,0.2543985456016,3.8525959061201,0.0075387291619,0.1067251604484,0.0958609867156,0.0000002442190
154546,0.2544016771684,3.8526433303749,0.0074918951417,0.1063955343205,0.0957238624255,0.0000002442190
154889,0.2543975550227,3.8525809048550,0.0074918951417,0.1063027204472,0.0956898312967,0.0000002388758
155156,0.2543949635417,3.8525416596262,0.0074799896814,0.1062594071130,0.0956687045913,0.0000002362481
155339,0.2543833558533,3.8523658735079,0.0075268237017,0.0750789317501,0.0845504048943,0.0000002336494
155456,0.2543781446327,3.8522869551044,0.0075268237017,0.0750522388216,0.0845397550154,0.0000002310792
155510,0.2543841168402,3.8523773978465,0.0075066268403,0.0749415815717,0.0844928585301,0.0000002310792
155650,0.2543851224907,3.8523926273553,0.0074597928201,0.0749944633314,0.0844918886464,0.0000002285374
155769,0.2543877993066,3.8524331648910,0.0074485043943,0.0750034758955,0.0844908431260,0.0000002260235
155778,0.2543783017157,3.8522893339592,0.0074419263658,0.0749980012280,0.0844840335344,0.0000002260235
156056,0.2543850440202,3.8523914390038,0.0074342519993,0.0748615762303,0.0844334660863,0.0000002235372
156127,0.2543826402400,3.8523550363040,0.0074210959423,0.0748713605437,0.0844308070780,0.0000002210783
156224,0.2543776036779,3.8522787629180,0.0074679299625,0.0748008945469,0.0844246331102,0.0000002210783
156424,0.2543826312227,3.8523548997460,0.0074923744453,0.0747388463545,0.0844140265794,0.0000002162413
156556,0.2543836398024,3.8523701736147,0.0074799896814,0.0746858411017,0.0843900045003,0.0000002162413
156794,0.2543863068148,3.8524105626862,0.0075218213148,0.0746127754271,0.0843824089620,0.0000002115102
157351,0.2543844107539,3.8523818488568,0.0075218213148,0.0745860271196,0.0843724496963,0.0000002046068
157901,0.2543904485042,3.8524732841757,0.0075576919543,0.0745333158917,0.0843702911926,0.0000001979288
158370,0.2543853788485,3.8523965096217,0.0075158603208,0.0745795282255,0.0843677813998,0.0000001914687
158382,0.2543867289723,3.8524169558140,0.0074940878178,0.0745926790719,0.0843634363703,0.0000001914687
158473,0.2543757316820,3.8522504135264,0.0075409218381,0.0745264087840,0.0843574835710,0.0000001893626
158478,0.2543734440691,3.8522157700577,0.0074995695083,0.0745455778593,0.0843461170395,0.0000001893626
158523,0.2543704729769,3.8521707760210,0.0075033378261,0.0745185456464,0.0843374410085,0.0000001893626
159040,0.2543664554879,3.8521099354145,0.0075501718463,0.0744477974511,0.0843313846284,0.0000001831821
159084,0.2543648493817,3.8520856126411,0.0075457864940,0.0744460084498,0.0843285220970,0.0000001831821
159160,0.2543684123509,3.8521395700271,0.0074397336897,0.0744679513927,0.0842916711539,0.0000001811671
159452,0.2543727154543,3.8522047359606,0.0074560245023,0.0744164658842,0.0842811873427,0.0000001791743
159457,0.2543767892224,3.8522664288543,0.0074243849565,0.0744106107803,0.0842664093792,0.0000001791743
159575,0.2543797301403,3.8523109659339,0.0074494464738,0.0743447804142,0.0842542693810,0.0000001772034
159616,0.2543791753473,3.8523025641822,0.0074847000787,0.0743000952886,0.0842533002112,0.0000001772034
159623,0.2543740502450,3.8522249499491,0.0074494464738,0.0742287589326,0.0842116160172,0.0000001772034
160281,0.2543716257747,3.8521882339203,0.0074250019910,0.0742462265078,0.0842068587007,0.0000001695341
160670,0.2543720375286,3.8521944694961,0.0074060391987,0.0741811004490,0.0841755607159,0.0000001621968
161045,0.2543662743109,3.8521071916813,0.0074304836814,0.0740920696982,0.0841530052509,0.0000001586481
161096,0.2543642891991,3.8520771292708,0.0074129422721,0.0741132530398,0.0841526276021,0.0000001586481
161116,0.2543672359742,3.8521217550518,0.0074417721072,0.0740472991806,0.0841420597478,0.0000001586481
161238,0.2543749392234,3.8522384125831,0.0074836037406,0.0739874868957,0.0841402767566,0.0000001569030
161266,0.2543792296326,3.8523033862760,0.0074723153149,0.0739155254597,0.0841106577204,0.0000001569030
161321,0.2543843065242,3.8523802704088,0.0075191493351,0.0738554206313,0.0841103513386,0.0000001569030
161637,0.2543850580102,3.8523916508663,0.0075191493351,0.0738164627553,0.0840965988441,0.0000001534701
161645,0.2543834583880,3.8523674262866,0.0074925121762,0.0738352664070,0.0840915557326,0.0000001534701
161744,0.2543815626952,3.8523387180323,0.0074925121762,0.0738221049786,0.0840864490026,0.0000001517819
161903,0.2543807587357,3.8523265429189,0.0074925121762,0.0738082620562,0.0840813328247,0.0000001501123
161970,0.2543882427770,3.8524398807796,0.0074925121762,0.0737557853586,0.0840641948701,0.0000001501123
162070,0.2543922566854,3.8525006671608,0.0074478708321,0.0737678867823,0.0840502449257,0.0000001484611
162084,0.2543892016612,3.8524544020630,0.0074947048523,0.0737009239950,0.0840457467195,0.0000001484611
162210,0.2543930593619,3.8525128228449,0.0074506805428,0.0737140757970,0.0840324028805,0.0000001468280
162270,0.2543914953365,3.8524891373405,0.0074848378096,0.0736545407748,0.0840254440530,0.0000001468280
162300,0.2543931279726,3.8525138618807,0.0074848378096,0.0526756190589,0.0765333218622,0.0000001468280
162442,0.2543959681613,3.8525568735236,0.0074380037894,0.0526685038224,0.0765113175952,0.0000001452129
162530,0.2543946623291,3.8525370980808,0.0074380037894,0.0526549022378,0.0765061800652,0.0000001436156
162730,0.2543924825491,3.8525040876264,0.0074401964655,0.0526529964602,0.0765059720530,0.0000001420358
162804,0.2543891518572,3.8524536478342,0.0074304836814,0.0526364783868,0.0764951963996,0.0000001420358
162825,0.2543857021941,3.8524014063486,0.0074342519993,0.0526093169565,0.0764863716686,0.0000001420358
163361,0.2543928232090,3.8525092465590,0.0074342519993,0.0525615625483,0.0764708424546,0.0000001374000
163487,0.2543876710395,3.8524312224220,0.0074684092661,0.0524889760324,0.0764584534912,0.0000001358886
163503,0.2543815760504,3.8523389202828,0.0074721775839,0.0524759870695,0.0764541235002,0.0000001358886
163523,0.2543877217591,3.8524319905160,0.0074380203171,0.0524740355361,0.0764401046329,0.0000001358886
163693,0.2543932344868,3.8525154749243,0.0074749872946,0.0524122564371,0.0764350649581,0.0000001343938
163719,0.2543990500127,3.8526035448907,0.0075218213148,0.0523501847946,0.0764342144214,0.0000001329155
163844,0.2544044868940,3.8526858806866,0.0075218213148,0.0523235757874,0.0764258762506,0.0000001329155
163901,0.2543994862690,3.8526101515300,0.0074342519993,0.0524158030300,0.0764202132823,0.0000001314534
163914,0.2544004825430,3.8526252390408,0.0074760836327,0.0523499430569,0.0764148331935,0.0000001314534
164063,0.2544042658033,3.8526825325020,0.0074760836327,0.0522743986434,0.0763886637445,0.0000001300074
164092,0.2544012898930,3.8526374655007,0.0074494464738,0.0522735534727,0.0763763082775,0.0000001300074
164608,0.2543986953686,3.8525981741818,0.0074456781560,0.0522728221776,0.0763738761378,0.0000001257642
164797,0.2544065816874,3.8527176041085,0.0074734116529,0.0522102464385,0.0763651033695,0.0000001243808
164800,0.2544059912346,3.8527086623285,0.0074798354228,0.0521503874548,0.0763463516796,0.0000001243808
164851,0.2544073871164,3.8527298014753,0.0074897024655,0.0521374255531,0.0763462502791,0.0000001243808
164906,0.2544082624285,3.8527430571490,0.0074788933433,0.0520977292296,0.0763276281067,0.0000001230126
165048,0.2544084605691,3.8527460577777,0.0074370617099,0.0520879380091,0.0763062458580,0.0000001230126
165070,0.2544168931223,3.8528737598436,0.0074636988688,0.0519968538036,0.0762869386856,0.0000001230126
165145,0.2544167028248,3.8528708779908,0.0074370617099,0.0520120568027,0.0762809116248,0.0000001216595
165400,0.2544227128756,3.8529618938297,0.0074332933921,0.0519632177717,0.0762631419884,0.0000001203212
165530,0.2544241614201,3.8529838304982,0.0073892690825,0.0518773322130,0.0762139114158,0.0000001189977
165594,0.2544203967418,3.8529268184421,0.0074361031028,0.0517972832986,0.0762045875239,0.0000001176887
165680,0.2544230757470,3.8529673891316,0.0074702603696,0.0517373433244,0.0761983932915,0.0000001176887
165798,0.2544189018374,3.8529041797012,0.0074589719438,0.0517494761332,0.0761969941315,0.0000001163941
165806,0.2544166924573,3.8528707209857,0.0074589719438,0.0517367003740,0.0761919579218,0.0000001163941
165904,0.2544128481621,3.8528125032158,0.0074702603696,0.0516838359914,0.0761770919043,0.0000001163941
166468,0.2544126506037,3.8528095114034,0.0074740286874,0.0516693026431,0.0761734740822,0.0000001113567
166554,0.2544139719776,3.8528295222086,0.0075006658463,0.0515908578276,0.0761571571535,0.0000001113567
166568,0.2544130393643,3.8528153987703,0.0075403048036,0.0515271119145,0.0761511790348,0.0000001113567
166966,0.2544177242683,3.8528863466682,0.0074934707834,0.0515396748433,0.0761365979801,0.0000001077222
166996,0.2544111508405,3.8527867990811,0.0074538318261,0.0515894494239,0.0761359778998,0.0000001077222
167252,0.2544110727294,3.8527856161716,0.0074414470623,0.0515219148379,0.0761065339108,0.0000001065372
167267,0.2544153179717,3.8528499058607,0.0074414470623,0.0514951950728,0.0760979008323,0.0000001065372
167352,0.2544264592299,3.8530186283888,0.0074414470623,0.0514187984620,0.0760730037410,0.0000001053653
167883,0.2544305194543,3.8530801161762,0.0074414470623,0.0513546790151,0.0760509739865,0.0000001019264
168164,0.2544299855326,3.8530720304997,0.0074376787444,0.0513551706224,0.0760494201555,0.0000000996963
168174,0.2544226471196,3.8529608980241,0.0074376787444,0.0513426634459,0.0760433807896,0.0000000996963
168583,0.2544336997556,3.8531282784631,0.0074263903187,0.0513453301416,0.0760418637062,0.0000000975151
168643,0.2544398987042,3.8532221549589,0.0074420640968,0.0512807875884,0.0760268584739,0.0000000964424
168764,0.2544389280943,3.8532074561031,0.0074079068299,0.0513069832854,0.0760213672635,0.0000000964424
168910,0.2544448550822,3.8532972140428,0.0074453531110,0.0512516618867,0.0760189280961,0.0000000953815
169003,0.2544507543257,3.8533865518219,0.0074086946507,0.0512909288472,0.0760185053655,0.0000000943323
169019,0.2544572700495,3.8534852255422,0.0074453531110,0.0512318053052,0.0760144968100,0.0000000943323
169028,0.2544518651348,3.8534033738477,0.0074187159521,0.0512437001404,0.0760061708442,0.0000000943323
169161,0.2544509030497,3.8533888040891,0.0074655499723,0.0511787840533,0.0760028520892,0.0000000932947
169299,0.2544462614236,3.8533185115894,0.0074523939154,0.0511885683667,0.0759997135426,0.0000000932947
169354,0.2544455705626,3.8533080492331,0.0074300043779,0.0511765404638,0.0759856743053,0.0000000922684
169444,0.2544498757437,3.8533732466314,0.0074566415368,0.0510853270409,0.0759654365469,0.0000000922684
169489,0.2544487148024,3.8533556654070,0.0074453531110,0.0510916810002,0.0759626191482,0.0000000922684
169631,0.2544440604465,3.8532851801283,0.0074453531110,0.0510183032677,0.0759354154531,0.0000000912535
169711,0.2544406854385,3.8532340692143,0.0074453531110,0.0510185551874,0.0759347822084,0.0000000902497
