0,0.2063240533919,3.124558757017,0.5553584234398,0.3201241934734,0.3965531191558,1000
1,0.2063281082916,3.124620164168,0.5553584234398,0.320066598338,0.3965334183717,1000.0000000000000
3,0.2063471292927,3.1249082170374,0.5554520914803,0.3198248586700,0.3964913021507,1000.0000000000000
4,0.2063373817728,3.1247606011957,0.5554052574601,0.3198137653735,0.3964651797819,1000.0000000000000
5,0.2063392313446,3.1247886109970,0.5554052574601,0.3198108910372,0.3964645495700,1000.0000000000000
12,0.2063580448895,3.1250735221630,0.5551939562000,0.3199632835651,0.3964324492639,1000.0000000000000
13,0.2063558365053,3.1250400785283,0.5551939562000,0.3199418504896,0.3964243213688,1000.0000000000000
14,0.2063567162100,3.1250534007219,0.5551939562000,0.3198801960328,0.3964024904281,1000.0000000000000
15,0.2063575190495,3.1250655588746,0.5551939562000,0.3198662261284,0.3963976732136,1000.0000000000000
16,0.2063552561644,3.1250312898808,0.5551939562000,0.3197413324757,0.3963525834337,1000.0000000000000
17,0.2063668804445,3.1252073272632,0.5551939562000,0.3196048555237,0.3963063325823,1000.0000000000000
18,0.2063738269913,3.1253125253401,0.5550763229804,0.3195487203013,0.3962373585973,1000.0000000000000
19,0.2063777189911,3.1253714655459,0.5550763229804,0.3191191610904,0.3960847785934,1000.0000000000000
20,0.2063814897846,3.1254285702105,0.5550294889601,0.3191312235229,0.3960698229092,1000.0000000000000
24,0.2063911843110,3.1255753835216,0.5551002881595,0.3187444157322,0.3959640971822,1000.0000000000000
25,0.2063886891720,3.1255375972894,0.5550534541393,0.3187119923151,0.3959319109948,1000.0000000000000
26,0.2063951137249,3.1256348903233,0.5550534541393,0.3186054832582,0.3958952487358,1000.0000000000000
27,0.2063877499177,3.1255233732796,0.5550534541393,0.3183133979940,0.3957893546113,1000.0000000000000
28,0.2063909638199,3.1255720444180,0.5550534541393,0.3178591657299,0.3956278174961,1000.0000000000000
29,0.2063925516851,3.1255960909508,0.5550534541393,0.3178153921744,0.3956125243402,1000.0000000000000
33,0.2064197985869,3.1260087163533,0.5551471221798,0.3175531879583,0.3955648620451,1000.0000000000000
34,0.2064190714989,3.1259977053775,0.5550294889601,0.3175250815250,0.3955042539916,1000.0000000000000
35,0.2064166844154,3.1259615555310,0.5549118557405,0.3175306409576,0.3954553137484,1000.0000000000000
36,0.2064265642106,3.1261111745420,0.5549118557405,0.3174595819360,0.3954320526253,1000.0000000000000
37,0.2064266703496,3.1261127819045,0.5549118557405,0.3173432913843,0.3953905430295,1000.0000000000000
38,0.2064279671096,3.1261324199576,0.5548650217203,0.3173629284029,0.3953777624046,1000.0000000000000
39,0.2064379965201,3.1262843047330,0.5548181877000,0.3172285632396,0.3953118522828,1000.0000000000000
40,0.2064480650639,3.1264367821396,0.5547005544804,0.3169117750736,0.3951504569601,1000.0000000000000
41,0.2064477735646,3.1264323676928,0.5547005544804,0.3168008061316,0.3951107627310,1000.0000000000000
43,0.2064449751835,3.1263899891816,0.5547005544804,0.3163254090868,0.3949403784191,1000.0000000000000
44,0.2064465620783,3.1264140210177,0.5547005544804,0.3160913663410,0.3948571317730,1000.0000000000000
47,0.2064450957536,3.1263918150871,0.5547005544804,0.3160189158646,0.3948309423904,1000.0000000000000
56,0.2064531206587,3.1265133437561,0.5546537204602,0.3160334556586,0.3948177830736,1000.0000000000000
57,0.2064513385096,3.1264863549996,0.5546537204602,0.3159215603667,0.3947774385802,1000.0000000000000
58,0.2064572463958,3.1265758236636,0.5545360872406,0.3158508619042,0.3947030408680,1000.0000000000000
59,0.2064565536953,3.1265653334512,0.5545360872406,0.3158453609783,0.3947009278158,1000.0000000000000
60,0.2064553866362,3.1265476595792,0.5545360872406,0.3152983067147,0.3945053012090,1000.0000000000000
62,0.2064601451791,3.1266197226604,0.5544892532203,0.3153142668095,0.3944919492077,1000.0000000000000
63,0.2064558593114,3.1265548177439,0.5544892532203,0.3151551350343,0.3944341980306,1000.0000000000000
69,0.2064669790315,3.1267232140996,0.5543716200007,0.3151973800731,0.3944012541046,1000.0000000000000
72,0.2064544328877,3.1265332160704,0.5543247859805,0.3152512528197,0.3943977341889,1000.0000000000000
73,0.2064599682341,3.1266170430158,0.5543247859805,0.3147387292009,0.3942158761850,1000.0000000000000
75,0.2064731504838,3.1268166741931,0.5543247859805,0.3147225620417,0.3942129269673,1000.0000000000000
76,0.2064789480716,3.1269044725055,0.5543247859805,0.3145740390908,0.3941611253965,1000.0000000000000
77,0.2064757212839,3.1268556062316,0.5543247859805,0.3145027244300,0.3941349644203,1000.0000000000000
78,0.2064768610556,3.1268728668644,0.5542071527609,0.3144734909090,0.3940743538769,1000.0000000000000
79,0.2064799186176,3.1269191703947,0.5541603187406,0.3144600474091,0.3940501360959,1000.0000000000000
80,0.2064801272319,3.1269223296368,0.5541134847204,0.3144359291661,0.3940214954177,1000.0000000000000
81,0.2064725494267,3.1268075718210,0.5540666507002,0.3142784694738,0.3939435642750,1000.0000000000000
82,0.2064616097480,3.1266419020009,0.5540666507002,0.3142743439558,0.3939397466588,1000.0000000000000
83,0.2064648101462,3.1266903686345,0.5540666507002,0.3142075161830,0.3939165653968,1000.0000000000000
84,0.2064647068803,3.1266888047828,0.5540666507002,0.3141771299658,0.3939056910479,1000.0000000000000
85,0.2064689795627,3.1267535100211,0.5539490174805,0.3141506645328,0.3938467404454,1000.0000000000000
87,0.2064744193703,3.1268358901324,0.5539021834603,0.3141193086650,0.3938166358713,989.0000000000000
88,0.2064774387285,3.1268816151065,0.5537845502407,0.3139862923266,0.3937193628045,989.0000000000000
89,0.2064765595345,3.1268683006470,0.5536669170211,0.3139208852613,0.3936454005026,989.0000000000000
90,0.2064898423047,3.1270694541018,0.5536669170211,0.3138185635897,0.3936117033564,989.0000000000000
91,0.2064960947481,3.1271641407190,0.5535492838014,0.3134569313840,0.3934334745695,989.0000000000000
92,0.2065026648447,3.1272636378575,0.5535492838014,0.3131421845603,0.3933224728675,989.0000000000000
93,0.2065025740245,3.1272622624821,0.5535492838014,0.3126722598672,0.3931546231584,989.0000000000000
95,0.2065129025825,3.1274186775276,0.5535492838014,0.3126645561219,0.3931540850833,989.0000000000000
97,0.2065043374247,3.1272889673057,0.5534316505818,0.3125927543525,0.3930761919663,989.0000000000000
98,0.2065146317827,3.1274448644288,0.5534316505818,0.3125520562976,0.3930638628805,989.0000000000000
99,0.2065085534481,3.1273528145038,0.5534784846021,0.3119428054558,0.3928650425168,989.0000000000000
100,0.2065072166142,3.1273325695745,0.5534784846021,0.3119343562142,0.3928617384662,989.0000000000000
101,0.2065221720357,3.1275590535560,0.5534784846021,0.3117440320916,0.3927969702984,989.0000000000000
102,0.2065273733369,3.1276378217406,0.5534316505818,0.3117771466822,0.3927898397795,989.0000000000000
103,0.2065320407811,3.1277085052292,0.5534316505818,0.3117458526964,0.3927796635226,989.0000000000000
104,0.2065401678885,3.1278315816434,0.5534316505818,0.3117277203335,0.3927749292017,989.0000000000000
106,0.2065342199895,3.1277415070269,0.5534784846021,0.3116404368779,0.3927625537122,989.0000000000000
107,0.2065397452587,3.1278251813628,0.5534784846021,0.3110229797849,0.3925432173081,989.0000000000000
108,0.2065325221181,3.1277157945661,0.5534784846021,0.3109767585784,0.3925251619185,989.0000000000000
109,0.2065446908984,3.1279000778256,0.5534784846021,0.3108354078409,0.3924772871080,989.0000000000000
133074,0.2537959748432,3.8434706116679,0.0079799473925,0.8627279754143,0.3659219632826,0.0000012414368
133152,0.2538003297235,3.8435365617068,0.0079799473925,0.8626446404170,0.3658931339722,0.0000012277810
133166,0.2537996508626,3.8435262810790,0.0080267814128,0.8625078373497,0.3658642019866,0.0000012277810
133243,0.2538038552625,3.8435899522528,0.0080065845514,0.8625190042852,0.3658604353230,0.0000012277810
133247,0.2538088348966,3.8436653635240,0.0080065845514,0.8624882940198,0.3658505344355,0.0000012277810
133256,0.2537991644472,3.8435189148346,0.0080065845514,0.8624573257082,0.3658374020851,0.0000012277810
133342,0.2538022435789,3.8435655450154,0.0080137796144,0.8624166150049,0.3658266059606,0.0000012142754
133417,0.2538036771006,3.8435872541799,0.0080137796144,0.8623395116844,0.3657993762436,0.0000012142754
133424,0.2538014842272,3.8435540454398,0.0080011028610,0.8623537989832,0.3657985760545,0.0000012142754
133591,0.2538024111202,3.8435680822505,0.0080212997223,0.8622901506138,0.3657846989117,0.0000012009184
133807,0.2538140090809,3.8437437210521,0.0080212997223,0.8622181984564,0.3657614869899,0.0000011746435
133835,0.2537977971255,3.8434982081978,0.0080212997223,0.8622130986295,0.3657561916327,0.0000011746435
133860,0.2537940261022,3.8434411000543,0.0080212997223,0.8622025295716,0.3657516088928,0.0000011746435
134162,0.2537889573581,3.8433643393059,0.0080212997223,0.8621748382444,0.3657406329736,0.0000011489435
134364,0.2537873288770,3.8433396776874,0.0080681337426,0.7366306112582,0.3209231318127,0.0000011363051
134478,0.2537908247688,3.8433926192573,0.0080681337426,0.7366279459352,0.3209229290313,0.0000011238057
134620,0.2537870638221,3.8433356637130,0.0080681337426,0.7365715853947,0.3209019943497,0.0000011238057
134669,0.2537777113342,3.8431940302118,0.0080681337426,0.7365659069824,0.3208979622407,0.0000011114439
134731,0.2537649731846,3.8430011244594,0.0080681337426,0.7365548295677,0.3208912764177,0.0000011114439
134823,0.2537631632471,3.8429737148768,0.0080698471152,0.7365144606388,0.3208772054019,0.0000010992180
134893,0.2537654793060,3.8430087891303,0.0080698471152,0.7365090523046,0.3208757701523,0.0000010992180
134917,0.2537646069168,3.8429955777226,0.0080698471152,0.7365007299873,0.3208726109556,0.0000010992180
134949,0.2537685597038,3.8430554384851,0.0081166811354,0.7364361106326,0.3208704513634,0.0000010992180
134972,0.2537627246274,3.8429670724473,0.0081635151556,0.7363660415490,0.3208642480401,0.0000010992180
135145,0.2537691420419,3.8430642573770,0.0081635151556,0.7363504151526,0.3208600423444,0.0000010871266
135188,0.2537671121527,3.8430335168602,0.0081635151556,0.7363497080657,0.3208593548372,0.0000010751682
135312,0.2537630379621,3.8429718175694,0.0081607054450,0.7363335767214,0.3208515164402,0.0000010751682
135515,0.2537552894696,3.8428544748758,0.0080430722253,0.7364588164238,0.3208441702771,0.0000010516446
135525,0.2537606701460,3.8429359595080,0.0079962382051,0.7364428594234,0.3208195526276,0.0000010516446
135532,0.2537608004503,3.8429379328283,0.0079956211706,0.7364415141862,0.3208188356647,0.0000010516446
135537,0.2537616316011,3.8429505197245,0.0079956211706,0.6216073913791,0.2798068270516,0.0000010516446
135553,0.2537615607331,3.8429494465030,0.0080269521991,0.6214457190770,0.2797624993413,0.0000010516446
135588,0.2537624881874,3.8429634918141,0.0080269521991,0.6213820707076,0.2797399665210,0.0000010516446
135678,0.2537590640750,3.8429116372680,0.0080269521991,0.6213285901929,0.2797201325989,0.0000010400765
135698,0.2537621122406,3.8429577984995,0.0080269521991,0.6212759212920,0.2797019754554,0.0000010400765
135717,0.2537597582484,3.8429221497868,0.0079437682358,0.6213211035673,0.2796819572855,0.0000010400765
135739,0.2537462868003,3.8427181390056,0.0078969342156,0.6212640435641,0.2796386202511,0.0000010400765
135805,0.2537468404164,3.8427265229339,0.0079437682358,0.6211964862236,0.2796346829845,0.0000010400765
135855,0.2537549018713,3.8428486051108,0.0078328673033,0.6212443038837,0.2796059592038,0.0000010286357
135881,0.2537499086707,3.8427729883878,0.0077152340837,0.6213637499554,0.2795971343065,0.0000010286357
135923,0.2537514932154,3.8427969846356,0.0077152340837,0.6213385077336,0.2795884587726,0.0000010286357
135928,0.2537398141819,3.8426201180716,0.0076992517884,0.6212270795647,0.2795393107928,0.0000010286357
135996,0.2537351458523,3.8425494211765,0.0076768622509,0.6212102319797,0.2795226979258,0.0000010286357
136043,0.2537419235143,3.8426520616723,0.0076768622509,0.6211715804466,0.2795103461630,0.0000010173207
136047,0.2537427207604,3.8426641351169,0.0076424129945,0.6212085152821,0.2795089440470,0.0000010173207
136049,0.2537432623477,3.8426723368818,0.0075247797749,0.6212874776476,0.2794868467093,0.0000010173207
136099,0.2537384662925,3.8425997057174,0.0075247797749,0.6212851942808,0.2794850034951,0.0000010173207
136132,0.2537347425586,3.8425433137216,0.0075716137951,0.6212308933461,0.2794848840841,0.0000010173207
136140,0.2537317703621,3.8424983029599,0.0076184478153,0.6211648464222,0.2794807307207,0.0000010061301
136196,0.2537323267821,3.8425067293507,0.0076184478153,0.6211389728570,0.2794716093945,0.0000009950627
136278,0.2537279991353,3.8424411917343,0.0075716137951,0.6211231593778,0.2794449626475,0.0000009950627
136386,0.2537299386069,3.8424705629718,0.0075247797749,0.6211774603125,0.2794446997166,0.0000009841170
136421,0.2537169317230,3.8422735875238,0.0075774040028,0.6210203810810,0.2794083660422,0.0000009841170
136479,0.2537255264974,3.8424037462574,0.0075774040028,0.6210085096697,0.2794059679898,0.0000009841170
136501,0.2537392687097,3.8426118574741,0.0076132746422,0.6208166901285,0.2793557789017,0.0000009841170
136505,0.2537426668459,3.8426633186404,0.0076433385462,0.6206713203864,0.2793174738391,0.0000009841170
136509,0.2537400346810,3.8426234572971,0.0076428592427,0.6206625328482,0.2793135659815,0.0000009841170
136553,0.2537397996091,3.8426198973829,0.0076303367479,0.6206603202393,0.2793073586080,0.0000009732917
136566,0.2537354878657,3.8425546006057,0.0076303367479,0.6206074189492,0.2792875413450,0.0000009732917
136618,0.2537354480604,3.8425539977964,0.0076303367479,0.6206054551933,0.2792868314739,0.0000009732917
136786,0.2537321311843,3.8425037672290,0.0075835027277,0.6206068920509,0.2792665621552,0.0000009625855
136871,0.2537267702653,3.8424225818026,0.0075835027277,0.6205285669170,0.2792374401248,0.0000009519971
137217,0.2537324433399,3.8425084944941,0.0075835027277,0.6205162940523,0.2792342726176,0.0000009311683
137237,0.2537287429489,3.8424524560010,0.0075763076647,0.6204799769618,0.2792174256889,0.0000009311683
137319,0.2537229858406,3.8423652707081,0.0075763076647,0.6204346406293,0.2792000004755,0.0000009311683
137504,0.2537185530108,3.8422981402068,0.0076231416849,0.5159425213662,0.2419005082838,0.0000009209255
137606,0.2537330875349,3.8425182501433,0.0076411458701,0.5158759382948,0.2418875592357,0.0000009107953
137805,0.2537311481669,3.8424888804739,0.0077587790897,0.5157259708132,0.2418839980789,0.0000009007766
137839,0.2537301911541,3.8424743875314,0.0077119450695,0.5157389155633,0.2418683444068,0.0000009007766
137864,0.2537319402734,3.8425008760867,0.0077147547801,0.5157326084433,0.2418676708370,0.0000009007766
137876,0.2537315707226,3.8424952796315,0.0077393369938,0.5156802403086,0.2418594239767,0.0000008908680
137892,0.2537210092199,3.8423353368861,0.0076925029736,0.5157000968900,0.2418441807108,0.0000008908680
138020,0.2537247646707,3.8423922092012,0.0076925029736,0.5156714058820,0.2418347386617,0.0000008908680
138045,0.2537178296276,3.8422871853355,0.0076569573791,0.5156791191039,0.2418207734769,0.0000008810685
138135,0.2537234884653,3.8423728824247,0.0076569573791,0.5156475810913,0.2418107225091,0.0000008810685
138202,0.2537232091023,3.8423686517691,0.0076569573791,0.5156280335037,0.2418036813643,0.0000008810685
138206,0.2537306267408,3.8424809840296,0.0076323751654,0.5156519091382,0.2418032626361,0.0000008810685
138241,0.2537324976025,3.8425093162443,0.0076323751654,0.5156312804654,0.2417962961520,0.0000008713767
138243,0.2537283782941,3.8424469336916,0.0076295654548,0.5156256702045,0.2417922056167,0.0000008713767
138338,0.2537180073410,3.8422898766157,0.0076295654548,0.5156060723629,0.2417829840404,0.0000008713767
138341,0.2537091151845,3.8421552143458,0.0076295654548,0.5155802168319,0.2417718444601,0.0000008713767
138348,0.2537014564777,3.8420392313611,0.0076763994750,0.5154808386067,0.2417547828083,0.0000008713767
138871,0.2536983329241,3.8419919284592,0.0075119322352,0.4214912690856,0.2081159241151,0.0000008429364
138967,0.2536973223552,3.8419766244649,0.0075169346220,0.4214846289149,0.2081154799551,0.0000008336641
139002,0.2536931204585,3.8419129912007,0.0075637686422,0.3381320592368,0.1783658763866,0.0000008336641
139052,0.2536952167634,3.8419447375129,0.0075542101167,0.2651271675455,0.1522890534799,0.0000008336641
139059,0.2537022041942,3.8420505547339,0.0075765996542,0.2650856643719,0.1522853237405,0.0000008336641
139162,0.2537043808761,3.8420835182712,0.0075765996542,0.2650454071211,0.1522714125828,0.0000008244938
139210,0.2537102606619,3.8421725613853,0.0076234336745,0.2649200810953,0.1522479849649,0.0000008244938
139327,0.2537104565964,3.8421755286047,0.0076702676947,0.2648470424577,0.1522420134461,0.0000008154244
139333,0.2537111193268,3.8421855649531,0.0076774627577,0.2648030521987,0.1522295282514,0.0000008154244
139407,0.2537159425943,3.8422586082190,0.0076774627577,0.2646203147498,0.1521652984341,0.0000008064547
139487,0.2537078947867,3.8421367327168,0.0076306287374,0.2646801047572,0.1521648557550,0.0000008064547
139502,0.2537089423327,3.8421525966885,0.0076306287374,0.2646671972331,0.1521604703992,0.0000008064547
139691,0.2537059978752,3.8421080060055,0.0076306287374,0.2646295193129,0.1521463830439,0.0000007975837
139727,0.2537065925518,3.8421170117510,0.0076306287374,0.2646245004835,0.1521447180355,0.0000007975837
139733,0.2537040456981,3.8420784423557,0.0076774627577,0.2645685804266,0.1521442725552,0.0000007975837
139805,0.2537041259828,3.8420796581826,0.0076724603708,0.2645610315647,0.1521394498569,0.0000007888103
139896,0.2537114898643,3.8421911763507,0.0076724603708,0.2644306633438,0.1520944677526,0.0000007888103
140113,0.2536990504961,3.8420027953252,0.0077437388738,0.2643437420225,0.1520913067745,0.0000007715519
140377,0.2537055190915,3.8421007553353,0.0077437388738,0.2643393247456,0.1520911153032,0.0000007630649
140631,0.2537119365801,3.8421979413867,0.0077437388738,0.2642039343905,0.1520441367811,0.0000007463698
140716,0.2537186864919,3.8423001616362,0.0077661284113,0.2641574268655,0.1520385688765,0.0000007463698
140961,0.2537069426216,3.8421223131875,0.0078129624315,0.2015176053119,0.1296847592153,0.0000007300399
140977,0.2537051561972,3.8420952596857,0.0078129624315,0.2014770771704,0.1296699020738,0.0000007300399
141037,0.2537168167175,3.8422718458878,0.0078129624315,0.2013134120293,0.1296139489206,0.0000007300399
141160,0.2537063565091,3.8421134371348,0.0078129624315,0.2013030974083,0.1296080236541,0.0000007220095
141258,0.2537067544315,3.8421194632482,0.0077905728941,0.2013145122521,0.1296025901371,0.0000007220095
141355,0.2537048841967,3.8420911405268,0.0076933073221,0.2014149852167,0.1295963873290,0.0000007140674
141381,0.2537013339097,3.8420373751999,0.0076547647029,0.2014562033765,0.1295938290592,0.0000007140674
141392,0.2537007093493,3.8420279168953,0.0076547647029,0.2013732408338,0.1295640657453,0.0000007140674
141409,0.2536826773040,3.8417548407125,0.0075988514608,0.2014415075764,0.1295606198971,0.0000007140674
141462,0.2536860597975,3.8418060649848,0.0075988514608,0.2013880502581,0.1295422528177,0.0000007062127
141537,0.2536903627799,3.8418712290862,0.0075988514608,0.2013125877146,0.1295162239770,0.0000007062127
141559,0.2536861001446,3.8418066759995,0.0076156215770,0.2012726081375,0.1295082193274,0.0000007062127
141630,0.2536867268960,3.8418161674841,0.0075103565935,0.2013869558848,0.1295040785481,0.0000006984443
141807,0.2536901433974,3.8418679067704,0.0075404204976,0.2012575557088,0.1294714808373,0.0000006907614
141842,0.2536971875822,3.8419745834710,0.0075404204976,0.2012444149789,0.1294682971876,0.0000006907614
141895,0.2537036185291,3.8420719733350,0.0075571906137,0.2011930059101,0.1294585020586,0.0000006907614
141999,0.2536935555006,3.8419195794505,0.0075571906137,0.1505263392434,0.1113611076001,0.0000006831630
142333,0.2536876208038,3.8418297047678,0.0075571906137,0.1504752200781,0.1113415790346,0.0000006682161
142349,0.2536919954784,3.8418959545706,0.0075571906137,0.1504680319290,0.1113399492687,0.0000006682161
142474,0.2536914165874,3.8418871878816,0.0075872545178,0.1503780596716,0.1113205768019,0.0000006608657
143389,0.2536954979977,3.8419489965070,0.0075872545178,0.1491772798008,0.1108926014360,0.0000006253090
143455,0.2537023576893,3.8420528792552,0.0075872545178,0.1491428472047,0.1108817740141,0.0000006253090
143577,0.2537016186624,3.8420416874764,0.0076040246340,0.1488305591621,0.1107772714001,0.0000006184306
143782,0.2537072687388,3.8421272518859,0.0076340885380,0.1486981213240,0.1107440674332,0.0000006049000
144467,0.2537044623093,3.8420847514900,0.0076340885380,0.1486690080264,0.1107330684491,0.0000005787203
144483,0.2537107916337,3.8421806023896,0.0076597670898,0.1486147540680,0.1107260534128,0.0000005787203
144532,0.2537259090176,3.8424095391197,0.0076340885380,0.1486323267910,0.1107245637311,0.0000005723544
144535,0.2537229838370,3.8423652403646,0.0076340885380,0.1486029073984,0.1107134299808,0.0000005723544
144784,0.2537178623097,3.8422876802712,0.0075932155118,0.1485463622616,0.1106746208077,0.0000005660585
144852,0.2537216389849,3.8423448740076,0.0075023571820,0.1067923206518,0.0957243330933,0.0000005598319
144982,0.2537253925828,3.8424017182627,0.0073847239623,0.0753601915262,0.0844489627967,0.0000005598319
145007,0.2537193123419,3.8423096394695,0.0073596624451,0.0753614398570,0.0844373650701,0.0000005598319
145135,0.2537252798495,3.8424000110368,0.0073596624451,0.0753513096243,0.0844350258815,0.0000005536737
145247,0.2537273810487,3.8424318314687,0.0073524673821,0.0753302759996,0.0844248805312,0.0000005475833
145319,0.2537123776287,3.8422046206007,0.0072572402277,0.0753764237032,0.0843973351977,0.0000005475833
145451,0.2537168264046,3.8422719925888,0.0072572402277,0.0753412886222,0.0843857402637,0.0000005415599
145479,0.2537116008409,3.8421928569731,0.0072572402277,0.0753232149184,0.0843781656058,0.0000005415599
145491,0.2537228900684,3.8423638203391,0.0072572402277,0.0752487696581,0.0843539971330,0.0000005415599
145726,0.2537245086610,3.8423883322058,0.0072572402277,0.0752376788996,0.0843503829891,0.0000005297111
145753,0.2537249675753,3.8423952819760,0.0072572402277,0.0752181313120,0.0843435000466,0.0000005297111
145757,0.2537148429548,3.8422419553462,0.0072572402277,0.0751319324757,0.0843105451864,0.0000005297111
145796,0.2537282818483,3.8424454731217,0.0072741480748,0.0750617432779,0.0842956035988,0.0000005297111
145978,0.2537255484836,3.8424040792160,0.0071565148552,0.0751201712052,0.0842654707577,0.0000005238843
146095,0.2537136999470,3.8422246457072,0.0071336460141,0.0751189078388,0.0842526796514,0.0000005181216
146130,0.2537191523904,3.8423072171742,0.0071201814399,0.0750234330718,0.0842139793693,0.0000005181216
146164,0.2537167315813,3.8422705565907,0.0071273765029,0.0750138321713,0.0842131153298,0.0000005181216
146231,0.2537051859668,3.8420957105152,0.0071742105231,0.0748797927883,0.0841828417843,0.0000005124222
146247,0.2537115897881,3.8421926895907,0.0071742105231,0.0748203036995,0.0841629679286,0.0000005124222
146283,0.2537098521983,3.8421663756374,0.0072210445433,0.0747527913014,0.0841585557401,0.0000005124222
147037,0.2537049306007,3.8420918432670,0.0071323954174,0.0748519322417,0.0841549161082,0.0000004902449
147071,0.2536927590341,3.8419075178115,0.0071323954174,0.0748033900156,0.0841349714060,0.0000004848522
147831,0.2536988328338,3.8419994990604,0.0071323954174,0.0747507744143,0.0841174816484,0.0000004638682
148266,0.2537001776429,3.8420198647663,0.0071323954174,0.0747387065938,0.0841134598859,0.0000004487283
149262,0.2537003835464,3.8420229829566,0.0071323954174,0.0747365975717,0.0841127507859,0.0000004199148
149316,0.2537023743579,3.8420531316826,0.0071252003544,0.0747153209757,0.0841024950056,0.0000004199148
149632,0.2537074844773,3.8421305190162,0.0071252003544,0.0746600274060,0.0840838423277,0.0000004107275
149715,0.2536996996852,3.8420126266044,0.0070075671348,0.0747901364365,0.0840782274319,0.0000004107275
149791,0.2536963437075,3.8419618038853,0.0069659062877,0.0747459944708,0.0840438886574,0.0000004062095
149822,0.2537061969029,3.8421110200688,0.0070127403079,0.0746778773759,0.0840417442454,0.0000004062095
149847,0.2537024048664,3.8420535937016,0.0070127403079,0.0746590504899,0.0840342077783,0.0000004062095
149885,0.2537162065368,3.8422626053487,0.0070595743282,0.0745907195229,0.0840328330853,0.0000004062095
149982,0.2537230217975,3.8423658152369,0.0070595743282,0.0745715149758,0.0840274347315,0.0000004017412
150162,0.2537116208340,3.8421931597471,0.0070595743282,0.0745212024401,0.0840070229051,0.0000003973220
150304,0.2537129716170,3.8422136159219,0.0070595743282,0.0745099905824,0.0840033081237,0.0000003929515
150373,0.2537191779313,3.8423076039642,0.0070199353709,0.0745465107288,0.0840006928331,0.0000003929515
150615,0.2537337113582,3.8425276972849,0.0070667693912,0.0744779843494,0.0839994051549,0.0000003886290
150693,0.2537310831092,3.8424878952440,0.0070075671348,0.0745374657029,0.0839947129036,0.0000003843541
150831,0.2537233754148,3.8423711703948,0.0070075671348,0.0745274114273,0.0839894704421,0.0000003801262
150892,0.2537350593568,3.8425481112934,0.0070544011550,0.0744519350657,0.0839850900235,0.0000003801262
151015,0.2537239620190,3.8423800538936,0.0070544011550,0.0744569368379,0.0839844983697,0.0000003759448
151046,0.2537186018780,3.8422988802484,0.0071012351753,0.0743585819964,0.0839682947620,0.0000003759448
151400,0.2537274863970,3.8424334268561,0.0069836019556,0.0535460735021,0.0764867456025,0.0000003677195
151674,0.2537249371562,3.8423948213114,0.0069851610696,0.0535256761591,0.0764795827630,0.0000003596742
151865,0.2537371568376,3.8425798754140,0.0070319950898,0.0534549715569,0.0764770213454,0.0000003557178
151885,0.2537410567815,3.8426389359241,0.0070319950898,0.0533991738906,0.0764579293097,0.0000003557178
152512,0.2537417155215,3.8426489118415,0.0070237036888,0.0533892229886,0.0764509631171,0.0000003403226
152548,0.2537349470421,3.8425464104070,0.0069060704691,0.0534599974140,0.0764243750722,0.0000003403226
152585,0.2537419348717,3.8426522336673,0.0069060704691,0.0534530658914,0.0764233969205,0.0000003403226
152677,0.2537422691635,3.8426572961615,0.0069060704691,0.0534503060692,0.0764224829037,0.0000003365790
152698,0.2537533302415,3.8428248044458,0.0067884372495,0.0533789298884,0.0763489474046,0.0000003365790
152774,0.2537512411545,3.8427931674411,0.0067666647465,0.0533801684712,0.0763396110213,0.0000003365790
152848,0.2537483777427,3.8427498041087,0.0068134987667,0.0533241983393,0.0763390798232,0.0000003328766
152861,0.2537502216066,3.8427777274708,0.0066958655471,0.0534625289735,0.0763384644979,0.0000003328766
152869,0.2537502730594,3.8427785066682,0.0066490315269,0.0535066427256,0.0763341587120,0.0000003328766
152889,0.2537510656303,3.8427905093130,0.0066117560321,0.0534153752749,0.0762857578184,0.0000003328766
153103,0.2537509658585,3.8427889983751,0.0066418199362,0.0533374657846,0.0762707961511,0.0000003292150
153112,0.2537513498529,3.8427948135631,0.0066319528935,0.0533294639009,0.0762637918874,0.0000003292150
153196,0.2537458439735,3.8427114328651,0.0065851188732,0.0533446377688,0.0762479595717,0.0000003255936
153407,0.2537438271394,3.8426808900524,0.0065851188732,0.0533047015202,0.0762332644470,0.0000003220121
153523,0.2537423485768,3.8426584987925,0.0066319528935,0.0532485414880,0.0762329621808,0.0000003184700
153681,0.2537470743426,3.8427300654990,0.0066787869137,0.0531769168349,0.0762284663346,0.0000003149668
153837,0.2537456111583,3.8427079071255,0.0067256209339,0.0531082612380,0.0762237046620,0.0000003149668
153846,0.2537438647343,3.8426814593872,0.0066303772518,0.0530518559265,0.0761623669533,0.0000003149668
154217,0.2537503809704,3.8427801408656,0.0066527667893,0.0529981347141,0.0761541726584,0.0000003046868
154427,0.2537535398732,3.8428279790949,0.0066604411559,0.0528788592587,0.0761155402034,0.0000003013353
155664,0.2537511413131,3.8427916554489,0.0067072751761,0.0528032352200,0.0761080893640,0.0000002788842
156389,0.2537498269488,3.8427717507977,0.0067541091963,0.0527376444035,0.0761044541458,0.0000002668143
156977,0.2537452207469,3.8427019947597,0.0067055618035,0.0527535247017,0.0760883326122,0.0000002552668
157142,0.2537454677207,3.8427057349153,0.0067055618035,0.0527503094920,0.0760872372459,0.0000002524589
157249,0.2537306055272,3.8424806627727,0.0067055618035,0.0527312301247,0.0760772384304,0.0000002524589
157536,0.2537305228332,3.8424794104588,0.0067209105367,0.0526625191489,0.0760592591046,0.0000002469353
157581,0.2537414752199,3.8426452727288,0.0066887916873,0.0525935943011,0.0760232248064,0.0000002469353
157790,0.2537496687327,3.8427693547816,0.0066544801619,0.0526237198210,0.0760210347339,0.0000002415326
157876,0.2537363744498,3.8425680269813,0.0066419576671,0.0526377878807,0.0760178434826,0.0000002415326
157881,0.2537322043142,3.8425048747042,0.0066419576671,0.0526245590571,0.0760122253022,0.0000002415326
157960,0.2537289241905,3.8424552007126,0.0065597157833,0.0527176594787,0.0760095260475,0.0000002388758
157971,0.2537321998818,3.8425048075803,0.0065899504737,0.0526245590571,0.0759899355552,0.0000002362481
158055,0.2537215882259,3.8423441053162,0.0065899504737,0.0525935943011,0.0759766027875,0.0000002362481
158067,0.2537330638456,3.8425178913951,0.0066367844940,0.0525177271228,0.0759720381511,0.0000002362481
158222,0.2537419595466,3.8426526073433,0.0065899504737,0.0525412377050,0.0759622692862,0.0000002336494
158282,0.2537488328658,3.8427566964654,0.0066367844940,0.0524802428802,0.0759620299973,0.0000002310792
158920,0.2537522154879,3.8428079226855,0.0066383601356,0.0524258878718,0.0759440176169,0.0000002235372
158946,0.2537602079897,3.8429289606414,0.0066139156529,0.0524130273775,0.0759306610553,0.0000002235372
159046,0.2537593272287,3.8429156224500,0.0066139156529,0.0524069651005,0.0759283072218,0.0000002210783
159070,0.2537557166185,3.8428609435920,0.0065670816327,0.0524608985053,0.0759267237270,0.0000002210783
159242,0.2537505524344,3.8427827375067,0.0065387311012,0.0524773203178,0.0759193318214,0.0000002186464
159269,0.2537580136281,3.8428957293645,0.0065589279625,0.0524454660873,0.0759182099354,0.0000002186464
159362,0.2537612607780,3.8429449040022,0.0064973787713,0.0523692049281,0.0758652914002,0.0000002162413
159407,0.2537580697422,3.8428965791521,0.0064951860952,0.0523712048173,0.0758643821346,0.0000002162413
159457,0.2537619034717,3.8429546369156,0.0065224402886,0.0523044180653,0.0758530316052,0.0000002162413
159459,0.2537679339353,3.8430459618858,0.0065152452256,0.0522676394839,0.0758381050414,0.0000002162413
159579,0.2537736253015,3.8431321515852,0.0065224402886,0.0522279506858,0.0758282336475,0.0000002138627
159606,0.2537725874737,3.8431164347837,0.0065224402886,0.0522158315506,0.0758236829933,0.0000002138627
159681,0.2537683365531,3.8430520591052,0.0065147659220,0.0522008780384,0.0758141425274,0.0000002115102
159912,0.2537769189349,3.8431820301654,0.0065615999422,0.0521284341295,0.0758101805076,0.0000002091836
160184,0.2537817427039,3.8432550810272,0.0064771819100,0.0520557602080,0.0757490800437,0.0000002046068
160718,0.2537956994492,3.8434664411173,0.0064908007429,0.0519855336683,0.0757328265104,0.0000001979288
160722,0.2537930270612,3.8434259706384,0.0065307316896,0.0519359327160,0.0757316524930,0.0000001979288
160870,0.2537883572712,3.8433552516259,0.0064908007429,0.0519517760365,0.0757191968895,0.0000001957516
161329,0.2537860081156,3.8433196761593,0.0065136695839,0.0519100051195,0.0757135762463,0.0000001914687
161388,0.2537933251583,3.8434304850019,0.0065136695839,0.0518665949992,0.0756996405696,0.0000001893626
161496,0.2537929639171,3.8434250143880,0.0065064745209,0.0518566382164,0.0756929235685,0.0000001893626
161582,0.2537916610419,3.8434052837262,0.0065504988305,0.0517701668169,0.0756806292995,0.0000001872796
161636,0.2537941776920,3.8434433957198,0.0065973328508,0.0516923346578,0.0756734431050,0.0000001872796
161781,0.2537955443356,3.8434640920875,0.0066045279137,0.0516520825778,0.0756624438127,0.0000001852195
161869,0.2537914236673,3.8434016889400,0.0066079711866,0.0515747533980,0.0756354189365,0.0000001831821
161944,0.2537941699666,3.8434432787280,0.0066090675247,0.0515326305998,0.0756214334319,0.0000001831821
161947,0.2537967983140,3.8434830822589,0.0066303607241,0.0514727122595,0.0756097228989,0.0000001831821
162091,0.2538030489576,3.8435777416197,0.0066231656611,0.0514358044606,0.0755947973673,0.0000001811671
162202,0.2538038425969,3.8435897604456,0.0066314570622,0.0514020395161,0.0755864619817,0.0000001791743
162344,0.2538048408048,3.8436048772436,0.0065846230419,0.0514376399671,0.0755793186072,0.0000001791743
162551,0.2538072077447,3.8436407220362,0.0065595615247,0.0513950563778,0.0755538767337,0.0000001752541
163427,0.2538116822579,3.8437084837888,0.0065512701236,0.0513609725278,0.0755391092968,0.0000001658249
163453,0.2538076942567,3.8436480897439,0.0065981041439,0.0512828973976,0.0755304424729,0.0000001658249
163870,0.2538118700948,3.8437113283789,0.0066345918178,0.0512252841494,0.0755263987099,0.0000001621968
164209,0.2538077168387,3.8436484317249,0.0066345918178,0.0512099196247,0.0755200213962,0.0000001586481
164655,0.2538131030728,3.8437300005218,0.0066455551986,0.0511535153746,0.0755057298059,0.0000001534701
164718,0.2538181226382,3.8438060165114,0.0066342667728,0.0511625365712,0.0755051893863,0.0000001534701
164755,0.2538109395661,3.8436972365100,0.0066211107159,0.0511723208846,0.0755015062440,0.0000001517819
164800,0.2538152278714,3.8437621783402,0.0065987211784,0.0510968347218,0.0754658703067,0.0000001517819
164829,0.2538190279859,3.8438197270409,0.0065846230419,0.0510867690427,0.0754570476731,0.0000001517819
165093,0.2538141015225,3.8437451209832,0.0066314570622,0.0510291373350,0.0754554809725,0.0000001484611
165240,0.2538210805837,3.8438508114557,0.0065992004820,0.0509842853741,0.0754271336795,0.0000001484611
165420,0.2538164712541,3.8437810080516,0.0066198766469,0.0509478988136,0.0754220119794,0.0000001452129
165455,0.2538135401023,3.8437366188693,0.0066667106671,0.0508900587459,0.0754207984313,0.0000001452129
165515,0.2538140820813,3.8437448265654,0.0066856734594,0.0508166024879,0.0754028071028,0.0000001452129
165538,0.2538138431165,3.8437412076977,0.0066856734594,0.0508063044196,0.0753990780146,0.0000001452129
166530,0.2538219051880,3.8438632992123,0.0066856734594,0.0507904951360,0.0753951594286,0.0000001358886
166831,0.2538360683011,3.8440777845247,0.0067325074797,0.0507165973121,0.0753918740244,0.0000001329155
166904,0.2538436093759,3.8441919860965,0.0067766695202,0.0506570775707,0.0753911595073,0.0000001329155
166981,0.2538432466710,3.8441864933163,0.0068235035404,0.0505827381811,0.0753846037258,0.0000001314534
167567,0.2538524950482,3.8443265501709,0.0068235035404,0.0505658927847,0.0753805693079,0.0000001271630
167598,0.2538532019077,3.8443372548084,0.0067596074144,0.0505685886862,0.0753542995458,0.0000001271630
167724,0.2538498959105,3.8442871889890,0.0067793414999,0.0505056573936,0.0753395731213,0.0000001257642
167793,0.2538542184921,3.8443526498997,0.0067325074797,0.0505425524572,0.0753336044743,0.0000001243808
167893,0.2538550014414,3.8443645068349,0.0066272424962,0.0506562910364,0.0753292796059,0.0000001243808
168105,0.2538592751635,3.8444292278188,0.0066740765164,0.0505159554618,0.0753001472784,0.0000001230126
168156,0.2538662876494,3.8445354244743,0.0066740765164,0.0504554275272,0.0752800328345,0.0000001216595
168633,0.2538664285742,3.8445375586307,0.0066740765164,0.0504518070760,0.0752787700144,0.0000001189977
168765,0.2538702354412,3.8445952095898,0.0066474393575,0.0504661722000,0.0752733002477,0.0000001176887
168858,0.2538691546546,3.8445788422240,0.0066474393575,0.0504313786197,0.0752606423720,0.0000001163941
169130,0.2538704251746,3.8445980829012,0.0066474393575,0.0504103211508,0.0752533941017,0.0000001151138
169316,0.2538604054174,3.8444463443149,0.0066775032616,0.0503714485801,0.0752502484802,0.0000001138475
169420,0.2538612604013,3.8444592921385,0.0066573064002,0.0503836804515,0.0752461444188,0.0000001125952
169479,0.2538595064375,3.8444327302192,0.0066775032616,0.0503401501288,0.0752388778233,0.0000001125952
169671,0.2538543695209,3.8443549370701,0.0066416326222,0.0502820647818,0.0752016591575,0.0000001101317
170004,0.2538518603011,3.8443169375999,0.0065947986019,0.0503375224546,0.0752008560563,0.0000001077222
170121,0.2538515293368,3.8443119254978,0.0065355963456,0.0504010117964,0.0751980875047,0.0000001077222
170148,0.2538654437870,3.8445226450735,0.0065355963456,0.0503375224546,0.0751783944077,0.0000001077222
170837,0.2538707742844,3.8446033697989,0.0065409237773,0.0503009609509,0.0751687621623,0.0000001030600
170913,0.2538710041512,3.8446068508870,0.0065475018058,0.0502792102880,0.0751638624806,0.0000001019264
172556,0.2538720483623,3.8446226643556,0.0065943358260,0.0501652690079,0.0751434646488,0.0000000912535
