1,0.206324,3.12456,0.555358,0.320124,0.396553,100000
1,0.2063275490708,3.124611695363,0.5552407902202,0.3199982641687,0.3964584792412,100000.0000000000000
2,0.2063282778488,3.1246227319316,0.5551231570006,0.3198790962494,0.3963656611998,100000.0000000000000
7,0.2063278038178,3.1246155532357,0.5548878905614,0.3200240206349,0.3963164898569,100000.0000000000000
8,0.2063341993706,3.1247124070931,0.5548878905614,0.3197550488140,0.3962217989679,100000.0000000000000
9,0.2063389995226,3.1247851002994,0.5548410565411,0.3198009343241,0.3962191435311,100000.0000000000000
15,0.2063639370766,3.1251627530807,0.5549118557405,0.3196933668810,0.3962164128627,100000.0000000000000
16,0.2063627803512,3.1251452357026,0.5549118557405,0.3194789135585,0.3961395745206,100000.0000000000000
17,0.2063625297433,3.1251414405121,0.5549586897607,0.3193609264092,0.3961174542743,100000.0000000000000
18,0.2063641355719,3.1251657590824,0.5548410565411,0.3192541357314,0.3960292446157,100000.0000000000000
19,0.2063742054730,3.1253182570441,0.5548410565411,0.3186049779875,0.3957995604002,100000.0000000000000
20,0.2063656053146,3.1251880167741,0.5547942225209,0.3184804705477,0.3957331788434,100000.0000000000000
37,0.2064073931532,3.1258208492283,0.5547473885007,0.3184513620314,0.3957116657586,100000.0000000000000
39,0.2064125114232,3.1258983599948,0.5546297552810,0.3184680452413,0.3956683065830,100000.0000000000000
40,0.2064087119519,3.1258408210357,0.5546297552810,0.3184215685325,0.3956508935860,100000.0000000000000
41,0.2064157744173,3.1259477745768,0.5545121220614,0.3182365180073,0.3955359032612,100000.0000000000000
42,0.2064221120304,3.1260437509989,0.5545121220614,0.3182281681458,0.3955342792278,100000.0000000000000
43,0.2064253149722,3.1260922561519,0.5545121220614,0.3179631408900,0.3954403129811,100000.0000000000000
44,0.2064265857991,3.1261115014762,0.5543944888418,0.3179225355844,0.3953756691693,100000.0000000000000
45,0.2064242111477,3.1260755399011,0.5543944888418,0.3177758635998,0.3953227774638,100000.0000000000000
46,0.2064226687122,3.1260521813541,0.5543944888418,0.3176504097938,0.3952776420112,100000.0000000000000
47,0.2064235896068,3.1260661273247,0.5542768556222,0.3175913686793,0.3952063389964,100000.0000000000000
48,0.2064218566418,3.1260398834101,0.5542768556222,0.3175432852423,0.3951887949907,100000.0000000000000
49,0.2064209448520,3.1260260753209,0.5541592224025,0.3174991376438,0.3951224183707,100000.0000000000000
54,0.2064327787306,3.1262052868488,0.5542768556222,0.3173412184428,0.3951189687242,100000.0000000000000
55,0.2064337167859,3.1262194927010,0.5541592224025,0.3172918805120,0.3950511348095,100000.0000000000000
56,0.2064269726195,3.1261173594602,0.5541592224025,0.3170582885205,0.3949662639197,100000.0000000000000
59,0.2064365251596,3.1262620225400,0.5541592224025,0.3170162935857,0.3949533127016,100000.0000000000000
60,0.2064356011265,3.1262480290392,0.5541592224025,0.3169430202517,0.3949269456467,100000.0000000000000
61,0.2064461882143,3.1264083592440,0.5541592224025,0.3169365519249,0.3949269041916,100000.0000000000000
62,0.2064560395620,3.1265575474479,0.5541592224025,0.3167523480555,0.3948632280985,100000.0000000000000
63,0.2064571693522,3.1265746569206,0.5541592224025,0.3165863777465,0.3948041950860,100000.0000000000000
65,0.2064722488250,3.1268030195278,0.5540655543621,0.3165913452494,0.3947690570639,100000.0000000000000
66,0.2064760984283,3.1268613176841,0.5539479211425,0.3166051071470,0.3947243827053,100000.0000000000000
67,0.2064752744811,3.1268488398774,0.5539479211425,0.3165780199061,0.3947145321306,100000.0000000000000
68,0.2064662224101,3.1267117558717,0.5539947551627,0.3164988011299,0.3947043717040,100000.0000000000000
69,0.2064611979057,3.1266356650874,0.5539947551627,0.3163794472360,0.3946606686338,100000.0000000000000
72,0.2064619874333,3.1266476216441,0.5539947551627,0.3163360841933,0.3946453510173,100000.0000000000000
73,0.2064609563686,3.1266320072645,0.5539947551627,0.3163067738471,0.3946346620941,100000.0000000000000
74,0.2064480437089,3.1264364587414,0.5539947551627,0.3163119159380,0.3946337315566,100000.0000000000000
75,0.2064460006984,3.1264055195160,0.5538771219431,0.3162561915312,0.3945629779578,100000.0000000000000
77,0.2064501138301,3.1264678085288,0.5537594887235,0.3162409277227,0.3945079937460,100000.0000000000000
78,0.2064457803321,3.1264021823014,0.5537594887235,0.3161187062467,0.3944634146122,100000.0000000000000
79,0.2064469381649,3.1264197164505,0.5536418555038,0.3161337027756,0.3944186043854,100000.0000000000000
80,0.2064436554798,3.1263700036689,0.5535950214836,0.3160914861235,0.3943827518542,100000.0000000000000
81,0.2064371178355,3.1262709979876,0.5535950214836,0.3159943039118,0.3943466429977,100000.0000000000000
83,0.2064270539739,3.1261185914859,0.5535950214836,0.3157497718408,0.3942571535734,100000.0000000000000
84,0.2064371434207,3.1262713854483,0.5536418555038,0.3155968245585,0.3942247632913,100000.0000000000000
86,0.2064321913753,3.1261963919771,0.5536886895241,0.3154517182510,0.3941919501804,98000.0000000000000
89,0.2064263881437,3.1261085081952,0.5535710563044,0.3155076327501,0.3941602618577,98000.0000000000000
90,0.2064269369750,3.1261168196626,0.5534534230848,0.3154630004928,0.3940940251356,98000.0000000000000
91,0.2064293289233,3.1261530431804,0.5534534230848,0.3150837218294,0.3939590810304,98000.0000000000000
92,0.2064439495459,3.1263744569883,0.5534534230848,0.3148987621661,0.3938961569984,98000.0000000000000
93,0.2064448238015,3.1263876966617,0.5534534230848,0.3143669102287,0.3937063972183,98000.0000000000000
94,0.2064489200786,3.1264497304297,0.5534534230848,0.3143515281900,0.3937017814068,98000.0000000000000
96,0.2064571643692,3.1265745814586,0.5534065890646,0.3143260397528,0.3936743733042,98000.0000000000000
97,0.2064528489578,3.1265092291337,0.5534065890646,0.3140869324757,0.3935880531171,98000.0000000000000
98,0.2064567460469,3.1265682464121,0.5532889558450,0.3140197457353,0.3935144787062,98000.0000000000000
99,0.2064582347122,3.1265907906674,0.5532889558450,0.3140066916736,0.3935101355410,98000.0000000000000
100,0.2064640877725,3.1266794290516,0.5531713226253,0.3138662932028,0.3934108332203,98000.0000000000000
101,0.2064569674273,3.1265715989826,0.5531713226253,0.3138211092375,0.3933931703015,98000.0000000000000
102,0.2064551635794,3.1265442816209,0.5531713226253,0.3136518392343,0.3933323301901,98000.0000000000000
103,0.2064609817329,3.1266323913796,0.5531713226253,0.3135850041802,0.3933097072751,98000.0000000000000
108,0.2064731443105,3.1268165807051,0.5531005234260,0.3135885341792,0.3932832317417,98000.0000000000000
109,0.2064807544790,3.1269318286288,0.5530536894057,0.3134278557993,0.3932074056334,98000.0000000000000
110,0.2064839002178,3.1269794675036,0.5529360561861,0.3132402321155,0.3930906570248,98000.0000000000000
112,0.2064846502947,3.1269908266216,0.5529360561861,0.3131108843034,0.3930446221084,98000.0000000000000
114,0.2064902493952,3.1270756190552,0.5530297242266,0.3129463837890,0.3930272151779,98000.0000000000000
115,0.2064922801000,3.1271063719224,0.5530297242266,0.3129050511176,0.3930128886605,98000.0000000000000
116,0.2064950831639,3.1271488213497,0.5530297242266,0.3128785945797,0.3930040405535,98000.0000000000000
117,0.2064951363515,3.1271496268198,0.5530297242266,0.3127676348127,0.3929644234627,98000.0000000000000
