1,0.206324,3.12456,0.555358,0.320124,0.396553,100000
1,0.2063243775424,3.124563665933,0.5553584234398,0.3200092977957,0.3965121544461,100000.0000000000000
2,0.2063287223322,3.1246294631609,0.5552407902202,0.3199887793199,0.3964553432084,100000.0000000000000
3,0.2063172594730,3.1244558703277,0.5552407902202,0.3199851596747,0.3964515941510,100000.0000000000000
4,0.2063239291139,3.1245568749585,0.5551231570006,0.3199805617282,0.3964009669990,100000.0000000000000
5,0.2063253042525,3.1245776999728,0.5551231570006,0.3196793423379,0.3962936833179,100000.0000000000000
6,0.2063260678949,3.1245892645256,0.5550055237810,0.3196608359266,0.3962368232860,100000.0000000000000
7,0.2063278016593,3.1246155205467,0.5548878905614,0.3196183936375,0.3961716226095,100000.0000000000000
9,0.2063348400146,3.1247221089664,0.5550055237810,0.3192599343342,0.3960955238857,100000.0000000000000
11,0.2063402113832,3.1248034526413,0.5550055237810,0.3187934953082,0.3959300895269,100000.0000000000000
12,0.2063407980710,3.1248123374058,0.5550055237810,0.3187357202097,0.3959095812820,100000.0000000000000
13,0.2063332398250,3.1246978757943,0.5549586897607,0.3185782605175,0.3958316543305,100000.0000000000000
14,0.2063361653871,3.1247421803254,0.5549586897607,0.3184663652255,0.3957923186324,100000.0000000000000
15,0.2063311036837,3.1246655262013,0.5549586897607,0.3181681404268,0.3956847251250,100000.0000000000000
17,0.2063440976055,3.1248623053523,0.5549118557405,0.3181699849385,0.3956680965680,100000.0000000000000
19,0.2063424987341,3.1248380921425,0.5550294889601,0.3179014151904,0.3956222504225,100000.0000000000000
20,0.2063375975750,3.1247638692910,0.5550294889601,0.3178805366806,0.3956137435635,100000.0000000000000
