0,0.2063240533919,3.124558757017,0.5553584234398,0.3201241934734,0.3965531191558,10
2,0.2063314832033,3.124671273623,0.5552407902202,0.3201036349691,0.3964969546983,10.0000000000000
3,0.2063280627186,3.1246194740135,0.5552876242404,0.3199999127610,0.3964792498145,9.8000000000000
4,0.2063174441949,3.1244586677438,0.5552876242404,0.3199620407704,0.3964634487057,9.8000000000000
5,0.2063199961529,3.1244973144393,0.5552876242404,0.3198585194494,0.3964270236534,9.6040000000000
6,0.2063260869651,3.1245895533235,0.5552876242404,0.3198075219063,0.3964101154192,9.6040000000000
7,0.2063257576477,3.1245845661615,0.5552876242404,0.3197959986240,0.3964059293933,9.4119200000000
13,0.2063080519682,3.1243164324424,0.5553344582607,0.3196563329381,0.3963723264399,8.8584238086400
14,0.2063094756204,3.1243379921433,0.5552168250411,0.3195387229892,0.3962802137181,8.8584238086400
15,0.2063067369215,3.1242965174553,0.5550991918214,0.3194376814067,0.3961931263376,8.6812553324672
16,0.2063153162450,3.1244264422025,0.5550991918214,0.3191943902394,0.3961080750615,8.6812553324672
17,0.2063196740017,3.1244924358014,0.5549815586018,0.3191505206495,0.3960429269188,8.5076302258179
18,0.2063287616798,3.1246300590380,0.5549815586018,0.3191093564045,0.3960301727623,8.5076302258179
19,0.2063384666140,3.1247770299650,0.5549815586018,0.3190932152540,0.3960264876945,8.3374776213015
20,0.2063422009715,3.1248335828438,0.5549815586018,0.3190466307572,0.3960106505937,8.3374776213015
22,0.2063658328916,3.1251914631867,0.5549347245816,0.3190413889015,0.3959937707623,8.1707280688755
23,0.2063659021057,3.1251925113605,0.5549347245816,0.3189208865429,0.3959507490372,8.1707280688755
24,0.2063537138280,3.1250079328346,0.5549347245816,0.3183881873062,0.3957578875360,8.0073135074980
26,0.2063594199730,3.1250943463425,0.5549815586018,0.3182979924436,0.3957469695534,8.0073135074980
27,0.2063570418654,3.1250583324276,0.5549347245816,0.3183245351102,0.3957358677598,7.8471672373480
28,0.2063568672311,3.1250556877762,0.5549347245816,0.3183022289908,0.3957278638669,7.8471672373480
29,0.2063602249135,3.1251065363119,0.5548878905614,0.3183389615089,0.3957216304038,7.8471672373480
31,0.2063695771026,3.1252481652870,0.5548410565411,0.3181094969392,0.3956216110893,7.6902238926010
34,0.2063646742723,3.1251739171278,0.5548410565411,0.3179984350438,0.3955808955202,7.5364194147490
37,0.2063661929987,3.1251969166264,0.5548410565411,0.3179833071080,0.3955758181273,7.3856910264540
40,0.2063683855489,3.1252301204724,0.5548410565411,0.3179020872586,0.3955472808705,7.2379772059250
38458,0.2338060215777,3.5407439906014,0.1878374214587,0.6928990578499,0.3780669916239,0.0000002734496
38465,0.2338108992858,3.5408178583120,0.1878374214587,0.6928721476661,0.3780584260671,0.0000002734496
38467,0.2338110728844,3.5408204872791,0.1877905874384,0.6927092005121,0.3779801961317,0.0000002734496
38492,0.2338076232471,3.5407682461838,0.1877437534182,0.6926213173169,0.3779279983453,0.0000002679806
38504,0.2338065135617,3.5407514411761,0.1877437534182,0.6924031905876,0.3778498581523,0.0000002679806
38506,0.2337973932399,3.5406133235851,0.1876969193980,0.6923492344627,0.3778085620301,0.0000002679806
38510,0.2338080749505,3.5407750867518,0.1876969193980,0.6920358081050,0.3776989129832,0.0000002679806
38521,0.2338160053410,3.5408951840971,0.1876969193980,0.6918121202233,0.3776207238234,0.0000002679806
38525,0.2338203240535,3.5409605864143,0.1875792861784,0.6918390907056,0.3775808673399,0.0000002679806
38526,0.2338220805091,3.5409871860694,0.1874616529587,0.6918180043490,0.3775232986446,0.0000002679806
38535,0.2338240054073,3.5410163366084,0.1874616529587,0.6918037126147,0.3775186069320,0.0000002679806
38549,0.2338253337245,3.5410364525635,0.1874148189385,0.6916515137547,0.3774444631127,0.0000002679806
38559,0.2338344986010,3.5411752448881,0.1873679849183,0.6916484830980,0.3774252729145,0.0000002679806
38561,0.2338311280128,3.5411242009074,0.1873120551484,0.6916731524156,0.3774093912148,0.0000002679806
38562,0.2338382645990,3.5412322769301,0.1872652211282,0.6916461819334,0.3773812164452,0.0000002679806
38566,0.2338381601486,3.5412306951397,0.1872652211282,0.6916134860768,0.3773695169714,0.0000002626210
38603,0.2338455876950,3.5413431774450,0.1872183871080,0.6916502540920,0.3773641682995,0.0000002626210
38605,0.2338499301790,3.5414089397552,0.1871715530877,0.6916098981628,0.3773306142770,0.0000002626210
38615,0.2338561074329,3.5415024877070,0.1871247190675,0.6916575069033,0.3773288693729,0.0000002626210
38629,0.2338604102432,3.5415676492023,0.1870778850473,0.6916153752310,0.3772946726549,0.0000002626210
38637,0.2338632030197,3.5416099428362,0.1869602518276,0.6916575069033,0.3772599038958,0.0000002626210
38651,0.2338604618459,3.5415684306696,0.1869134178074,0.6916032655726,0.3772198728747,0.0000002626210
38653,0.2338577073524,3.5415267167894,0.1868704898359,0.6915989228126,0.3771993339383,0.0000002626210
38656,0.2338506556317,3.5414199259655,0.1868236558157,0.6915239166214,0.3771509632069,0.0000002573685
38668,0.2338515651701,3.5414336999598,0.1868236558157,0.6914450982689,0.3771230086964,0.0000002573685
38672,0.2338566146245,3.5415101685859,0.1868236558157,0.6914289813726,0.3771183346879,0.0000002573685
38673,0.2338504824175,3.5414173028203,0.1867768217955,0.6914209722562,0.3770940885219,0.0000002573685
38681,0.2338505647446,3.5414185495771,0.1867768217955,0.6914149536823,0.3770919566727,0.0000002573685
38701,0.2338664524093,3.5416591513930,0.1867299877752,0.6914613277975,0.3770918516333,0.0000002573685
38713,0.2338661242621,3.5416541819525,0.1866831537550,0.6915097185333,0.3770889919988,0.0000002573685
38732,0.2338633203811,3.5416117201509,0.1866831537550,0.6914822957137,0.3770785973030,0.0000002573685
38742,0.2338608219782,3.5415738844910,0.1867299877752,0.6906337284139,0.3767950739039,0.0000002522212
38750,0.2338715389063,3.5417361809895,0.1866831537550,0.6906359264923,0.3767780836936,0.0000002522212
38755,0.2338705986943,3.5417219424779,0.1866831537550,0.6906331334987,0.3767768847219,0.0000002522212
38758,0.2338654659436,3.5416442124166,0.1866831537550,0.6906299001275,0.3767746300713,0.0000002522212
38783,0.2338719847959,3.5417429335149,0.1865655205354,0.6906668347301,0.3767388036607,0.0000002522212
38786,0.2338758697247,3.5418017666374,0.1865186865151,0.6907066805595,0.3767337950759,0.0000002522212
38800,0.2338809365549,3.5418784984016,0.1864010532955,0.6907285376160,0.3766922726798,0.0000002522212
38802,0.2338768599162,3.5418167620371,0.1864010532955,0.6906685070811,0.3766699596377,0.0000002522212
38804,0.2338789177023,3.5418479250220,0.1863542192753,0.6907142472834,0.3766666646554,0.0000002522212
38805,0.2338727179949,3.5417540370354,0.1863384077663,0.6905665313541,0.3766058040966,0.0000002522212
38814,0.2338621787031,3.5415944306499,0.1863384077663,0.6904774920743,0.3765717459342,0.0000002522212
38821,0.2338660252803,3.5416526829777,0.1863384077663,0.6904740106826,0.3765713268465,0.0000002522212
38842,0.2338654130752,3.5416434117811,0.1862207745467,0.6905925720053,0.3765631247523,0.0000002471768
38845,0.2338691548058,3.5417000763195,0.1861739405264,0.6898450855107,0.3762768953664,0.0000002471768
38854,0.2338724817522,3.5417504593897,0.1860563073068,0.6899330610042,0.3762586138656,0.0000002471768
38856,0.2338785810667,3.5418428270332,0.1859386740872,0.6900014534128,0.3762339324848,0.0000002471768
38862,0.2338844849204,3.5419322346297,0.1858918400670,0.6900150192079,0.3762199708002,0.0000002471768
38873,0.2338843016491,3.5419294591809,0.1858918400670,0.6899972781669,0.3762135954417,0.0000002471768
38881,0.2338881641384,3.5419879524809,0.1859009358166,0.6899730995889,0.3762096860899,0.0000002471768
38885,0.2338823670820,3.5419001622157,0.1858541017963,0.6899517087153,0.3761807325429,0.0000002471768
38890,0.2338835633618,3.5419182786034,0.1858541017963,0.6898833366260,0.3761565702852,0.0000002471768
38900,0.2338790392156,3.5418497652116,0.1858072677761,0.6898960966826,0.3761400862654,0.0000002471768
38903,0.2338762935023,3.5418081842996,0.1856896345565,0.6899430899400,0.3761058669676,0.0000002471768
38910,0.2338791297076,3.5418511356169,0.1856896345565,0.6899303095642,0.3761019103059,0.0000002471768
38913,0.2338755547748,3.5417969970560,0.1855720013368,0.6899658248425,0.3760634140398,0.0000002471768
38918,0.2338674351434,3.5416740338582,0.1855720013368,0.6892786561761,0.3758162567380,0.0000002422332
38925,0.2338798257290,3.5418616761226,0.1855720013368,0.6890095353377,0.3757227972783,0.0000002422332
38928,0.2338793530907,3.5418545185173,0.1855720013368,0.6888795295110,0.3756762653463,0.0000002422332
38933,0.2338826142654,3.5419039055460,0.1854543681172,0.6889545027875,0.3756533261027,0.0000002422332
38943,0.2338885899198,3.5419944004884,0.1854543681172,0.6889425263497,0.3756503293008,0.0000002422332
38946,0.2338900353129,3.5420162894323,0.1855012021375,0.6888521801226,0.3756384442412,0.0000002422332
38950,0.2338881128393,3.5419871756110,0.1853835689178,0.6888927933485,0.3756021227691,0.0000002422332
38952,0.2338929259882,3.5420600656411,0.1853835689178,0.6877620222956,0.3751993073535,0.0000002422332
38968,0.2338832986882,3.5419142704025,0.1854205358953,0.6869385954864,0.3749190063478,0.0000002422332
38970,0.2338855857794,3.5419489059718,0.1854145749014,0.6869027190737,0.3749041287225,0.0000002422332
38984,0.2338862106070,3.5419583683215,0.1854145749014,0.6869001378223,0.3749033407386,0.0000002422332
38986,0.2338830564447,3.5419106018829,0.1853677408811,0.6868224730884,0.3748548557188,0.0000002422332
38991,0.2338769958422,3.5418188204912,0.1853677408811,0.6868032587861,0.3748466947674,0.0000002422332
39002,0.2338716959382,3.5417385590723,0.1853209068609,0.6867536766254,0.3748077794362,0.0000002422332
39007,0.2338750605604,3.5417895127026,0.1852071796900,0.6867568123200,0.3747608801015,0.0000002373886
39014,0.2338797190974,3.5418600613002,0.1851603456698,0.6868085162567,0.3747602723282,0.0000002373886
39021,0.2338889909206,3.5420004732204,0.1851603456698,0.6867293812060,0.3747339966293,0.0000002373886
39054,0.2338932868800,3.5420655309641,0.1851135116495,0.6866863445299,0.3746994752276,0.0000002373886
39066,0.2338951373922,3.5420935550064,0.1850666776293,0.6866387401203,0.3746627984681,0.0000002373886
39086,0.2338960791597,3.5421078170766,0.1850666776293,0.6865833504855,0.3746432182631,0.0000002373886
39088,0.2338968904962,3.5421201039056,0.1850666776293,0.6861818457585,0.3744999975755,0.0000002373886
39100,0.2339033630441,3.5422181237728,0.1850198436091,0.6860006707143,0.3744166074542,0.0000002326408
39118,0.2339070247720,3.5422735767550,0.1850198436091,0.6859429717237,0.3743967853278,0.0000002326408
39132,0.2339095594832,3.5423119622658,0.1850107478595,0.6858951921990,0.3743763661858,0.0000002326408
39148,0.2339111692965,3.5423363411788,0.1850107478595,0.6858378615025,0.3743562358971,0.0000002326408
39181,0.2339135500276,3.5423723948237,0.1849639138392,0.6857622199802,0.3743096595014,0.0000002326408
39186,0.2339115801365,3.5423425629137,0.1849170798190,0.6857364006284,0.3742799444618,0.0000002279880
39201,0.2339090404351,3.5423041018333,0.1848702457988,0.6857804022027,0.3742750433651,0.0000002279880
39203,0.2339073295633,3.5422781924961,0.1848234117785,0.6857933476601,0.3742592284044,0.0000002279880
39204,0.2339071203933,3.5422750248379,0.1848234117785,0.6853251572112,0.3740919727076,0.0000002279880
39211,0.2339117916990,3.5423457668042,0.1847765777583,0.6852834092693,0.3740579919995,0.0000002279880
39221,0.2339048354309,3.5422404215085,0.1847297437381,0.6852697264320,0.3740315429201,0.0000002279880
39228,0.2339068477681,3.5422708962182,0.1847297437381,0.6852548557050,0.3740266631613,0.0000002279880
39235,0.2339069495903,3.5422724382075,0.1847258376893,0.6852320669738,0.3740168721268,0.0000002279880
39267,0.2339097392731,3.5423146849927,0.1847258376893,0.6851777934521,0.3739980865154,0.0000002279880
39270,0.2339087504259,3.5422997099507,0.1847258376893,0.6851659588292,0.3739936479686,0.0000002279880
39271,0.2339156196764,3.5424037374573,0.1846082044697,0.6851591865253,0.3739422870338,0.0000002234282
39278,0.2339122267850,3.5423523557194,0.1846082044697,0.6851012584065,0.3739208713719,0.0000002234282
39325,0.2339175906311,3.5424335854738,0.1845662351054,0.6850561816037,0.3738879350389,0.0000002234282
39326,0.2339140504143,3.5423799726495,0.1845536960829,0.6850090433599,0.3738649674672,0.0000002234282
39341,0.2339136206153,3.5423734637998,0.1845536960829,0.6848157236776,0.3737958326237,0.0000002234282
39343,0.2339065279429,3.5422660528049,0.1846713293025,0.6844152152282,0.3737016882703,0.0000002234282
39363,0.2338984553666,3.5421438022066,0.1846713293025,0.6842694626670,0.3736479039464,0.0000002189596
39394,0.2339016755654,3.5421925686995,0.1847181633228,0.6841566463087,0.3736283741555,0.0000002189596
39397,0.2338997532153,3.5421634567482,0.1846713293025,0.6841980156216,0.3736226652549,0.0000002189596
39400,0.2338904930952,3.5420232220589,0.1846284013310,0.6842107889470,0.3736068451433,0.0000002189596
39440,0.2338962667598,3.5421106580812,0.1845438290402,0.6841996926695,0.3735678741334,0.0000002189596
39445,0.2338978170731,3.5421341359293,0.1844969950200,0.6836291486496,0.3733443688991,0.0000002189596
39468,0.2339045403048,3.5422359521371,0.1844969950200,0.6829229614051,0.3730935998614,0.0000002145805
39478,0.2339080086559,3.5422884766323,0.1844501609997,0.6828626202959,0.3730527209604,0.0000002145805
39482,0.2339057962970,3.5422549728048,0.1844033269795,0.6828364479388,0.3730228278901,0.0000002145805
39540,0.2339045454930,3.5422360307064,0.1844033269795,0.6823949348275,0.3728648766067,0.0000002102888
39550,0.2339129356318,3.5423630904510,0.1842856937599,0.6823915440811,0.3728150492757,0.0000002102888
39569,0.2339106815405,3.5423289546311,0.1842856937599,0.6823920253480,0.3728147381372,0.0000002102888
39578,0.2339090477321,3.5423042123376,0.1841680605403,0.6823753504338,0.3727580184719,0.0000002102888
39582,0.2339099298816,3.5423175715558,0.1841680605403,0.6823717117780,0.3727569079840,0.0000002102888
39593,0.2339083563244,3.5422937417019,0.1841212265200,0.6824176021241,0.3727528884795,0.0000002102888
39614,0.2339058993808,3.5422565339005,0.1841191881025,0.6823960877031,0.3727438046623,0.0000002102888
39615,0.2339024267220,3.5422039441686,0.1840723540822,0.6823480943677,0.3727058483213,0.0000002102888
39618,0.2339076678317,3.5422833152109,0.1840255200620,0.6822877163392,0.3726653361117,0.0000002102888
39620,0.2338971502619,3.5421240377827,0.1839786860418,0.6823470281224,0.3726641934035,0.0000002102888
39622,0.2338930777311,3.5420623636270,0.1838610528222,0.6823819862982,0.3726253915441,0.0000002102888
39642,0.2338992727673,3.5421561808732,0.1838610528222,0.6823567628285,0.3726177106698,0.0000002060831
39645,0.2338986845864,3.5421472734977,0.1838610528222,0.6823450672404,0.3726134076353,0.0000002060831
39652,0.2338921396267,3.5420481570318,0.1838142188019,0.6822687719275,0.3725646850949,0.0000002060831
39669,0.2338913495976,3.5420361928791,0.1837673847817,0.6822491302286,0.3725374291876,0.0000002060831
39671,0.2338823598022,3.5419000519714,0.1837673847817,0.6822316412336,0.3725292567332,0.0000002060831
39678,0.2338815718061,3.5418881186067,0.1837205507615,0.6822770331730,0.3725252275609,0.0000002060831
39680,0.2338816957391,3.5418899954402,0.1836154565643,0.6823244682993,0.3724971548643,0.0000002060831
39695,0.2338733542492,3.5417636724317,0.1836251693484,0.6823012666969,0.3724912437373,0.0000002060831
39702,0.2338804787113,3.5418715648470,0.1836104541775,0.6823053882922,0.3724879359043,0.0000002060831
39709,0.2338796023416,3.5418582931571,0.1834928209579,0.6823916130918,0.3724681284451,0.0000002060831
39729,0.2338750137624,3.5417888039971,0.1834928209579,0.6823879649512,0.3724658422708,0.0000002019614
39736,0.2338727534824,3.5417545744551,0.1834459869376,0.6821784273103,0.3723704513303,0.0000002019614
39739,0.2338762339220,3.5418072820188,0.1833283537180,0.6821388455530,0.3723066465599,0.0000002019614
39762,0.2338819766672,3.5418942497988,0.1832815196978,0.6821383609098,0.3722876323384,0.0000002019614
39788,0.2338824994386,3.5419021666162,0.1832815196978,0.6820938056354,0.3722718317628,0.0000002019614
39806,0.2338955552624,3.5420998832085,0.1832815196978,0.6814347681746,0.3720392589176,0.0000001979222
39807,0.2338935183034,3.5420690356261,0.1832766550419,0.6814180475272,0.3720307659141,0.0000001979222
39819,0.2339002806715,3.5421714445121,0.1832766550419,0.6813983835822,0.3720251921555,0.0000001979222
39870,0.2338930409172,3.5420618061193,0.1832766550419,0.6813466927455,0.3720051797665,0.0000001979222
39882,0.2339020891930,3.5421988326497,0.1832766550419,0.6813347679186,0.3720028598159,0.0000001979222
39885,0.2338965714480,3.5421152722604,0.1832641160194,0.6813339126054,0.3719959981063,0.0000001979222
39927,0.2338925038663,3.5420536730538,0.1832602099707,0.6807664641184,0.3717907922868,0.0000001939637
39928,0.2338795502206,3.5418575038399,0.1832172819992,0.6807608860957,0.3717676266525,0.0000001939637
39936,0.2338775687321,3.5418274963001,0.1832172819992,0.6807277930296,0.3717553830956,0.0000001939637
39937,0.2338705381514,3.5417210256202,0.1831704479789,0.6807820440910,0.3717531801988,0.0000001939637
39948,0.2338676125087,3.5416767198671,0.1832172819992,0.6807107434688,0.3717471604904,0.0000001939637
39953,0.2338651883125,3.5416400079886,0.1831704479789,0.6806907956750,0.3717194450847,0.0000001939637
39965,0.2338696277565,3.5417072386556,0.1831236139587,0.6806267236117,0.3716774417915,0.0000001939637
39976,0.2338677453802,3.5416787320651,0.1831236139587,0.6806170628895,0.3716735881672,0.0000001939637
40004,0.2338735209629,3.5417661971337,0.1830059807391,0.6805520640215,0.3716011976736,0.0000001900845
40005,0.2338706841594,3.5417232367562,0.1829591467189,0.6806076506683,0.3716003704381,0.0000001900845
40026,0.2338702818509,3.5417171442207,0.1829591467189,0.6805039783880,0.3715632584147,0.0000001900845
40028,0.2338623733669,3.5415973786256,0.1830059807391,0.6799220341424,0.3713737982319,0.0000001900845
40034,0.2338662686766,3.5416563689563,0.1830059807391,0.6792585934190,0.3711376898257,0.0000001900845
40046,0.2338703563330,3.5417182721731,0.1829591467189,0.6792552541513,0.3711173014335,0.0000001900845
40047,0.2338679640203,3.5416820431363,0.1829123126986,0.6791908810967,0.3710737266954,0.0000001900845
40081,0.2338755937926,3.5417975879390,0.1829123126986,0.6791831516935,0.3710726011455,0.0000001862828
40084,0.2338765083464,3.5418114378847,0.1829123126986,0.6790345165030,0.3710197131247,0.0000001862828
40087,0.2338710919014,3.5417294115754,0.1829591467189,0.6788479014386,0.3709719759436,0.0000001862828
40089,0.2338661592658,3.5416547120461,0.1828801938493,0.6789330815569,0.3709675034770,0.0000001862828
40104,0.2338667490108,3.5416636431077,0.1828333598291,0.6782153459030,0.3706912239658,0.0000001862828
40127,0.2338649343117,3.5416361614168,0.1828333598291,0.6776617581826,0.3704931252016,0.0000001862828
40130,0.2338656587668,3.5416471325198,0.1828333598291,0.6776577561327,0.3704918511385,0.0000001862828
40143,0.2338658284182,3.5416497017102,0.1827865258089,0.6775003456833,0.3704155977517,0.0000001862828
40155,0.2338701976559,3.5417158691760,0.1827865258089,0.6774811614990,0.3704096825225,0.0000001862828
40171,0.2338811082994,3.5418810992906,0.1827396917886,0.6775260238434,0.3704079710605,0.0000001825571
40190,0.2338854194711,3.5419463874092,0.1826928577684,0.6774818629672,0.3703730514186,0.0000001825571
40196,0.2338884656925,3.5419925191978,0.1826618352572,0.6775119958459,0.3703711705607,0.0000001825571
40213,0.2338891848238,3.5420034096775,0.1826618352572,0.6772438266895,0.3702755499615,0.0000001825571
40223,0.2338909305695,3.5420298471430,0.1826150012369,0.6772091407797,0.3702434645020,0.0000001825571
40248,0.2338925039707,3.5420536746347,0.1826150012369,0.6771943593594,0.3702385225808,0.0000001825571
40254,0.2338980759887,3.5421380569309,0.1825543941252,0.6772240973582,0.3702243628220,0.0000001789060
40255,0.2339022399049,3.5422011150227,0.1825543941252,0.6767131007249,0.3700427562922,0.0000001789060
40280,0.2338988526484,3.5421498186181,0.1825543941252,0.6767009130720,0.3700376777183,0.0000001789060
40291,0.2339111508711,3.5423360621453,0.1824367609056,0.6766585932321,0.3699747845862,0.0000001789060
40310,0.2339057811824,3.5422547439103,0.1823191276860,0.6766650326671,0.3699255194999,0.0000001789060
40314,0.2338981212167,3.5421387418619,0.1823191276860,0.6766353143662,0.3699132643998,0.0000001789060
40321,0.2338917279763,3.5420419230233,0.1823191276860,0.6762375296492,0.3697698284494,0.0000001789060
40336,0.2338991974860,3.5421550408182,0.1822722936658,0.6762789599126,0.3697661538583,0.0000001789060
40340,0.2338992383112,3.5421556590718,0.1822722936658,0.6761784421160,0.3697302633935,0.0000001789060
40350,0.2338970549130,3.5421225938241,0.1822254596455,0.6761264490908,0.3696911548619,0.0000001753279
40353,0.2338976806473,3.5421320699065,0.1821786256253,0.6761139965369,0.3696667698842,0.0000001753279
40358,0.2339062339168,3.5422616000922,0.1821399452752,0.6760758962394,0.3696384181856,0.0000001753279
40370,0.2339069191304,3.5422719769252,0.1820931112550,0.6760129312255,0.3695960057892,0.0000001753279
40371,0.2339083475179,3.5422936083369,0.1820462772347,0.6759577719037,0.3695565403915,0.0000001753279
40411,0.2339101260722,3.5423205426544,0.1819994432145,0.6760063508613,0.3695541994150,0.0000001753279
40420,0.2339071807370,3.5422759386793,0.1819994432145,0.6760048682126,0.3695530387544,0.0000001753279
40422,0.2339050422359,3.5422435533502,0.1819526091943,0.6760243964915,0.3695394831665,0.0000001753279
40423,0.2339050830729,3.5422441717825,0.1819057751740,0.6759894438356,0.3695069371029,0.0000001753279
40446,0.2339016965073,3.5421928858420,0.1818589411538,0.6759736810980,0.3694805101382,0.0000001718213
40463,0.2339038289369,3.5422251792243,0.1818589411538,0.6758938815057,0.3694524672330,0.0000001718213
40464,0.2339025406528,3.5422056695302,0.1818589411538,0.6757820557719,0.3694122534101,0.0000001718213
40467,0.2339061402780,3.5422601820317,0.1817413079342,0.6757782275733,0.3693612433075,0.0000001718213
40471,0.2339048305963,3.5422403482934,0.1816944739140,0.6758266280857,0.3693581768358,0.0000001718213
40478,0.2339008113954,3.5421794817625,0.1816764697288,0.6757603950912,0.3693259448582,0.0000001718213
40494,0.2339058942519,3.5422564562274,0.1815588365092,0.6757015180235,0.3692555922806,0.0000001718213
40496,0.2339217866393,3.5424971295644,0.1815588365092,0.6756870738173,0.3692538391471,0.0000001718213
40506,0.2339216041711,3.5424943662766,0.1814412032896,0.6757340291517,0.3692201555721,0.0000001718213
40518,0.2339162478057,3.5424132498084,0.1814412032896,0.6757109718073,0.3692107730136,0.0000001718213
40530,0.2339163050600,3.5424141168647,0.1814412032896,0.6756912762675,0.3692037511610,0.0000001683849
40563,0.2339173447740,3.5424298622302,0.1814014266014,0.6757177981176,0.3691963988942,0.0000001683849
40564,0.2339117191786,3.5423446685586,0.1814014266014,0.6757186534308,0.3691954988784,0.0000001683849
40566,0.2339025178862,3.5422053247532,0.1813545925812,0.6757305821551,0.3691777157086,0.0000001683849
40574,0.2339020350743,3.5421980130798,0.1812369593615,0.6758120315028,0.3691562870647,0.0000001683849
40580,0.2339119387705,3.5423479940456,0.1812369593615,0.6757779633228,0.3691462420782,0.0000001683849
40584,0.2339113558938,3.5423391669970,0.1812081295265,0.6757992352027,0.3691413586324,0.0000001683849
40604,0.2339138766447,3.5423773410922,0.1812010721944,0.6757882836403,0.3691349629501,0.0000001683849
40625,0.2339147420738,3.5423904470980,0.1812010721944,0.6757283900340,0.3691137578256,0.0000001650172
40641,0.2339217234658,3.5424961728688,0.1810834389748,0.6757199116049,0.3690618115908,0.0000001650172
40652,0.2339253939516,3.5425517584795,0.1810366049545,0.6757618673677,0.3690575106015,0.0000001650172
40653,0.2339254613086,3.5425527785291,0.1809897709343,0.6757895652092,0.3690473453984,0.0000001650172
40670,0.2339277331251,3.5425871827783,0.1809897709343,0.6757740268548,0.3690422828039,0.0000001650172
40686,0.2339242202583,3.5425339841399,0.1809479393009,0.6757770048787,0.3690246657839,0.0000001650172
40702,0.2339231220637,3.5425173531481,0.1808303060813,0.6758106958650,0.3689860487145,0.0000001617168
40714,0.2339212649048,3.5424892284489,0.1808303060813,0.6753438578724,0.3688189228974,0.0000001617168
40721,0.2339211151269,3.5424869602208,0.1808271713257,0.6753211644291,0.3688094425343,0.0000001617168
40726,0.2339240270322,3.5425310579364,0.1808271713257,0.6752687388593,0.3687913430962,0.0000001617168
40730,0.2339268760658,3.5425742035257,0.1808271713257,0.6746960256598,0.3685874131750,0.0000001617168
40733,0.2339235416198,3.5425237068811,0.1807095381060,0.6746855284629,0.3685325354150,0.0000001617168
40762,0.2339158172374,3.5424067293097,0.1806627040858,0.6738727273679,0.3682205223619,0.0000001617168
40771,0.2339132232633,3.5423674463246,0.1805450708662,0.6738492024306,0.3681611505100,0.0000001617168
40775,0.2339021161483,3.5421992408602,0.1805919048864,0.5694341012182,0.3308877345610,0.0000001617168
40793,0.2339083379036,3.5422934627389,0.1806387389067,0.5693625246105,0.3308835764431,0.0000001584825
40802,0.2338998440073,3.5421648316971,0.1806305852365,0.5693531460601,0.3308749124101,0.0000001584825
40807,0.2339047706336,3.5422394402220,0.1806305852365,0.5691797609532,0.3308140448633,0.0000001584825
40810,0.2339107890990,3.5423305834913,0.1806774192567,0.5683590316434,0.3305422886467,0.0000001584825
40822,0.2339110718447,3.5423348653741,0.1806305852365,0.5684030332176,0.3305379923601,0.0000001584825
40829,0.2339194361615,3.5424615340734,0.1805837512163,0.5684112909253,0.3305226621720,0.0000001584825
40834,0.2339155927902,3.5424033302949,0.1805369171960,0.5684375723673,0.3305111530988,0.0000001584825
40848,0.2339176588953,3.5424346192630,0.1805837512163,0.5677970757765,0.3303029187762,0.0000001584825
40882,0.2339151691016,3.5423969139799,0.1805837512163,0.5677765702764,0.3302950618560,0.0000001553128
40894,0.2339173878491,3.5424305145566,0.1805837512163,0.5677363969007,0.3302811896678,0.0000001553128
40895,0.2339147989449,3.5423913083501,0.1805837512163,0.5677188942802,0.3302743839667,0.0000001553128
40912,0.2339155632565,3.5424028830383,0.1805369171960,0.5676553842015,0.3302317938538,0.0000001553128
40943,0.2339120248869,3.5423492981862,0.1805369171960,0.5675695476911,0.3302003797352,0.0000001553128
40954,0.2339089108973,3.5423021401208,0.1805189130109,0.5674909609069,0.3301639296637,0.0000001553128
40986,0.2339086442220,3.5422981016056,0.1805189130109,0.5673871040303,0.3301267807773,0.0000001522066
40991,0.2339051949964,3.5422458667452,0.1805189130109,0.5673850740085,0.3301253166498,0.0000001522066
40996,0.2339077272463,3.5422842149822,0.1805189130109,0.5673631905059,0.3301180437381,0.0000001522066
41013,0.2339039925800,3.5422276574259,0.1804822710783,0.5671018892071,0.3300082178747,0.0000001522066
41015,0.2339039449230,3.5422269357111,0.1804354370581,0.5671445001437,0.3300033541312,0.0000001522066
41022,0.2339027432741,3.5422087380139,0.1803886030379,0.5671924317186,0.3300001433316,0.0000001522066
41044,0.2339003221948,3.5421720733391,0.1803886030379,0.5671743078616,0.3299931517228,0.0000001522066
41052,0.2339034603963,3.5422195980682,0.1803886030379,0.5671567933521,0.3299875690126,0.0000001522066
41085,0.2339040416631,3.5422284007378,0.1802709698182,0.5672122893064,0.3299570993165,0.0000001491625
41091,0.2339005097484,3.5421749136390,0.1802241357980,0.5666918875054,0.3297504129686,0.0000001491625
41115,0.2338960323602,3.5421071083467,0.1802607777306,0.5666177062378,0.3297386639038,0.0000001491625
41128,0.2338979343959,3.5421359126589,0.1802607777306,0.5665387968757,0.3297108895678,0.0000001491625
41184,0.2338950313483,3.5420919490848,0.1802329065027,0.5664773024634,0.3296763603841,0.0000001461792
41220,0.2338960180203,3.5421068911849,0.1802329065027,0.5664665101801,0.3296727174270,0.0000001461792
41238,0.2338931827213,3.5420639535920,0.1801152732830,0.5665124572890,0.3296381053077,0.0000001461792
41239,0.2339059129256,3.5422567390212,0.1800684392628,0.5664883585488,0.3296121547927,0.0000001461792
41242,0.2339050764036,3.5422440707839,0.1800684392628,0.5664699990583,0.3296054185771,0.0000001461792
41272,0.2339057844330,3.5422547931377,0.1799927754075,0.5664783279475,0.3295761175344,0.0000001432556
41299,0.2339068458066,3.5422708665143,0.1799459413873,0.5665082753221,0.3295669687396,0.0000001432556
41302,0.2339121737096,3.5423515519483,0.1798991073670,0.5664649864629,0.3295325784032,0.0000001432556
41304,0.2339121804973,3.5423516547417,0.1798991073670,0.5664618126257,0.3295314463445,0.0000001432556
41306,0.2339121623614,3.5423513800926,0.1798522733468,0.5665050806466,0.3295268235999,0.0000001432556
41314,0.2339093814008,3.5423092653959,0.1797346401272,0.5662934329536,0.3294002249810,0.0000001432556
41322,0.2339103591513,3.5423240723895,0.1797346401272,0.5662762027272,0.3293942808467,0.0000001432556
41350,0.2339197084258,3.5424656572262,0.1797346401272,0.5662144783021,0.3293742398251,0.0000001403905
41368,0.2339214959717,3.5424927277120,0.1796926707629,0.5662622901312,0.3293737116534,0.0000001403905
41387,0.2339212672379,3.5424892637810,0.1796539904128,0.5662857296624,0.3293654566073,0.0000001403905
41388,0.2339184551283,3.5424466773672,0.1796539904128,0.5662834352180,0.3293640345680,0.0000001403905
41389,0.2339174794031,3.5424319010440,0.1795363571932,0.5663413574532,0.3293340977596,0.0000001403905
41397,0.2339135328983,3.5423721354193,0.1794187239735,0.5663875617450,0.3292993393758,0.0000001403905
41399,0.2339135920096,3.5423730305961,0.1793820820410,0.5662756596724,0.3292436833312,0.0000001403905
41416,0.2339151618609,3.5423968043273,0.1792644488214,0.5663049693782,0.3292040732430,0.0000001403905
41428,0.2339155618216,3.5424028613078,0.1792176148011,0.5662678329143,0.3291708242031,0.0000001375827
41448,0.2339128090870,3.5423611740655,0.1792176148011,0.5662503219417,0.3291639804126,0.0000001375827
41473,0.2339198402818,3.5424676540466,0.1792176148011,0.5662104182735,0.3291512357871,0.0000001375827
41487,0.2339248212592,3.5425430856607,0.1792176148011,0.5661514299442,0.3291312358790,0.0000001375827
41491,0.2339268762793,3.5425742067589,0.1792176148011,0.5660365281449,0.3290906398835,0.0000001375827
41501,0.2339343541557,3.5426874512581,0.1792176148011,0.5660226472206,0.3290872848126,0.0000001375827
41511,0.2339345364332,3.5426902116570,0.1792127501452,0.5659902866863,0.3290736816859,0.0000001375827
41532,0.2339396238168,3.5427672546810,0.1791659161250,0.5659120115417,0.3290267447078,0.0000001348310
41535,0.2339420722724,3.5428043339423,0.1791659161250,0.5658892623350,0.3290191446601,0.0000001348310
41537,0.2339419462322,3.5428024251976,0.1791659161250,0.5658749407136,0.3290140027868,0.0000001348310
41541,0.2339436283825,3.5428278995777,0.1791588587929,0.5658780044198,0.3290124328574,0.0000001348310
41546,0.2339459588252,3.5428631916579,0.1791588587929,0.5658700090505,0.3290100767490,0.0000001348310
41553,0.2339528326533,3.5429672884884,0.1790979266363,0.5658878763293,0.3289918171017,0.0000001348310
41574,0.2339568899790,3.5430287323787,0.1791049839683,0.5658764185880,0.3289916190491,0.0000001348310
41583,0.2339589041914,3.5430592354865,0.1790581499481,0.5659306047540,0.3289913311452,0.0000001348310
41593,0.2339598555864,3.5430736433547,0.1790581499481,0.5659244887434,0.3289893507261,0.0000001348310
41620,0.2339620109705,3.5431062843588,0.1790581499481,0.5658446670267,0.3289613048381,0.0000001321344
41627,0.2339634590149,3.5431282134539,0.1790581499481,0.5658062106025,0.3289478806961,0.0000001321344
41660,0.2339739790265,3.5432875278610,0.1790113159279,0.5658469073821,0.3289445978255,0.0000001321344
41663,0.2339804849263,3.5433860528077,0.1788936827083,0.5658098376994,0.3288823385375,0.0000001321344
41666,0.2339817008648,3.5434044669048,0.1788834906206,0.5657980212538,0.3288740108990,0.0000001321344
41677,0.2339893178998,3.5435198188134,0.1788366566003,0.5657194284437,0.3288275025371,0.0000001321344
41678,0.2339967238954,3.5436319747555,0.1787898225801,0.5657613034975,0.3288239731896,0.0000001321344
41718,0.2339938480045,3.5435884224404,0.1787429885599,0.5657983731802,0.3288165243767,0.0000001294917
41721,0.2339977679859,3.5436477863974,0.1787773000853,0.5656206216987,0.3287685866402,0.0000001294917
41722,0.2339997161567,3.5436772893753,0.1787304660651,0.5656430669304,0.3287569485366,0.0000001294917
41723,0.2339958439245,3.5436186485293,0.1787304660651,0.5651828823105,0.3285917671226,0.0000001294917
41757,0.2339929200580,3.5435743696757,0.1786128328455,0.5652181181266,0.3285533105628,0.0000001294917
41775,0.2339994961158,3.5436739570900,0.1785659988253,0.5651776751575,0.3285202040776,0.0000001294917
41779,0.2340085677472,3.5438113373177,0.1785659988253,0.5650980833199,0.3284937223424,0.0000001294917
41788,0.2340030261664,3.5437274159581,0.1785589414932,0.5650947912638,0.3284883345555,0.0000001294917
41802,0.2339985248150,3.5436592477711,0.1785121074730,0.5651032696929,0.3284703262677,0.0000001269019
41811,0.2340013341317,3.5437017918896,0.1785121074730,0.5650849930221,0.3284644008816,0.0000001269019
41848,0.2340018727961,3.5437099493898,0.1783944742533,0.5650912446964,0.3284163348136,0.0000001269019
41850,0.2340048718287,3.5437553665554,0.1783426378463,0.5650505440195,0.3283802259044,0.0000001269019
41851,0.2339979061749,3.5436498791233,0.1783426378463,0.5650120083342,0.3283649705195,0.0000001269019
41884,0.2340047675223,3.5437537869458,0.1783426378463,0.5649826157104,0.3283559434426,0.0000001243639
41923,0.2340066513934,3.5437823161731,0.1782958038260,0.5650185081002,0.3283490941169,0.0000001243639
41930,0.2340062584949,3.5437763661430,0.1782958038260,0.5649727681483,0.3283326742273,0.0000001243639
41942,0.2339989050479,3.5436650059935,0.1782958038260,0.5649308738804,0.3283161362501,0.0000001243639
41954,0.2339942123399,3.5435939399131,0.1783426378463,0.4712188766994,0.2948666319710,0.0000001243639
41959,0.2339985105768,3.5436590321488,0.1783092684003,0.4711981887420,0.2948458632744,0.0000001243639
41964,0.2340012618370,3.5437006970630,0.1782624343800,0.4711687980458,0.2948158844300,0.0000001243639
41976,0.2340016170621,3.5437060765702,0.1781448011604,0.4712257655689,0.2947858918567,0.0000001218766
41985,0.2340078410273,3.5438003319152,0.1780271679408,0.4712275321210,0.2947374422380,0.0000001218766
41996,0.2340061052453,3.5437740453403,0.1779803339206,0.4712475459992,0.2947241463754,0.0000001218766
41998,0.2340065170805,3.5437802821475,0.1779405572324,0.4712873954426,0.2947214194178,0.0000001218766
42012,0.2340034517065,3.5437338603125,0.1778937232122,0.4712834419422,0.2946992788645,0.0000001218766
42034,0.2340061377742,3.5437745379549,0.1778937232122,0.4712798184915,0.2946985603609,0.0000001218766
42055,0.2340090962918,3.5438193415633,0.1778937232122,0.4712062363208,0.2946729149823,0.0000001218766
42065,0.2340144584815,3.5439005462343,0.1778937232122,0.4711992696981,0.2946715759434,0.0000001218766
42075,0.2340210097450,3.5439997581661,0.1778937232122,0.4711891222189,0.2946693556859,0.0000001194391
42082,0.2340225943228,3.5440237549136,0.1778468891919,0.4711903872699,0.2946500753192,0.0000001194391
42095,0.2340228580390,3.5440277486166,0.1778000551717,0.4711760985297,0.2946249569854,0.0000001194391
42099,0.2340131345942,3.5438804973668,0.1778387355218,0.4711337231908,0.2946243166334,0.0000001194391
42101,0.2340227450608,3.5440260376813,0.1778337331350,0.4710712902678,0.2946019346665,0.0000001194391
42115,0.2340235137634,3.5440376788662,0.1777160999153,0.4712069946762,0.2946001510117,0.0000001194391
42175,0.2340148889403,3.5439070650760,0.1777160999153,0.4710773212206,0.2945519908869,0.0000001170503
42184,0.2340187345796,3.5439653032013,0.1776692658951,0.4710110499200,0.2945090749078,0.0000001170503
42196,0.2340181302995,3.5439561520201,0.1775516326755,0.4709775467514,0.2944465657649,0.0000001170503
42217,0.2340151366487,3.5439108163570,0.1774339994559,0.4710241265644,0.2944121456788,0.0000001170503
42232,0.2340113399311,3.5438533190990,0.1774339994559,0.4710220388556,0.2944105864862,0.0000001170503
42236,0.2340081412893,3.5438048790646,0.1773871654356,0.4710261878887,0.2943913111375,0.0000001170503
42240,0.2340029336154,3.5437260143721,0.1773403314154,0.4710389719262,0.2943746892121,0.0000001170503
42287,0.2339935617361,3.5435840872097,0.1772934973952,0.4709814724255,0.2943320736934,0.0000001147093
42290,0.2340022428301,3.5437155531620,0.1772466633749,0.4710245562487,0.2943292492845,0.0000001147093
42315,0.2340068522968,3.5437853586424,0.1771290301553,0.4710916839752,0.2943037969785,0.0000001147093
42334,0.2340063314551,3.5437774710466,0.1771290301553,0.4710544608306,0.2942903913893,0.0000001147093
42338,0.2340026031857,3.5437210103644,0.1770821961351,0.4710542719839,0.2942694533062,0.0000001147093
42340,0.2340105191713,3.5438408895630,0.1769979323615,0.4710719979509,0.2942413672455,0.0000001147093
42348,0.2340044281891,3.5437486481035,0.1769510983412,0.4710046172880,0.2941959257896,0.0000001124151
42355,0.2340073195655,3.5437924349305,0.1769042643210,0.4710534135801,0.2941939008945,0.0000001124151
42358,0.2340080354577,3.5438032763579,0.1769042643210,0.4710281796956,0.2941850421984,0.0000001124151
42361,0.2340107101440,3.5438437816426,0.1768655839709,0.4710418625329,0.2941739247802,0.0000001124151
42371,0.2340059056238,3.5437710222838,0.1768187499507,0.4710865821936,0.2941687948245,0.0000001124151
42373,0.2340013048210,3.5437013480095,0.1767719159305,0.4706325943007,0.2939855986821,0.0000001124151
42420,0.2339942942676,3.5435951806210,0.1767250819102,0.4705825906275,0.2939461662430,0.0000001124151
42430,0.2339978938862,3.5436496930240,0.1767250819102,0.4705662158259,0.2939410894464,0.0000001124151
42441,0.2340054784167,3.5437645526857,0.1766074486906,0.4704197960661,0.2938400076946,0.0000001101668
42468,0.2340063852856,3.5437782862534,0.1765606146704,0.4703625477968,0.2937996844902,0.0000001101668
42470,0.2340051759958,3.5437599728427,0.1765416518780,0.4703588082521,0.2937899628940,0.0000001101668
42471,0.2340030204627,3.5437273295825,0.1765416518780,0.4703553292342,0.2937882584877,0.0000001101668
42482,0.2339949621460,3.5436052949305,0.1765334982079,0.4703331307024,0.2937751092284,0.0000001101668
42490,0.2339935439869,3.5435838184163,0.1764866641877,0.4703069394313,0.2937453795888,0.0000001101668
42493,0.2339975595791,3.5436446302980,0.1764866641877,0.4702648022011,0.2937311910621,0.0000001101668
42572,0.2339923501610,3.5435657391900,0.1764398301674,0.4703105254753,0.2937263327760,0.0000001079634
42585,0.2339890116346,3.5435151807519,0.1764398301674,0.4702625021567,0.2937084661923,0.0000001079634
42589,0.2340001103798,3.5436832594663,0.1764398301674,0.4702188788672,0.2936952647486,0.0000001079634
42601,0.2340047778241,3.5437539429548,0.1764398301674,0.4701512425825,0.2936721090992,0.0000001079634
42611,0.2339977294836,3.5436472033207,0.1763929961472,0.4700913145897,0.2936291241630,0.0000001079634
42630,0.2340022938415,3.5437163256762,0.1763929961472,0.4700325832901,0.2936091267756,0.0000001058042
42631,0.2340009176388,3.5436954845462,0.1764088076562,0.4699824699328,0.2935977106084,0.0000001058042
42650,0.2339999904951,3.5436814439400,0.1763701273061,0.4699785514016,0.2935795351664,0.0000001058042
42656,0.2339996802598,3.5436767457554,0.1763701273061,0.4699657070673,0.2935748814252,0.0000001058042
42673,0.2340101987691,3.5438360374126,0.1762056600663,0.4699538167846,0.2935024029020,0.0000001058042
42676,0.2340088249731,3.5438152327309,0.1761638284329,0.4699556015127,0.2934848180771,0.0000001058042
42677,0.2340102572580,3.5438369231647,0.1761169944126,0.4699765314549,0.2934725282517,0.0000001058042
42680,0.2339962385037,3.5436246240125,0.1761169944126,0.4699105132685,0.2934459463092,0.0000001058042
42686,0.2340006730741,3.5436917808737,0.1761169944126,0.4699071244285,0.2934456862743,0.0000001058042
42695,0.2339982321584,3.5436548157965,0.1760892609156,0.4699200212267,0.2934378834359,0.0000001058042
42710,0.2340029543920,3.5437263290116,0.1760892609156,0.4699161003642,0.2934374950351,0.0000001036881
42719,0.2339989079477,3.5436650499082,0.1761360949359,0.4698562737949,0.2934353330309,0.0000001036881
42731,0.2339927061517,3.5435711302921,0.1761202834269,0.4698604233506,0.2934287096978,0.0000001036881
42735,0.2339918757939,3.5435585554044,0.1760734494066,0.4698026619458,0.2933878309679,0.0000001036881
42740,0.2339977168326,3.5436470117348,0.1760734494066,0.4697801906943,0.2933810571721,0.0000001036881
42741,0.2339965543078,3.5436294065313,0.1760266153864,0.4697745352628,0.2933587165397,0.0000001036881
42747,0.2339920751564,3.5435615745381,0.1759797813662,0.4697989211278,0.2933463942361,0.0000001036881
42761,0.2339963795364,3.5436267598041,0.1759329473459,0.4697613432504,0.2933138242098,0.0000001036881
42776,0.2339946062798,3.5435999057144,0.1759019248347,0.4697570389634,0.2932986116189,0.0000001036881
42786,0.2339907076023,3.5435408643833,0.1758550908145,0.4697573139216,0.2932778026644,0.0000001036881
42791,0.2339895295687,3.5435230243142,0.1758082567942,0.4697399335864,0.2932512712431,0.0000001036881
42818,0.2339944821485,3.5435980258774,0.1757614227740,0.4697029843888,0.2932190646453,0.0000001016143
42827,0.2340041388656,3.5437442666066,0.1756437895544,0.4697052844332,0.2931715411492,0.0000001016143
42837,0.2340050843395,3.5437585848054,0.1755969555342,0.4697592498778,0.2931709454009,0.0000001016143
42845,0.2340017697036,3.5437083881632,0.1755969555342,0.4697484113298,0.2931663642118,0.0000001016143
42857,0.2340094297518,3.5438243914617,0.1755626440087,0.4697731899682,0.2931621502249,0.0000001016143
42886,0.2340111482829,3.5438504167911,0.1754450107891,0.4697342568804,0.2930981995704,0.0000001016143
42915,0.2340065930019,3.5437814318959,0.1753981767688,0.4697878822656,0.2930963036390,0.0000000995820
42916,0.2340088772145,3.5438160238707,0.1753513427486,0.4697587373089,0.2930663124771,0.0000000995820
42918,0.2340043517788,3.5437474909515,0.1753513427486,0.4697241107881,0.2930529761263,0.0000000995820
42934,0.2340010339094,3.5436972453412,0.1753981767688,0.4696585838723,0.2930489344073,0.0000000995820
42939,0.2339926489100,3.5435702634263,0.1753981767688,0.4696563161226,0.2930463277111,0.0000000995820
42953,0.2339874503534,3.5434915368066,0.1753513427486,0.4695956627698,0.2930034801001,0.0000000995820
42958,0.2339904097423,3.5435363536089,0.1753513427486,0.4695771391129,0.2929974986631,0.0000000995820
42961,0.2339907015424,3.5435407726116,0.1752374778468,0.4696163865451,0.2929627788881,0.0000000995820
42968,0.2339825520348,3.5434173569715,0.1752053589975,0.4696059803145,0.2929435508330,0.0000000995820
42978,0.2339843901258,3.5434451929073,0.1752396705230,0.4695559227297,0.2929407719403,0.0000000995820
42986,0.2339804027269,3.5433848079843,0.1751928365027,0.4695558904350,0.2929198342409,0.0000000995820
42993,0.2339875031362,3.5434923361451,0.1750752032831,0.4695559227297,0.2928709530540,0.0000000975904
43003,0.2339818159777,3.5434062101669,0.1749575700635,0.4695063074607,0.2928016004013,0.0000000975904
43005,0.2339780188819,3.5433487071827,0.1749107360433,0.4695591659545,0.2927995930484,0.0000000975904
43022,0.2339771822458,3.5433360372177,0.1749107360433,0.4695430704571,0.2927936653773,0.0000000975904
43024,0.2339748605759,3.5433008779903,0.1749107360433,0.4695391999847,0.2927917855651,0.0000000975904
43027,0.2339679265980,3.5431958702561,0.1748817684773,0.4695320951780,0.2927753476105,0.0000000975904
43040,0.2339643005276,3.5431409572697,0.1748349344571,0.4695252142999,0.2927520414161,0.0000000975904
43042,0.2339663477957,3.5431719609722,0.1747881004368,0.4694875264593,0.2927189484503,0.0000000975904
43067,0.2339621210227,3.5431079509822,0.1747881004368,0.4694830813312,0.2927164551675,0.0000000975904
43076,0.2339617946402,3.5431030082650,0.1747881004368,0.4694370884429,0.2926999591969,0.0000000975904
43078,0.2339699264999,3.5432261566486,0.1747881004368,0.4694026922262,0.2926894173751,0.0000000975904
43109,0.2339795810585,3.5433723646884,0.1747412664166,0.4694481487543,0.2926876489605,0.0000000956386
43130,0.2339801664018,3.5433812290911,0.1746236331970,0.4695677558287,0.2926800769665,0.0000000956386
43134,0.2339736249289,3.5432821654288,0.1745767991767,0.4695626999868,0.2926567978415,0.0000000956386
43161,0.2339818634590,3.5434069292221,0.1745299651565,0.4695870842201,0.2926472001726,0.0000000956386
43167,0.2339867342360,3.5434806919678,0.1744831311363,0.4696353991011,0.2926454275022,0.0000000956386
43194,0.2339832174642,3.5434274341933,0.1744684159653,0.4696515463670,0.2926441342871,0.0000000937258
43202,0.2339843948289,3.5434452641310,0.1744215819451,0.4696149417224,0.2926112417692,0.0000000937258
43207,0.2339841080306,3.5434409208752,0.1744215819451,0.4696053302448,0.2926077476419,0.0000000937258
43218,0.2339865293095,3.5434775885746,0.1743039487255,0.4696317948542,0.2925673038966,0.0000000937258
43231,0.2339863262980,3.5434745141804,0.1742571147053,0.4696702582626,0.2925609256028,0.0000000937258
43250,0.2339890554354,3.5435158440692,0.1742102806850,0.4696294146229,0.2925268516808,0.0000000937258
43301,0.2339850946065,3.5434558615193,0.1740926474654,0.4696760096549,0.2924922297776,0.0000000918513
43304,0.2339965511142,3.5436293581671,0.1739750142458,0.4697343832327,0.2924651182129,0.0000000918513
43310,0.2339968874950,3.5436344522969,0.1739750142458,0.4696459608057,0.2924336108563,0.0000000918513
43327,0.2339933728657,3.5435812269675,0.1739281802256,0.4697042020110,0.2924335864290,0.0000000918513
43328,0.2339970410261,3.5436367773624,0.1738938687001,0.4697335738588,0.2924301574695,0.0000000918513
43330,0.2339986923469,3.5436617848627,0.1738470346799,0.4696774680307,0.2923904018052,0.0000000918513
43336,0.2339918079497,3.5435575279760,0.1738470346799,0.4696726168153,0.2923871940003,0.0000000918513
43337,0.2339892132732,3.5435182343545,0.1737441166312,0.4697583831708,0.2923731611043,0.0000000918513
43338,0.2339954428727,3.5436125750255,0.1736972826109,0.4697288196060,0.2923438658795,0.0000000918513
43343,0.2339957801683,3.5436176830091,0.1735796493913,0.4697373987294,0.2922965878928,0.0000000918513
43355,0.2339985946093,3.5436603047303,0.1735328153711,0.4696608593597,0.2922497837752,0.0000000918513
43367,0.2339995820913,3.5436752590981,0.1734859813508,0.4697036509949,0.2922452063824,0.0000000900143
43373,0.2339994454249,3.5436731894296,0.1734391473306,0.4696859466980,0.2922187824106,0.0000000900143
43382,0.2340046890355,3.5437525983456,0.1733923133104,0.4696333007512,0.2921810321946,0.0000000900143
43391,0.2340068257479,3.5437849565869,0.1733923133104,0.4695585774817,0.2921548031796,0.0000000900143
43396,0.2339966001211,3.5436301003244,0.1733923133104,0.4695475343956,0.2921486680145,0.0000000900143
43398,0.2339993678092,3.5436720140221,0.1733923133104,0.4695362391477,0.2921452270734,0.0000000900143
43401,0.2339938466989,3.5435884026689,0.1733923133104,0.4695206658484,0.2921384820858,0.0000000900143
43402,0.2339829479984,3.5434233534194,0.1733923133104,0.4694791689029,0.2921213263123,0.0000000900143
43430,0.2339838132291,3.5434364564198,0.1732746800908,0.4694788918050,0.2920709985184,0.0000000900143
43433,0.2339820430407,3.5434096487958,0.1732240777527,0.4694591466882,0.2920418806485,0.0000000900143
43449,0.2339855446470,3.5434626769056,0.1731772437325,0.4694780091470,0.2920292958622,0.0000000900143
43450,0.2339883962018,3.5435058606754,0.1731772437325,0.4694702758247,0.2920271450088,0.0000000900143
