0,0.2063240533919,3.124558757017,0.5553584234398,0.3201241934734,0.3965531191558,10
1,0.2063306019596,3.124657928122,0.5553584234398,0.3200618279619,0.3965322490234,10.0000000000000
2,0.2063241467965,3.1245601715298,0.5552407902202,0.3199739817097,0.3964490778757,10.0000000000000
3,0.2063211904900,3.1245154014061,0.5552407902202,0.3199282580346,0.3964321144974,10.0000000000000
4,0.2063213162061,3.1245173052439,0.5551231570006,0.3199470208065,0.3963884281896,9.8000000000000
5,0.2063262537065,3.1245920784454,0.5551231570006,0.3199342436981,0.3963849229724,9.8000000000000
6,0.2063399459822,3.1247994334249,0.5551231570006,0.3196252034696,0.3962774855213,9.6040000000000
8,0.2063365662036,3.1247482502665,0.5551231570006,0.3195701329763,0.3962570932497,9.4119200000000
11,0.2063501683618,3.1249542405129,0.5551231570006,0.3195036782545,0.3962362741687,9.2236816000000
12,0.2063543316488,3.1250172890745,0.5551231570006,0.3194027231320,0.3962011109007,9.0392079680000
13,0.2063552316816,3.1250309191161,0.5550763229804,0.3193870759629,0.3961756437673,9.0392079680000
14,0.2063413798590,3.1248211479673,0.5550763229804,0.3188577740186,0.3959836391109,8.8584238086400
15,0.2063398331468,3.1247977246529,0.5550763229804,0.3187864593577,0.3959578381508,8.8584238086400
16,0.2063501848494,3.1249544901992,0.5550294889601,0.3187580124424,0.3959298250372,8.6812553324672
18,0.2063616033492,3.1251274112574,0.5549826549399,0.3187989507829,0.3959268209715,8.5076302258179
19,0.2063624416699,3.1251401067343,0.5549826549399,0.3187965258624,0.3959261345686,8.5076302258179
20,0.2063656896741,3.1251892943102,0.5549358209197,0.3186252094198,0.3958455744028,8.3374776213015
21,0.2063627400543,3.1251446254497,0.5549358209197,0.3184664309689,0.3957882357518,8.3374776213015
22,0.2063663778046,3.1251997153160,0.5549358209197,0.3184273826163,0.3957750694295,8.1707280688755
25,0.2063703191059,3.1252594021400,0.5550066201191,0.3183289427196,0.3957710994022,8.0073135074980
26,0.2063699348079,3.1252535823540,0.5548889868994,0.3183494181450,0.3957279154675,7.8471672373480
27,0.2063676844040,3.1252195023761,0.5548889868994,0.3183486837918,0.3957271709691,7.8471672373480
28,0.2063619588582,3.1251327950630,0.5548889868994,0.3182074883003,0.3956755171052,7.6902238926010
29,0.2063614026512,3.1251243718994,0.5547713536798,0.3182201755579,0.3956295148444,7.6902238926010
30,0.2063529505876,3.1249963743686,0.5546537204602,0.3181630740723,0.3955568960633,7.5364194147490
31,0.2063611521843,3.1251205788436,0.5546537204602,0.3180485592409,0.3955177553942,7.5364194147490
32,0.2063649058320,3.1251774238527,0.5546537204602,0.3178944156407,0.3954635084615,7.3856910264540
33,0.2063731095181,3.1253016599702,0.5545360872406,0.3178525283847,0.3953998924229,7.3856910264540
34,0.2063729762525,3.1252996418037,0.5545829212608,0.3176017937759,0.3953303875144,7.2379772059250
35,0.2063745530927,3.1253235213752,0.5545829212608,0.3175224647560,0.3953023936159,7.2379772059250
36,0.2063702243098,3.1252579665539,0.5545829212608,0.3174685616046,0.3952822148941,7.0932176618065
37,0.2063647509580,3.1251750784504,0.5545360872406,0.3173468091322,0.3952174872842,7.0932176618065
38,0.2063680016677,3.1252243069980,0.5544184540209,0.3172903787362,0.3951476159150,6.9513533085703
39,0.2063730901289,3.1253013663418,0.5544184540209,0.3172718309317,0.3951420820836,6.9513533085703
40,0.2063738600655,3.1253130262134,0.5543008208013,0.3172199064592,0.3950732883786,6.8123262423989
41,0.2063693484575,3.1252447026998,0.5543476548216,0.3171647248313,0.3950726856042,6.8123262423989
49,0.2063904015372,3.1255635292421,0.5543236896424,0.3168756153507,0.3949636728014,6.2834728215212
50,0.2063940936456,3.1256194423055,0.5543236896424,0.3168667156149,0.3949612854904,6.1578033650908
51,0.2063968694036,3.1256614782126,0.5543236896424,0.3168137549099,0.3949429657582,6.1578033650908
52,0.2064084587979,3.1258369872859,0.5543236896424,0.3167054658889,0.3949067745495,6.0346472977890
53,0.2064195137047,3.1260044021136,0.5542768556222,0.3167440630910,0.3949028564501,6.0346472977890
54,0.2064168356640,3.1259638460305,0.5542768556222,0.3163228027312,0.3947518324558,5.9139543518332
55,0.2064224330501,3.1260486125013,0.5543236896424,0.3161986959624,0.3947287797726,5.9139543518332
56,0.2064229743269,3.1260568095633,0.5543705236626,0.3161166140992,0.3947196525323,5.7956752647965
57,0.2064298767225,3.1261613390173,0.5542528904430,0.3161230296055,0.3946730086324,5.7956752647965
58,0.2064353724366,3.1262445657736,0.5542060564228,0.3161134045675,0.3946506770489,5.6797617595006
59,0.2064401354085,3.1263166959270,0.5541592224025,0.3160998144042,0.3946267723330,5.6797617595006
60,0.2064382340067,3.1262879012142,0.5541592224025,0.3159264805412,0.3945644599387,5.5661665243106
66,0.2064424512381,3.1263517667068,0.5541592224025,0.3146639594516,0.3941144632420,5.2388314033489
67,0.2064459719437,3.1264050840565,0.5540415891829,0.3141150905975,0.3938687788512,5.2388314033489
68,0.2064535746914,3.1265202195992,0.5540884232032,0.3139739747747,0.3938400812262,5.1340547752819
69,0.2064597290311,3.1266134205402,0.5539707899835,0.3133260883049,0.3935595977513,5.1340547752819
70,0.2064621321906,3.1266498138403,0.5540176240038,0.3131359095339,0.3935122634474,5.0313736797763
74,0.2064667454155,3.1267196762337,0.5541352572234,0.3129113574672,0.3934834690659,4.8321312820572
75,0.2064517292798,3.1264922728001,0.5541352572234,0.3128474177134,0.3934574156962,4.8321312820572
76,0.2064570376953,3.1265726631162,0.5540176240038,0.3129033837157,0.3934281268348,4.7354886564160
77,0.2064580126968,3.1265874284793,0.5538999907841,0.3114869624270,0.3928720567807,4.7354886564160
78,0.2064545160486,3.1265344754545,0.5538531567639,0.3114297743212,0.3928308114525,4.6407788832877
80,0.2064590749007,3.1266035144304,0.5538531567639,0.3114185051773,0.3928277636552,4.5479633056219
3371,0.2098502847772,3.1779597879341,0.4996480369114,0.3668907196866,0.3901351910166,0.0000001403905
3372,0.2098493197618,3.1779451737998,0.4996480369114,0.3668305283870,0.3901134873349,0.0000001403905
3374,0.2098531296751,3.1780028708922,0.4996948709316,0.3667583869237,0.3901086106595,0.0000001403905
3375,0.2098587189344,3.1780875142913,0.4996948709316,0.3648168121393,0.3894163887921,0.0000001403905
3383,0.2098542084025,3.1780192070734,0.4996948709316,0.3646924760265,0.3893710164949,0.0000001375827
3390,0.2098547880066,3.1780279845621,0.4996948709316,0.3646436527201,0.3893537038007,0.0000001375827
3392,0.2098596399367,3.1781014618929,0.4996480369114,0.3646544924122,0.3893385430956,0.0000001375827
3397,0.2098579472664,3.1780758281994,0.4996012028911,0.3646608169992,0.3893203674387,0.0000001375827
3398,0.2098528096798,3.1779980249030,0.4995543688709,0.3646807960435,0.3893063301773,0.0000001375827
3399,0.2098553725822,3.1780368373400,0.4994367356513,0.3646916442407,0.3892603394898,0.0000001375827
3401,0.2098602791432,3.1781111419967,0.4993899016310,0.3647315059217,0.3892555554874,0.0000001348310
3402,0.2098552833035,3.1780354853086,0.4993899016310,0.3647203754213,0.3892505097717,0.0000001348310
3404,0.2098552701692,3.1780352864037,0.4993899016310,0.3642640679648,0.3890875400084,0.0000001348310
3405,0.2098608437596,3.1781196925138,0.4992722684114,0.3642059406124,0.3890175603435,0.0000001348310
3406,0.2098598666148,3.1781048946927,0.4992722684114,0.3640942312870,0.3889774547677,0.0000001348310
3410,0.2098749086869,3.1783326909054,0.4992722684114,0.3640769773534,0.3889745159497,0.0000001348310
3413,0.2098804922710,3.1784172483598,0.4991546351918,0.3639476898353,0.3888791240815,0.0000001348310
3417,0.2098763563066,3.1783546135697,0.4991546351918,0.3639063914891,0.3888634883940,0.0000001348310
3419,0.2098755715019,3.1783427285349,0.4991078011716,0.3638104485784,0.3888089831734,0.0000001321344
3422,0.2098838058472,3.1784674289535,0.4991078011716,0.3637611384087,0.3887931369010,0.0000001321344
3425,0.2098929438648,3.1786058145293,0.4990864914444,0.3637247978969,0.3887729835532,0.0000001321344
3429,0.2098907384021,3.1785724151375,0.4990396574242,0.3636989672793,0.3887432140106,0.0000001321344
3430,0.2098884437272,3.1785376647226,0.4990396574242,0.3636795536093,0.3887357888409,0.0000001321344
3431,0.2098838320659,3.1784678260073,0.4989220242046,0.3637042591737,0.3886932098067,0.0000001321344
3433,0.2098880434563,3.1785316030444,0.4989220242046,0.3637013318305,0.3886930667678,0.0000001321344
3436,0.2098862401309,3.1785042935967,0.4988043909850,0.3637060744933,0.3886439599121,0.0000001321344
3440,0.2098888212869,3.1785433824636,0.4986867577653,0.3636835127953,0.3885860410307,0.0000001294917
3442,0.2098859353272,3.1784996776669,0.4986867577653,0.3635720112614,0.3885456006343,0.0000001294917
3443,0.2098806236924,3.1784192385967,0.4986867577653,0.3634908553292,0.3885154781654,0.0000001294917
3444,0.2098826757747,3.1784503152052,0.4986867577653,0.3633999211020,0.3884834413876,0.0000001294917
3446,0.2098848954132,3.1784839292747,0.4986399237451,0.3633636361023,0.3884508863730,0.0000001294917
3448,0.2098898278109,3.1785586252017,0.4986399237451,0.3632996776452,0.3884291010093,0.0000001294917
3451,0.2099011891286,3.1787306802967,0.4986867577653,0.3631735249178,0.3884065527548,0.0000001294917
3453,0.2099007059276,3.1787233627301,0.4986867577653,0.3631688506590,0.3884047798336,0.0000001294917
3458,0.2099065992670,3.1788126111000,0.4985691245457,0.3631574754319,0.3883515658739,0.0000001269019
3459,0.2099077771460,3.1788304488257,0.4985691245457,0.3631490263411,0.3883488007441,0.0000001269019
3460,0.2099133203106,3.1789143941697,0.4986159585660,0.3630758529313,0.3883439269274,0.0000001269019
3467,0.2099130912455,3.1789109252212,0.4986159585660,0.3630429725552,0.3883321348506,0.0000001269019
3474,0.2099121068931,3.1788960182493,0.4986159585660,0.3629917244921,0.3883136210382,0.0000001269019
3476,0.2099051553993,3.1787907452555,0.4986159585660,0.3629161248934,0.3882851315758,0.0000001243639
3477,0.2099068762620,3.1788168058948,0.4986159585660,0.3628992552830,0.3882794754712,0.0000001243639
3482,0.2099077608851,3.1788302025716,0.4985691245457,0.3628520444511,0.3882427322989,0.0000001243639
3485,0.2099032271233,3.1787615435629,0.4984748394708,0.3628720129354,0.3882084844908,0.0000001243639
3486,0.2098991252620,3.1786994252283,0.4983572062511,0.3629035691621,0.3881684613645,0.0000001243639
3487,0.2098976972201,3.1786777990491,0.4983103722309,0.3628590183310,0.3881321726215,0.0000001243639
3488,0.2098910703569,3.1785774422409,0.4983103722309,0.3627894325239,0.3881059005054,0.0000001243639
3490,0.2098957393475,3.1786481491480,0.4981927390113,0.3626573624783,0.3880093188930,0.0000001243639
3492,0.2099025612991,3.1787514603622,0.4981927390113,0.3626318830047,0.3880016809278,0.0000001243639
3496,0.2098989077693,3.1786961315324,0.4981927390113,0.3624909904892,0.3879505792730,0.0000001218766
3498,0.2099124325317,3.1789009496999,0.4981927390113,0.3624494587898,0.3879386446866,0.0000001218766
3500,0.2099159026061,3.1789535002935,0.4981459049911,0.3624126024730,0.3879061535807,0.0000001218766
3503,0.2099203736288,3.1790212091867,0.4981459049911,0.3623846423543,0.3878971259003,0.0000001218766
3508,0.2099265119542,3.1791141676079,0.4981459049911,0.3623658012793,0.3878917123004,0.0000001218766
3511,0.2099291556871,3.1791542041353,0.4980282717714,0.3624078530094,0.3878568830526,0.0000001218766
3513,0.2099370099770,3.1792731490182,0.4979106385518,0.3623858902722,0.3878003080431,0.0000001218766
3514,0.2099438224964,3.1793763173925,0.4977930053322,0.3623632146288,0.3877432551876,0.0000001218766
3515,0.2099610511296,3.1796372267532,0.4977930053322,0.3623117310226,0.3877285600354,0.0000001194391
3518,0.2099597164061,3.1796170137818,0.4977461713120,0.3623021213838,0.3877047702864,0.0000001194391
3519,0.2099594158617,3.1796124623558,0.4976993372917,0.3622837039419,0.3876780565032,0.0000001194391
3520,0.2099696052975,3.1797667705449,0.4976525032715,0.3623157636903,0.3876716181409,0.0000001194391
3524,0.2099700531839,3.1797735533082,0.4976525032715,0.3622686701678,0.3876548950014,0.0000001194391
3535,0.2099773292130,3.1798837410451,0.4976525032715,0.3622057999354,0.3876340004961,0.0000001170503
3538,0.2099706161223,3.1797820784138,0.4976056692513,0.3620964131443,0.3875734235426,0.0000001170503
3540,0.2099756452497,3.1798582392091,0.4974880360316,0.3621130955788,0.3875300449881,0.0000001170503
3549,0.2099760661995,3.1798646140470,0.4974880360316,0.3620769375479,0.3875172216092,0.0000001170503
3550,0.2099723073960,3.1798076909579,0.4974880360316,0.3620704971953,0.3875141160253,0.0000001170503
3551,0.2099682348768,3.1797460169774,0.4974880360316,0.3619722295736,0.3874781477634,0.0000001170503
3553,0.2099630183638,3.1796670184256,0.4975348700519,0.3618536238409,0.3874547424719,0.0000001170503
3558,0.2099628584162,3.1796645961899,0.4974880360316,0.3617587455383,0.3874007513664,0.0000001147093
3559,0.2099609988173,3.1796364345391,0.4974412020114,0.3616016449986,0.3873241738224,0.0000001147093
3561,0.2099706852986,3.1797831260141,0.4974412020114,0.3615717643780,0.3873155778467,0.0000001147093
3562,0.2099722780807,3.1798072470086,0.4974412020114,0.3613256812285,0.3872280323181,0.0000001147093
3565,0.2099775777328,3.1798875046142,0.4973235687918,0.3613974835906,0.3872043974216,0.0000001147093
3569,0.2099808041068,3.1799363646231,0.4973235687918,0.3613432858777,0.3871857324614,0.0000001147093
3571,0.2099926138104,3.1801152100475,0.4973235687918,0.3612848332129,0.3871673871605,0.0000001147093
3572,0.2099867727646,3.1800267536086,0.4973235687918,0.3612877930385,0.3871671925883,0.0000001147093
3574,0.2099814243031,3.1799457568376,0.4973235687918,0.3612503169380,0.3871526621679,0.0000001147093
3580,0.2099858422903,3.1800126625630,0.4972767347716,0.3612891922256,0.3871474211877,0.0000001124151
3583,0.2099977802620,3.1801934504711,0.4972767347716,0.3612509272829,0.3871363132735,0.0000001124151
3585,0.2100010333281,3.1802427147040,0.4972299007513,0.3612964172832,0.3871331850649,0.0000001124151
3589,0.2100040437912,3.1802883049726,0.4972299007513,0.3612379607037,0.3871129528143,0.0000001124151
3591,0.2100053536308,3.1803081411020,0.4972299007513,0.3611670803334,0.3870879190762,0.0000001124151
3592,0.2100045708389,3.1802962865496,0.4971830667311,0.3610703679651,0.3870331394806,0.0000001124151
3593,0.2100033467757,3.1802777494126,0.4971362327109,0.3609809098747,0.3869808561404,0.0000001124151
3594,0.2100043327398,3.1802926807919,0.4970893986906,0.3609539023466,0.3869513501497,0.0000001124151
3595,0.2100051993290,3.1803058043649,0.4969717654710,0.3608792448551,0.3868744582206,0.0000001124151
3599,0.2100074563877,3.1803399851231,0.4969249314508,0.3605903206017,0.3867516829197,0.0000001101668
3600,0.2100092744050,3.1803675170658,0.4969249314508,0.3605158712138,0.3867254834278,0.0000001101668
3601,0.2100045123608,3.1802954009619,0.4969249314508,0.3604781313177,0.3867109844554,0.0000001101668
3602,0.2100092290994,3.1803668309604,0.4968072982312,0.3605245390483,0.3866781551376,0.0000001101668
3607,0.2100139693272,3.1804386166778,0.4968072982312,0.3604822384368,0.3866640635395,0.0000001101668
3613,0.2100224348252,3.1805668176590,0.4966896650115,0.3605235306066,0.3866302105413,0.0000001101668
3616,0.2100220828482,3.1805614873396,0.4966896650115,0.3604647821072,0.3866091535107,0.0000001101668
3619,0.2100303559367,3.1806867744824,0.4966896650115,0.3604259298985,0.3865970505266,0.0000001079634
3622,0.2100306709275,3.1806915446843,0.4965720317919,0.3603707776574,0.3865270065586,0.0000001079634
3629,0.2100399869630,3.1808326261524,0.4965720317919,0.3602945174231,0.3865017670540,0.0000001079634
3630,0.2100457503833,3.1809199070336,0.4965720317919,0.3601828359151,0.3864631158198,0.0000001079634
3631,0.2100411435394,3.1808501412746,0.4964543985723,0.3601267911725,0.3863916984225,0.0000001079634
3634,0.2100348571306,3.1807549402866,0.4964543985723,0.3601239718719,0.3863893444418,0.0000001079634
3636,0.2100238874793,3.1805888165621,0.4964543985723,0.3600668941083,0.3863666088866,0.0000001079634
3640,0.2100301928611,3.1806843048755,0.4964543985723,0.3599893613301,0.3863402697619,0.0000001058042
3642,0.2100328288625,3.1807242243183,0.4964543985723,0.3598477622823,0.3862902635309,0.0000001058042
3649,0.2100432980021,3.1808827683242,0.4963367653527,0.3598394667781,0.3862391300009,0.0000001058042
3652,0.2100510490904,3.1810001503274,0.4963367653527,0.3597748112760,0.3862176996977,0.0000001058042
3660,0.2100630514808,3.1811819137897,0.4963367653527,0.3597285739089,0.3862037582931,0.0000001036881
3661,0.2100625273166,3.1811739758789,0.4962191321330,0.3597154043521,0.3861485283220,0.0000001036881
3671,0.2100609560119,3.1811501801372,0.4961014989134,0.3596507853467,0.3860746991607,0.0000001036881
3674,0.2100502325145,3.1809877841537,0.4961014989134,0.3596118886789,0.3860585096013,0.0000001036881
3676,0.2100526186879,3.1810239202160,0.4960546648932,0.3596429952669,0.3860500586970,0.0000001036881
3677,0.2100586150413,3.1811147286231,0.4959370316736,0.3596696193405,0.3860104379906,0.0000001036881
3683,0.2100627530322,3.1811773941023,0.4959370316736,0.3596490166855,0.3860039666118,0.0000001016143
3684,0.2100606162538,3.1811450348613,0.4959370316736,0.3595902002982,0.3859825028781,0.0000001016143
3688,0.2100603795660,3.1811414504754,0.4958901976533,0.3596382901605,0.3859795553872,0.0000001016143
3689,0.2100537069604,3.1810404009483,0.4958433636331,0.3583305655066,0.3854910093009,0.0000001016143
3690,0.2100572583843,3.1810941834926,0.4958433636331,0.3582281270121,0.3854551851437,0.0000001016143
3696,0.2100537443342,3.1810409669347,0.4958433636331,0.3581929900725,0.3854418832260,0.0000001016143
3697,0.2100533308007,3.1810347044087,0.4958433636331,0.3581488162071,0.3854260182312,0.0000001016143
3710,0.2100468289499,3.1809362407809,0.4957965296129,0.3581458626723,0.3854034984206,0.0000000995820
3712,0.2100493876344,3.1809749893408,0.4957496955926,0.3581225963492,0.3853756655861,0.0000000995820
3719,0.2100509208996,3.1809982090142,0.4957496955926,0.3581149838379,0.3853732753888,0.0000000995820
3721,0.2100517533737,3.1810108159511,0.4957496955926,0.3580454987557,0.3853486376754,0.0000000995820
3726,0.2100569574078,3.1810896255236,0.4957496955926,0.3562704715160,0.3847158145257,0.0000000975904
3729,0.2100596604122,3.1811305596551,0.4957496955926,0.3562486955113,0.3847086165963,0.0000000975904
3735,0.2100627221801,3.1811769268796,0.4957028615724,0.3562244141411,0.3846805290486,0.0000000975904
3736,0.2100665477237,3.1812348606759,0.4957028615724,0.3561621607524,0.3846591154548,0.0000000975904
3737,0.2100640015507,3.1811963015899,0.4957028615724,0.3561615564880,0.3846583540376,0.0000000975904
3745,0.2100696303587,3.1812815439102,0.4957028615724,0.3561201803555,0.3846447830206,0.0000000975904
3752,0.2100773516206,3.1813984742260,0.4955852283528,0.3561181848829,0.3845953106709,0.0000000956386
3753,0.2100837279259,3.1814950366000,0.4954675951332,0.3559729577096,0.3844943959375,0.0000000956386
3758,0.2100909174673,3.1816039145730,0.4954207611129,0.3559919982107,0.3844826650095,0.0000000956386
3759,0.2100836510661,3.1814938726402,0.4954207611129,0.3559260606907,0.3844575588093,0.0000000956386
3762,0.2100871282766,3.1815465313016,0.4954207611129,0.3559013275353,0.3844494706560,0.0000000956386
3763,0.2100913400139,3.1816103135918,0.4953031278933,0.3559140173212,0.3844044910006,0.0000000956386
3766,0.2100868717279,3.1815426461447,0.4953031278933,0.3557759729873,0.3843542319629,0.0000000956386
3767,0.2100949102564,3.1816643811252,0.4953031278933,0.3557434423866,0.3843443364330,0.0000000956386
3768,0.2101002077356,3.1817446058233,0.4953031278933,0.3557193088488,0.3843368524865,0.0000000956386
3770,0.2101006152597,3.1817507773428,0.4953031278933,0.3557080233083,0.3843329092629,0.0000000937258
3772,0.2101022493009,3.1817755231624,0.4952562938731,0.3556604127999,0.3842961839386,0.0000000937258
3778,0.2101049287257,3.1818161002064,0.4952562938731,0.3556495466437,0.3842928773310,0.0000000937258
3779,0.2101140026339,3.1819535149134,0.4951386606535,0.3555576557718,0.3842115893344,0.0000000937258
3780,0.2101259481943,3.1821344177450,0.4951386606535,0.3555196348547,0.3842005701984,0.0000000937258
3792,0.2101284515300,3.1821723281055,0.4950918266332,0.3555041538085,0.3841755059594,0.0000000937258
3794,0.2101362430455,3.1822903223363,0.4950449926130,0.3555329267523,0.3841673798983,0.0000000918513
3796,0.2101369380343,3.1823008472049,0.4950449926130,0.3553928330554,0.3841174953613,0.0000000918513
3797,0.2101390167152,3.1823323266208,0.4950449926130,0.3553817612530,0.3841139865778,0.0000000918513
3800,0.2101424514200,3.1823843415777,0.4949981585928,0.3553796923087,0.3840939119543,0.0000000918513
3801,0.2101496893531,3.1824939523916,0.4949981585928,0.3553487349467,0.3840844067392,0.0000000918513
3805,0.2101526677412,3.1825390569170,0.4949981585928,0.3553447103481,0.3840836076086,0.0000000918513
3806,0.2101561879836,3.1825923672512,0.4949513245725,0.3553982957489,0.3840834278665,0.0000000918513
3807,0.2101505504881,3.1825069933662,0.4948336913529,0.3553833844897,0.3840264801450,0.0000000918513
3811,0.2101513031633,3.1825183918327,0.4947868573327,0.3553541090855,0.3839961142081,0.0000000918513
3812,0.2101514958121,3.1825213092954,0.4946692241131,0.3553594190100,0.3839476376546,0.0000000918513
3814,0.2101529579918,3.1825434524544,0.4946223900928,0.3553926937076,0.3839397630764,0.0000000918513
3817,0.2101576601012,3.1826146609089,0.4945047568732,0.3553296763003,0.3838678502174,0.0000000900143
3823,0.2101689522750,3.1827856688935,0.4945047568732,0.3536613517072,0.3832744397571,0.0000000900143
3825,0.2101701623707,3.1828039945095,0.4944579228530,0.3536544097338,0.3832521480642,0.0000000900143
3827,0.2101685857936,3.1827801189218,0.4944579228530,0.3533877421508,0.3831565718038,0.0000000900143
3829,0.2101758437245,3.1828900325812,0.4944579228530,0.3533413364484,0.3831415536095,0.0000000900143
3831,0.2101682952003,3.1827757181957,0.4944110888327,0.3533767923134,0.3831325271546,0.0000000900143
3832,0.2101802773856,3.1829571756721,0.4942934556131,0.3533238577787,0.3830657753378,0.0000000900143
3836,0.2101898939733,3.1831028086831,0.4942934556131,0.3533023323096,0.3830601483676,0.0000000900143
