0,0.2063240533919,3.124558757017,0.5553584234398,0.3201241934734,0.3965531191558,10
2,0.2063246483584,3.124567767152,0.5553584234398,0.3200390204321,0.3965228277053,10.0000000000000
3,0.2063290659891,3.1246346674796,0.5553584234398,0.3193590914526,0.3962809425621,10.0000000000000
4,0.2063324725492,3.1246862562162,0.5553115894196,0.3194039601093,0.3962776253366,9.8000000000000
5,0.2063331640902,3.1246967288710,0.5553115894196,0.3193344886027,0.3962529622715,9.8000000000000
6,0.2063272883640,3.1246077472350,0.5553584234398,0.3186486813221,0.3960268437387,9.6040000000000
8,0.2063217222323,3.1245234540799,0.5553115894196,0.3186972684980,0.3960229318361,9.4119200000000
9,0.2063192888531,3.1244866031339,0.5553115894196,0.3186587026863,0.3960086368935,9.4119200000000
11,0.2063388199219,3.1247823804382,0.5553115894196,0.3186033903738,0.3959930677252,9.2236816000000
12,0.2063442779342,3.1248650362399,0.5553115894196,0.3185455968624,0.3959735967595,9.0392079680000
15,0.2063577215726,3.1250686258713,0.5551471221798,0.3181399581276,0.3957611206024,8.8584238086400
16,0.2063628494048,3.1251462814463,0.5551471221798,0.3181127581665,0.3957525051518,8.6812553324672
18,0.2063729999467,3.1253000006283,0.5551002881595,0.3179733970107,0.3956848367036,8.5076302258179
19,0.2063813960960,3.1254271513955,0.5551002881595,0.3174920610679,0.3955147301846,8.5076302258179
20,0.2063856646435,3.1254917940162,0.5550534541393,0.3174540770164,0.3954820074177,8.3374776213015
21,0.2063810662373,3.1254221560360,0.5550534541393,0.3174251218666,0.3954706809200,8.3374776213015
22,0.2063784436692,3.1253824400254,0.5550066201191,0.3174777941234,0.3954688587385,8.1707280688755
23,0.2063783978817,3.1253817466232,0.5548889868994,0.3172175349166,0.3953254849732,8.1707280688755
24,0.2063850756439,3.1254828742432,0.5548889868994,0.3170856302374,0.3952798071082,8.0073135074980
25,0.2063862158070,3.1255001408021,0.5547713536798,0.3167970537401,0.3951265741571,8.0073135074980
28,0.2063962475231,3.1256520604924,0.5547713536798,0.3167884488147,0.3951256506230,7.6902238926010
30,0.2063998117910,3.1257060375464,0.5548181877000,0.3166783385689,0.3951071610299,7.5364194147490
