0,0.2063240533919,3.124558757017,0.5553584234398,0.3201241934734,0.3965531191558,1000
1,0.2063304989634,3.124656368354,0.5554052574601,0.3200210141295,0.396537722307,1000.0000000000000
6,0.2063401305273,3.1248022281648,0.5552876242404,0.3197841037462,0.3964047611254,960.4000000000000
7,0.2063403306451,3.1248052587369,0.5552876242404,0.3197730809143,0.3964008672821,941.1920000000000
8,0.2063368134615,3.1247519947251,0.5552876242404,0.3197459027267,0.3963904071043,941.1920000000000
9,0.2063341335768,3.1247114107162,0.5552876242404,0.3195904664309,0.3963343198806,922.3681600000000
10,0.2063403561493,3.1248056449711,0.5552876242404,0.3191665317076,0.3961842480306,922.3681600000000
13,0.2063576017284,3.1250668109578,0.5551939562000,0.3192509816151,0.3961779607472,885.8423808639999
16,0.2063794241936,3.1253972890267,0.5553115894196,0.3190965902070,0.3961779114381,868.1255332467199
17,0.2063702590368,3.1252584924578,0.5551939562000,0.3191033223043,0.3961279375594,850.7630225817854
18,0.2063646171304,3.1251730517748,0.5551939562000,0.3190855911583,0.3961203960273,850.7630225817854
19,0.2063641806228,3.1251664413301,0.5551471221798,0.3191133660186,0.3961101503600,833.7477621301497
20,0.2063685836008,3.1252331197583,0.5551939562000,0.3189143648987,0.3960600937497,833.7477621301497
22,0.2063716885603,3.1252801410725,0.5551939562000,0.3188502168776,0.3960378490906,817.0728068875467
23,0.2063670320128,3.1252096226049,0.5551939562000,0.3187394287569,0.3959972840731,817.0728068875467
26,0.2063777998822,3.1253726905554,0.5552407902202,0.3183630556326,0.3958852442236,800.7313507497958
27,0.2063847666609,3.1254781950227,0.5552407902202,0.3182230521575,0.3958367358637,784.7167237347999
28,0.2063795196762,3.1253987350097,0.5551231570006,0.3181194161137,0.3957481844000,784.7167237347999
29,0.2063795899391,3.1253997990668,0.5550055237810,0.3180769738246,0.3956826272590,784.7167237347999
40,0.2063714028314,3.1252758140117,0.5546297552810,0.3184171121328,0.3956413072032,723.7977205924956
41,0.2063758966255,3.1253438677530,0.5546297552810,0.3180830387666,0.3955229582425,723.7977205924956
42,0.2063754692957,3.1253373962968,0.5546297552810,0.3180670544533,0.3955171579886,709.3217661806457
43,0.2063827824540,3.1254481463158,0.5545121220614,0.3180392941364,0.3954583964580,709.3217661806457
44,0.2063825812187,3.1254450988210,0.5543944888418,0.3175642057959,0.3952382646919,709.3217661806457
47,0.2063821022490,3.1254378453332,0.5543944888418,0.3172843508221,0.3951382138506,695.1353308570327
48,0.2063754661795,3.1253373491057,0.5543476548216,0.3171845130253,0.3950810637567,681.2326242398921
54,0.2063629549366,3.1251478796133,0.5542768556222,0.3169705286979,0.3949716172880,654.2558123199923
58,0.2063773027000,3.1253651612589,0.5542768556222,0.3165398691154,0.3948208848150,641.1706960735925
60,0.2063805732042,3.1254146895730,0.5541592224025,0.3166578119221,0.3948132938313,641.1706960735925
61,0.2063832416544,3.1254551004180,0.5541592224025,0.3164865638261,0.3947527056078,641.1706960735925
67,0.2063907186011,3.1255683308390,0.5540415891829,0.3166115823354,0.3947485430413,615.7803365090781
68,0.2063908224917,3.1255699041517,0.5540415891829,0.3165989507071,0.3947440540077,615.7803365090781
74,0.2063904709665,3.1255645806753,0.5539947551627,0.3154496753296,0.3943134514660,591.3954351833186
75,0.2063876533731,3.1255219112145,0.5539479211425,0.3154175886776,0.3942813164544,591.3954351833186
76,0.2063882172940,3.1255304511986,0.5539010871222,0.3153940081249,0.3942529439457,591.3954351833186
78,0.2063686807032,3.1252345902703,0.5539010871222,0.3150240708005,0.3941166370604,579.5675264796522
79,0.2063758695212,3.1253434572866,0.5539010871222,0.3145737503985,0.3939573488064,579.5675264796522
80,0.2063758899256,3.1253437662902,0.5539010871222,0.3145064547161,0.3939333190065,579.5675264796522
82,0.2063783683805,3.1253812998589,0.5539010871222,0.3144891927186,0.3939276851048,567.9761759500592
83,0.2063640636461,3.1251646698427,0.5539010871222,0.3141040720214,0.3937870766985,567.9761759500592
84,0.2063811243416,3.1254230359633,0.5539010871222,0.3139207322334,0.3937252540661,567.9761759500592
85,0.2063839443883,3.1254657425776,0.5537834539026,0.3133650509620,0.3934769865279,567.9761759500592
86,0.2063704250843,3.1252610070700,0.5537834539026,0.3132327537339,0.3934268405241,556.6166524310580
87,0.2063706128310,3.1252638502951,0.5536658206830,0.3129162323140,0.3932634231543,556.6166524310580
88,0.2063687814751,3.1252361163542,0.5536658206830,0.3129113127489,0.3932612737334,556.6166524310580
89,0.2063742373118,3.1253187392091,0.5536658206830,0.3128622582429,0.3932449233748,556.6166524310580
90,0.2063816504283,3.1254310029887,0.5536658206830,0.3128497187879,0.3932420335230,545.4843193824369
