0,0.2063240533919,3.124558757017,0.5553584234398,0.3201241934734,0.3965531191558,10
1,0.2063246689259,3.124568078626,0.5553584234398,0.3200114110794,0.3965129716296,10.0000000000000
2,0.2063323117437,3.1246838209873,0.5553584234398,0.3199647927853,0.3964979599855,10.0000000000000
3,0.2063319079883,3.1246777065404,0.5553584234398,0.3198498722603,0.3964568304218,10.0000000000000
3177,0.2101355941985,3.1822804962374,0.5103492166240,0.3673085448355,0.3949317718941,0.0000001753279
3178,0.2101381496672,3.1823191960988,0.5103023826038,0.3673065650096,0.3949115406909,0.0000001753279
3179,0.2101386677707,3.1823270422260,0.5103023826038,0.3672294436787,0.3948841083806,0.0000001753279
3182,0.2101430875701,3.1823939753957,0.5101847493842,0.3672471087816,0.3948409502088,0.0000001753279
3185,0.2101442450422,3.1824115040815,0.5101847493842,0.3672454362091,0.3948406008912,0.0000001753279
3190,0.2101378924795,3.1823153012641,0.5100671161645,0.3672820384466,0.3948018976185,0.0000001753279
3191,0.2101280448246,3.1821661689845,0.5100671161645,0.3672190231206,0.3947772819331,0.0000001718213
3194,0.2101321677850,3.1822286068428,0.5100671161645,0.3672152888200,0.3947768317459,0.0000001718213
3195,0.2101354749583,3.1822786904714,0.5100671161645,0.3671230525781,0.3947445989109,0.0000001718213
3196,0.2101191594900,3.1820316100248,0.5100671161645,0.3670374819631,0.3947105418052,0.0000001718213
3204,0.2101209292810,3.1820584116303,0.5100671161645,0.3670286314090,0.3947077601339,0.0000001718213
3205,0.2101203886385,3.1820502241732,0.5100671161645,0.3668486719883,0.3946433730603,0.0000001718213
3206,0.2101135304687,3.1819463644731,0.5099494829449,0.3668640821878,0.3945969928582,0.0000001718213
3209,0.2101092394995,3.1818813822996,0.5099026489247,0.3668219123938,0.3945609410011,0.0000001683849
3211,0.2101142970464,3.1819579734776,0.5097850157051,0.3667949091270,0.3945019665003,0.0000001683849
3221,0.2101123739074,3.1819288495802,0.5097381816848,0.3667771736570,0.3944751485797,0.0000001683849
3223,0.2101126931242,3.1819336837798,0.5096913476646,0.3667539270303,0.3944468428937,0.0000001683849
3225,0.2101053664534,3.1818227291276,0.5096913476646,0.3667246044011,0.3944348005252,0.0000001650172
3226,0.2101092764036,3.1818819411727,0.5096913476646,0.3666552834255,0.3944108808804,0.0000001650172
3228,0.2101107378105,3.1819040726293,0.5096445136444,0.3666086575045,0.3943744702015,0.0000001650172
3231,0.2101132197528,3.1819416590107,0.5096445136444,0.3665967552468,0.3943707512399,0.0000001650172
3234,0.2101198050834,3.1820413868517,0.5095268804248,0.3664671298001,0.3942754533428,0.0000001650172
3235,0.2101155770033,3.1819773570674,0.5094800464045,0.3664793768553,0.3942588495510,0.0000001650172
3236,0.2101243218051,3.1821097878062,0.5093624131849,0.3664780175270,0.3942098237257,0.0000001650172
3240,0.2101321070264,3.1822276867191,0.5092447799653,0.3664570046190,0.3941535731404,0.0000001650172
3243,0.2101267075406,3.1821459172379,0.5091979459450,0.3663816535796,0.3941054332993,0.0000001617168
3244,0.2101274936831,3.1821578225313,0.5091511119248,0.3663809296034,0.3940852714725,0.0000001617168
3245,0.2101342612612,3.1822603103182,0.5091511119248,0.3662961014946,0.3940564259147,0.0000001617168
3249,0.2101311962667,3.1822138942303,0.5091511119248,0.3661514029722,0.3940040910864,0.0000001617168
3251,0.2101267372091,3.1821463665361,0.5091511119248,0.3661478877334,0.3940018801317,0.0000001617168
3253,0.2101340651085,3.1822573397931,0.5091042779046,0.3661869404831,0.3939973260835,0.0000001617168
3254,0.2101393529788,3.1823374189747,0.5091042779046,0.3661406316522,0.3939819203303,0.0000001617168
3257,0.2101389609352,3.1823314818912,0.5091042779046,0.3661294798533,0.3939778535357,0.0000001617168
3259,0.2101351797913,3.1822742204814,0.5090574438843,0.3660785929855,0.3939387976862,0.0000001584825
3264,0.2101377872520,3.1823137077058,0.5090574438843,0.3660501769237,0.3939292078344,0.0000001584825
3268,0.2101422653553,3.1823815238251,0.5090574438843,0.3659722629266,0.3939023410004,0.0000001584825
3269,0.2101481684265,3.1824709195723,0.5090106098641,0.3659821468984,0.3938870642111,0.0000001584825
3270,0.2101537509733,3.1825554613178,0.5090106098641,0.3659616848823,0.3938809526083,0.0000001584825
3273,0.2101569304263,3.1826036107579,0.5088929766445,0.3659394066978,0.3938232631882,0.0000001584825
3278,0.2101549684904,3.1825738993208,0.5088461426243,0.3658402480226,0.3937673572378,0.0000001553128
3284,0.2101595594655,3.1826434247652,0.5088461426243,0.3657494142213,0.3937359003749,0.0000001553128
3286,0.2101662785210,3.1827451777287,0.5088461426243,0.3656838891726,0.3937139383694,0.0000001553128
3287,0.2101695917347,3.1827953528324,0.5087993086040,0.3656460412965,0.3936810595222,0.0000001553128
3290,0.2101676103285,3.1827653465391,0.5087993086040,0.3655818350577,0.3936577041356,0.0000001553128
3294,0.2101708479978,3.1828143776030,0.5087993086040,0.3655771196593,0.3936567138510,0.0000001522066
3295,0.2101715093209,3.1828243926395,0.5087993086040,0.3655397475095,0.3936435083667,0.0000001522066
3296,0.2101743036890,3.1828667103783,0.5088461426243,0.3654610532587,0.3936360737933,0.0000001522066
3300,0.2101844845993,3.1830208894565,0.5088461426243,0.3653676398151,0.3936048934728,0.0000001522066
3302,0.2101835534243,3.1830067877999,0.5087285094046,0.3653533856737,0.3935491889335,0.0000001522066
3304,0.2101859273376,3.1830427381958,0.5087285094046,0.3653122105855,0.3935349922406,0.0000001522066
3305,0.2101885201537,3.1830820036433,0.5086108761850,0.3652064016829,0.3934473447133,0.0000001522066
3307,0.2101847569977,3.1830250146418,0.5086108761850,0.3651273469064,0.3934183044739,0.0000001522066
3308,0.2101939890200,3.1831648238188,0.5086108761850,0.3646562263414,0.3932520254198,0.0000001522066
3313,0.2102007033758,3.1832665056085,0.5086108761850,0.3646051985298,0.3932352399919,0.0000001491625
3315,0.2102118251930,3.1834349337238,0.5084932429654,0.3645583884195,0.3931704911049,0.0000001491625
3318,0.2102078414036,3.1833746034624,0.5084932429654,0.3643713557502,0.3931028400539,0.0000001491625
3320,0.2102044809613,3.1833237131316,0.5084464089452,0.3643162758478,0.3930623768424,0.0000001491625
3323,0.2101976169802,3.1832197654239,0.5083995749249,0.3643290995674,0.3930454141662,0.0000001491625
3325,0.2101962114019,3.1831984794333,0.5082819417053,0.3643643714097,0.3930072958205,0.0000001491625
3329,0.2101994902546,3.1832481341770,0.5082819417053,0.3642045120013,0.3929509057859,0.0000001461792
3330,0.2101950686544,3.1831811737358,0.5082819417053,0.3641187945298,0.3929193449174,0.0000001461792
3332,0.2101952994699,3.1831846691902,0.5082351076851,0.3640971776820,0.3928916023522,0.0000001461792
3334,0.2101934547630,3.1831567330628,0.5081174744655,0.3641372910597,0.3928551190272,0.0000001461792
3339,0.2101906828624,3.1831147555706,0.5079998412458,0.3640183387567,0.3927616278461,0.0000001461792
3344,0.2101921891497,3.1831375666940,0.5078822080262,0.3639678778682,0.3926935146391,0.0000001461792
3348,0.2101920654991,3.1831356941361,0.5079290420464,0.3638914634782,0.3926862690119,0.0000001432556
3354,0.2102032881736,3.1833056496278,0.5079290420464,0.3637772230633,0.3926478737226,0.0000001432556
3356,0.2102052333179,3.1833351067728,0.5078822080262,0.3637494292694,0.3926182924613,0.0000001432556
3358,0.2102160981813,3.1834996435949,0.5078822080262,0.3637414795519,0.3926177814615,0.0000001432556
3362,0.2102101819039,3.1834100478549,0.5077645748066,0.3637155553721,0.3925568408151,0.0000001432556
3364,0.2102018386689,3.1832836984175,0.5077645748066,0.3636828104920,0.3925433583790,0.0000001403905
3365,0.2102139662934,3.1834673584166,0.5077645748066,0.3636190135164,0.3925231725215,0.0000001403905
3367,0.2102215449272,3.1835821287793,0.5076469415870,0.3636267358940,0.3924771402695,0.0000001403905
3368,0.2102202871702,3.1835630813858,0.5076001075667,0.3635973620066,0.3924463083532,0.0000001403905
3370,0.2102155116316,3.1834907609226,0.5076001075667,0.3634917592733,0.3924075697616,0.0000001403905
3371,0.2102144978104,3.1834754076777,0.5075532735465,0.3634816469697,0.3923836692542,0.0000001403905
3373,0.2102144281568,3.1834743528476,0.5074356403269,0.3634513549741,0.3923224215216,0.0000001403905
3374,0.2102151124091,3.1834847151213,0.5074356403269,0.3634301690759,0.3923150017549,0.0000001403905
3377,0.2102190029018,3.1835436325037,0.5073888063067,0.3633037541993,0.3922506155387,0.0000001403905
3379,0.2102186659067,3.1835385290701,0.5073888063067,0.3624583520908,0.3919486140010,0.0000001403905
3386,0.2102178132164,3.1835256159805,0.5073888063067,0.3624403551734,0.3919420038111,0.0000001375827
3391,0.2102199089388,3.1835573534721,0.5074356403269,0.3623312233277,0.3919235489583,0.0000001375827
3392,0.2102263559201,3.1836549861593,0.5074356403269,0.3622009325004,0.3918783980160,0.0000001375827
3393,0.2102244139605,3.1836255772436,0.5074356403269,0.3621598585871,0.3918633126270,0.0000001375827
3401,0.2102172976089,3.1835178076528,0.5073180071073,0.3620363051318,0.3917672472235,0.0000001348310
3405,0.2102221078326,3.1835906533841,0.5073180071073,0.3620269288607,0.3917649293175,0.0000001348310
3406,0.2102173848940,3.1835191294938,0.5072003738876,0.3619700362746,0.3916931842415,0.0000001348310
3407,0.2102203444200,3.1835639483724,0.5072003738876,0.3619220687922,0.3916766871819,0.0000001348310
3409,0.2102236797583,3.1836144585302,0.5071535398674,0.3619587613502,0.3916704346593,0.0000001348310
3418,0.2102252898504,3.1836388416664,0.5071067058472,0.3619868654644,0.3916607451397,0.0000001348310
3423,0.2102414251365,3.1838831934455,0.5071067058472,0.3619770517982,0.3916606978203,0.0000001321344
3424,0.2102470988781,3.1839691162389,0.5069890726276,0.3619091534259,0.3915872499664,0.0000001321344
3425,0.2102443490731,3.1839274733604,0.5069890726276,0.3616864437635,0.3915071215573,0.0000001321344
3426,0.2102421782621,3.1838945987326,0.5069890726276,0.3616735329946,0.3915020453946,0.0000001321344
3435,0.2102415227547,3.1838846717692,0.5069890726276,0.3615372812325,0.3914532435851,0.0000001321344
3436,0.2102410494801,3.1838775045282,0.5069890726276,0.3615339312599,0.3914519457504,0.0000001321344
3438,0.2102502497456,3.1840168327821,0.5069890726276,0.3614488841561,0.3914235432702,0.0000001294917
3439,0.2102586641694,3.1841442602972,0.5068714394079,0.3613714583724,0.3913472800584,0.0000001294917
3441,0.2102651514697,3.1842425035743,0.5068714394079,0.3613351271795,0.3913356947682,0.0000001294917
3443,0.2102689315671,3.1842997491353,0.5067538061883,0.3613180152946,0.3912799791646,0.0000001294917
3445,0.2102557316359,3.1840998501900,0.5067538061883,0.3612703805714,0.3912601382067,0.0000001294917
3454,0.2102554835206,3.1840960927473,0.5067069721681,0.3611627613112,0.3912015778662,0.0000001294917
3456,0.2102628847393,3.1842081763485,0.5067032203780,0.3611414546868,0.3911939464229,0.0000001294917
3461,0.2102546646683,3.1840836920992,0.5067500543982,0.3610815904391,0.3911908766135,0.0000001269019
3476,0.2102643689359,3.1842306529299,0.5067069721681,0.3610992636651,0.3911808041530,0.0000001243639
3477,0.2102618659121,3.1841927472923,0.5065893389485,0.3609775079691,0.3910863693766,0.0000001243639
3478,0.2102636126035,3.1842191990792,0.5065893389485,0.3608527514716,0.3910421877757,0.0000001243639
3479,0.2102647917737,3.1842370563588,0.5065893389485,0.3608002909640,0.3910237045594,0.0000001243639
3480,0.2102637952912,3.1842219656901,0.5065893389485,0.3607586700051,0.3910086263993,0.0000001243639
3481,0.2102605772224,3.1841732314548,0.5065893389485,0.3607269376997,0.3909966038469,0.0000001243639
3488,0.2102605007387,3.1841720731900,0.5065893389485,0.3607187180287,0.3909936518608,0.0000001243639
3489,0.2102616733722,3.1841898314786,0.5065893389485,0.3606549803355,0.3909711396775,0.0000001243639
3492,0.2102549702125,3.1840883192419,0.5065893389485,0.3603015710476,0.3908434856833,0.0000001243639
3493,0.2102657653599,3.1842518002897,0.5064717057288,0.3603540149308,0.3908141146505,0.0000001243639
3499,0.2102736620286,3.1843713869532,0.5064248717086,0.3603916333129,0.3908091702073,0.0000001218766
3501,0.2102782942831,3.1844415375305,0.5064717057288,0.3603294362519,0.3908080213201,0.0000001218766
3505,0.2102827670656,3.1845092730731,0.5065185397491,0.3602404696091,0.3907972776955,0.0000001218766
3506,0.2102887314214,3.1845995969102,0.5064009065295,0.3601790722669,0.3907262139125,0.0000001218766
3512,0.2102892717410,3.1846077794769,0.5063540725092,0.3600734999095,0.3906685535590,0.0000001218766
3514,0.2102948092572,3.1846916392811,0.5063540725092,0.3599690067275,0.3906324211760,0.0000001218766
3519,0.2102968321774,3.1847222742604,0.5063540725092,0.3599539597596,0.3906274807418,0.0000001194391
3522,0.2103036938454,3.1848261869370,0.5063540725092,0.3598470164778,0.3905907570700,0.0000001194391
3523,0.2103074829559,3.1848835689940,0.5063540725092,0.3597272200977,0.3905487846008,0.0000001194391
3534,0.2103097541754,3.1849179642012,0.5063503207191,0.3597043028690,0.3905394786561,0.0000001194391
3539,0.2103062361283,3.1848646871129,0.5063503207191,0.3596992669554,0.3905369262483,0.0000001170503
3541,0.2103103683364,3.1849272650186,0.5063503207191,0.3596185860093,0.3905089970979,0.0000001170503
3542,0.2103133716559,3.1849727471040,0.5063034866989,0.3596619189129,0.3905050449804,0.0000001170503
3543,0.2103067896379,3.1848730694283,0.5062566526786,0.3595826258273,0.3904552438659,0.0000001170503
3547,0.2103102272538,3.1849251284717,0.5062098186584,0.3595727605085,0.3904323854467,0.0000001170503
3548,0.2103169374784,3.1850267476996,0.5062098186584,0.3594317088817,0.3903834477710,0.0000001170503
3551,0.2103241906566,3.1851365893836,0.5060921854388,0.3593581698535,0.3903083238478,0.0000001170503
3552,0.2103269829529,3.1851788757466,0.5060491032087,0.3593558556314,0.3902896318763,0.0000001170503
3553,0.2103320332130,3.1852553565746,0.5059314699891,0.3594214925764,0.3902637416040,0.0000001170503
3554,0.2103315671874,3.1852482991115,0.5059314699891,0.3592592044129,0.3902056816829,0.0000001170503
3556,0.2103283608807,3.1851997430009,0.5059314699891,0.3592250460770,0.3901927952115,0.0000001147093
3561,0.2103323399451,3.1852600017066,0.5059314699891,0.3592044933608,0.3901863076124,0.0000001147093
3562,0.2103360577741,3.1853163042810,0.5058138367694,0.3592395546518,0.3901492119427,0.0000001147093
3565,0.2103263214794,3.1851688584337,0.5058138367694,0.3592071161210,0.3901355404043,0.0000001147093
3572,0.2103192332218,3.1850615142958,0.5056962035498,0.3591559471891,0.3900653326364,0.0000001147093
3573,0.2103160122421,3.1850127359785,0.5056962035498,0.3590751340138,0.3900357805782,0.0000001147093
3575,0.2103101925759,3.1849246033111,0.5056493695296,0.3590693727499,0.3900124041896,0.0000001124151
3577,0.2103117453182,3.1849481179450,0.5055317363100,0.3590029817423,0.3899386116090,0.0000001124151
3580,0.2103079952250,3.1848913267652,0.5055317363100,0.3589693125213,0.3899257832958,0.0000001124151
3582,0.2103047613737,3.1848423535208,0.5055317363100,0.3589547271939,0.3899198812822,0.0000001124151
3588,0.2103094458936,3.1849132956016,0.5055317363100,0.3589338955601,0.3899134452387,0.0000001124151
3590,0.2103163011914,3.1850171118094,0.5055317363100,0.3589014275690,0.3899033185199,0.0000001124151
3593,0.2103131499668,3.1849693898577,0.5054141030903,0.3589284202398,0.3898618692601,0.0000001124151
3594,0.2103171649923,3.1850301931562,0.5053672690701,0.3588981636046,0.3898318519586,0.0000001124151
3601,0.2103150409337,3.1849980265445,0.5053204350499,0.3589503650527,0.3898299684546,0.0000001101668
3604,0.2103137209209,3.1849780363518,0.5052736010296,0.3589390338718,0.3898055670214,0.0000001101668
3605,0.2103214118470,3.1850945072621,0.5052736010296,0.3588694177281,0.3897823521685,0.0000001101668
3608,0.2103293050227,3.1852140410297,0.5052736010296,0.3587686306800,0.3897480481890,0.0000001101668
3610,0.2103291120419,3.1852111185395,0.5052736010296,0.3586646670397,0.3897108769644,0.0000001101668
3611,0.2103384320008,3.1853522594230,0.5052736010296,0.3585330169188,0.3896658561981,0.0000001101668
3616,0.2103319187350,3.1852536229265,0.5052736010296,0.3585336602622,0.3896646902638,0.0000001101668
3618,0.2103327876848,3.1852667822490,0.5052267670094,0.3585514994403,0.3896511758794,0.0000001079634
3624,0.2103370218013,3.1853309034489,0.5051091337898,0.3585502749703,0.3896012316424,0.0000001079634
3633,0.2103397289285,3.1853719000159,0.5050622997696,0.3585320277305,0.3895752231468,0.0000001079634
3636,0.2103484370504,3.1855037752789,0.5050622997696,0.3585050467045,0.3895674530922,0.0000001079634
3637,0.2103513671291,3.1855481482099,0.5050622997696,0.3584940484379,0.3895641530139,0.0000001079634
3639,0.2103520428192,3.1855583808194,0.5050622997696,0.3566937346136,0.3889213285816,0.0000001058042
3643,0.2103599489538,3.1856781108337,0.5050154657493,0.3566991363392,0.3889048802181,0.0000001058042
3646,0.2103601536852,3.1856812112746,0.5050154657493,0.3566568761266,0.3888898311561,0.0000001058042
3652,0.2103641828661,3.1857422289410,0.5049686317291,0.3566825065156,0.3888797765393,0.0000001058042
3656,0.2103660770446,3.1857709142645,0.5050862649487,0.3565260491174,0.3888747190295,0.0000001058042
3658,0.2103697586694,3.1858266685634,0.5049686317291,0.3565325381091,0.3888274112092,0.0000001058042
3663,0.2103677449506,3.1857961729292,0.5049686317291,0.3558286897837,0.3885756052961,0.0000001036881
3667,0.2103776264697,3.1859458180460,0.5050154657493,0.3557443307211,0.3885676662507,0.0000001036881
3668,0.2103734795893,3.1858830179445,0.5049686317291,0.3556976824516,0.3885300458143,0.0000001036881
3674,0.2103734553113,3.1858826502809,0.5049217977089,0.3556894766094,0.3885070382310,0.0000001036881
3675,0.2103736050462,3.1858849178563,0.5049217977089,0.3556884363214,0.3885066987856,0.0000001036881
3676,0.2103658060519,3.1857668103677,0.5048749636886,0.3549207152625,0.3882107697571,0.0000001036881
3677,0.2103646375456,3.1857491145801,0.5048281296684,0.3549540726427,0.3882023609901,0.0000001036881
3678,0.2103611146105,3.1856957634677,0.5048281296684,0.3549525667479,0.3882010682558,0.0000001036881
3680,0.2103557268223,3.1856141711356,0.5047104964488,0.3549222708677,0.3881386795356,0.0000001036881
3681,0.2103597495193,3.1856750906106,0.5047104964488,0.3548716314255,0.3881214560270,0.0000001016143
3683,0.2103513881162,3.1855484660366,0.5047104964488,0.3548636297059,0.3881168065408,0.0000001016143
3685,0.2103448244520,3.1854490663103,0.5047104964488,0.3547601264506,0.3880784345930,0.0000001016143
3687,0.2103472686743,3.1854860814628,0.5045928632291,0.3547578586708,0.3880277341965,0.0000001016143
3690,0.2103485140721,3.1855049416896,0.5045460292089,0.3547737066581,0.3880135893400,0.0000001016143
3694,0.2103476861399,3.1854924035361,0.5045460292089,0.3547618971774,0.3880091942543,0.0000001016143
3709,0.2103422882686,3.1854106585046,0.5044283959893,0.3547358501938,0.3879483208365,0.0000000995820
3712,0.2103387029438,3.1853563625679,0.5044283959893,0.3547269583526,0.3879443768950,0.0000000995820
3713,0.2103339071010,3.1852837346200,0.5043815619691,0.3547157792080,0.3879192849398,0.0000000995820
3714,0.2103274785086,3.1851863804113,0.5043347279488,0.3546351212062,0.3878690292321,0.0000000995820
3718,0.2103324927754,3.1852623161595,0.5043347279488,0.3546264257911,0.3878669982125,0.0000000995820
3719,0.2103390916175,3.1853622486179,0.5043347279488,0.3543579756479,0.3877725371989,0.0000000995820
3721,0.2103428176669,3.1854186756812,0.5043347279488,0.3539803954999,0.3876384855852,0.0000000995820
3722,0.2103526157909,3.1855670578663,0.5043815619691,0.3538955079150,0.3876303399116,0.0000000995820
3724,0.2103516723248,3.1855527700742,0.5043347279488,0.3539269011211,0.3876212778766,0.0000000995820
3727,0.2103480811037,3.1854983848434,0.5042878939286,0.3539602819760,0.3876123583402,0.0000000975904
3728,0.2103498230378,3.1855247645854,0.5042878939286,0.3539035742203,0.3875924788419,0.0000000975904
3729,0.2103487256293,3.1855081454996,0.5042878939286,0.3538376925613,0.3875687145190,0.0000000975904
3733,0.2103482090553,3.1855003225349,0.5041702607090,0.3537999201215,0.3875046994305,0.0000000975904
3734,0.2103488360362,3.1855098174943,0.5041702607090,0.3537120141127,0.3874734387804,0.0000000975904
3738,0.2103507863624,3.1855393531139,0.5041702607090,0.3536462395563,0.3874503657945,0.0000000975904
3743,0.2103514218411,3.1855489767644,0.5041234266887,0.3536249040138,0.3874228104089,0.0000000975904
3751,0.2103580461228,3.1856492944791,0.5040765926685,0.3536369200035,0.3874084495998,0.0000000956386
3756,0.2103666856435,3.1857801308475,0.5040765926685,0.3535875221226,0.3873926588253,0.0000000956386
3759,0.2103721221037,3.1858624602672,0.5040765926685,0.3535208317395,0.3873700057871,0.0000000956386
3760,0.2103732399103,3.1858793882602,0.5040765926685,0.3534606528695,0.3873487528635,0.0000000956386
3763,0.2103875297697,3.1860957930118,0.5040765926685,0.3534270855970,0.3873398266647,0.0000000956386
3765,0.2103916535494,3.1861582432775,0.5040297586483,0.3534653825871,0.3873343161052,0.0000000956386
3768,0.2104055895180,3.1863692887272,0.5040297586483,0.3534166167177,0.3873198860023,0.0000000956386
3776,0.2104068554707,3.1863884602376,0.5039829246280,0.3533985133646,0.3872936200717,0.0000000937258
3779,0.2104079448892,3.1864049583239,0.5039360906078,0.3533432265591,0.3872540365079,0.0000000937258
3782,0.2104128406154,3.1864790989001,0.5039360906078,0.3533160131438,0.3872453665152,0.0000000937258
3786,0.2104131311899,3.1864834993428,0.5038892565876,0.3532923376591,0.3872169015279,0.0000000937258
3787,0.2104144625580,3.1865036614985,0.5039360906078,0.3531962373879,0.3872029370186,0.0000000937258
3789,0.2104042350224,3.1863487763291,0.5039829246280,0.3531429923139,0.3872018010289,0.0000000937258
3795,0.2104060536927,3.1863763181612,0.5039360906078,0.3531569237363,0.3871870945290,0.0000000918513
3797,0.2104017651560,3.1863113728256,0.5039360906078,0.3531243653462,0.3871745475604,0.0000000918513
3799,0.2104089098700,3.1864195719331,0.5039360906078,0.3531137286185,0.3871722797392,0.0000000918513
3802,0.2104047837460,3.1863570861661,0.5038184573882,0.3532454585270,0.3871680277287,0.0000000918513
3809,0.2104081988328,3.1864088040308,0.5037716233680,0.3532790927873,0.3871607000459,0.0000000918513
3810,0.2104026724695,3.1863251131245,0.5037247893477,0.3532362117511,0.3871241294464,0.0000000918513
3814,0.2103938941890,3.1861921753851,0.5037247893477,0.3531198762896,0.3870807000072,0.0000000918513
3815,0.2103893209342,3.1861229182963,0.5036779553275,0.3529110768985,0.3869850770900,0.0000000918513
3825,0.2103905778191,3.1861419524835,0.5035603221079,0.3529200726187,0.3869381449427,0.0000000900143
3827,0.2103857105219,3.1860682424348,0.5035603221079,0.3520984651787,0.3866436707219,0.0000000900143
3830,0.2103884136793,3.1861091788846,0.5034426888883,0.3520588539573,0.3865796888682,0.0000000900143
3832,0.2103875600934,3.1860962522312,0.5034389370981,0.3520393298341,0.3865709251457,0.0000000900143
3833,0.2103712331305,3.1858489977107,0.5034389370981,0.3520279192805,0.3865633513130,0.0000000900143
3836,0.2103693998663,3.1858212348710,0.5033921030779,0.3520736744053,0.3865592278638,0.0000000900143
