0,0.2063240533919,3.124558757017,0.5553584234398,0.3201241934734,0.3965531191558,100000
1,0.2063140476267,3.124407230324,0.5553584234398,0.3200036084456,0.3965079089819,100000.0000000000000
2,0.2063201517302,3.1244996704927,0.5553584234398,0.3199260219959,0.3964815075578,100000.0000000000000
4,0.2063412579487,3.1248193017647,0.5554052574601,0.3194589539491,0.3963392920252,100000.0000000000000
5,0.2063421585096,3.1248329398039,0.5554052574601,0.3193946161987,0.3963165072345,100000.0000000000000
6,0.2063511987032,3.1249698439398,0.5554052574601,0.3193823280187,0.3963140557831,100000.0000000000000
7,0.2063451541031,3.1248783048880,0.5554520914803,0.3192526634414,0.3962865234570,100000.0000000000000
8,0.2063395917672,3.1247940692154,0.5554520914803,0.3192436901522,0.3962821267817,100000.0000000000000
9,0.2063347657622,3.1247209844926,0.5553344582607,0.3189657271396,0.3961314058963,100000.0000000000000
10,0.2063404427865,3.1248069569989,0.5552168250411,0.3188362755020,0.3960359754368,100000.0000000000000
11,0.2063349621525,3.1247239586149,0.5552636590613,0.3187283232827,0.3960163183742,100000.0000000000000
12,0.2063419502105,3.1248297853350,0.5552636590613,0.3186492184653,0.3959895640947,100000.0000000000000
13,0.2063410958978,3.1248168476768,0.5551460258417,0.3186642173994,0.3959443235529,100000.0000000000000
14,0.2063497040185,3.1249472085264,0.5551460258417,0.3184764274347,0.3958791003057,100000.0000000000000
15,0.2063553192488,3.1250322452283,0.5550283926220,0.3182923617276,0.3957641515798,100000.0000000000000
16,0.2063483284498,3.1249263769982,0.5550752266423,0.3179674993984,0.3956667030139,100000.0000000000000
20,0.2063527281432,3.1249930056850,0.5549575934227,0.3176522381643,0.3955046382705,100000.0000000000000
21,0.2063518596983,3.1249798540079,0.5550044274429,0.3173819745515,0.3954280011793,100000.0000000000000
23,0.2063395765366,3.1247938385638,0.5550044274429,0.3172945611411,0.3953941499981,100000.0000000000000
29,0.2063401166601,3.1248020181606,0.5550044274429,0.3172237832969,0.3953689879373,100000.0000000000000
30,0.2063354850097,3.1247318767321,0.5549575934227,0.3170562235966,0.3952880809677,100000.0000000000000
31,0.2063311249010,3.1246658475142,0.5548399602030,0.3168738666788,0.3951716049511,100000.0000000000000
32,0.2063344889102,3.1247167918634,0.5548399602030,0.3163352447026,0.3949799608187,100000.0000000000000
35,0.2063495733846,3.1249452302147,0.5549575934227,0.3161364509483,0.3949626096737,100000.0000000000000
36,0.2063583139755,3.1250775971840,0.5549575934227,0.3161116599586,0.3949556287325,100000.0000000000000
37,0.2063545288766,3.1250202758800,0.5549575934227,0.3160258540325,0.3949241726663,100000.0000000000000
56,0.2063963801984,3.1256540697191,0.5547223269834,0.3145185554153,0.3942939913980,100000.0000000000000
57,0.2063998322846,3.1257063479011,0.5546754929632,0.3145453420277,0.3942842260551,100000.0000000000000
59,0.2064070041673,3.1258149584503,0.5546286589430,0.3145555400262,0.3942693333065,100000.0000000000000
60,0.2064131632025,3.1259082305002,0.5545110257233,0.3139043683504,0.3939876775500,100000.0000000000000
61,0.2064106095586,3.1258695582738,0.5545110257233,0.3138008285697,0.3939501518474,100000.0000000000000
62,0.2064113640665,3.1258809844954,0.5545110257233,0.3137494670142,0.3939319701150,100000.0000000000000
63,0.2064137366658,3.1259169149925,0.5545110257233,0.3135303108187,0.3938542084593,100000.0000000000000
64,0.2064121331450,3.1258926313720,0.5544641917031,0.3135148398522,0.3938282677796,100000.0000000000000
65,0.2064110053111,3.1258755515252,0.5544641917031,0.3135105765011,0.3938265034755,100000.0000000000000
72,0.2064240316556,3.1260728216848,0.5545818249227,0.3131099586118,0.3937366312545,100000.0000000000000
74,0.2064400941358,3.1263160708952,0.5545349909025,0.3131533046307,0.3937354822126,100000.0000000000000
75,0.2064500832660,3.1264673456675,0.5545349909025,0.3131225532436,0.3937266401022,100000.0000000000000
76,0.2064530071305,3.1265116244912,0.5545349909025,0.3130997030655,0.3937191058667,100000.0000000000000
77,0.2064582705560,3.1265913334831,0.5545349909025,0.3130811183417,0.3937135963422,100000.0000000000000
78,0.2064642437263,3.1266817908071,0.5545818249227,0.3127635867450,0.3936215438886,100000.0000000000000
79,0.2064707091218,3.1267797023576,0.5545818249227,0.3122246002958,0.3934304341701,100000.0000000000000
80,0.2064783394261,3.1268952552159,0.5545349909025,0.3122115761150,0.3934073460191,100000.0000000000000
81,0.2064721845802,3.1268020466082,0.5545349909025,0.3121823732753,0.3933955975380,100000.0000000000000
84,0.2064819535428,3.1269499871773,0.5545349909025,0.3120986170047,0.3933677779334,100000.0000000000000
85,0.2064783012548,3.1268946771516,0.5544173576829,0.3121679625773,0.3933413473391,100000.0000000000000
86,0.2064833996811,3.1269718874061,0.5544173576829,0.3121297322115,0.3933287861570,98000.0000000000000
91,0.2065043137090,3.1272886081566,0.5542060564228,0.3122522685471,0.3932864730285,98000.0000000000000
92,0.2065038546190,3.1272816557261,0.5542060564228,0.3121167337934,0.3932379693829,98000.0000000000000
93,0.2065048731631,3.1272970804957,0.5542060564228,0.3120732364346,0.3932226528714,98000.0000000000000
94,0.2065019237989,3.1272524155046,0.5542060564228,0.3119945719573,0.3931939264086,98000.0000000000000
95,0.2065096976173,3.1273701417329,0.5542060564228,0.3118814362315,0.3931551866104,98000.0000000000000
96,0.2065003533427,3.1272286326125,0.5542060564228,0.3118131817800,0.3931288076761,98000.0000000000000
97,0.2064997694527,3.1272197902196,0.5542060564228,0.3117815712075,0.3931173930666,98000.0000000000000
100,0.2065139848632,3.1274350675194,0.5541123883823,0.3113159211719,0.3929139921959,98000.0000000000000
101,0.2065144747600,3.1274424864869,0.5540655543621,0.3112915243479,0.3928853122994,98000.0000000000000
102,0.2065174339619,3.1274873004586,0.5539479211425,0.3107588748547,0.3926453002153,98000.0000000000000
103,0.2065064696192,3.1273212571279,0.5539479211425,0.3107337850944,0.3926339900846,98000.0000000000000
105,0.2064981365400,3.1271950614895,0.5539479211425,0.3106414311981,0.3925992208904,98000.0000000000000
106,0.2064983382230,3.1271981157642,0.5538302879228,0.3106255885807,0.3925431917935,98000.0000000000000
108,0.2064915804923,3.1270957771072,0.5537594887235,0.3105227255453,0.3924746643960,98000.0000000000000
109,0.2064922195766,3.1271054553600,0.5538063227437,0.3104275423299,0.3924608790601,98000.0000000000000
110,0.2064972819423,3.1271821195141,0.5538063227437,0.3104175088239,0.3924583804578,98000.0000000000000
114,0.2064981122713,3.1271946939660,0.5536886895241,0.3103545663398,0.3923856646898,98000.0000000000000
117,0.2065115909602,3.1273988143999,0.5535710563044,0.3103380720003,0.3923322479077,98000.0000000000000
118,0.2065094110527,3.1273658020162,0.5535710563044,0.3100009508039,0.3922113803574,98000.0000000000000
121,0.2065038904903,3.1272821989588,0.5535242222842,0.3099589192386,0.3921751143835,98000.0000000000000
122,0.2065033771176,3.1272744244742,0.5535242222842,0.3098897450290,0.3921502993002,98000.0000000000000
123,0.2064987081843,3.1272037184359,0.5535242222842,0.3098296801284,0.3921278470643,98000.0000000000000
125,0.2065054930893,3.1273064686199,0.5535242222842,0.3095424797807,0.3920267294198,98000.0000000000000
126,0.2065009613689,3.1272378405247,0.5535242222842,0.3095422948583,0.3920256922931,98000.0000000000000
128,0.2065060840046,3.1273154174035,0.5535242222842,0.3095112476125,0.3920157016987,98000.0000000000000
129,0.2065050847245,3.1273002843673,0.5534065890646,0.3095766532218,0.3919884324764,98000.0000000000000
130,0.2065134428437,3.1274268592105,0.5534534230848,0.3094273949894,0.3919569887134,98000.0000000000000
132,0.2065224063401,3.1275626018470,0.5534534230848,0.3092508988297,0.3918958751198,98000.0000000000000
133,0.2065253049053,3.1276064975407,0.5533357898652,0.3091117508338,0.3917963862911,98000.0000000000000
134,0.2065361997615,3.1277714885713,0.5533357898652,0.3091032847816,0.3917956973131,98000.0000000000000
135,0.2065312028389,3.1276958154843,0.5533357898652,0.3090891940045,0.3917895941236,98000.0000000000000
136,0.2065272023646,3.1276352325476,0.5533357898652,0.3089648412714,0.3917443251887,98000.0000000000000
137,0.2065309191407,3.1276915191758,0.5532889558450,0.3089824719854,0.3917313466013,98000.0000000000000
138,0.2065386730395,3.1278089437409,0.5532889558450,0.3089687908033,0.3917281220146,98000.0000000000000
139,0.2065467816931,3.1279317406920,0.5532889558450,0.3084108882373,0.3915306086668,98000.0000000000000
140,0.2065564712827,3.1280784792407,0.5532421218247,0.3083625132219,0.3914953364933,98000.0000000000000
144,0.2065658770770,3.1282209200105,0.5531952878045,0.3083060359411,0.3914571098403,98000.0000000000000
148,0.2065777757776,3.1284011131991,0.5531952878045,0.3079189659220,0.3913214202693,98000.0000000000000
150,0.2065689839390,3.1282679701366,0.5532421218247,0.3077138704157,0.3912663596317,98000.0000000000000
133165,0.2545872861134,3.8554541808058,0.0082430685320,0.8910696810409,0.3763263339097,0.0000028427782
133168,0.2545855917930,3.8554285221227,0.0081685010147,0.8911427718904,0.3763201172085,0.0000028427782
133233,0.2545932959812,3.8555451938746,0.0082153350350,0.8910643280210,0.3763138241613,0.0000028427782
133243,0.2545903583210,3.8555007061294,0.0082375703138,0.8908942874533,0.3762619952938,0.0000028427782
133255,0.2545955752279,3.8555797106454,0.0082543404300,0.8908435606020,0.3762521836624,0.0000028427782
133265,0.2545954918318,3.8555784477010,0.0082897317658,0.8907697772270,0.3762409823018,0.0000028427782
133294,0.2546016133204,3.8556711511470,0.0082897317658,0.8907399574797,0.3762316441396,0.0000028427782
133301,0.2545999735247,3.8556463181823,0.0082897317658,0.8906669035495,0.3762052020655,0.0000028427782
133362,0.2546021982471,3.8556800092408,0.0082543404300,0.8906887356830,0.3761983082669,0.0000028427782
133363,0.2546055870908,3.8557313296815,0.0082075064098,0.8906962791058,0.3761816568043,0.0000028427782
133368,0.2546058289369,3.8557349921841,0.0081606723895,0.8906994826514,0.3761627810289,0.0000028427782
133372,0.2546112924525,3.8558177313271,0.0080926829008,0.8906675658445,0.3761234145703,0.0000028427782
133417,0.2546204462686,3.8559563561548,0.0080926829008,0.8906353301321,0.3761138633480,0.0000028427782
133519,0.2546190037614,3.8559345109137,0.0080458488806,0.8906840962068,0.3761108989716,0.0000028427782
133604,0.2546162174409,3.8558923150489,0.0080458488806,0.8906101966372,0.3760839091995,0.0000028427782
133618,0.2546143057283,3.8558633641900,0.0079990148604,0.8906220341386,0.3760676555028,0.0000028427782
133729,0.2546142719902,3.8558628532623,0.0079521808401,0.8906462519898,0.3760562257829,0.0000028427782
133780,0.2546165272137,3.8558970062291,0.0079315046752,0.8905881125094,0.3760270837314,0.0000027859227
133884,0.2546202578995,3.8559535035043,0.0080491378948,0.7653230731603,0.3313407833478,0.0000027859227
134033,0.2546200041688,3.8559496610217,0.0080289410335,0.7653211998740,0.3313314041484,0.0000027859227
134046,0.2546254923560,3.8560327737912,0.0080718690050,0.7652518087868,0.3313261953594,0.0000027859227
134084,0.2546239848126,3.8560099436462,0.0081002195365,0.7651752726505,0.3313106882078,0.0000027859227
134092,0.2546301129654,3.8561027480152,0.0081738284465,0.7650180773369,0.3312874068757,0.0000027859227
134121,0.2546216269560,3.8559742364113,0.0081363821654,0.7650195872322,0.3312700792873,0.0000027859227
134167,0.2546264548911,3.8560473503634,0.0081738284465,0.7648002399113,0.3312088239221,0.0000027859227
134279,0.2546301957077,3.8561040010600,0.0081738284465,0.7647342115961,0.3311860439845,0.0000027859227
134307,0.2546338131294,3.8561587830715,0.0081732114120,0.7647286281597,0.3311845606185,0.0000027859227
134338,0.2546361014973,3.8561934379730,0.0082908446316,0.7620295622700,0.3302715131166,0.0000027859227
134414,0.2546356872193,3.8561871641726,0.0083293872508,0.7618852530192,0.3302364035899,0.0000027859227
134694,0.2546308555505,3.8561139936786,0.0083807443543,0.7618081655852,0.3302298471931,0.0000027859227
134704,0.2546320692559,3.8561323739579,0.0083807443543,0.6468548428284,0.2891753491454,0.0000027859227
134719,0.2546337387617,3.8561576568519,0.0083779346436,0.6467926785301,0.2891523011998,0.0000027859227
134804,0.2546401054894,3.8562540741833,0.0084047095334,0.6467268405367,0.2891416268823,0.0000027859227
134829,0.2546415620761,3.8562761326428,0.0083578755132,0.6467388048147,0.2891261402415,0.0000027859227
134916,0.2546405296509,3.8562604976593,0.0083411053970,0.6467564033297,0.2891250169988,0.0000027859227
134929,0.2546431232168,3.8562997744608,0.0083411053970,0.6466618829493,0.2890918154842,0.0000027859227
134939,0.2546560196127,3.8564950766867,0.0083439151077,0.6466391585093,0.2890876672879,0.0000027859227
134968,0.2546571966292,3.8565129013519,0.0083096035822,0.6466730701663,0.2890853258723,0.0000027859227
135078,0.2546413692292,3.8562732121814,0.0082627695620,0.6467177893203,0.2890778336901,0.0000027859227
135128,0.2546367515345,3.8562032820971,0.0082333226924,0.6467226040492,0.2890659436432,0.0000027859227
135169,0.2546358708901,3.8561899456718,0.0082201666355,0.6467385279792,0.2890658037414,0.0000027859227
135234,0.2546401353167,3.8562545258856,0.0081399796969,0.6467753561540,0.2890455046358,0.0000027859227
135238,0.2546389046044,3.8562358880556,0.0081399796969,0.6466769140456,0.2890100830159,0.0000027859227
135334,0.2546615344637,3.8565785932506,0.0081050511370,0.6467034538205,0.2890094413797,0.0000027859227
135432,0.2546775126848,3.8568205664468,0.0081131882794,0.6466544297908,0.2889988440489,0.0000027859227
135446,0.2546789968258,3.8568430421866,0.0081109956032,0.6466521176196,0.2889973965853,0.0000027859227
135485,0.2546694971837,3.8566991801914,0.0081109956032,0.5424970893828,0.2517971365775,0.0000027859227
135507,0.2546739853996,3.8567671494565,0.0081334016684,0.5424490735769,0.2517905524353,0.0000027859227
135515,0.2546767072339,3.8568083687485,0.0081695808251,0.5423995423210,0.2517889513041,0.0000027859227
135536,0.2546743002934,3.8567719181893,0.0081700601287,0.5423884680668,0.2517846858562,0.0000027859227
135560,0.2546813869369,3.8568792378817,0.0081744454810,0.5423145656330,0.2517616901330,0.0000027859227
135667,0.2546834339189,3.8569102372514,0.0081282284953,0.5422541768075,0.2517207540547,0.0000027859227
135766,0.2546737662456,3.8567638306021,0.0081974520530,0.5421514286687,0.2517116538856,0.0000027859227
135885,0.2546722359333,3.8567406556473,0.0082159355418,0.5420707385947,0.2516904295731,0.0000027859227
135896,0.2546837739580,3.8569153867816,0.0082156270245,0.5395604118202,0.2507962245087,0.0000027859227
135953,0.2546840314244,3.8569192858382,0.0082156270245,0.5395566200573,0.2507949254791,0.0000027859227
135958,0.2546897300714,3.8570055857967,0.0082156270245,0.5395460958127,0.2507923879589,0.0000027859227
135983,0.2546930097870,3.8570552536083,0.0081687930043,0.4457189243856,0.2172633149510,0.0000027859227
136012,0.2546965073294,3.8571082201739,0.0081464034668,0.4456549975487,0.2172316378952,0.0000027859227
136015,0.2546970342896,3.8571162004271,0.0081464034668,0.4456374923370,0.2172254989539,0.0000027859227
136049,0.2546956187249,3.8570947632033,0.0081435937561,0.4455527561435,0.2171937285307,0.0000027859227
136064,0.2547053381885,3.8572419541612,0.0081439022734,0.4455253435725,0.2171861532906,0.0000027859227
136208,0.2547077804100,3.8572789390130,0.0080300373716,0.4454644792480,0.2171161401214,0.0000027859227
136224,0.2547044132855,3.8572279474874,0.0080054551579,0.4454880147340,0.2171132888910,0.0000027859227
136231,0.2547044831926,3.8572290061551,0.0079958966324,0.4453952617901,0.2170760813088,0.0000027859227
136305,0.2547159491507,3.8574026459196,0.0079382534900,0.4453445964986,0.2170357393490,0.0000027859227
136341,0.2547196877569,3.8574592631412,0.0080435019458,0.4451475917207,0.2170112881106,0.0000027859227
136377,0.2547051577767,3.8572392220156,0.0080391165935,0.4451539137189,0.2170085529633,0.0000027859227
136386,0.2547026886895,3.8572018303118,0.0081567498131,0.4427431352063,0.2161974457842,0.0000027859227
136427,0.2547086494485,3.8572920996782,0.0081567498131,0.4427308774771,0.2161943453292,0.0000027859227
136437,0.2547096058885,3.8573065839464,0.0081769466744,0.4426715823340,0.2161820292416,0.0000027859227
136439,0.2547086455361,3.8572920404298,0.0082237806947,0.4424355671783,0.2161176040477,0.0000027859227
136503,0.2547024606363,3.8571983766873,0.0081769466744,0.4424839079742,0.2161134715590,0.0000027859227
136528,0.2547083880626,3.8572881412666,0.0081769466744,0.4424589835625,0.2161058401462,0.0000027859227
136612,0.2546985447317,3.8571390744698,0.0081894691692,0.4424144221862,0.2160931828673,0.0000027859227
136633,0.2546934785404,3.8570623523804,0.0081894691692,0.4423416804194,0.2160661180524,0.0000027859227
136800,0.2546923200912,3.8570448088973,0.0082477458738,0.4421671863848,0.2160285262457,0.0000027859227
137029,0.2546899013751,3.8570081800102,0.0082619982689,0.4421375103903,0.2160235175493,0.0000027859227
137063,0.2546990209726,3.8571462866330,0.0082494757741,0.4421308954526,0.2160177424875,0.0000027859227
137121,0.2547007552330,3.8571725501644,0.0082294166437,0.4421236060471,0.2160069139855,0.0000027859227
137129,0.2547006397351,3.8571708010714,0.0082294166437,0.4398261518936,0.2151863698954,0.0000027859227
137130,0.2546977934814,3.8571276975812,0.0082417848798,0.4395308403237,0.2150855922387,0.0000027859227
137176,0.2546878827479,3.8569776100430,0.0082417848798,0.4395305027255,0.2150833479393,0.0000027302042
137198,0.2546878984477,3.8569778478002,0.0082561915335,0.4394817028833,0.2150720970686,0.0000027302042
137279,0.2546950416603,3.8570860241720,0.0082539988573,0.4394493952516,0.2150611495988,0.0000026756001
137293,0.2546942437487,3.8570739406486,0.0082539988573,0.4394356315246,0.2150560630009,0.0000026756001
137371,0.2547068800285,3.8572653036905,0.0082568085680,0.4394206085346,0.2150546095833,0.0000026756001
137398,0.2547012647401,3.8571802661097,0.0082561915335,0.4392397995131,0.2149885672134,0.0000026756001
137846,0.2547024191533,3.8571977484708,0.0082773470020,0.4391874774100,0.2149791947516,0.0000026756001
137990,0.2547038187028,3.8572189431626,0.0083241810222,0.4390224959008,0.2149406444104,0.0000026756001
138262,0.2547049762412,3.8572364728532,0.0083584760200,0.4389794698725,0.2149402238718,0.0000026756001
138353,0.2547004794268,3.8571683733725,0.0083404718348,0.4389647561711,0.2149262892961,0.0000026756001
138393,0.2546981355279,3.8571328775119,0.0083735327636,0.4389154371322,0.2149223420590,0.0000026756001
138448,0.2546944172446,3.8570765680593,0.0083985942808,0.4388531436164,0.2149100382501,0.0000026756001
138623,0.2546994631184,3.8571529824613,0.0083985942808,0.4388293036823,0.2149026052465,0.0000026756001
138742,0.2547104126862,3.8573188020413,0.0084454283011,0.4387310699547,0.2148899398313,0.0000026756001
139009,0.2547052642181,3.8572408339582,0.0084454283011,0.4386907323944,0.2148744303166,0.0000026756001
139146,0.2547094327515,3.8573039619707,0.0084491966189,0.4386668555410,0.2148684111195,0.0000026756001
139179,0.2547081197558,3.8572840780454,0.0084960306391,0.4385892604525,0.2148604889546,0.0000026756001
139186,0.2547066237402,3.8572614224766,0.0085428646593,0.4385202177208,0.2148555819843,0.0000026756001
139230,0.2547131186281,3.8573597806591,0.0084988403498,0.4385218878274,0.2148387026514,0.0000026756001
139242,0.2547139873785,3.8573729369619,0.0084526233640,0.4385519660096,0.2148298237406,0.0000026756001
139341,0.2547058959581,3.8572504009889,0.0084884940035,0.4385116284494,0.2148290567244,0.0000026756001
139445,0.2547080137527,3.8572824727401,0.0084884940035,0.4363012884669,0.2140401034009,0.0000026756001
139740,0.2547112566354,3.8573315827564,0.0085664882658,0.4361169337651,0.2140083834519,0.0000026756001
139771,0.2547186061379,3.8574428831690,0.0085453327973,0.4361286589813,0.2140050792932,0.0000026756001
139824,0.2547114840933,3.8573350273646,0.0084276995777,0.4361939056147,0.2139764412728,0.0000026756001
139892,0.2547129178502,3.8573567400914,0.0084353739443,0.4361484520444,0.2139638041027,0.0000026756001
139941,0.2547127372973,3.8573540058092,0.0084096953925,0.4360957813574,0.2139339493596,0.0000026756001
140097,0.2547236709298,3.8575195840661,0.0084042137021,0.4360930999841,0.2139329853516,0.0000026756001
140113,0.2547229437962,3.8575085723991,0.0083421852074,0.4361003919456,0.2139088501687,0.0000026756001
140117,0.2547223236830,3.8574991814436,0.0083421852074,0.4360498218132,0.2138906565257,0.0000026756001
140282,0.2547240372737,3.8575251319548,0.0083368577756,0.4359885246171,0.2138668486829,0.0000026756001
140373,0.2547224397018,3.8575009384251,0.0083291834091,0.4359491177548,0.2138491434524,0.0000026756001
140414,0.2547145932084,3.8573821116126,0.0084027923191,0.4358026801127,0.2138267095788,0.0000026756001
140525,0.2547111935994,3.8573306281434,0.0084342776062,0.4357303138721,0.2138136296997,0.0000026756001
140575,0.2547057286762,3.8572478676820,0.0084065441092,0.4357423768573,0.2138048810693,0.0000026756001
140585,0.2547073671985,3.8572726813640,0.0083753838671,0.4357573407718,0.2137972220470,0.0000026756001
140593,0.2546993095023,3.8571506561081,0.0082906407899,0.4357894177708,0.2137706330072,0.0000026756001
140650,0.2546994069307,3.8571521315582,0.0082906407899,0.3523610983462,0.1839748255187,0.0000026756001
140696,0.2546980012605,3.8571308441751,0.0083211839975,0.3523077385699,0.1839685571869,0.0000026756001
140716,0.2546942382025,3.8570738566562,0.0084388172171,0.3519968370400,0.1839071287936,0.0000026756001
140742,0.2546995857804,3.8571548400472,0.0083402845208,0.3520618096285,0.1838892509006,0.0000026756001
140795,0.2547046798307,3.8572319840311,0.0083402845208,0.3519923316038,0.1838655289026,0.0000026756001
140797,0.2547054015635,3.8572429139085,0.0083832124923,0.3519346271571,0.1838634725307,0.0000026756001
140840,0.2547106918672,3.8573230299417,0.0084349111684,0.3518686914095,0.1838632142614,0.0000026756001
140867,0.2547182032263,3.8574367815006,0.0083263571707,0.3519915098124,0.1838621644118,0.0000026756001
140918,0.2547235443484,3.8575176671258,0.0083948094353,0.3518795989051,0.1838526774416,0.0000026756001
140940,0.2547246231139,3.8575340038839,0.0084416434555,0.3516868671844,0.1838041475712,0.0000026756001
140959,0.2547175873704,3.8574274550165,0.0083948094353,0.3516097562254,0.1837550285607,0.0000026756001
141235,0.2547168842841,3.8574168075208,0.0083919997246,0.3515442923093,0.1837302937676,0.0000026756001
141270,0.2547117848459,3.8573395819439,0.0083948094353,0.3515323984567,0.1837261573881,0.0000026756001
141628,0.2547174954780,3.8574260634036,0.0083724198978,0.3515138532725,0.1837111622988,0.0000026756001
141732,0.2547177980951,3.8574306462190,0.0084383544413,0.3494632394115,0.1830071227136,0.0000026756001
141957,0.2547168447582,3.8574162089442,0.0084095246062,0.3494777483686,0.1829997445539,0.0000026756001
141969,0.2547264523511,3.8575617057383,0.0084095246062,0.3494489048290,0.1829915020597,0.0000026756001
141995,0.2547251688049,3.8575422677938,0.0084612232824,0.3493684601242,0.1829846533378,0.0000026756001
142143,0.2547191680720,3.8574513930654,0.0084128301482,0.3493551227898,0.1829578642182,0.0000026756001
142257,0.2547165401352,3.8574115957517,0.0084280246227,0.3472994796350,0.1822296547369,0.0000026756001
142312,0.2547108314286,3.8573251434509,0.0084252149120,0.3472057046000,0.1821937361970,0.0000026756001
142486,0.2547134461156,3.8573647401094,0.0084029796331,0.3472227778739,0.1821908646796,0.0000026756001
142523,0.2547121964977,3.8573458159726,0.0084023625986,0.3472045012459,0.1821838050939,0.0000026756001
142551,0.2547095361846,3.8573055283560,0.0083783974195,0.3471414368966,0.1821504412538,0.0000026756001
142591,0.2547060907142,3.8572533503637,0.0083823034682,0.3471328770975,0.1821483198885,0.0000026756001
142663,0.2547044758476,3.8572288949229,0.0084291374885,0.3470543338146,0.1821399943962,0.0000026756001
142738,0.2547008357776,3.8571737699282,0.0084291374885,0.3451565807111,0.1814614454157,0.0000026756001
143085,0.2546959571686,3.8570998885732,0.0085467707081,0.3449895352723,0.1814511551511,0.0000026756001
143185,0.2547043031544,3.8572262796682,0.0085467707081,0.3448049369228,0.1813870155947,0.0000026756001
143277,0.2546950714318,3.8570864750304,0.0085467707081,0.3447787667673,0.1813756908843,0.0000026756001
143361,0.2546950873770,3.8570867165031,0.0085376914862,0.3429759426488,0.1807279374494,0.0000026756001
143740,0.2547069654633,3.8572665975106,0.0086042430642,0.3428753214806,0.1807230687270,0.0000026756001
143760,0.2547164332806,3.8574099775522,0.0085373499135,0.3428816265864,0.1806986808753,0.0000026756001
144036,0.2547165198126,3.8574112879878,0.0085498889360,0.3428354075988,0.1806875665034,0.0000026220881
144050,0.2547172730639,3.8574226951794,0.0085030549158,0.3412360172577,0.1800964453553,0.0000026220881
144071,0.2547157024659,3.8573989101399,0.0085649291519,0.3410775181798,0.1800660195148,0.0000026220881
144076,0.2547093418468,3.8573025853155,0.0085180951316,0.3396050251762,0.1795186944436,0.0000026220881
144097,0.2547105598859,3.8573210312250,0.0084825495372,0.3396175604378,0.1795081985050,0.0000026220881
144207,0.2547052108549,3.8572400258284,0.0085293835574,0.3395414736341,0.1794999501486,0.0000026220881
144271,0.2547047053078,3.8572323698552,0.0084825495372,0.3387917302106,0.1792120045857,0.0000026220881
144308,0.2547046526598,3.8572315725560,0.0086001827568,0.3385940729867,0.1791918156752,0.0000026220881
144382,0.2547157906245,3.8574002452076,0.0086470167770,0.3385289413937,0.1791910128217,0.0000026220881
144452,0.2547168868991,3.8574168471235,0.0086470167770,0.3384747803728,0.1791719045160,0.0000026220881
144486,0.2547118334957,3.8573403186938,0.0086225722943,0.3384996436672,0.1791692251849,0.0000026220881
144540,0.2547060991545,3.8572534781827,0.0086001827568,0.3385267804805,0.1791680926005,0.0000025696464
144545,0.2547088788366,3.8572955735183,0.0085093244270,0.3385413855596,0.1791349650621,0.0000025696464
144678,0.2547062421781,3.8572556441233,0.0085561584472,0.3384792756913,0.1791322896910,0.0000025696464
144684,0.2547068487779,3.8572648304337,0.0085050933333,0.3384168949322,0.1790882557853,0.0000025696464
144735,0.2547168074703,3.8574156442580,0.0085339231684,0.3383244200056,0.1790697186749,0.0000025696464
144827,0.2547197679047,3.8574604768937,0.0085072860095,0.3383403751522,0.1790646353951,0.0000025696464
144879,0.2547271207067,3.8575718272743,0.0085541200297,0.3377460106854,0.1788740096946,0.0000025696464
144901,0.2547356787995,3.8577014305050,0.0084916122314,0.3376179759559,0.1788033278262,0.0000025696464
144933,0.2547401772013,3.8577695540246,0.0084627823963,0.3376449253087,0.1788015608946,0.0000025696464
144981,0.2547391169978,3.8577534983687,0.0084964603596,0.3375910802152,0.1787965367305,0.0000025696464
144993,0.2547434221834,3.8578186958334,0.0085628742066,0.3374298184294,0.1787683288526,0.0000025696464
145015,0.2547376691683,3.8577315725272,0.0086097082269,0.3373457577165,0.1787571461035,0.0000025696464
145037,0.2547364938753,3.8577137739626,0.0086565422471,0.3372875208915,0.1787561671118,0.0000025696464
145209,0.2547419035694,3.8577956980365,0.0086565422471,0.3372247595096,0.1787349115528,0.0000025696464
145288,0.2547488924533,3.8579015372638,0.0086385380619,0.3371997029450,0.1787197443183,0.0000025696464
145453,0.2547463329731,3.8578627766544,0.0086385380619,0.3371827712537,0.1787131488257,0.0000025696464
145457,0.2547532802684,3.8579679860665,0.0086183412006,0.3372025256032,0.1787130368589,0.0000025696464
145487,0.2547560927452,3.8580105780422,0.0086603105649,0.3371355784322,0.1787077166990,0.0000025696464
145508,0.2547630303764,3.8581156411019,0.0087071445852,0.3370572518846,0.1787013012902,0.0000025696464
145558,0.2547550493111,3.8579947763405,0.0087071445852,0.3370425950074,0.1786943564630,0.0000025696464
145562,0.2547587856639,3.8580513594368,0.0087539786054,0.3369438021660,0.1786799456753,0.0000025696464
145590,0.2547672692651,3.8581798345709,0.0087539786054,0.3369366855904,0.1786792219557,0.0000025696464
145653,0.2547630615549,3.8581161132665,0.0087500725566,0.3369173706922,0.1786697481047,0.0000025696464
145665,0.2547573936213,3.8580302784290,0.0087032385364,0.3369506553859,0.1786603492151,0.0000025696464
145975,0.2547323437503,3.8576509247256,0.0087549206848,0.3368488909372,0.1786407864319,0.0000025696464
146022,0.2547254587641,3.8575466589179,0.0086701776077,0.3368924369576,0.1786185447662,0.0000025696464
146079,0.2547273704784,3.8575756098018,0.0086852178235,0.3368553656207,0.1786121604629,0.0000025696464
146089,0.2547337485699,3.8576721992263,0.0086939885282,0.3368037567403,0.1785988543272,0.0000025696464
146368,0.2547343547681,3.8576813794547,0.0085641578588,0.3369188908934,0.1785844618517,0.0000025696464
146399,0.2547270164624,3.8575702486062,0.0086109918790,0.3368396140266,0.1785746479139,0.0000025696464
146400,0.2547228782333,3.8575075795196,0.0086289960642,0.3367772555991,0.1785592063629,0.0000025696464
146520,0.2547248594456,3.8575375828767,0.0085904534450,0.3367794583806,0.1785438993507,0.0000025696464
146544,0.2547365542452,3.8577146882017,0.0086289960642,0.3367136896672,0.1785394348183,0.0000025696464
146570,0.2547268174768,3.8575672351799,0.0086289960642,0.3366802095611,0.1785253911872,0.0000025696464
146650,0.2547266418074,3.8575645748538,0.0086470002493,0.3366520981212,0.1785230298232,0.0000025696464
146659,0.2547291354127,3.8576023378583,0.0086501350049,0.3365890135999,0.1785023774477,0.0000025696464
146698,0.2547253924508,3.8575456546740,0.0086723702838,0.3365644316381,0.1785023255176,0.0000025696464
146722,0.2547245351808,3.8575326722305,0.0086255362636,0.3366211166267,0.1785023147327,0.0000025696464
146792,0.2547323290441,3.8576507020161,0.0085787022433,0.3366713064087,0.1785018380454,0.0000025696464
146794,0.2547339383011,3.8576750725039,0.0085787022433,0.3365787576436,0.1784691297558,0.0000025696464
146892,0.2547223883748,3.8575001611317,0.0085682181661,0.3365672895365,0.1784580658431,0.0000025696464
146944,0.2547149584642,3.8573876430234,0.0085074402681,0.3366101505069,0.1784457335383,0.0000025696464
146945,0.2547115570193,3.8573361317516,0.0085542742883,0.3365288446871,0.1784360385874,0.0000025696464
146967,0.2547110535805,3.8573285077046,0.0085223096976,0.3365425142554,0.1784271135860,0.0000025696464
147022,0.2547067619021,3.8572635147916,0.0085796277951,0.3364679817078,0.1784241400726,0.0000025696464
147031,0.2547047212758,3.8572326116724,0.0086264618153,0.3364088766616,0.1784226655734,0.0000025696464
147057,0.2547145280893,3.8573811254528,0.0086264618153,0.3364017600860,0.1784222253993,0.0000025696464
147080,0.2547149272999,3.8573871710734,0.0086454246077,0.3363673748372,0.1784181574094,0.0000025696464
147136,0.2547169407624,3.8574176628257,0.0086454246077,0.3363037485344,0.1783958651861,0.0000025696464
147153,0.2547057882981,3.8572487705931,0.0086732958356,0.3362459068816,0.1783847624511,0.0000025696464
147197,0.2547009346156,3.8571752667243,0.0086347532164,0.3362815178498,0.1783799223139,0.0000025696464
147198,0.2546988037568,3.8571429971292,0.0086570050230,0.3362016919848,0.1783604929523,0.0000025696464
147223,0.2546962694354,3.8571046175231,0.0086101710027,0.3362226787226,0.1783473734240,0.0000025696464
147267,0.2546915547703,3.8570332189244,0.0085915332554,0.3362378742678,0.1783438025130,0.0000025696464
147284,0.2546856453541,3.8569437270892,0.0085713363940,0.3362326571614,0.1783320171595,0.0000025696464
147429,0.2546826173948,3.8568978718600,0.0085245023738,0.3362487562821,0.1783170462741,0.0000025696464
147451,0.2546810746836,3.8568745091376,0.0085245023738,0.3360878129047,0.1782592359155,0.0000025696464
147504,0.2546826153370,3.8568978406971,0.0085273120845,0.3360815057847,0.1782585176744,0.0000025696464
147537,0.2546841844241,3.8569216028555,0.0085273120845,0.3360755409340,0.1782567236035,0.0000025182534
147539,0.2546850540378,3.8569347722319,0.0085713363940,0.3360206302123,0.1782561665385,0.0000025182534
147560,0.2546906276843,3.8570191791912,0.0086181704143,0.3359335757272,0.1782463417268,0.0000025182534
147753,0.2546959424359,3.8570996654616,0.0086366539030,0.3358998905619,0.1782433716811,0.0000025182534
147781,0.2546949197033,3.8570841772633,0.0086253654772,0.3358982938108,0.1782377443591,0.0000025182534
147828,0.2546959921278,3.8571004179935,0.0086499476909,0.3358128882027,0.1782180073959,0.0000025182534
147846,0.2546942349514,3.8570738074215,0.0086275581534,0.3358227557266,0.1782115594577,0.0000025182534
148048,0.2546908493042,3.8570225353890,0.0085920125589,0.3358146201058,0.1781926945568,0.0000025182534
148187,0.2546909508500,3.8570240731924,0.0085844924510,0.3358017271097,0.1781848887718,0.0000025182534
148231,0.2546979639570,3.8571302792539,0.0086313264712,0.3357259574404,0.1781794027072,0.0000025182534
148349,0.2546949888383,3.8570852242383,0.0085844924510,0.3357772893172,0.1781770262719,0.0000025182534
148466,0.2546968563844,3.8571135062422,0.0085655296587,0.3357239075980,0.1781502346497,0.0000025182534
148505,0.2547006304281,3.8571706601274,0.0085266950500,0.3357413212888,0.1781406191449,0.0000025182534
148507,0.2546983711546,3.8571364458290,0.0085266950500,0.3357419684228,0.1781403661341,0.0000025182534
148794,0.2546928874086,3.8570534003165,0.0084798610297,0.3357581080922,0.1781248834904,0.0000025182534
149053,0.2546911598579,3.8570272383950,0.0084748586429,0.3357584908448,0.1781225061182,0.0000025182534
149157,0.2546864626818,3.8569561046497,0.0085216926631,0.3356844532316,0.1781151292987,0.0000025182534
149307,0.2546815889082,3.8568822965220,0.0085216926631,0.2625513495190,0.1519951193070,0.0000025182534
149514,0.2546730466665,3.8567529333410,0.0084558958506,0.2626189408570,0.1519892299563,0.0000025182534
149692,0.2546572038770,3.8565130111128,0.0085027298708,0.2625688810301,0.1519880282862,0.0000025182534
149773,0.2546502057977,3.8564070326300,0.0085495638910,0.2625098586966,0.1519855210159,0.0000025182534
149835,0.2546447620475,3.8563245928119,0.0085495638910,0.2625097042940,0.1519842993542,0.0000025182534
149842,0.2546456223718,3.8563376215102,0.0085963979113,0.2624514168162,0.1519837384760,0.0000025182534
150074,0.2546510717988,3.8564201472973,0.0085913955244,0.2623143507837,0.1519338101758,0.0000025182534
150112,0.2546510351430,3.8564195921836,0.0085881065102,0.2623139067138,0.1519322341471,0.0000025182534
150116,0.2546569002858,3.8565084135454,0.0085963979113,0.2622984065267,0.1519315086399,0.0000025182534
150142,0.2546559740542,3.8564943867510,0.0086153607036,0.2622504003427,0.1519222920070,0.0000025182534
150263,0.2546568872123,3.8565082155608,0.0086153607036,0.2622498044971,0.1519222748817,0.0000025182534
150295,0.2546569519925,3.8565091965881,0.0086621947238,0.2621801054270,0.1519174679611,0.0000025182534
150340,0.2546556383220,3.8564893024440,0.0087090287441,0.2621205144384,0.1519159756873,0.0000025182534
150375,0.2546593882071,3.8565460904723,0.0085913955244,0.2621941887012,0.1518926772338,0.0000025182534
150792,0.2546600854658,3.8565566497158,0.0085957808768,0.2621533098320,0.1518801064870,0.0000025182534
150962,0.2546605164341,3.8565631762730,0.0086426148970,0.2620887367957,0.1518772087616,0.0000025182534
150993,0.2546629125740,3.8565994632675,0.0086307094367,0.2620979772621,0.1518759200466,0.0000025182534
151019,0.2546664683808,3.8566533121878,0.0086040722778,0.2619549737205,0.1518141933866,0.0000025182534
151089,0.2546653160740,3.8566358617237,0.0086459039112,0.2618945145105,0.1518102817316,0.0000025182534
151117,0.2546673619142,3.8566668438013,0.0086509062981,0.2618847223388,0.1518093668018,0.0000025182534
151258,0.2546622811820,3.8565899015066,0.0086426148970,0.2618640300368,0.1517973345080,0.0000025182534
151416,0.2546651841621,3.8566338640577,0.0086844465304,0.2617816057007,0.1517864471552,0.0000025182534
151499,0.2546590566953,3.8565410700783,0.0086855428685,0.1991236533333,0.1294077638545,0.0000025182534
151509,0.2546688851281,3.8566899112590,0.0086855428685,0.1469133437145,0.1107633307977,0.0000025182534
151576,0.2546651924056,3.8566339888979,0.0086855428685,0.1469078933667,0.1107605929473,0.0000025182534
151582,0.2546688716495,3.8566897071409,0.0086855428685,0.1469020234871,0.1107592849711,0.0000025182534
151587,0.2546677454537,3.8566726521007,0.0087323768887,0.1468165994193,0.1107486067707,0.0000025182534
151746,0.2546638648064,3.8566138838169,0.0087323768887,0.1466689534583,0.1106950445031,0.0000024678884
151781,0.2546624889071,3.8565930472821,0.0087240854877,0.1466743486079,0.1106931230491,0.0000024678884
152003,0.2546631896141,3.8566036587462,0.0087944053835,0.1465769078586,0.1106886100312,0.0000024678884
152126,0.2546514988210,3.8564266140952,0.0087748255566,0.1465823392795,0.1106796533000,0.0000024678884
152132,0.2546502344971,3.8564074672524,0.0088216595769,0.1465212202650,0.1106776258770,0.0000024678884
152231,0.2546416215775,3.8562770337277,0.0087748255566,0.1464840905837,0.1106424479279,0.0000024678884
152395,0.2546369002413,3.8562055341036,0.0087965980596,0.1464152592557,0.1106261846686,0.0000024678884
152509,0.2546301409034,3.8561031711073,0.0087497640394,0.1464707757168,0.1106244918236,0.0000024678884
152575,0.2546332242661,3.8561498653615,0.0087007373430,0.1464568307921,0.1105991607726,0.0000024678884
152597,0.2546390640615,3.8562383028637,0.0086539033228,0.1464601085757,0.1105815110714,0.0000024678884
152605,0.2546448599103,3.8563260748408,0.0087007373430,0.1463854230393,0.1105761513561,0.0000024678884
152649,0.2546502633207,3.8564079037547,0.0086778685019,0.1463554880962,0.1105568172467,0.0000024678884
152752,0.2546513072886,3.8564237135406,0.0087013543775,0.1463037857401,0.1105486412022,0.0000024678884
152765,0.2546524833508,3.8564415237539,0.0087420896728,0.1462440119677,0.1105450034234,0.0000024678884
152795,0.2546619751686,3.8565852672580,0.0087889236931,0.1461680052036,0.1105399638344,0.0000024678884
152838,0.2546643113660,3.8566206464884,0.0086803696953,0.1462679903815,0.1105296502984,0.0000024678884
152852,0.2546689059765,3.8566902269855,0.0086559252126,0.1462910949642,0.1105284102876,0.0000024678884
152865,0.2546684625470,3.8566835117167,0.0086205338768,0.1462935848229,0.1105140367868,0.0000024678884
152919,0.2546708025310,3.8567189482905,0.0086051686159,0.1462468604860,0.1104912658370,0.0000024678884
152946,0.2546676276136,3.8566708675375,0.0086470002493,0.1461966148745,0.1104905684792,0.0000024185306
153006,0.2546682437351,3.8566801980428,0.0086268033880,0.1461776228296,0.1104752618344,0.0000024185306
153109,0.2546686441854,3.8566862624372,0.0086318057748,0.1461674631623,0.1104738630726,0.0000024185306
153287,0.2546728028652,3.8567492412284,0.0086562502576,0.1461085022965,0.1104641729731,0.0000024185306
153292,0.2546697459372,3.8567029473000,0.0086562502576,0.1461020660929,0.1104612192730,0.0000024185306
153466,0.2546690872891,3.8566929727737,0.0086094162373,0.1461551228963,0.1104599552695,0.0000024185306
153505,0.2546680019287,3.8566765361425,0.0086094162373,0.1461431337893,0.1104554408683,0.0000024185306
153537,0.2546691311843,3.8566936375190,0.0085675846039,0.1461590532130,0.1104434405172,0.0000024185306
153569,0.2546705761032,3.8567155192817,0.0085675846039,0.1461518455020,0.1104411759602,0.0000024185306
153717,0.2546678260680,3.8566738729189,0.0086094162373,0.1461028894566,0.1104410302079,0.0000024185306
153763,0.2546674336609,3.8566679303290,0.0086175699075,0.1460908193592,0.1104401298017,0.0000024185306
154114,0.2546688415012,3.8566892505758,0.0086175699075,0.1459513486008,0.1103906204966,0.0000024185306
154192,0.2546698397612,3.8567043681636,0.0085757382741,0.1460001884516,0.1103903493704,0.0000024185306
154271,0.2546610839221,3.8565717702761,0.0085627364757,0.1460103720432,0.1103865379169,0.0000024185306
154472,0.2546517462568,3.8564303612474,0.0084751671602,0.1460739836129,0.1103697256997,0.0000024185306
154568,0.2546554165975,3.8564859446609,0.0084366245410,0.1461171460277,0.1103694090841,0.0000024185306
154578,0.2546727181047,3.8567479576210,0.0084187580867,0.1460367247625,0.1103367376176,0.0000024185306
154708,0.2546772036237,3.8568158860443,0.0084187580867,0.1044530339945,0.0954863806689,0.0000024185306
154720,0.2546842497928,3.8569225927949,0.0084187580867,0.1044301453646,0.0954797160515,0.0000024185306
154916,0.2546697287520,3.8567026870482,0.0084889402516,0.1043276073672,0.0954700617573,0.0000024185306
154954,0.2546730066751,3.8567523277134,0.0084644957689,0.1043499303003,0.0954682604386,0.0000024185306
154955,0.2546822715451,3.8568926343337,0.0084644957689,0.1043184317419,0.0954589962827,0.0000024185306
154956,0.2546771178682,3.8568145873684,0.0084594933821,0.1042468987311,0.0954302005395,0.0000024185306
154961,0.2546735353517,3.8567603339584,0.0084670134900,0.1041705827430,0.0954054000507,0.0000024185306
155081,0.2546654651004,3.8566381185698,0.0084446239525,0.1041807878651,0.0953977198815,0.0000024185306
155130,0.2546650159278,3.8566313163278,0.0083623820687,0.1041744884098,0.0953601273032,0.0000024185306
155138,0.2546723093536,3.8567417675197,0.0083623820687,0.1041307137851,0.0953460563856,0.0000024185306
155158,0.2546837500128,3.8569150241572,0.0083623820687,0.1040508442707,0.0953199831289,0.0000024185306
155161,0.2546778844743,3.8568261968032,0.0083623820687,0.1039094833207,0.0952682401742,0.0000024185306
155180,0.2546800736646,3.8568593497677,0.0083913496347,0.1038479593542,0.0952591511124,0.0000024185306
155516,0.2546639345590,3.8566149401465,0.0083210297389,0.1039364366089,0.0952571546539,0.0000024185306
155698,0.2546591353433,3.8565422611184,0.0082834457269,0.1039711990702,0.0952524339816,0.0000024185306
155925,0.2546620116956,3.8565858204208,0.0082773470020,0.1039429169808,0.0952403358574,0.0000024185306
156031,0.2546671667606,3.8566638884083,0.0082773470020,0.1039374116125,0.0952394743112,0.0000024185306
156182,0.2546688473477,3.8566893391152,0.0083241810222,0.1038747046012,0.0952375107987,0.0000024185306
156283,0.2546664428157,3.8566529250313,0.0083241810222,0.1038252395003,0.0952193294345,0.0000024185306
156362,0.2546572882719,3.8565142891840,0.0083128925965,0.1038319162042,0.0952149143868,0.0000024185306
156526,0.2546534689405,3.8564564494638,0.0082660585762,0.1038448574759,0.0951986461185,0.0000024185306
156623,0.2546517911604,3.8564310412653,0.0082773470020,0.1037657771753,0.0951748815264,0.0000024185306
156710,0.2546532860399,3.8564536796279,0.0083241810222,0.1037040653612,0.0951732336471,0.0000024185306
156947,0.2546586884903,3.8565354940045,0.0083219883461,0.1037011945088,0.0951724262922,0.0000024185306
156997,0.2546566592835,3.8565047638216,0.0083688223663,0.1036246517011,0.0951647264681,0.0000024185306
157334,0.2546544851548,3.8564718389512,0.0083688223663,0.1036051297593,0.0951572884613,0.0000024185306
157509,0.2546521193718,3.8564360116788,0.0083575339405,0.1036113896297,0.0951541792791,0.0000024185306
157585,0.2546503415192,3.8564090879877,0.0083688223663,0.1035322724098,0.0951303800575,0.0000024185306
157596,0.2546486375966,3.8563832838900,0.0083688223663,0.1035275086036,0.0951283135718,0.0000024185306
157666,0.2546416676575,3.8562777315604,0.0084073649855,0.1034614445360,0.0951197439689,0.0000024185306
157688,0.2546310652357,3.8561171691381,0.0083197956699,0.1035349776350,0.0951062041358,0.0000024185306
157772,0.2546324902513,3.8561387494865,0.0083197956699,0.1035307125041,0.0951049862353,0.0000024185306
157950,0.2546310406529,3.8561167968576,0.0083197956699,0.1034001568906,0.0950580486022,0.0000024185306
157983,0.2546346345273,3.8561712222703,0.0083606686962,0.1033463626218,0.0950571234905,0.0000024185306
158411,0.2546356642079,3.8561868156892,0.0083606686962,0.1033415988155,0.0950556427770,0.0000024185306
158555,0.2546328776311,3.8561446159427,0.0082981608978,0.1032600161011,0.0949991199133,0.0000024185306
158663,0.2546424229085,3.8562891690355,0.0082680969938,0.1032841129205,0.0949968868065,0.0000024185306
158704,0.2546352439170,3.8561804508308,0.0082355153686,0.1033273915300,0.0949968415438,0.0000024185306
159223,0.2546394745280,3.8562445189428,0.0082455201422,0.1032634045615,0.0949791833746,0.0000023701600
159228,0.2546446264156,3.8563225388109,0.0082763883948,0.1031869962753,0.0949662279280,0.0000023701600
159398,0.2546474746817,3.8563656727779,0.0082596182787,0.1031418960046,0.0949435438386,0.0000023701600
159471,0.2546542230303,3.8564678693539,0.0082981608978,0.1030860261511,0.0949415546596,0.0000023701600
159521,0.2546526004444,3.8564432970123,0.0083388961932,0.1030230551491,0.0949361753027,0.0000023701600
159532,0.2546471810496,3.8563612260308,0.0083226053806,0.1029497255873,0.0949018430978,0.0000023701600
159575,0.2546470629230,3.8563594371300,0.0082917371280,0.1029526143547,0.0948896202365,0.0000023701600
159684,0.2546497077357,3.8563994900106,0.0083085072441,0.1029014579477,0.0948791040293,0.0000023701600
159773,0.2546467215249,3.8563542670181,0.0083393754967,0.1028475049953,0.0948724244666,0.0000023701600
159787,0.2546417072280,3.8562783308139,0.0083476668978,0.1028396511703,0.0948720984945,0.0000023701600
159886,0.2546364266006,3.8561983613177,0.0083700564353,0.1027654694821,0.0948540689874,0.0000023701600
159919,0.2546327160141,3.8561421684251,0.0082799859263,0.1028471085098,0.0948438290107,0.0000023701600
159975,0.2546385447447,3.8562304383620,0.0082799859263,0.1028033651219,0.0948294553858,0.0000023701600
160100,0.2546474511655,3.8563653166492,0.0082688682869,0.1026574236015,0.0947744772304,0.0000023701600
160243,0.2546467935626,3.8563553579516,0.0082220342667,0.1027058090786,0.0947715451201,0.0000023701600
160252,0.2546498506628,3.8564016544887,0.0082688682869,0.1026133762583,0.0947592602144,0.0000023701600
160304,0.2546470808805,3.8563597090759,0.0082922164315,0.1025832197995,0.0947579028734,0.0000023227568
160320,0.2546465208774,3.8563512284249,0.0082633865965,0.1026096058703,0.0947548508259,0.0000023227568
160419,0.2546248496550,3.8560230407672,0.0082165525763,0.1026704952918,0.0947518814915,0.0000023227568
160446,0.2546122007291,3.8558314862116,0.0082633865965,0.1026142548796,0.0947491568689,0.0000023227568
160477,0.2546137854858,3.8558554856703,0.0082633865965,0.1025919580964,0.0947415333227,0.0000023227568
160567,0.2546147940641,3.8558707595175,0.0082400384518,0.1025477059906,0.0947159387754,0.0000023227568
160674,0.2546173945483,3.8559101410903,0.0081932044316,0.1025668750659,0.0947032703974,0.0000023227568
160689,0.2546190418010,3.8559350869834,0.0081609478514,0.1025990352331,0.0947012849055,0.0000023227568
160734,0.2546253736493,3.8560309761036,0.0081913368004,0.1025406307047,0.0946948068053,0.0000023227568
160777,0.2546289487231,3.8560851168014,0.0082201666355,0.1024637375746,0.0946804667039,0.0000023227568
160944,0.2546309656578,3.8561156611363,0.0082049721609,0.1024720470616,0.0946773546605,0.0000023227568
161122,0.2546245172750,3.8560180072249,0.0082049721609,0.1024576752975,0.0946708400913,0.0000023227568
161189,0.2546278891904,3.8560690713034,0.0082446111182,0.1024053366398,0.0946698583914,0.0000023227568
161238,0.2546286242738,3.8560802033618,0.0082914451384,0.1023365082502,0.0946655060645,0.0000023227568
161427,0.2546265118292,3.8560482126307,0.0083382791587,0.1022598177654,0.0946577356619,0.0000023227568
161676,0.2546261615727,3.8560429083675,0.0083851131789,0.1021987685132,0.0946559290255,0.0000023227568
161747,0.2546245994443,3.8560192515911,0.0083851131789,0.1021911373641,0.0946528688733,0.0000023227568
161850,0.2546244495384,3.8560169814254,0.0084319471991,0.1021261750669,0.0946497076532,0.0000023227568
161872,0.2546305860948,3.8561099130579,0.0084319471991,0.1021162381276,0.0946474737227,0.0000023227568
162207,0.2546253987987,3.8560313569648,0.0083851131789,0.1021749190588,0.0946472479117,0.0000023227568
162224,0.2546241720526,3.8560127791979,0.0084319471991,0.1021098293353,0.0946438104306,0.0000023227568
162250,0.2546191320382,3.8559364535304,0.0083346816272,0.1021906346962,0.0946299042399,0.0000023227568
162285,0.2546229240796,3.8559938799709,0.0083346816272,0.1021112406694,0.0946023618106,0.0000023227568
162371,0.2546183907373,3.8559252273151,0.0083815156474,0.1020554676394,0.0946015431638,0.0000023227568
162565,0.2546147392917,3.8558699300473,0.0083815156474,0.1020254658686,0.0945900457930,0.0000023227568
163458,0.2546102072393,3.8558012969258,0.0083658418693,0.1019499044627,0.0945553710891,0.0000023227568
163495,0.2546090074573,3.8557831275012,0.0083545534435,0.1019534549160,0.0945515441152,0.0000023227568
163794,0.2546117321340,3.8558243898368,0.0084126758895,0.1018252655866,0.0945312556909,0.0000023227568
163836,0.2546074788385,3.8557599781917,0.0083838460545,0.1018422976034,0.0945240714899,0.0000023227568
163891,0.2546045011907,3.8557148848766,0.0083755546534,0.1018519042079,0.0945233108951,0.0000023227568
163938,0.2546031269054,3.8556940727852,0.0084223886736,0.1017660924877,0.0945124410855,0.0000023227568
164166,0.2546005833601,3.8556555534920,0.0083735162359,0.1017882487113,0.0944988636466,0.0000023227568
164261,0.2545951790217,3.8555737105232,0.0083735162359,0.1017658227106,0.0944896962881,0.0000023227568
164275,0.2545957927174,3.8555830042930,0.0084203502561,0.1016992395156,0.0944861198048,0.0000023227568
164417,0.2546000670834,3.8556477350290,0.0084512185087,0.1016226097137,0.0944728972051,0.0000023227568
164431,0.2546044677911,3.8557143790751,0.0084366410687,0.1015555361686,0.0944436379020,0.0000023227568
164457,0.2546060581165,3.8557384628649,0.0084121965860,0.1015774532907,0.0944413300228,0.0000023227568
164632,0.2545984376395,3.8556230588305,0.0083898070485,0.1015753821993,0.0944293618718,0.0000023227568
164727,0.2545990438033,3.8556322385376,0.0083970021114,0.1015568890692,0.0944259706732,0.0000023227568
164787,0.2546013401869,3.8556670148292,0.0084438361317,0.1014900164671,0.0944226514062,0.0000023227568
165024,0.2546040868890,3.8557086107177,0.0083970021114,0.1015228062639,0.0944148789039,0.0000023227568
165107,0.2546101692373,3.8558007214246,0.0083970021114,0.1015129830783,0.0944126739837,0.0000023227568
165400,0.2546121719389,3.8558310502151,0.0084906701519,0.0701772375039,0.0832619088748,0.0000023227568
165511,0.2546073690024,3.8557583148400,0.0085375041721,0.0700775459946,0.0832453472866,0.0000023227568
165899,0.2546093278200,3.8557879790539,0.0085292127711,0.0700593505427,0.0832357152000,0.0000023227568
165964,0.2546041645840,3.8557097873251,0.0085069774922,0.0700827696538,0.0832334433553,0.0000023227568
166009,0.2546054222370,3.8557288331449,0.0084601434720,0.0701293902536,0.0832302913436,0.0000023227568
166317,0.2545938349261,3.8555533556223,0.0084579507958,0.0701278822169,0.0832263300456,0.0000022763017
166408,0.2545974170753,3.8556076034702,0.0084801860747,0.0699507262305,0.0831733570590,0.0000022763017
166652,0.2546044446326,3.8557140283645,0.0083625528551,0.0700338758881,0.0831541450335,0.0000022763017
167000,0.2546033777014,3.8556978708244,0.0083262029121,0.0699733607240,0.0831167252998,0.0000022763017
167332,0.2545941514035,3.8555581483365,0.0083349736167,0.0699587602857,0.0831132926671,0.0000022763017
167452,0.2545948164936,3.8555682204205,0.0082441152869,0.0700246220046,0.0830980179447,0.0000022763017
167768,0.2545910209574,3.8555107410533,0.0083203961767,0.0698815922858,0.0830788143829,0.0000022763017
167912,0.2545984594995,3.8556233898768,0.0083203961767,0.0494567035859,0.0757858052491,0.0000022763017
168121,0.2545933468742,3.8555459645954,0.0083116254720,0.0494486695306,0.0757780815077,0.0000022763017
168161,0.2545900178308,3.8554955497658,0.0082647914518,0.0494704129043,0.0757650619089,0.0000022763017
168279,0.2545849987638,3.8554195413251,0.0083153937899,0.0493928096113,0.0757579576491,0.0000022763017
168298,0.2545894227246,3.8554865375142,0.0082685597696,0.0493149794420,0.0757110374287,0.0000022763017
168359,0.2545791670757,3.8553312265991,0.0083153937899,0.0490138236975,0.0756213558896,0.0000022763017
168451,0.2545824478552,3.8553809105228,0.0083421686797,0.0489008592120,0.0755931894074,0.0000022763017
168507,0.2545777829573,3.8553102655954,0.0083384003619,0.0488228021664,0.0755626972768,0.0000022763017
168702,0.2545824342511,3.8553807045028,0.0083384003619,0.0487469808926,0.0755366149563,0.0000022763017
168913,0.2545869914399,3.8554497182893,0.0083384003619,0.0486686969706,0.0755096329532,0.0000022763017
169034,0.2545861065672,3.8554363178313,0.0083852343821,0.0485694848822,0.0754940821718,0.0000022763017
169045,0.2545862402854,3.8554383428517,0.0083987154840,0.0485213577827,0.0754827001910,0.0000022763017
170042,0.2545919732936,3.8555251631751,0.0083185285455,0.0486117793164,0.0754818562668,0.0000022763017
170251,0.2545873684631,3.8554554279058,0.0084121965860,0.0484977854910,0.0754803008829,0.0000022307756
170597,0.2545901079678,3.8554969147960,0.0083999826084,0.0484473376679,0.0754576362781,0.0000022307756
170706,0.2546015470449,3.8556701474747,0.0084468166287,0.0483791222636,0.0754557965875,0.0000022307756
171087,0.2545981661058,3.8556189467408,0.0083999826084,0.0484353046439,0.0754550655134,0.0000022307756
171161,0.2546007696087,3.8556583740283,0.0084281788813,0.0482871430995,0.0754147926865,0.0000022307756
171175,0.2545908799372,3.8555086054520,0.0084281788813,0.0482788417778,0.0754097087134,0.0000022307756
171335,0.2545907202191,3.8555061866910,0.0084750129015,0.0482014581769,0.0754021092108,0.0000022307756
171610,0.2545922361892,3.8555291444487,0.0084822079645,0.0481915193049,0.0754019680628,0.0000022307756
171685,0.2545917831305,3.8555222833566,0.0083645747449,0.0483303027555,0.0754010222599,0.0000022307756
171721,0.2545995543530,3.8556399702706,0.0083177407247,0.0482001573579,0.0753361352998,0.0000022307756
171919,0.2546005188218,3.8556545761281,0.0083177407247,0.0481795825410,0.0753289938227,0.0000022307756
172462,0.2546056636746,3.8557324894606,0.0083962142906,0.0480664973788,0.0753233402615,0.0000022307756
172639,0.2546118039226,3.8558254769989,0.0083019126879,0.0481711664364,0.0753216228627,0.0000022307756
172766,0.2546121182656,3.8558302373897,0.0082550786677,0.0482193784595,0.0753188370786,0.0000022307756
173761,0.2546140026812,3.8558587748638,0.0082550786677,0.0481983136852,0.0753117177483,0.0000021861601
173844,0.2546204318595,3.8559561379444,0.0082550786677,0.0481522009750,0.0752966266043,0.0000021861601
173916,0.2546238345970,3.8560076687909,0.0081833373889,0.0482053709154,0.0752855987644,0.0000021861601
173919,0.2546279387612,3.8560698220013,0.0081833373889,0.0481745798181,0.0752754814077,0.0000021861601
174243,0.2546219325607,3.8559788644704,0.0081833373889,0.0481436467681,0.0752631468468,0.0000021861601
174443,0.2546220948668,3.8559813224246,0.0082231140770,0.0480664937489,0.0752526741291,0.0000021861601
174689,0.2546170672403,3.8559051843574,0.0082231140770,0.0479619056817,0.0752142438994,0.0000021861601
174880,0.2546240815140,3.8560114080874,0.0081817617472,0.0479813203179,0.0752049583296,0.0000021861601
175245,0.2546253459423,3.8560305565110,0.0081817617472,0.0479246901559,0.0751850042207,0.0000021861601
175417,0.2546336985665,3.8561570481373,0.0082682347247,0.0478088397963,0.0751824787878,0.0000021861601
175613,0.2546307595260,3.8561125394887,0.0082214007045,0.0478653947331,0.0751819754621,0.0000021861601
176431,0.2546307425682,3.8561122826816,0.0082127842584,0.0478069045959,0.0751573897311,0.0000021861601
176754,0.2546239021875,3.8560086923771,0.0081731453012,0.0478534044662,0.0751555429072,0.0000021861601
177045,0.2546200889522,3.8559509449775,0.0081263112809,0.0479100161685,0.0751548725275,0.0000021861601
177189,0.2546187025833,3.8559299498922,0.0081333686130,0.0478970234309,0.0751529597559,0.0000021861601
177317,0.2546147696932,3.8558703904464,0.0081681429144,0.0478281507897,0.0751424228939,0.0000021861601
177374,0.2546199106577,3.8559482448955,0.0082079196025,0.0477513353687,0.0751331376022,0.0000021861601
177484,0.2546247595827,3.8560216767169,0.0082079196025,0.0477418206810,0.0751307785549,0.0000021861601
177531,0.2546231712921,3.8559976237427,0.0081834751198,0.0477520291972,0.0751236078986,0.0000021861601
177881,0.2546303945241,3.8561070119233,0.0082270201258,0.0476928829269,0.0751226942115,0.0000021861601
177952,0.2546365468387,3.8562001821957,0.0082738541460,0.0475667045765,0.0750990205910,0.0000021861601
178241,0.2546319911739,3.8561311914893,0.0082514646085,0.0475901385222,0.0750968181274,0.0000021861601
178387,0.2546221104921,3.8559815590521,0.0082982986287,0.0475082376830,0.0750855222617,0.0000021861601
178562,0.2546287721890,3.8560824433797,0.0082585219406,0.0474608375858,0.0750529740099,0.0000021861601
178625,0.2546308394339,3.8561137496102,0.0082585219406,0.0474393638445,0.0750457477977,0.0000021861601
178725,0.2546298196884,3.8560983066464,0.0081921080935,0.0474264063111,0.0750124385130,0.0000021861601
178837,0.2546301828881,3.8561038069198,0.0082389421137,0.0473689254855,0.0750120591981,0.0000021861601
178863,0.2546366159764,3.8562012292137,0.0082671383866,0.0473093870915,0.0750042581219,0.0000021861601
178937,0.2546400847935,3.8562537607662,0.0082469415253,0.0473208073659,0.0750004243116,0.0000021861601
179278,0.2546381848733,3.8562249884916,0.0082073025680,0.0472516839333,0.0749583421210,0.0000021861601
179294,0.2546396545633,3.8562472453857,0.0082073025680,0.0472385644191,0.0749539715138,0.0000021861601
179349,0.2546270873622,3.8560569284669,0.0081960141423,0.0472489535025,0.0749501510323,0.0000021861601
179412,0.2546318807337,3.8561295189891,0.0081828580853,0.0472587378159,0.0749490342709,0.0000021861601
179738,0.2546302493913,3.8561048140411,0.0081197332525,0.0473062933544,0.0749386153186,0.0000021861601
179797,0.2546270889150,3.8560569519822,0.0081665672727,0.0472362588869,0.0749329974868,0.0000021861601
179847,0.2546200441437,3.8559502664003,0.0081867641340,0.0472124473520,0.0749316395711,0.0000021861601
179888,0.2546269889121,3.8560554375451,0.0081999201910,0.0471885637009,0.0749302361705,0.0000021861601
180026,0.2546323479799,3.8561365949367,0.0082243646737,0.0471214996092,0.0749179092877,0.0000021861601
180146,0.2546281213016,3.8560725863808,0.0082243646737,0.0471203066978,0.0749165775311,0.0000021861601
180190,0.2546421872596,3.8562856003826,0.0081932044316,0.0471435369253,0.0749145337853,0.0000021861601
180195,0.2546334989129,3.8561540245961,0.0081730075703,0.0471221549139,0.0748963797664,0.0000021861601
180451,0.2546304469891,3.8561078064494,0.0081730075703,0.0471198715471,0.0748949102946,0.0000021861601
180522,0.2546228075597,3.8559921154015,0.0081730075703,0.0471066427234,0.0748885486941,0.0000021861601
180531,0.2546224114494,3.8559861167309,0.0080846669616,0.0472014618239,0.0748844675169,0.0000021861601
180643,0.2546217003047,3.8559753472004,0.0081315009818,0.0471066427234,0.0748705228873,0.0000021424369
180781,0.2546207990166,3.8559616981478,0.0081554661610,0.0470165106032,0.0748484105023,0.0000021424369
181289,0.2546156046744,3.8558830353506,0.0080732242772,0.0469991704646,0.0748058580007,0.0000021424369
181312,0.2546135086828,3.8558512937830,0.0080263902570,0.0469167578606,0.0747559040638,0.0000021424369
181518,0.2546270194841,3.8560559005255,0.0080672632832,0.0468469743522,0.0747513935652,0.0000021424369
181754,0.2546243958276,3.8560161680332,0.0080672632832,0.0468469743522,0.0747508313531,0.0000021424369
182229,0.2546182487005,3.8559230763185,0.0080378164136,0.0468561948457,0.0747401870580,0.0000020995882
182309,0.2546219873977,3.8559796949192,0.0080846504339,0.0467952445025,0.0747392919506,0.0000020995882
182866,0.2546331595811,3.8561488857757,0.0081255234601,0.0467252655817,0.0747342105295,0.0000020995882
182897,0.2546315528408,3.8561245533995,0.0081723574803,0.0466673679227,0.0747332602156,0.0000020995882
182918,0.2546429159539,3.8562966356854,0.0082191915006,0.0465970718560,0.0747306611532,0.0000020995882
183692,0.2546428154461,3.8562951136001,0.0082444072764,0.0465295002619,0.0747173136647,0.0000020995882
183952,0.2546303264573,3.8561059811234,0.0081267740568,0.0465906970727,0.0746860792197,0.0000020995882
184291,0.2546289255969,3.8560847665797,0.0081151936415,0.0465290214667,0.0746587889981,0.0000020995882
184579,0.2546242710193,3.8560142779434,0.0081620276617,0.0464651525091,0.0746550529696,0.0000020995882
184696,0.2546162367755,3.8558926078500,0.0081151936415,0.0465183042643,0.0746522423927,0.0000020995882
185480,0.2546173544502,3.8559095338468,0.0081620276617,0.0463949412567,0.0746284954003,0.0000020995882
186546,0.2546172462526,3.8559078953097,0.0081626446962,0.0463646940456,0.0746179340831,0.0000020995882
186651,0.2546294796940,3.8560931577916,0.0082011873154,0.0462942689211,0.0746119219700,0.0000020995882
186805,0.2546329766482,3.8561461154515,0.0081418308004,0.0462731856542,0.0745797030727,0.0000020995882
187209,0.2546352193959,3.8561800794837,0.0080450114766,0.0462768177280,0.0745399868348,0.0000020995882
187657,0.2546389783428,3.8562370047449,0.0080318554196,0.0462677887908,0.0745319293929,0.0000020995882
187787,0.2546364715984,3.8561990427626,0.0080515895051,0.0462187704138,0.0745223431354,0.0000020995882
187855,0.2546204423319,3.8559562965378,0.0080047554849,0.0462601785083,0.0745136251748,0.0000020575964
187945,0.2546148054751,3.8558709323254,0.0080047554849,0.0462194980030,0.0744978885250,0.0000020575964
188358,0.2546217122085,3.8559755274705,0.0080307590816,0.0461580247893,0.0744885582187,0.0000020575964
188587,0.2546174040307,3.8559102846909,0.0079922164624,0.0461972953481,0.0744851419719,0.0000020575964
189314,0.2546186397662,3.8559289985933,0.0079644994931,0.0462295330399,0.0744850415326,0.0000020575964
189973,0.2546206151657,3.8559589139213,0.0080113335134,0.0461579489339,0.0744799708033,0.0000020575964
190247,0.2546264890798,3.8560478681154,0.0080196249144,0.0461288850753,0.0744744030073,0.0000020575964
190532,0.2546110029435,3.8558133470202,0.0080321474092,0.0461148170156,0.0744714270260,0.0000020575964
191079,0.2546101494960,3.8558004224641,0.0080196249144,0.0461153186535,0.0744660565173,0.0000020575964
191318,0.2546095894916,3.8557919417924,0.0080664589347,0.0460246196005,0.0744536157204,0.0000020575964
191914,0.2546196698389,3.8559445979507,0.0081006162015,0.0459525598496,0.0744446789981,0.0000020575964
192297,0.2546192034095,3.8559375343722,0.0080664589347,0.0459718764940,0.0744368390219,0.0000020575964
192435,0.2546074123865,3.8557589718465,0.0080462620733,0.0459934046621,0.0744333452079,0.0000020575964
192464,0.2546169937568,3.8559040715289,0.0080533194054,0.0459229241587,0.0744132513212,0.0000020575964
192465,0.2546217643165,3.8559763165900,0.0080222968942,0.0458728507840,0.0743830948739,0.0000020575964
192529,0.2546273184967,3.8560604287535,0.0079754628739,0.0459029121415,0.0743749495315,0.0000020575964
192540,0.2546167291098,3.8559000637300,0.0080222968942,0.0458120655202,0.0743603068782,0.0000020575964
192553,0.2546109125660,3.8558119783499,0.0080222968942,0.0457633421599,0.0743416592759,0.0000020575964
192606,0.2546163284615,3.8558939963374,0.0080324889819,0.0457219106120,0.0743323908811,0.0000020575964
192946,0.2546164167693,3.8558953336649,0.0080324889819,0.0457207177006,0.0743319837644,0.0000020575964
192965,0.2546254765381,3.8560325342461,0.0080002324016,0.0457301613654,0.0743234736322,0.0000020575964
193013,0.2546234484221,3.8560018205814,0.0080400090898,0.0456573136526,0.0743140691477,0.0000020575964
193052,0.2546348326543,3.8561742226931,0.0080868431100,0.0455577323714,0.0743010156057,0.0000020575964
193394,0.2546273576590,3.8560610218255,0.0080722656700,0.0454952345370,0.0742708456916,0.0000020575964
193439,0.2546267784612,3.8560522504898,0.0081190996903,0.0454367559048,0.0742699080749,0.0000020575964
193885,0.2546219340234,3.8559788866217,0.0081190996903,0.0454234074598,0.0742641026793,0.0000020575964
193971,0.2546202425121,3.8559532704790,0.0081322557472,0.0453814768975,0.0742544033220,0.0000020575964
194080,0.2546180547534,3.8559201391955,0.0080854217270,0.0454317089693,0.0742518028192,0.0000020575964
194566,0.2546174679685,3.8559112529615,0.0080854217270,0.0453392350816,0.0742186506911,0.0000020575964
194586,0.2546155835529,3.8558827154874,0.0080620735823,0.0453613912188,0.0742161534462,0.0000020575964
194678,0.2546244962899,3.8560176894279,0.0080620735823,0.0453206496258,0.0742035127495,0.0000020575964
194849,0.2546262793292,3.8560446916652,0.0080620735823,0.0453071849861,0.0741990860294,0.0000020575964
194898,0.2546289008686,3.8560843920959,0.0080376290996,0.0453252088464,0.0741956086740,0.0000020575964
194930,0.2546460504875,3.8563441048692,0.0080152395621,0.0453263232508,0.0741900860778,0.0000020575964
195214,0.2546526527978,3.8564440898494,0.0080620735823,0.0452218148047,0.0741742481365,0.0000020164445
195377,0.2546530209952,3.8564496658074,0.0080152395621,0.0452716092378,0.0741720390391,0.0000020164445
195954,0.2546469835500,3.8563582351096,0.0080526858432,0.0452082821950,0.0741641769060,0.0000020164445
198048,0.2546697949056,3.8567036888741,0.0080982692667,0.0451341389630,0.0741621210809,0.0000020164445
198386,0.2546662539112,3.8566500642732,0.0080982692667,0.0451252269673,0.0741581794408,0.0000020164445
198435,0.2546613762590,3.8565761974078,0.0081216174114,0.0450942213652,0.0741560671479,0.0000020164445
198678,0.2546675120244,3.8566691170622,0.0081090949166,0.0450959159145,0.0741526203675,0.0000020164445
199063,0.2546680625965,3.8566774548921,0.0080857467720,0.0451179100710,0.0741505870554,0.0000020164445
199243,0.2546576922338,3.8565204067576,0.0080951345111,0.0451001371600,0.0741460406834,0.0000019761156
199436,0.2546576132595,3.8565192107761,0.0080951345111,0.0450280857138,0.0741202911010,0.0000019761156
199467,0.2546613097452,3.8565751901279,0.0080706900284,0.0450457187493,0.0741169045109,0.0000019761156
199783,0.2546636746061,3.8566110034349,0.0080114712443,0.0451141906657,0.0741164860437,0.0000019761156
199879,0.2546693892533,3.8566975456999,0.0080359157270,0.0449649682106,0.0740748930839,0.0000019761156
200497,0.2546652051112,3.8566341813098,0.0080359157270,0.0449637752992,0.0740735704423,0.0000019761156
200854,0.2546586633377,3.8565351130950,0.0080359157270,0.0449222520565,0.0740573389041,0.0000019761156
201212,0.2546592795623,3.8565444451628,0.0080025628087,0.0449233977248,0.0740435860117,0.0000019761156
201375,0.2546532954391,3.8564538219696,0.0080025628087,0.0448924602368,0.0740312545967,0.0000019761156
201798,0.2546599787618,3.8565550337970,0.0080493968289,0.0448236318472,0.0740281768925,0.0000019761156
202234,0.2546554550527,3.8564865270243,0.0080962308492,0.0447598471164,0.0740244989882,0.0000019761156
202319,0.2546608473546,3.8565681877125,0.0081430648694,0.0446950311393,0.0740225776412,0.0000019365933
202406,0.2546663414488,3.8566513899363,0.0081898988896,0.0446308890152,0.0740209187686,0.0000019365933
202485,0.2546643026995,3.8566205152430,0.0081388337757,0.0445576281754,0.0739724322593,0.0000019365933
202973,0.2546716957568,3.8567324752477,0.0081388337757,0.0444930142361,0.0739509400790,0.0000019365933
203101,0.2546801861871,3.8568610538001,0.0081045222502,0.0445186452708,0.0739472084583,0.0000019365933
203293,0.2546853289245,3.8569389350994,0.0080827497472,0.0444857526953,0.0739272320524,0.0000019365933
203832,0.2546864353193,3.8569556902741,0.0080829040059,0.0444116892847,0.0739010840298,0.0000019365933
203992,0.2546906203708,3.8570190684362,0.0080919997555,0.0443462548152,0.0738825095515,0.0000019365933
204339,0.2546870032105,3.8569642903838,0.0080919997555,0.0442717974238,0.0738551425202,0.0000019365933
204537,0.2546855971953,3.8569429977750,0.0080360699856,0.0442128097461,0.0738098043022,0.0000019365933
204562,0.2546859160706,3.8569478268036,0.0080360699856,0.0442043579362,0.0738068541291,0.0000019365933
204588,0.2546824257909,3.8568949702226,0.0080141432240,0.0442295981461,0.0738057233891,0.0000019365933
204643,0.2546828424711,3.8569012804021,0.0080141432240,0.0440883935692,0.0737553824717,0.0000019365933
205015,0.2546860811213,3.8569503263214,0.0080141432240,0.0440300311317,0.0737352327405,0.0000019365933
205057,0.2546863006797,3.8569536513001,0.0080277620569,0.0439557009316,0.0737145699313,0.0000019365933
205113,0.2546894391454,3.8570011800310,0.0080152395621,0.0439562025695,0.0737100548326,0.0000019365933
205843,0.2546694814378,3.8566989417364,0.0080940381730,0.0438376676103,0.0736972151002,0.0000019365933
206064,0.2546646375744,3.8566255865670,0.0080940381730,0.0438065824452,0.0736850752848,0.0000019365933
206140,0.2546595316033,3.8565482620555,0.0080744583462,0.0438121982304,0.0736775954314,0.0000019365933
206175,0.2546577401456,3.8565211323312,0.0081212923664,0.0437122662161,0.0736615932654,0.0000019365933
206479,0.2546604583923,3.8565622972915,0.0080472041528,0.0437127720848,0.0736306043227,0.0000019365933
206773,0.2546569794383,3.8565096122261,0.0080472041528,0.0436815265074,0.0736186996977,0.0000019365933
206944,0.2546616894443,3.8565809402663,0.0080940381730,0.0436149912538,0.0736160181171,0.0000019365933
206965,0.2546568780608,3.8565080769714,0.0080472041528,0.0436589229155,0.0736106052626,0.0000019365933
207242,0.2546552603650,3.8564835786854,0.0080472041528,0.0436450533238,0.0736053051879,0.0000019365933
207379,0.2546620833669,3.8565869058060,0.0080705522974,0.0436014321185,0.0736011946055,0.0000019365933
208005,0.2546612458676,3.8565742227688,0.0080237182772,0.0436397633260,0.0735946331354,0.0000019365933
208022,0.2546725344964,3.8567451770676,0.0079768842570,0.0436882251836,0.0735942882107,0.0000019365933
208423,0.2546832875073,3.8569080200028,0.0080237182772,0.0436129059919,0.0735897644389,0.0000019365933
208571,0.2546915477607,3.8570331127723,0.0080705522974,0.0435219431759,0.0735791194962,0.0000019365933
208622,0.2546957159951,3.8570962362565,0.0080787059676,0.0434688045481,0.0735645290380,0.0000019365933
208840,0.2546869270931,3.8569631376662,0.0080318719474,0.0435065495185,0.0735560543254,0.0000019365933
209005,0.2546871249331,3.8569661337423,0.0079142387277,0.0436467614957,0.0735557581889,0.0000019365933
209188,0.2546913003097,3.8570293653882,0.0079142387277,0.0436260735383,0.0735492643562,0.0000019365933
209194,0.2546817588231,3.8568848697030,0.0079610727480,0.0435210791499,0.0735297934790,0.0000019365933
209275,0.2546800070696,3.8568583412557,0.0079529190778,0.0434674335027,0.0735067645135,0.0000019365933
209307,0.2546802531187,3.8568620674085,0.0079610727480,0.0434535533291,0.0735053544635,0.0000019365933
209347,0.2546721707211,3.8567396680767,0.0079388374691,0.0434383488967,0.0734886629615,0.0000019365933
209368,0.2546773413262,3.8568179714029,0.0079856714893,0.0433712209305,0.0734858683977,0.0000019365933
209412,0.2546867642331,3.8569606713245,0.0079732867255,0.0433757662810,0.0734842031755,0.0000019365933
209435,0.2546873440516,3.8569694520596,0.0079775178192,0.0433173798709,0.0734652884589,0.0000019365933
209451,0.2546817669875,3.8568849933444,0.0079529190778,0.0433482687963,0.0734645828151,0.0000019365933
209468,0.2546753888661,3.8567884034666,0.0079638824586,0.0433168628065,0.0734566982416,0.0000019365933
209592,0.2546725234371,3.8567450095862,0.0079533983814,0.0433226264500,0.0734536494892,0.0000018978614
209667,0.2546724413912,3.8567437670891,0.0079407216280,0.0433274966311,0.0734499383641,0.0000018978614
209728,0.2546809056502,3.8568719493064,0.0079532441228,0.0432508876771,0.0734297585766,0.0000018978614
209790,0.2546745279305,3.8567753655109,0.0079734409841,0.0432190334466,0.0734256712092,0.0000018978614
209913,0.2546724057300,3.8567432270372,0.0079399172795,0.0432580847218,0.0734247960340,0.0000018978614
209935,0.2546758006666,3.8567946397483,0.0079212795321,0.0432751289389,0.0734236231348,0.0000018978614
210066,0.2546653536167,3.8566364302676,0.0079212795321,0.0431170313602,0.0733649210603,0.0000018978614
210157,0.2546690795570,3.8566928556785,0.0079867512997,0.0429848447848,0.0733465693138,0.0000018978614
210660,0.2546836067341,3.8569128543544,0.0080335853199,0.0429035241428,0.0733407109169,0.0000018978614
210675,0.2546968310016,3.8571131218469,0.0080804193402,0.0428219734882,0.0733344911776,0.0000018978614
210708,0.2546987427143,3.8571420727057,0.0080885730103,0.0428079313337,0.0733333802053,0.0000018978614
210800,0.2547067154057,3.8572628106539,0.0080884187517,0.0427545767709,0.0733159673273,0.0000018978614
211103,0.2547069033866,3.8572656574241,0.0080965724218,0.0427321258629,0.0733114838575,0.0000018978614
211320,0.2547001707367,3.8571636985887,0.0081352527719,0.0426785835394,0.0733074961813,0.0000018978614
211550,0.2547009649474,3.8571757260665,0.0080804193402,0.0426023840876,0.0732569522372,0.0000018978614
211596,0.2546987421264,3.8571420638027,0.0081092491752,0.0425398880343,0.0732465115430,0.0000018978614
211714,0.2546955641171,3.8570939362261,0.0081560831955,0.0424588053801,0.0732369441732,0.0000018978614
211811,0.2546896592186,3.8570045128062,0.0081092491752,0.0424640057416,0.0732174643868,0.0000018978614
211982,0.2546943231569,3.8570751432013,0.0081325973199,0.0424189475162,0.0732123779265,0.0000018978614
212074,0.2546991781088,3.8571486662936,0.0080857632997,0.0424232489770,0.0731948827864,0.0000018978614
212232,0.2546985766561,3.8571395579305,0.0080608560410,0.0424420971523,0.0731908108554,0.0000018978614
212313,0.2547054221696,3.8572432259657,0.0081076900613,0.0423731558859,0.0731877275933,0.0000018978614
212440,0.2547121498080,3.8573451089069,0.0080506639534,0.0423039382166,0.0731400088734,0.0000018978614
212529,0.2547179710434,3.8574332653377,0.0080382791895,0.0423071156803,0.0731370833335,0.0000018599042
212551,0.2547167862127,3.8574153223335,0.0080039676640,0.0423297616992,0.0731302123656,0.0000018599042
212576,0.2547127564924,3.8573542964983,0.0079695184077,0.0423648538610,0.0731271178020,0.0000018599042
212689,0.2547090277874,3.8572978292198,0.0078872765239,0.0422643811925,0.0730551891763,0.0000018599042
212805,0.2547146689727,3.8573832589827,0.0078675424384,0.0422793793424,0.0730532970186,0.0000018599042
212821,0.2547132860924,3.8573623167274,0.0078941795973,0.0421871875586,0.0730314909753,0.0000018599042
212913,0.2547136933702,3.8573684845175,0.0078907363245,0.0421581589174,0.0730197351889,0.0000018599042
213120,0.2547246477643,3.8575343771876,0.0079844043649,0.0420303061224,0.0730165642925,0.0000018599042
213125,0.2547219595340,3.8574936667931,0.0080187158904,0.0419388128610,0.0729980170178,0.0000018599042
213443,0.2547366381397,3.8577159586942,0.0080187158904,0.0419148886663,0.0729926180781,0.0000018599042
214048,0.2547485050028,3.8578956697379,0.0080517768192,0.0418369411012,0.0729814915307,0.0000018599042
214444,0.2547467103147,3.8578684910917,0.0080517768192,0.0418224130044,0.0729759183487,0.0000018599042
214499,0.2547475096246,3.8578805957913,0.0080448737457,0.0417529472693,0.0729483219782,0.0000018599042
214531,0.2547439094085,3.8578260743404,0.0080204292630,0.0417656641203,0.0729416160289,0.0000018599042
214703,0.2547421641842,3.8577996447720,0.0079980397255,0.0417755316442,0.0729351706519,0.0000018599042
214931,0.2547404708847,3.8577740015488,0.0080215256010,0.0417288557598,0.0729282032185,0.0000018599042
215123,0.2547529073365,3.8579623384085,0.0080481627599,0.0416868766647,0.0729272915638,0.0000018599042
215273,0.2547482841983,3.8578923258882,0.0080949967802,0.0416180482751,0.0729217910465,0.0000018599042
215548,0.2547495803274,3.8579119543874,0.0080592803994,0.0416258703739,0.0729095553749,0.0000018599042
215762,0.2547504686009,3.8579254063466,0.0080951510388,0.0415569184912,0.0729004931780,0.0000018599042
216079,0.2547555636470,3.8580025654106,0.0080985943117,0.0414781708169,0.0728749364925,0.0000018599042
216183,0.2547546924628,3.8579893722511,0.0080985943117,0.0414768338045,0.0728742723058,0.0000018599042
216579,0.2547648190538,3.8581427287209,0.0080719571528,0.0414914564331,0.0728702487317,0.0000018599042
216699,0.2547626358681,3.8581096666921,0.0080409511693,0.0415146189280,0.0728647649471,0.0000018599042
217269,0.2547657089291,3.8581562049384,0.0080675883282,0.0414448356962,0.0728519168027,0.0000018227061
219760,0.2547671238426,3.8581776323014,0.0079767299984,0.0415319560328,0.0728443951201,0.0000018227061
223062,0.2547692485515,3.8582098087623,0.0079762506948,0.0414533818054,0.0728165827750,0.0000018227061
223093,0.2547709550977,3.8582356525925,0.0079609019616,0.0414303428037,0.0728021422201,0.0000018227061
225042,0.2547716861101,3.8582467229991,0.0079690556318,0.0414156527261,0.0728005468394,0.0000017862520
226613,0.2547768066239,3.8583242677443,0.0079565166093,0.0414077626781,0.0727934523513,0.0000017862520
247586,0.2547761104010,3.8583137241874,0.0079925415074,0.0413453167398,0.0727864402818,0.0000016812061
248291,0.2547771185036,3.8583289908314,0.0079457074871,0.0413951111728,0.0727843683070,0.0000016812061
248866,0.2547742680186,3.8582858232621,0.0079560373057,0.0413138808415,0.0727591737213,0.0000016812061
256132,0.2547707829615,3.8582330457726,0.0079793854504,0.0412823029906,0.0727571554671,0.0000016475820
262876,0.2547648118278,3.8581426192920,0.0080028713260,0.0412514801762,0.0727549331657,0.0000016146303
268377,0.2547630977993,3.8581166621491,0.0080028713260,0.0412273762544,0.0727459573304,0.0000015823377
270054,0.2547622819349,3.8581043067496,0.0080028713260,0.0412196553391,0.0727430250326,0.0000015823377
271559,0.2547676294816,3.8581852896667,0.0080028713260,0.0411876885494,0.0727327542248,0.0000015823377
273574,0.2547606361568,3.8580793831862,0.0079615189961,0.0411647652767,0.0727053463451,0.0000015823377
276372,0.2547622267326,3.8581034707684,0.0079615189961,0.0411494836441,0.0727002294568,0.0000015506910
284592,0.2547465024159,3.8578653426853,0.0079854841753,0.0411168969257,0.0726954926377,0.0000015196771
284714,0.2547421914315,3.8578000574027,0.0080165066865,0.0410371973619,0.0726794000874,0.0000015196771
285686,0.2547495192390,3.8579110292685,0.0079958305216,0.0410448485946,0.0726748417014,0.0000015196771
286734,0.2547550503091,3.8579947914538,0.0080180823282,0.0410123139940,0.0726739439190,0.0000015196771
289340,0.2547491394924,3.8579052784095,0.0079870598170,0.0410355250348,0.0726676716109,0.0000014892836
291988,0.2547453468008,3.8578478421219,0.0079701354422,0.0410430768175,0.0726623026531,0.0000014892836
305421,0.2547450667233,3.8578436006443,0.0079701354422,0.0410430768175,0.0726622426364,0.0000014303080
