0,0.2063240533919,3.124558757017,0.5553584234398,0.3201241934734,0.3965531191558,100000
1,0.2063174296505,3.124458447484,0.5553584234398,0.3198504054524,0.3964539183466,100000.0000000000000
2,0.2063147046820,3.1244171807296,0.5553115894196,0.3198453032945,0.3964314405026,100000.0000000000000
4,0.2063250488817,3.1245738326526,0.5552647553994,0.3198514497460,0.3964157805551,100000.0000000000000
5,0.2063249925849,3.1245729800974,0.5552647553994,0.3197807422638,0.3963905158193,100000.0000000000000
9,0.2063225447101,3.1245359096316,0.5551002881595,0.3195937935713,0.3962527379245,100000.0000000000000
13,0.2063290722344,3.1246347620581,0.5550294889601,0.3191529200972,0.3960663393536,100000.0000000000000
23,0.2063663717083,3.1251996229938,0.5549118557405,0.3190759326540,0.3959964223456,100000.0000000000000
30,0.2063703702916,3.1252601772934,0.5550055237810,0.3177478618558,0.3955631116314,100000.0000000000000
31,0.2063787629216,3.1253872747648,0.5550055237810,0.3177281138410,0.3955578571897,100000.0000000000000
35,0.2063946956999,3.1256285597782,0.5548410565411,0.3176830907184,0.3954747057099,100000.0000000000000
45,0.2064204934804,3.1260192397774,0.5548410565411,0.3176127287664,0.3954551045371,100000.0000000000000
46,0.2064259695373,3.1261021688454,0.5548410565411,0.3175447322582,0.3954319935107,100000.0000000000000
47,0.2064182611599,3.1259854336522,0.5548410565411,0.3175258101854,0.3954235838324,100000.0000000000000
50,0.2064281446671,3.1261351088770,0.5549586897607,0.3172602178168,0.3953812615464,100000.0000000000000
51,0.2064257171776,3.1260983471253,0.5549586897607,0.3167581543043,0.3952014329728,100000.0000000000000
54,0.2064382532602,3.1262881927887,0.5549586897607,0.3162424688218,0.3950199458896,100000.0000000000000
55,0.2064401128931,3.1263163549553,0.5549586897607,0.3161528562281,0.3949883398846,100000.0000000000000
59,0.2064576004899,3.1265811860437,0.5548410565411,0.3162105836357,0.3949622899211,100000.0000000000000
60,0.2064665979820,3.1267174435099,0.5548410565411,0.3162036498892,0.3949617416170,100000.0000000000000
61,0.2064703269995,3.1267739155211,0.5548410565411,0.3161379181185,0.3949390650599,100000.0000000000000
62,0.2064765061188,3.1268674917232,0.5547234233215,0.3162603324933,0.3949336943394,100000.0000000000000
64,0.2064779108403,3.1268887647398,0.5547234233215,0.3162581813488,0.3949332270853,100000.0000000000000
66,0.2064623256012,3.1266527428383,0.5547702573417,0.3161351842123,0.3949060315654,100000.0000000000000
67,0.2064591047992,3.1266039672105,0.5547702573417,0.3159901737920,0.3948535519577,100000.0000000000000
68,0.2064572477816,3.1265758446509,0.5547702573417,0.3153060570373,0.3946088266130,100000.0000000000000
72,0.2064556301065,3.1265513466781,0.5548170913620,0.3151344833065,0.3945672753588,100000.0000000000000
76,0.2064727968503,3.1268113187889,0.5547702573417,0.3150988332887,0.3945381500746,100000.0000000000000
77,0.2064700130374,3.1267691608981,0.5547702573417,0.3150153130671,0.3945077248927,100000.0000000000000
78,0.2064791574100,3.1269076427131,0.5547702573417,0.3149364796291,0.3944815296018,100000.0000000000000
159320,0.2553360109172,3.8667928231204,0.0148547309071,0.9313246428472,0.3936971166022,0.0000014710843
159333,0.2553426507906,3.8668933769552,0.0148771204446,0.9311917130736,0.3936606600291,0.0000014710843
159345,0.2553491935965,3.8669924608047,0.0149239544648,0.9311165874809,0.3936553032131,0.0000014710843
159356,0.2553480488741,3.8669751251989,0.0149239544648,0.9310323853967,0.3936249857425,0.0000014710843
159364,0.2553403713833,3.8668588577513,0.0149239544648,0.9310015884724,0.3936123416643,0.0000014710843
159369,0.2553376817533,3.8668181261604,0.0149239544648,0.9309042807636,0.3935770125619,0.0000014710843
159378,0.2553255599504,3.8666345543235,0.0149239544648,0.9308919759957,0.3935700204727,0.0000014710843
159388,0.2553235094398,3.8666035015169,0.0149181642571,0.9308416167436,0.3935491141129,0.0000014710843
159401,0.2553251760999,3.8666287413148,0.0149181642571,0.9308211937609,0.3935421773319,0.0000014710843
159413,0.2553323695496,3.8667376784746,0.0149181642571,0.9307942785971,0.3935341062269,0.0000014710843
159415,0.2553277735764,3.8666680773389,0.0149649982774,0.9306553860196,0.3935035886065,0.0000014710843
159417,0.2553248085322,3.8666231748932,0.0148957747196,0.9306451786385,0.3934696405076,0.0000014710843
159421,0.2553224240771,3.8665870648511,0.0148957747196,0.9304687320295,0.3934061129069,0.0000014710843
159434,0.2553309032103,3.8667154723225,0.0148957747196,0.9303211613249,0.3933552260410,0.0000014710843
159449,0.2553362796152,3.8667968922666,0.0148957747196,0.9301858676968,0.3933080589748,0.0000014710843
159454,0.2553422954994,3.8668879964475,0.0148957747196,0.9301800540666,0.3933072717964,0.0000014710843
159456,0.2553358623036,3.8667905725261,0.0148957747196,0.9301722935084,0.3933031216265,0.0000014710843
159477,0.2553317103823,3.8667276960854,0.0148957747196,0.9300957137667,0.3932748820213,0.0000014549023
159484,0.2553320826137,3.8667333331342,0.0148957747196,0.9299735141896,0.3932313190790,0.0000014549023
159500,0.2553455838649,3.8669377952516,0.0149426087399,0.9298680602664,0.3932166218119,0.0000014388984
159514,0.2553448943279,3.8669273529451,0.0149426087399,0.9298582651489,0.3932129757977,0.0000014388984
159548,0.2553475040223,3.8669668739970,0.0149426087399,0.8048293865978,0.3485603641068,0.0000014388984
159612,0.2553511272935,3.8670217445926,0.0149426087399,0.8046852599336,0.3485096667134,0.0000014388984
159627,0.2553474150654,3.8669655268389,0.0149426087399,0.8043122265432,0.3483756450251,0.0000014388984
159636,0.2553458796437,3.8669422745069,0.0149426087399,0.8042962854122,0.3483696227451,0.0000014230705
159648,0.2553385480406,3.8668312451620,0.0149426087399,0.8042677975706,0.3483578774582,0.0000014230705
159654,0.2553456165789,3.8669382906696,0.0149894427601,0.8041687621859,0.3483440940876,0.0000014230705
159665,0.2553540095491,3.8670653932933,0.0149894427601,0.8041051877330,0.3483231874195,0.0000014230705
159670,0.2553582124818,3.8671290422474,0.0149551312346,0.8041027694392,0.3483085194321,0.0000014230705
159673,0.2553561375092,3.8670976189912,0.0149551312346,0.8040031961712,0.3482725129137,0.0000014230705
159686,0.2553645745631,3.8672253892148,0.0149082972144,0.8040155544539,0.3482586628032,0.0000014230705
159699,0.2553678160381,3.8672744779126,0.0147906639948,0.8035638257095,0.3480476114736,0.0000014230705
159705,0.2553705553761,3.8673159622787,0.0147906639948,0.8002635436131,0.3468695262973,0.0000014230705
159784,0.2553696826741,3.8673027461340,0.0147781415000,0.8002659060750,0.3468648162427,0.0000014230705
159793,0.2553730337153,3.8673534940947,0.0147781415000,0.8002032292067,0.3468431497271,0.0000014230705
159817,0.2553710953675,3.8673241398753,0.0147781415000,0.8001174982915,0.3468121161829,0.0000014074168
159831,0.2553712315832,3.8673262027180,0.0147781415000,0.8000980188784,0.3468051884387,0.0000014074168
159840,0.2553713303722,3.8673276987724,0.0147781415000,0.8000291512348,0.3467806140208,0.0000014074168
159843,0.2553662227213,3.8672503488216,0.0148249755203,0.7997744641276,0.3467086315660,0.0000014074168
159845,0.2553640607675,3.8672176083266,0.0148249755203,0.7997604878234,0.3467031767529,0.0000014074168
159868,0.2553609461767,3.8671704411551,0.0148249755203,0.7997460751792,0.3466973619677,0.0000014074168
159870,0.2553607392813,3.8671673079435,0.0148249755203,0.7997368848977,0.3466940353896,0.0000014074168
159880,0.2553596089821,3.8671501907619,0.0148249755203,0.7996494080116,0.3466625514376,0.0000014074168
159887,0.2553668217589,3.8672594206097,0.0148506540720,0.7994986873653,0.3466212733240,0.0000014074168
159901,0.2553577553426,3.8671221193601,0.0148506540720,0.7994361026088,0.3465969788217,0.0000014074168
159903,0.2553585532734,3.8671342031744,0.0148506540720,0.7994279135753,0.3465942251520,0.0000014074168
159937,0.2553496846781,3.8669998977139,0.0148970087886,0.7993644575699,0.3465895281868,0.0000014074168
159944,0.2553521040318,3.8670365362568,0.0149438428089,0.7989658011974,0.3464677410668,0.0000014074168
159963,0.2553482416634,3.8669780447879,0.0149438428089,0.7989012112412,0.3464438455749,0.0000014074168
159982,0.2553547232771,3.8670762019472,0.0149438428089,0.7987432283981,0.3463888120482,0.0000013919352
159987,0.2553617195609,3.8671821532383,0.0149438428089,0.7987374169076,0.3463882357196,0.0000013919352
159993,0.2553588964254,3.8671393998473,0.0149906768291,0.7986446171548,0.3463745597161,0.0000013919352
160012,0.2553618778209,3.8671845499178,0.0149458812264,0.7986388632685,0.3463539455117,0.0000013919352
160013,0.2553579600899,3.8671252200402,0.0149458812264,0.7986344306552,0.3463515229217,0.0000013919352
160018,0.2553543013880,3.8670698128848,0.0148282480068,0.7987618205764,0.3463458210776,0.0000013919352
160028,0.2553506108036,3.8670139229007,0.0148282480068,0.7986622946981,0.3463094852816,0.0000013919352
160076,0.2553567208458,3.8671064530045,0.0148409247602,0.7985047988612,0.3462599789575,0.0000013919352
160079,0.2553595495151,3.8671492901978,0.0148282480068,0.7985017938579,0.3462540789911,0.0000013919352
160080,0.2553501408358,3.8670068057386,0.0147939364813,0.7982018955225,0.3461302513577,0.0000013919352
160092,0.2553487573606,3.8669858544745,0.0148407705016,0.7978435361405,0.3460220411281,0.0000013919352
160142,0.2553498843350,3.8670029213053,0.0148534472549,0.7977110262504,0.3459803905562,0.0000013766239
160162,0.2553486385759,3.8669840556066,0.0148534472549,0.7977024633624,0.3459770654335,0.0000013766239
160204,0.2553516005631,3.8670289117582,0.0148534472549,0.7975971008237,0.3459400706670,0.0000013766239
160212,0.2553440560400,3.8669146579649,0.0149002812752,0.7974322941805,0.3458996661910,0.0000013766239
160219,0.2553361874051,3.8667954958435,0.0149002812752,0.7973411503008,0.3458654286693,0.0000013766239
160222,0.2553318936840,3.8667304719947,0.0149471152954,0.7972334659435,0.3458461216101,0.0000013766239
160223,0.2553323235352,3.8667369816346,0.0149471152954,0.7972300818330,0.3458450051102,0.0000013766239
160227,0.2553285855737,3.8666803741762,0.0149471152954,0.7972274233138,0.3458432546473,0.0000013766239
160234,0.2553351497449,3.8667797815803,0.0149939493156,0.7969582502352,0.3457685997360,0.0000013766239
160272,0.2553320082752,3.8667322073573,0.0149939493156,0.7969558622741,0.3457670737207,0.0000013766239
160278,0.2553301548838,3.8667041397113,0.0149812725623,0.7969533139708,0.3457603335628,0.0000013766239
160283,0.2553323255266,3.8667370117930,0.0149812725623,0.7969381430826,0.3457553805262,0.0000013766239
160295,0.2553272656512,3.8666603853509,0.0150281065825,0.7967735823443,0.3457155962979,0.0000013766239
160296,0.2553247641576,3.8666225028857,0.0150281065825,0.7967741364234,0.3457152581489,0.0000013766239
160300,0.2553133438799,3.8664495549042,0.0150281065825,0.7967663613725,0.3457100341426,0.0000013766239
160315,0.2553173144002,3.8665096842196,0.0151457398021,0.7965038297722,0.3456675379196,0.0000013614810
160326,0.2553185845851,3.8665289198205,0.0151457398021,0.7964893561178,0.3456626409398,0.0000013614810
160332,0.2553186466837,3.8665298602377,0.0151457398021,0.7964794077755,0.3456591012672,0.0000013614810
160337,0.2553159880929,3.8664895987024,0.0151200612504,0.7964867224912,0.3456501388741,0.0000013614810
160346,0.2553228066171,3.8665928580138,0.0151668952706,0.7963267262188,0.3456145301835,0.0000013614810
160386,0.2553195916138,3.8665441702009,0.0151668952706,0.7963238768726,0.3456128236306,0.0000013614810
160450,0.2553193142458,3.8665399697575,0.0152121536492,0.7962205115782,0.3455952444659,0.0000013614810
160485,0.2553184793942,3.8665273268167,0.0152121536492,0.7962131207642,0.3455924259927,0.0000013465047
160494,0.2553287463350,3.8666828087362,0.0152121536492,0.7960801116616,0.3455471228006,0.0000013465047
160508,0.2553367154676,3.8668034927884,0.0152121536492,0.7960516701673,0.3455386727953,0.0000013465047
160513,0.2553276557537,3.8666662930389,0.0152121536492,0.7960498420498,0.3455360785289,0.0000013465047
160520,0.2553333086179,3.8667518996672,0.0152121536492,0.7959092221758,0.3454870684734,0.0000013465047
160526,0.2553370003604,3.8668078071884,0.0152121536492,0.7957866302299,0.3454440767233,0.0000013465047
160567,0.2553376559799,3.8668177358485,0.0152121536492,0.7957785126152,0.3454413180650,0.0000013465047
160592,0.2553420372483,3.8668840855073,0.0152121536492,0.7957658589867,0.3454377377552,0.0000013465047
160593,0.2553465970272,3.8669531385189,0.0151668952706,0.7957643283647,0.3454187717521,0.0000013465047
160598,0.2553494716680,3.8669966719026,0.0152137292908,0.7956277766927,0.3453906910152,0.0000013465047
160619,0.2553536922195,3.8670605876742,0.0152605633111,0.7921053672936,0.3441536637852,0.0000013465047
160645,0.2553522412564,3.8670386143783,0.0152264060442,0.7921219372514,0.3441446318780,0.0000013465047
160654,0.2553598577599,3.8671539582386,0.0152264060442,0.7920668473763,0.3441265890305,0.0000013170446
160669,0.2553627323261,3.8671974904916,0.0152264060442,0.7920248726487,0.3441122140348,0.0000013170446
160670,0.2553622364837,3.8671899814856,0.0152264060442,0.7920204251365,0.3441105193856,0.0000013170446
160678,0.2553672225371,3.8672654899708,0.0152732400645,0.7919417508048,0.3441035615730,0.0000013170446
160687,0.2553651006758,3.8672333566340,0.0152732400645,0.7918459609993,0.3440688962436,0.0000013170446
160688,0.2553664717268,3.8672541197448,0.0152732400645,0.7917009777255,0.3440174102996,0.0000013170446
160731,0.2553739145952,3.8673668340857,0.0153195947811,0.7915642372284,0.3439900356153,0.0000013170446
160741,0.2553904451327,3.8676171715274,0.0153195947811,0.7914283395916,0.3439450430030,0.0000013170446
160743,0.2553946226504,3.8676804355981,0.0153195947811,0.7913833980738,0.3439298876433,0.0000013170446
160745,0.2553955346356,3.8676942466468,0.0153195947811,0.7913343633547,0.3439125706691,0.0000013170446
160763,0.2553901928924,3.8676133516163,0.0153195947811,0.7912850076968,0.3438937989891,0.0000013170446
160767,0.2553904158475,3.8676167280343,0.0152727607609,0.7913136501039,0.3438840044734,0.0000013170446
160772,0.2553956570286,3.8676961001589,0.0152727607609,0.7912749316408,0.3438712995611,0.0000013170446
160781,0.2554072003741,3.8678709118714,0.0152727607609,0.7911928007705,0.3438444406814,0.0000013170446
160783,0.2554246188120,3.8681346956223,0.0152727607609,0.7910666007238,0.3438031017586,0.0000013170446
160797,0.2554245119141,3.8681330767672,0.0152727607609,0.7909646641752,0.3437666729417,0.0000013170446
160805,0.2554267552961,3.8681670504054,0.0152727607609,0.7909477438715,0.3437611107008,0.0000013170446
160823,0.2554236613980,3.8681201966045,0.0152727607609,0.7908031541972,0.3437088085532,0.0000013025571
160831,0.2554283134730,3.8681906473404,0.0153195947811,0.7906829900748,0.3436869613914,0.0000013025571
160881,0.2554315105807,3.8682390641439,0.0152732400645,0.7906875619940,0.3436694130071,0.0000013025571
160904,0.2554316100524,3.8682405705368,0.0152804351274,0.7906008593431,0.3436415526884,0.0000013025571
160913,0.2554220103888,3.8680951938222,0.0151628019078,0.7906211953665,0.3435963442461,0.0000013025571
160951,0.2554199705214,3.8680643021962,0.0151628019078,0.7906138825800,0.3435932954222,0.0000013025571
160958,0.2554200603618,3.8680656627330,0.0151628019078,0.7905356473328,0.3435653735140,0.0000013025571
160985,0.2554192288971,3.8680530710839,0.0151159678876,0.7905255845576,0.3435415297718,0.0000013025571
160995,0.2554193686217,3.8680551870643,0.0151159678876,0.7904382748928,0.3435103776896,0.0000012882289
161049,0.2554181135815,3.8680361808123,0.0150010066477,0.7904789180772,0.3434753550726,0.0000012882289
161058,0.2554143021516,3.8679784607532,0.0150010066477,0.7904404881601,0.3434608133673,0.0000012882289
161080,0.2554046578499,3.8678324080425,0.0150348388696,0.7902662797829,0.3434110289773,0.0000012882289
161096,0.2553956155799,3.8676954724616,0.0150348388696,0.7902547279694,0.3434049657003,0.0000012882289
161098,0.2553976951105,3.8677269647451,0.0150348388696,0.7901210415684,0.3433576661708,0.0000012882289
161118,0.2553897365643,3.8676064410113,0.0150790009101,0.7899709113483,0.3433212694211,0.0000012882289
161123,0.2553935610522,3.8676643588208,0.0150790009101,0.7898337531160,0.3432731038712,0.0000012882289
161125,0.2553930308700,3.8676563297746,0.0150790009101,0.7898195683227,0.3432679242631,0.0000012882289
161127,0.2553892648593,3.8675992975403,0.0150790009101,0.7897353210873,0.3432370289625,0.0000012882289
161163,0.2553902874792,3.8676147840334,0.0150790009101,0.7897282053136,0.3432347067476,0.0000012740584
161176,0.2553911100980,3.8676272417210,0.0150718058471,0.7896349643152,0.3431984990680,0.0000012740584
161219,0.2553888078647,3.8675923768417,0.0150718058471,0.7895433027349,0.3431652694536,0.0000012740584
161278,0.2553905011802,3.8676180203072,0.0150718058471,0.7894175466126,0.3431207194062,0.0000012740584
161299,0.2553936188861,3.8676652346543,0.0150718058471,0.7894059706476,0.3431172532128,0.0000012740584
161361,0.2553979089899,3.8677302037210,0.0150718058471,0.7893911809533,0.3431128904871,0.0000012600438
161368,0.2554009290333,3.8677759390733,0.0150718058471,0.7893403920858,0.3430953987580,0.0000012600438
161369,0.2553915937277,3.8676345657806,0.0151186398673,0.7892471154611,0.3430801569780,0.0000012600438
161442,0.2553895956217,3.8676043065861,0.0151186398673,0.7891676321962,0.3430513419321,0.0000012600438
161443,0.2553846558275,3.8675294986465,0.0151186398673,0.7890267388397,0.3429999643489,0.0000012600438
161458,0.2553895574774,3.8676037289303,0.0150010066477,0.7891100984593,0.3429803717582,0.0000012600438
161470,0.2553939579791,3.8676703698572,0.0150478406679,0.7890482025021,0.3429792807468,0.0000012600438
161471,0.2553973064744,3.8677210792644,0.0150234127129,0.7888652972509,0.3429042058539,0.0000012600438
161498,0.2554049602172,3.8678369870729,0.0149792506724,0.7888833461188,0.3428933653772,0.0000012600438
161499,0.2554083030854,3.8678876112642,0.0149792506724,0.7887966816219,0.3428631301000,0.0000012600438
161504,0.2554054449525,3.8678443278747,0.0149792506724,0.7887343908177,0.3428402709272,0.0000012461833
161540,0.2554003031346,3.8677664605009,0.0149792506724,0.7886887251948,0.3428228599580,0.0000012461833
161551,0.2553967935620,3.8677133117506,0.0149792506724,0.7885890638973,0.3427865145862,0.0000012461833
161629,0.2553984020115,3.8677376700108,0.0149792506724,0.7884583874243,0.3427401890850,0.0000012461833
161723,0.2554132491960,3.8679625148582,0.0149792506724,0.7883609060956,0.3427085558643,0.0000012324753
161726,0.2554128762764,3.8679568673870,0.0149792506724,0.7883599369661,0.3427081298353,0.0000012324753
161737,0.2554145074547,3.8679815698497,0.0150260846927,0.7851598010871,0.3415856454254,0.0000012324753
161752,0.2554110429832,3.8679291041069,0.0150260846927,0.7848927009513,0.3414895101330,0.0000012324753
161773,0.2554108564190,3.8679262787901,0.0150260846927,0.7848617691421,0.3414784230802,0.0000012324753
161778,0.2554086113720,3.8678922799366,0.0150729187129,0.7847858450192,0.3414708979635,0.0000012324753
161784,0.2554036881868,3.8678177235230,0.0150729187129,0.7847247817413,0.3414480346817,0.0000012324753
161833,0.2554065387815,3.8678608927536,0.0150566279003,0.7847371194738,0.3414460700797,0.0000012324753
161945,0.2554002751137,3.8677660361550,0.0150566279003,0.7845969660762,0.3413946730803,0.0000012189181
161970,0.2553933934926,3.8676618213082,0.0150566279003,0.7845322732320,0.3413700938600,0.0000012189181
161972,0.2553983219585,3.8677364576920,0.0149502831064,0.7846193359452,0.3413566674457,0.0000012189181
161982,0.2553965729376,3.8677099706278,0.0149502831064,0.7845238002910,0.3413221727790,0.0000012189181
161991,0.2553992149849,3.8677499816293,0.0149502831064,0.7844213447555,0.3412861476693,0.0000012189181
162042,0.2554040833501,3.8678237078526,0.0149502831064,0.7843696081267,0.3412687135230,0.0000012055100
162046,0.2554053630306,3.8678430872544,0.0149858287009,0.7842940198468,0.3412572257522,0.0000012055100
162054,0.2554116236734,3.8679378980434,0.0149858287009,0.7842239960495,0.3412335588195,0.0000012055100
162059,0.2554157294068,3.8680000750173,0.0149858287009,0.7842136325981,0.3412307373869,0.0000012055100
162069,0.2554142720221,3.8679780044729,0.0149858287009,0.7841982876843,0.3412249447638,0.0000012055100
162106,0.2554108924011,3.8679268237020,0.0149858287009,0.7841941336849,0.3412227369881,0.0000012055100
162118,0.2554092176984,3.8679014621071,0.0149858287009,0.7841020753608,0.3411895001503,0.0000012055100
162146,0.2554144292873,3.8679803860882,0.0149858287009,0.7839471973998,0.3411353033619,0.0000012055100
162167,0.2554094431184,3.8679048758530,0.0149858287009,0.7839296207841,0.3411279575344,0.0000012055100
162200,0.2554153831677,3.8679948315947,0.0149858287009,0.7838649874599,0.3411061470720,0.0000011922493
162205,0.2554154301846,3.8679955436148,0.0149858287009,0.7837653578553,0.3410705751454,0.0000011922493
162206,0.2554165284109,3.8680121750863,0.0149858287009,0.7837341855903,0.3410596775278,0.0000011791346
162240,0.2554260309678,3.8681560812228,0.0149858287009,0.7836759543444,0.3410409169165,0.0000011791346
162289,0.2554203461151,3.8680699901637,0.0149858287009,0.7805136531017,0.3399103054328,0.0000011791346
162291,0.2554252234461,3.8681438521639,0.0150104109146,0.7804419215220,0.3398962673883,0.0000011791346
162307,0.2554231864024,3.8681130032993,0.0149635768943,0.7804922136341,0.3398937206245,0.0000011791346
162321,0.2554206723542,3.8680749307087,0.0149635768943,0.7804789170978,0.3398884331370,0.0000011791346
162338,0.2554111022497,3.8679300016353,0.0148459436747,0.7772408146325,0.3386795029971,0.0000011791346
162370,0.2554152762528,3.8679932124811,0.0148213614611,0.7772355041980,0.3386679656082,0.0000011661641
162382,0.2554168676826,3.8680173129958,0.0148213614611,0.7772340578136,0.3386677900630,0.0000011661641
162396,0.2554138363188,3.8679714062091,0.0148415583224,0.7771426158536,0.3386431384399,0.0000011661641
162397,0.2554159449020,3.8680033384632,0.0148213614611,0.7771477469279,0.3386367670080,0.0000011661641
162401,0.2554259880634,3.8681554314813,0.0148213614611,0.7771223609164,0.3386298526813,0.0000011661641
162472,0.2554233125497,3.8681149136667,0.0147037282414,0.7742625503255,0.3375575041946,0.0000011661641
162476,0.2554189722703,3.8680491847429,0.0147037282414,0.7741835057851,0.3375283439418,0.0000011661641
162515,0.2554191168523,3.8680513742836,0.0146681826470,0.7741936100111,0.3375167497496,0.0000011661641
162522,0.2554171735767,3.8680219454376,0.0147010727894,0.7741060510113,0.3374991580374,0.0000011533363
162536,0.2554191201641,3.8680514244381,0.0147010727894,0.7741022529796,0.3374982187234,0.0000011533363
162537,0.2554152979510,3.8679935410770,0.0147441384918,0.7740073495563,0.3374819623275,0.0000011533363
162542,0.2554166733928,3.8680143706831,0.0147643353531,0.7738619409055,0.3374389812018,0.0000011533363
162563,0.2554200011341,3.8680647657929,0.0146844569319,0.7738095473681,0.3373867487024,0.0000011533363
162617,0.2554273934649,3.8681767147956,0.0146844569319,0.7736083415470,0.3373164735515,0.0000011533363
162644,0.2554385293671,3.8683453562128,0.0147309824348,0.7707842892823,0.3363302092230,0.0000011533363
162679,0.2554391041333,3.8683540604368,0.0147309824348,0.7706899850123,0.3362966522908,0.0000011533363
162680,0.2554363991734,3.8683130966905,0.0147309824348,0.7706095472858,0.3362673448970,0.0000011533363
162689,0.2554391265947,3.8683544005899,0.0147778164551,0.7705074145667,0.3362515250963,0.0000011533363
162694,0.2554445599349,3.8684366827597,0.0147784334896,0.7704364752031,0.3362276183398,0.0000011406496
162696,0.2554459743668,3.8684581028292,0.0147784334896,0.7704238755168,0.3362234215444,0.0000011406496
162698,0.2554393375721,3.8683575956195,0.0146608002699,0.7705575159021,0.3362193138462,0.0000011406496
162702,0.2554334881895,3.8682690129284,0.0146601832354,0.7705610498618,0.3362190580921,0.0000011406496
162711,0.2554400677996,3.8683686541387,0.0146608002699,0.7704217563837,0.3361709847812,0.0000011406496
162717,0.2554390856770,3.8683537809346,0.0146139662497,0.7703151395112,0.3361126251489,0.0000011406496
162732,0.2554425850609,3.8684067753894,0.0145937693884,0.7701696491299,0.3360527583687,0.0000011406496
162766,0.2554343399288,3.8682819116171,0.0145937693884,0.7700204738599,0.3359977146726,0.0000011406496
162782,0.2554339959963,3.8682767031241,0.0146406034086,0.7699354369245,0.3359873423617,0.0000011406496
162790,0.2554406669302,3.8683777273366,0.0146406034086,0.7698058164957,0.3359424788372,0.0000011406496
162818,0.2554367360377,3.8683181981425,0.0146406034086,0.7696780669831,0.3358960116772,0.0000011406496
162828,0.2554420304632,3.8683983765952,0.0146629929461,0.7695235530945,0.3358515581813,0.0000011406496
162833,0.2554406103276,3.8683768701500,0.0146406034086,0.7695362900728,0.3358462072713,0.0000011406496
162903,0.2554293984841,3.8682070786820,0.0146409119259,0.7693897799380,0.3357916119069,0.0000011281025
162912,0.2554283503810,3.8681912062728,0.0146409119259,0.7692584445761,0.3357444818270,0.0000011281025
162973,0.2554231113195,3.8681118662496,0.0146409119259,0.7692038888234,0.3357238749736,0.0000011281025
162978,0.2554198079835,3.8680618407318,0.0146409119259,0.7691946483570,0.3357198669493,0.0000011281025
163012,0.2554101967255,3.8679162884327,0.0146872666425,0.7690505705666,0.3356862173475,0.0000011281025
163021,0.2554091823475,3.8679009267553,0.0147096561800,0.7689012655872,0.3356422722899,0.0000011281025
163162,0.2554126382400,3.8679532625776,0.0147096561800,0.7688245946796,0.3356156303713,0.0000011156933
163197,0.2554165067159,3.8680118465387,0.0147096561800,0.7688205035080,0.3356149981977,0.0000011156933
163226,0.2554184131431,3.8680407173550,0.0147212365953,0.7686853576502,0.3355721033751,0.0000011034207
163239,0.2554200621258,3.8680656894481,0.0147212365953,0.7686387262867,0.3355558026702,0.0000011034207
163240,0.2554257008811,3.8681510824100,0.0147484907887,0.7684833236520,0.3355131904025,0.0000011034207
163247,0.2554269233201,3.8681695949510,0.0147484907887,0.7684519614867,0.3355022515804,0.0000011034207
163302,0.2554326602114,3.8682564740793,0.0147484907887,0.7684221258526,0.3354928253307,0.0000011034207
163319,0.2554314403998,3.8682380013273,0.0147484907887,0.7683905737869,0.3354812953476,0.0000011034207
163345,0.2554280289596,3.8681863386873,0.0147484907887,0.7683883472685,0.3354797691395,0.0000011034207
163405,0.2554257970925,3.8681525394291,0.0147953248089,0.7682951981834,0.3354660950748,0.0000010912831
163474,0.2554231488615,3.8681124347832,0.0147478737542,0.7683020659589,0.3354476442075,0.0000010912831
163507,0.2554196100991,3.8680588439823,0.0147048080518,0.7682153631589,0.3353974638859,0.0000010912831
163512,0.2554191179974,3.8680513916247,0.0146318161763,0.7682134164195,0.3353653809391,0.0000010912831
163515,0.2554136522574,3.8679686187954,0.0145582072662,0.7682845383783,0.3353580637329,0.0000010912831
163537,0.2554181349265,3.8680365040604,0.0145151415638,0.7683091203401,0.3353493468474,0.0000010912831
163543,0.2554180345242,3.8680349835732,0.0145151415638,0.7681808125520,0.3353035011225,0.0000010792790
163564,0.2554182496710,3.8680382417437,0.0145151415638,0.7681691946895,0.3352993979888,0.0000010792790
163574,0.2554171537883,3.8680216457635,0.0145151415638,0.7681533439468,0.3352935021773,0.0000010792790
163648,0.2554101748078,3.8679159565123,0.0145151415638,0.7680957851608,0.3352714499721,0.0000010792790
163665,0.2554206696799,3.8680748902095,0.0145151415638,0.7679322446246,0.3352152915390,0.0000010792790
163968,0.2554108974964,3.8679269008645,0.0145151415638,0.7678740841177,0.3351924258900,0.0000010556654
164020,0.2554114390617,3.8679351022964,0.0145151415638,0.7677813469820,0.3351594215341,0.0000010556654
164062,0.2554147757100,3.8679856322918,0.0143975083442,0.7679071863515,0.3351546649252,0.0000010440531
164069,0.2554209384394,3.8680789602869,0.0143975083442,0.7678954447098,0.3351517920666,0.0000010440531
164073,0.2554223020343,3.8680996104831,0.0143975083442,0.7678882802995,0.3351495255475,0.0000010440531
164083,0.2554203720669,3.8680703831757,0.0144142784604,0.7650858778292,0.3341554411506,0.0000010440531
164085,0.2554166461502,3.8680139581238,0.0144142784604,0.7650844455106,0.3341541311976,0.0000010440531
164101,0.2554145740728,3.8679825787111,0.0144142784604,0.7650517864085,0.3341420232159,0.0000010440531
164115,0.2554115567895,3.8679368851576,0.0144142784604,0.7650528118982,0.3341417429015,0.0000010440531
164137,0.2554078260138,3.8678803865209,0.0144142784604,0.7650509940601,0.3341402942217,0.0000010440531
164167,0.2554083183495,3.8678878424221,0.0144377643359,0.7649584048018,0.3341173975052,0.0000010440531
164168,0.2554065695115,3.8678613581267,0.0144377643359,0.7648330140859,0.3340722403557,0.0000010440531
164185,0.2554100607117,3.8679142286484,0.0144261839206,0.7646976671563,0.3340196872457,0.0000010440531
164186,0.2554083177109,3.8678878327509,0.0144261839206,0.7646860175356,0.3340151531667,0.0000010440531
164209,0.2554058480060,3.8678504316924,0.0144261839206,0.7646817808783,0.3340131108524,0.0000010440531
164244,0.2554082676876,3.8678870752022,0.0144261839206,0.7645367146176,0.3339618199768,0.0000010325685
164254,0.2554080833247,3.8678842832207,0.0144261839206,0.7644491809363,0.3339305184414,0.0000010325685
164322,0.2554017165245,3.8677878647913,0.0144261839206,0.7644364520910,0.3339246081109,0.0000010325685
164335,0.2554114300051,3.8679349651428,0.0144261839206,0.7644111807896,0.3339176641062,0.0000010212103
164336,0.2554180999548,3.8680359744502,0.0143085507010,0.7617145169401,0.3329055849122,0.0000010212103
164355,0.2554210446700,3.8680805690369,0.0143085507010,0.7616248075542,0.3328741768562,0.0000010212103
164372,0.2554240759166,3.8681264740480,0.0143085507010,0.7615353109686,0.3328428633428,0.0000010212103
164378,0.2554277827423,3.8681826099883,0.0143135530878,0.7614011189864,0.3327978758347,0.0000010212103
164387,0.2554298471128,3.8682138726879,0.0142900672122,0.7614082513551,0.3327908000991,0.0000010212103
164425,0.2554303553034,3.8682215686942,0.0143135530878,0.7613084957262,0.3327653473620,0.0000010099770
164440,0.2554258885775,3.8681539248737,0.0143135530878,0.7612925238970,0.3327586859818,0.0000010099770
164461,0.2554268796541,3.8681689336761,0.0143016476276,0.7613017245962,0.3327570819792,0.0000010099770
164600,0.2554333953222,3.8682676065526,0.0143016476276,0.7612959216009,0.3327564056955,0.0000009988672
164624,0.2554371546641,3.8683245377949,0.0143016476276,0.7612571294590,0.3327433569323,0.0000009988672
164628,0.2554324022441,3.8682525674385,0.0143016476276,0.7612271334126,0.3327316256829,0.0000009988672
164647,0.2554329354902,3.8682606428843,0.0143016476276,0.7612168990110,0.3327280848065,0.0000009988672
164651,0.2554259843160,3.8681553747315,0.0143016476276,0.7611431822036,0.3327002678380,0.0000009988672
164690,0.2554221020252,3.8680965815585,0.0143135530878,0.7609955370822,0.3326518078581,0.0000009988672
164709,0.2554271726590,3.8681733709244,0.0144311863074,0.7607895954069,0.3326297580611,0.0000009988672
164764,0.2554272588249,3.8681746758151,0.0144311863074,0.7607113619549,0.3326018360067,0.0000009878797
164772,0.2554269462485,3.8681699421776,0.0144311863074,0.7605761345187,0.3325534735131,0.0000009878797
164803,0.2554249480880,3.8681396821583,0.0144780203277,0.7604836931378,0.3325401022799,0.0000009878797
164870,0.2554277220221,3.8681816904445,0.0144780203277,0.7603984453019,0.3325102510387,0.0000009878797
164897,0.2554267616081,3.8681671459945,0.0144896007430,0.7603076433861,0.3324825790152,0.0000009878797
164906,0.2554301925478,3.8682191039342,0.0144896007430,0.7603004328909,0.3324807390397,0.0000009770130
164950,0.2554334791584,3.8682688761633,0.0144896007430,0.7602078878192,0.3324483915021,0.0000009770130
165096,0.2554197039657,3.8680602654930,0.0144896007430,0.7602112962052,0.3324466569558,0.0000009662659
165100,0.2554222581161,3.8680989453885,0.0145364347632,0.7576916869348,0.3315674155430,0.0000009662659
165106,0.2554234170777,3.8681164966325,0.0145364347632,0.7576786183846,0.3315629965525,0.0000009662659
165204,0.2554243733288,3.8681309780398,0.0145348756493,0.7576340851737,0.3315466285536,0.0000009662659
165222,0.2554234031012,3.8681162849725,0.0145348756493,0.7575473663659,0.3315154496449,0.0000009662659
165228,0.2554249473964,3.8681396716849,0.0145348756493,0.7575434336544,0.3315143760255,0.0000009662659
165244,0.2554289834598,3.8682007935795,0.0145348756493,0.7575271734233,0.3315094336708,0.0000009556369
165281,0.2554324411155,3.8682531561045,0.0145248543479,0.7574951982907,0.3314944600634,0.0000009556369
165317,0.2554311933225,3.8682342596042,0.0145248543479,0.7574480794764,0.3314773645312,0.0000009556369
165321,0.2554354209050,3.8682982818541,0.0144545344521,0.7574920476660,0.3314638362684,0.0000009556369
165365,0.2554284365318,3.8681925109366,0.0144545344521,0.7574687420504,0.3314540161829,0.0000009556369
165387,0.2554313151219,3.8682361041265,0.0144545344521,0.7573327772157,0.3314060741540,0.0000009556369
165412,0.2554356977867,3.8683024749337,0.0144545344521,0.7572707459764,0.3313848592825,0.0000009451249
165470,0.2554473518870,3.8684789639108,0.0144545344521,0.7572008343978,0.3313623881688,0.0000009451249
165516,0.2554528959697,3.8685629231576,0.0144545344521,0.7571927847577,0.3313607013150,0.0000009451249
165534,0.2554566976804,3.8686204960305,0.0144545344521,0.7571840865113,0.3313584094508,0.0000009451249
165548,0.2554552807104,3.8685990375228,0.0143799669349,0.7547041218505,0.3304404466423,0.0000009451249
165549,0.2554577442946,3.8686363458903,0.0144268009551,0.6398036287813,0.2894251558943,0.0000009451249
165554,0.2554598326269,3.8686679714665,0.0144469978164,0.6397018360185,0.2893979046337,0.0000009451249
165568,0.2554614648672,3.8686926900136,0.0144469978164,0.6396023786334,0.2893627339048,0.0000009451249
165600,0.2554680243859,3.8687920269607,0.0144469978164,0.6394830871908,0.2893215354293,0.0000009347285
165640,0.2554714275965,3.8688435649713,0.0144469978164,0.6393473344452,0.2892737815653,0.0000009347285
165704,0.2554663555986,3.8687667549475,0.0144469978164,0.6391720170041,0.2892100813368,0.0000009347285
165710,0.2554640681873,3.8687321145316,0.0144469978164,0.6390497523903,0.2891659252437,0.0000009347285
165726,0.2554601486081,3.8686727566659,0.0144938318367,0.6389540888740,0.2891509915153,0.0000009347285
165728,0.2554589550924,3.8686546821378,0.0144938318367,0.6388107693638,0.2890995502226,0.0000009347285
165746,0.2554625860308,3.8687096688452,0.0144938318367,0.6387719884939,0.2890864779701,0.0000009347285
165794,0.2554683101557,3.8687963546409,0.0144938318367,0.6387684318562,0.2890864343406,0.0000009244465
165868,0.2554659854498,3.8687611494382,0.0144938318367,0.6387536908719,0.2890806715521,0.0000009244465
165911,0.2554582097204,3.8686433942707,0.0144938318367,0.6386624087945,0.2890464045824,0.0000009244465
165926,0.2554649444917,3.8687453852325,0.0143761986171,0.6387840658772,0.2890408824688,0.0000009142776
166012,0.2554579313825,3.8686391791380,0.0143761986171,0.6387667912567,0.2890332101524,0.0000009142776
166126,0.2554566382344,3.8686195957835,0.0142862988944,0.6388350957666,0.2890187990645,0.0000009042206
166227,0.2554552978749,3.8685992974618,0.0142862988944,0.6388192845973,0.2890128649984,0.0000009042206
166301,0.2554514957406,3.8685417181731,0.0142862988944,0.6386705798958,0.2889589414334,0.0000008942741
166479,0.2554507540583,3.8685304861835,0.0142707959027,0.6384007026348,0.2888557536261,0.0000008844371
166571,0.2554525084480,3.8685570545520,0.0142707959027,0.6383847747284,0.2888504410287,0.0000008844371
166636,0.2554513190598,3.8685390425304,0.0142707959027,0.6382364248407,0.2887972040571,0.0000008747083
166674,0.2554548634368,3.8685927183577,0.0143176299229,0.6359357695146,0.2879963726729,0.0000008747083
166742,0.2554527572796,3.8685608228422,0.0142974330616,0.6359504656722,0.2879925141835,0.0000008747083
166758,0.2554573255771,3.8686300048584,0.0142974330616,0.6359420448453,0.2879904856662,0.0000008747083
166836,0.2554518483747,3.8685470584428,0.0142974330616,0.6358645408133,0.2879616319686,0.0000008650865
166840,0.2554529264238,3.8685633843516,0.0142974330616,0.6357364284376,0.2879161085592,0.0000008650865
166849,0.2554502641234,3.8685230666388,0.0142974330616,0.6356412199979,0.2878815350521,0.0000008650865
166917,0.2554524049372,3.8685554869907,0.0142974330616,0.6355151081303,0.2878369538452,0.0000008650865
166927,0.2554492601040,3.8685078618314,0.0142974330616,0.6355038962726,0.2878322757175,0.0000008650865
167066,0.2554496214733,3.8685133343858,0.0142974330616,0.6354866698142,0.2878262008472,0.0000008555706
167214,0.2554473555750,3.8684790197607,0.0142974330616,0.6353916249588,0.2877917707063,0.0000008461593
167401,0.2554486006010,3.8684978743580,0.0142974330616,0.6353518189891,0.2877778210799,0.0000008368515
167481,0.2554482088484,3.8684919416802,0.0142974330616,0.6353057980840,0.2877613010953,0.0000008276462
167547,0.2554436371923,3.8684227088022,0.0142974330616,0.6352975649626,0.2877573810542,0.0000008276462
167635,0.2554496485371,3.8685137442379,0.0142974330616,0.6352504056996,0.2877418266056,0.0000008185421
167665,0.2554481113909,3.8684904657897,0.0142974330616,0.6352345202959,0.2877358238587,0.0000008185421
167706,0.2554528444509,3.8685621429599,0.0142974330616,0.6351780611571,0.2877166741077,0.0000008185421
167743,0.2554591450053,3.8686575581677,0.0142974330616,0.6351473738068,0.2877070644585,0.0000008185421
167890,0.2554579879300,3.8686400354899,0.0143442670818,0.5306555001013,0.2504083619134,0.0000008006332
167975,0.2554503325429,3.8685241027798,0.0143442670818,0.5305053614167,0.2503531005145,0.0000007918262
168086,0.2554425690885,3.8684065335045,0.0142266338622,0.5306284441346,0.2503449807937,0.0000007918262
168095,0.2554385478765,3.8683456365171,0.0141090006426,0.5286612055239,0.2495911196503,0.0000007918262
168213,0.2554219437381,3.8680941844686,0.0140798622902,0.5285740714834,0.2495439544552,0.0000007831161
168219,0.2554124489551,3.8679503960595,0.0140798622902,0.5285615230300,0.2495374382683,0.0000007831161
168221,0.2554191452605,3.8680518044951,0.0141974955099,0.5283321603564,0.2495073721873,0.0000007831161
168253,0.2554015977239,3.8677860656818,0.0141849730151,0.5283207233791,0.2494941605827,0.0000007831161
168449,0.2554009358390,3.8677760421380,0.0141849730151,0.5283115302734,0.2494907354982,0.0000007745019
168746,0.2553979792160,3.8677312672221,0.0141849730151,0.5262205360991,0.2487433183024,0.0000007575565
168937,0.2553984327551,3.8677381355891,0.0141266963105,0.5261524596204,0.2486941267307,0.0000007492234
169024,0.2554032588507,3.8678112216836,0.0141266963105,0.5261483222575,0.2486936832645,0.0000007409820
169150,0.2554048470873,3.8678352738409,0.0141735303307,0.5260689674127,0.2486857543078,0.0000007409820
169170,0.2554020455603,3.8677928476885,0.0140673397955,0.5261533492146,0.2486697801090,0.0000007328312
169204,0.2554021710321,3.8677947478266,0.0140673397955,0.5261370548439,0.2486639875778,0.0000007328312
169232,0.2553965108026,3.8677090296586,0.0140673397955,0.5241909866820,0.2479677503279,0.0000007328312
169252,0.2554052330547,3.8678411189076,0.0141141738157,0.5241068227303,0.2479596325507,0.0000007328312
169314,0.2554012549949,3.8677808754157,0.0141141738157,0.5240198630709,0.2479277230881,0.0000007328312
169387,0.2553949701060,3.8676856974454,0.0141141738157,0.5240066842183,0.2479216695931,0.0000007247700
169533,0.2553986803447,3.8677418850711,0.0141141738157,0.5239481652619,0.2479015650170,0.0000007167975
169535,0.2553964665070,3.8677083588491,0.0141610078359,0.5238534154389,0.2478873231236,0.0000007167975
169628,0.2553952419325,3.8676898139693,0.0141610078359,0.5238440251482,0.2478837070396,0.0000007167975
169727,0.2553989949268,3.8677466490825,0.0141610078359,0.5237978417408,0.2478680171785,0.0000007089128
169743,0.2554011279427,3.8677789513441,0.0141610078359,0.5236498868935,0.2478156332365,0.0000007089128
169796,0.2554037420358,3.8678185390101,0.0141610078359,0.5220719887346,0.2472526583426,0.0000007089128
169823,0.2554100441401,3.8679139776895,0.0141610078359,0.5220371185984,0.2472415551734,0.0000007089128
169957,0.2554127744033,3.8679553246272,0.0141610078359,0.5219886453304,0.2472248283484,0.0000007011147
169971,0.2554118691892,3.8679416161205,0.0141610078359,0.5219721079885,0.2472187281804,0.0000007011147
170198,0.2553944568432,3.8676779246254,0.0141877827258,0.5219266557877,0.2472102389873,0.0000006857750
170209,0.2553972034337,3.8677195188224,0.0141877827258,0.5218778306385,0.2471933899892,0.0000006857750
170303,0.2554002407547,3.8677655158240,0.0142346167460,0.5217879216309,0.2471820022068,0.0000006857750
170320,0.2553937874502,3.8676677873780,0.0142346167460,0.5216341651446,0.2471257063250,0.0000006857750
170331,0.2553956839197,3.8676965073950,0.0142346167460,0.5215895807562,0.2471101897154,0.0000006857750
170359,0.2553857482421,3.8675460421067,0.0142346167460,0.5215834213795,0.2471058608643,0.0000006782315
170361,0.2553837000655,3.8675150246457,0.0142346167460,0.5198636568896,0.2464912203658,0.0000006782315
170375,0.2553858953195,3.8675482694371,0.0142346167460,0.5198467530835,0.2464856537037,0.0000006782315
170451,0.2553868390544,3.8675625613000,0.0142346167460,0.5198156977968,0.2464747647588,0.0000006782315
170513,0.2553864880453,3.8675572456395,0.0141610078359,0.5198425258971,0.2464527243312,0.0000006707710
170515,0.2553920023720,3.8676407542640,0.0141610078359,0.5198022158710,0.2464395095348,0.0000006707710
170544,0.2553906755302,3.8676206606529,0.0141610078359,0.5197164595297,0.2464085979468,0.0000006707710
170620,0.2553979324977,3.8677305597224,0.0141610078359,0.5196713223357,0.2463940325848,0.0000006707710
170771,0.2554024803372,3.8677994319242,0.0141610078359,0.5196428510327,0.2463848387994,0.0000006633925
170852,0.2553947862807,3.8676829136057,0.0140736093067,0.5194094932428,0.2462623914926,0.0000006560952
171010,0.2553994684231,3.8677538196814,0.0140736093067,0.5193462303033,0.2462408009018,0.0000006560952
171129,0.2554074903006,3.8678753025007,0.0140736093067,0.5193291448940,0.2462364179437,0.0000006488781
171205,0.2554056139611,3.8678468873308,0.0140736093067,0.5192514625719,0.2462082721845,0.0000006417405
171324,0.2554077094888,3.8678786218732,0.0140736093067,0.5192118908840,0.2461945884805,0.0000006417405
171333,0.2554149706933,3.8679885851069,0.0140736093067,0.5191829052631,0.2461857924454,0.0000006417405
171382,0.2554321866745,3.8682493028658,0.0141204433269,0.5189812195496,0.2461375226952,0.0000006346813
171398,0.2554378842202,3.8683355861479,0.0141204433269,0.5188387827852,0.2460878733249,0.0000006346813
171454,0.2554374833182,3.8683295149121,0.0141204433269,0.5188055693808,0.2460759254872,0.0000006346813
171484,0.2554399339170,3.8683666266298,0.0141204433269,0.5187480058071,0.2460558921963,0.0000006346813
171673,0.2554516691016,3.8685443435420,0.0141204433269,0.5186762936251,0.2460327953851,0.0000006276998
171688,0.2554410322558,3.8683832598038,0.0141204433269,0.5186641589518,0.2460261822491,0.0000006276998
171702,0.2554410074212,3.8683828837105,0.0141204433269,0.5186541207379,0.2460225918511,0.0000006207951
171832,0.2554409364649,3.8683818091532,0.0141204433269,0.5186372634494,0.2460165561860,0.0000006207951
171861,0.2554425473623,3.8684062044833,0.0141204433269,0.5186202016775,0.2460108078883,0.0000006207951
172007,0.2554438341898,3.8684256921203,0.0141204433269,0.5185869218658,0.2459991979900,0.0000006139664
172017,0.2554453196948,3.8684481885164,0.0141204433269,0.5185788936227,0.2459966490828,0.0000006139664
172080,0.2554388821363,3.8683506985266,0.0141204433269,0.5185244233542,0.2459758159387,0.0000006072127
172379,0.2554354092627,3.8682981055431,0.0141204433269,0.5185262697003,0.2459757311608,0.0000006005334
172583,0.2554378094076,3.8683344531901,0.0141204433269,0.5185227989133,0.2459750059108,0.0000005873943
172615,0.2554400816081,3.8683688632540,0.0141204433269,0.5185090441175,0.2459705803838,0.0000005873943
172667,0.2554425385929,3.8684060716815,0.0141204433269,0.5184965339229,0.2459666389539,0.0000005873943
172894,0.2554467407152,3.8684697083622,0.0141204433269,0.5184488750639,0.2459505183876,0.0000005745427
172914,0.2554418826176,3.8683961376307,0.0141204433269,0.5184286967213,0.2459422708158,0.0000005745427
172922,0.2554423429164,3.8684031083677,0.0141204433269,0.5183792727675,0.2459247180392,0.0000005745427
173047,0.2554494773646,3.8685111520117,0.0141204433269,0.5183730284728,0.2459240167442,0.0000005745427
173062,0.2554412887162,3.8683871436247,0.0141204433269,0.5183683434572,0.2459205888140,0.0000005682228
173152,0.2554422799356,3.8684021545905,0.0141204433269,0.5183487979865,0.2459138206929,0.0000005682228
173173,0.2554387731452,3.8683490479723,0.0141204433269,0.5183421833953,0.2459107068838,0.0000005682228
173623,0.2554383587845,3.8683427729191,0.0141204433269,0.5182777946497,0.2458876221117,0.0000005496769
173680,0.2554317672603,3.8682429512832,0.0141204433269,0.5182640213942,0.2458812906224,0.0000005496769
173817,0.2554324114086,3.8682527062261,0.0140151783435,0.5165587796267,0.2452273001729,0.0000005436305
174079,0.2554357947634,3.8683039435421,0.0140151783435,0.5165183321427,0.2452135796475,0.0000005376505
174174,0.2554452802009,3.8684475904228,0.0138975451238,0.5147436957279,0.2445313992846,0.0000005317364
174175,0.2554401844586,3.8683704208160,0.0137799119042,0.5131190146416,0.2438996498578,0.0000005317364
174216,0.2554401800583,3.8683703541773,0.0137908752850,0.5130994675352,0.2438973663972,0.0000005317364
174246,0.2554340934437,3.8682781788611,0.0137675436681,0.5129804219865,0.2438435465908,0.0000005317364
174260,0.2554401623334,3.8683700857530,0.0137675436681,0.5129219453894,0.2438239625683,0.0000005258873
174351,0.2554345192972,3.8682846279600,0.0136499104485,0.5130566299931,0.2438204407534,0.0000005258873
174360,0.2554241758582,3.8681279875573,0.0136030764282,0.5129717692297,0.2437678451637,0.0000005258873
174599,0.2554191015889,3.8680511431349,0.0135980740414,0.5129768056546,0.2437664126634,0.0000005087232
174800,0.2554225582876,3.8681034911675,0.0135980740414,0.5129691245023,0.2437644101159,0.0000005031272
174896,0.2554247177328,3.8681361936733,0.0135980740414,0.5129489987024,0.2437576850685,0.0000005031272
174934,0.2554290234763,3.8682013995872,0.0135980740414,0.5128822365833,0.2437347641138,0.0000004975928
175126,0.2554221913332,3.8680979340335,0.0135980740414,0.5128684448681,0.2437283744706,0.0000004921193
175596,0.2554211108771,3.8680815716722,0.0135980740414,0.5128179133842,0.2437100959857,0.0000004813522
175615,0.2554191991467,3.8680526205455,0.0135980740414,0.5128076321991,0.2437060144774,0.0000004760574
175618,0.2554185205998,3.8680423446729,0.0135980740414,0.5127971538290,0.2437021267995,0.0000004760574
175637,0.2554170114282,3.8680194898704,0.0135980740414,0.5127729110704,0.2436931452775,0.0000004760574
175722,0.2554246625829,3.8681353584869,0.0135980740414,0.5127247860669,0.2436775973094,0.0000004760574
175888,0.2554208385575,3.8680774476809,0.0136171745647,0.5127005248486,0.2436762990931,0.0000004708207
175989,0.2554230529629,3.8681109824994,0.0136640085849,0.4186721731498,0.2101152911533,0.0000004656417
176139,0.2554216577589,3.8680898536164,0.0136640085849,0.3352888495731,0.1803352337608,0.0000004605197
176159,0.2554204488927,3.8680715466214,0.0136779524627,0.3352371991602,0.1803225040897,0.0000004605197
176208,0.2554133579690,3.8679641621095,0.0136588519394,0.3351336699585,0.1802758239526,0.0000004605197
176214,0.2554160374108,3.8680047394114,0.0136917420819,0.3349845369789,0.1802372321156,0.0000004605197
176593,0.2554164040916,3.8680102924026,0.0136917420819,0.3349600249117,0.1802285563803,0.0000004504439
176643,0.2554183558619,3.8680398498925,0.0136917420819,0.3349313066226,0.1802187180850,0.0000004454891
176811,0.2554165037700,3.8680118019268,0.0136917420819,0.3349274588133,0.1802169469906,0.0000004405887
176913,0.2554106114681,3.8679225692699,0.0137385761021,0.2618021165148,0.1541195623993,0.0000004405887
176918,0.2554076802295,3.8678781787720,0.0137385761021,0.2617350064650,0.1540949664019,0.0000004405887
176963,0.2554134582899,3.8679656813631,0.0137385761021,0.2616930759028,0.1540812293569,0.0000004405887
176980,0.2554131420965,3.8679608929491,0.0137385761021,0.2616869260901,0.1540789652395,0.0000004357422
177294,0.2554099271603,3.8679122061541,0.0137385761021,0.2616141458874,0.1540522833951,0.0000004309490
177372,0.2554067648651,3.8678643165499,0.0137385761021,0.2615276199107,0.1540207036258,0.0000004262086
177678,0.2554176534901,3.8680292132170,0.0137385761021,0.2614679023766,0.1540017092119,0.0000004168836
177929,0.2554224312542,3.8681015673813,0.0137385761021,0.1988253285229,0.1316303852135,0.0000004122979
177946,0.2554198354471,3.8680622566387,0.0136627579882,0.1988361984376,0.1316012176042,0.0000004122979
177996,0.2554204126082,3.8680709971305,0.0136627579882,0.1987961420264,0.1315870354204,0.0000004077626
178423,0.2554130032501,3.8679587902679,0.0136209428825,0.1987641643330,0.1315561063364,0.0000003988412
178446,0.2554063476525,3.8678579983079,0.0136411397438,0.1986330154702,0.1315164970551,0.0000003988412
178704,0.2553996295806,3.8677562602407,0.0136411397438,0.1986281515784,0.1315133203640,0.0000003901149
178731,0.2554033819172,3.8678130853952,0.0136602402671,0.1985875991719,0.1315078273724,0.0000003901149
178764,0.2553960422780,3.8677019343512,0.0136411397438,0.1985519843629,0.1314853490794,0.0000003901149
178948,0.2554003211358,3.8677667331103,0.0136411397438,0.1985439646786,0.1314834018045,0.0000003858236
179053,0.2554090428098,3.8678988136052,0.0136411397438,0.1984949724379,0.1314677735059,0.0000003815796
179418,0.2554087244408,3.8678939922439,0.0136411397438,0.1984899186457,0.1314659003581,0.0000003732310
179472,0.2554145925739,3.8679828588895,0.0136411397438,0.1984301792840,0.1314458223289,0.0000003732310
179746,0.2554135671536,3.8679673299886,0.0136411397438,0.1983873099186,0.1314302921083,0.0000003650651
180803,0.2554091500598,3.8679004377919,0.0136411397438,0.1983566111194,0.1314183817314,0.0000003416237
181256,0.2554097563763,3.8679096198116,0.0136411397438,0.1983221348199,0.1314061986922,0.0000003304737
181488,0.2554097904873,3.8679101363860,0.0136411397438,0.1982808540289,0.1313914628621,0.0000003268385
181599,0.2554166737950,3.8680143767740,0.0136411397438,0.1982724631027,0.1313899410972,0.0000003232433
182177,0.2554130020880,3.8679587726695,0.0136411397438,0.1982070796441,0.1313658030677,0.0000003126932
182209,0.2554122750911,3.8679477630737,0.0136411397438,0.1981654927580,0.1313507948233,0.0000003126932
182211,0.2554187922372,3.8680464583330,0.0136411397438,0.1981571039716,0.1313491953595,0.0000003126932
182258,0.2554171335921,3.8680213399134,0.0136411397438,0.1981434260102,0.1313439549493,0.0000003092535
182275,0.2554132736248,3.8679628848067,0.0136411397438,0.1981194026180,0.1313345480305,0.0000003092535
182503,0.2554176059166,3.8680284927660,0.0136411397438,0.1981056067469,0.1313305492819,0.0000003058517
182506,0.2554113325416,3.8679334891619,0.0136411397438,0.1980917114258,0.1313242423726,0.0000003058517
182512,0.2554092539143,3.8679020105587,0.0136411397438,0.1461476067518,0.1127723309975,0.0000003058517
182520,0.2554094708488,3.8679052958012,0.0136864146501,0.1459066539119,0.1127057264291,0.0000003058517
182534,0.2554091315090,3.8679001568598,0.0136879737640,0.1457401972302,0.1126468730902,0.0000003058517
182673,0.2553993968378,3.8677527355988,0.0136879737640,0.1457108411301,0.1126343027677,0.0000003024874
182777,0.2554053363373,3.8678426830129,0.0136879737640,0.1456801550662,0.1126246162091,0.0000002991600
182872,0.2554014588022,3.8677839618608,0.0136879737640,0.1456144709494,0.1126003266956,0.0000002991600
182911,0.2554000173586,3.8677621327270,0.0136879737640,0.1456086575559,0.1125979416028,0.0000002991600
183098,0.2553962853290,3.8677056151005,0.0136879737640,0.1456000831485,0.1125940795938,0.0000002926147
183305,0.2553892659380,3.8675993138757,0.0136879737640,0.1455758512634,0.1125839211940,0.0000002893959
183430,0.2553949765696,3.8676857953292,0.0136879737640,0.1455151473186,0.1125634649204,0.0000002893959
183916,0.2553940302188,3.8676714638511,0.0136879737640,0.1454402864535,0.1125365261077,0.0000002799505
183961,0.2553879250582,3.8675790076753,0.0136879737640,0.1454094030580,0.1125241880749,0.0000002768711
184131,0.2553866384780,3.8675595237842,0.0136879737640,0.1453434552023,0.1125003595736,0.0000002738255
184474,0.2553865702064,3.8675584898832,0.0136879737640,0.1453016047103,0.1124853983396,0.0000002678345
185359,0.2553847744712,3.8675312953799,0.0136879737640,0.1452875801717,0.1124800047755,0.0000002534241
185530,0.2553787646853,3.8674402835516,0.0136879737640,0.1452734561831,0.1124736726825,0.0000002506364
185578,0.2553904993823,3.8676179930803,0.0136879737640,0.1451983152592,0.1124493512162,0.0000002506364
185923,0.2553920913965,3.8676421024455,0.0136879737640,0.1451539438087,0.1124338454155,0.0000002451528
186011,0.2553889064039,3.8675938691138,0.0136879737640,0.1451475552021,0.1124308812719,0.0000002424561
186030,0.2553922530478,3.8676445504836,0.0136879737640,0.1451183945144,0.1124211838786,0.0000002424561
186314,0.2553826310381,3.8674988353605,0.0137348077843,0.1034868860864,0.0975707978751,0.0000002397891
186326,0.2553820630384,3.8674902336076,0.0137348077843,0.1033672866910,0.0975279620911,0.0000002371514
186333,0.2553794878583,3.8674512352393,0.0137348077843,0.1033605050954,0.0975249882684,0.0000002371514
186392,0.2553823941919,3.8674952485770,0.0137348077843,0.1032987865400,0.0975035687130,0.0000002371514
186671,0.2553784980564,3.8674362457397,0.0137348077843,0.1032679527990,0.0974917217764,0.0000002319627
186884,0.2553693216542,3.8672972788707,0.0137348077843,0.1032733409212,0.0974916797339,0.0000002294112
186898,0.2553622087708,3.8671895618018,0.0137348077843,0.1032489798187,0.0974814551508,0.0000002294112
187222,0.2553582862409,3.8671301592509,0.0137348077843,0.1031823699638,0.0974568253748,0.0000002243919
187244,0.2553530891282,3.8670514544963,0.0137348077843,0.1031208082062,0.0974337253658,0.0000002243919
187393,0.2553599126857,3.8671547900317,0.0137348077843,0.1031114891754,0.0974318593314,0.0000002219236
187503,0.2553599250080,3.8671549766397,0.0137348077843,0.1031048745842,0.0974294996179,0.0000002219236
187620,0.2553648518312,3.8672295881459,0.0137348077843,0.1030689111914,0.0974177112969,0.0000002194824
187950,0.2553649669384,3.8672313313233,0.0137348077843,0.1030530213053,0.0974120610034,0.0000002146803
187956,0.2553753712574,3.8673888936886,0.0137348077843,0.1030384997733,0.0974091042389,0.0000002146803
188175,0.2553671805964,3.8672648548227,0.0137348077843,0.1030321111667,0.0974050674520,0.0000002123189
188680,0.2553725825335,3.8673466614251,0.0137348077843,0.1030009750606,0.0973951049721,0.0000002031298
189290,0.2553713575763,3.8673281107501,0.0136171745647,0.0717516158387,0.0861839428079,0.0000001943385
189389,0.2553654208166,3.8672382048264,0.0136171745647,0.0717189234452,0.0861709947903,0.0000001922008
189657,0.2553716719266,3.8673328712508,0.0136171745647,0.0716729904744,0.0861559296814,0.0000001900866
189663,0.2553698259850,3.8673049164258,0.0135969777033,0.0716639094770,0.0861436351114,0.0000001900866
190240,0.2553747435742,3.8673793880935,0.0135969777033,0.0716187227164,0.0861285507518,0.0000001818598
190533,0.2553785146971,3.8674364977462,0.0135969777033,0.0715762600344,0.0861141936060,0.0000001798593
190551,0.2553841350535,3.8675216120773,0.0135969777033,0.0714288457643,0.0860627500144,0.0000001798593
190601,0.2553768439936,3.8674111967145,0.0135969777033,0.0714147104679,0.0860561393243,0.0000001778809
190677,0.2553798828599,3.8674572171196,0.0135969777033,0.0714076237998,0.0860542595571,0.0000001778809
190752,0.2553746752796,3.8673783538441,0.0135969777033,0.0714008553925,0.0860507263587,0.0000001759242
190882,0.2553804547742,3.8674658781538,0.0135969777033,0.0713552931106,0.0860356925783,0.0000001759242
190965,0.2553865150969,3.8675576553080,0.0135969777033,0.0713191765463,0.0860240924459,0.0000001739890
190980,0.2553899776340,3.8676100917560,0.0135969777033,0.0713118574890,0.0860222204690,0.0000001739890
191068,0.2553945582523,3.8676794603571,0.0135969777033,0.0712753131230,0.0860101504708,0.0000001739890
191948,0.2554059275021,3.8678516355765,0.0135969777033,0.0711983900552,0.0859851142144,0.0000001628169
192546,0.2554115498907,3.8679367806837,0.0135969777033,0.0711841368491,0.0859812285813,0.0000001575029
192661,0.2554122157285,3.8679468640903,0.0135969777033,0.0711482648399,0.0859685598289,0.0000001557703
192757,0.2554143394323,3.8679790253288,0.0135969777033,0.0711114088670,0.0859558520608,0.0000001557703
192765,0.2554216405893,3.8680895936021,0.0135969777033,0.0710970562109,0.0859522906459,0.0000001557703
193120,0.2554290481971,3.8682017739578,0.0135969777033,0.0710598886309,0.0859406038547,0.0000001523622
193643,0.2554295382600,3.8682091954397,0.0135969777033,0.0710286602266,0.0859295558666,0.0000001457681
193762,0.2554289255063,3.8681999159362,0.0135969777033,0.0710207528977,0.0859266005162,0.0000001457681
193856,0.2554352178655,3.8682952070353,0.0135969777033,0.0710062823319,0.0859227808197,0.0000001441647
194423,0.2554314607049,3.8682383088264,0.0135969777033,0.0709623203919,0.0859062750210,0.0000001394594
194695,0.2554367267203,3.8683180570397,0.0135969777033,0.0709158487426,0.0858908064353,0.0000001364081
194960,0.2554420641894,3.8683988873435,0.0135969777033,0.0708691006906,0.0858752544458,0.0000001349076
195034,0.2554408194204,3.8683800366388,0.0135969777033,0.0708600624422,0.0858717597637,0.0000001334237
195097,0.2554386261665,3.8683468221370,0.0135969777033,0.0708220762358,0.0858577232785,0.0000001334237
195198,0.2554347946217,3.8682887974579,0.0135969777033,0.0707545591024,0.0858327889712,0.0000001319560
196808,0.2554374149842,3.8683284800661,0.0135969777033,0.0707072582448,0.0858164573140,0.0000001194526
196848,0.2554361920898,3.8683099606286,0.0135969777033,0.0706709400276,0.0858032244734,0.0000001194526
196963,0.2554331743042,3.8682642594691,0.0135969777033,0.0706091792437,0.0857805203822,0.0000001181387
196974,0.2554320724769,3.8682475734640,0.0135969777033,0.0705472045878,0.0857581504707,0.0000001181387
197214,0.2554255950926,3.8681494803560,0.0135969777033,0.0705412453904,0.0857546341750,0.0000001155539
197299,0.2554344880218,3.8682841543282,0.0135969777033,0.0705349008803,0.0857542739062,0.0000001155539
197685,0.2554344121851,3.8682830058615,0.0135969777033,0.0705257006511,0.0857509718593,0.0000001130257
197881,0.2554352875261,3.8682962619725,0.0135969777033,0.0705083959079,0.0857449791670,0.0000001105528
198386,0.2554398661312,3.8683656000855,0.0135969777033,0.0704780424002,0.0857351197582,0.0000001081340
198621,0.2554379540898,3.8683366442483,0.0135969777033,0.0704685639956,0.0857313248905,0.0000001057682
198721,0.2554368525961,3.8683199632960,0.0135969777033,0.0704588884060,0.0857276332885,0.0000001057682
199019,0.2554358295437,3.8683044702528,0.0135969777033,0.0704413406916,0.0857211470221,0.0000001034541
199251,0.2554356043778,3.8683010603543,0.0135969777033,0.0704313869266,0.0857175438562,0.0000001011906
199761,0.2554398227388,3.8683649429539,0.0135969777033,0.0704008380065,0.0857075374621,0.0000000978879
199903,0.2554347052395,3.8682874438588,0.0135969777033,0.0703325058929,0.0856820365288,0.0000000978879
199978,0.2554289151061,3.8681997584353,0.0135969777033,0.0703086019828,0.0856722586752,0.0000000968111
200521,0.2554324562277,3.8682533849638,0.0135969777033,0.0496399438946,0.0782913538840,0.0000000936514
200615,0.2554429292638,3.8684119879774,0.0135969777033,0.0496334149961,0.0782912663566,0.0000000926212
200668,0.2554489965141,3.8685038700424,0.0135969777033,0.0495953073310,0.0782789566012,0.0000000926212
200933,0.2554577684853,3.8686367122338,0.0136438117236,0.0494556415437,0.0782510273940,0.0000000916024
