0,0.2063240533919,3.124558757017,0.5553584234398,0.3201241934734,0.3965531191558,100000
1,0.2063295084166,3.124641367574,0.5554052574601,0.3198493655113,0.396476206969,100000.0000000000000
7,0.2063287407426,3.1246297419672,0.5554052574601,0.3198130658183,0.3964630782914,94119.1999999999971
8,0.2063270972356,3.1246048527976,0.5554052574601,0.3196945048347,0.3964203829029,94119.1999999999971
9,0.2063268365241,3.1246009045997,0.5554052574601,0.3196420074382,0.3964015779660,92236.8159999999916
10,0.2063335289891,3.1247022548768,0.5553584234398,0.3196719430058,0.3963936316168,92236.8159999999916
11,0.2063329538659,3.1246935452461,0.5553584234398,0.3196634087590,0.3963904604308,90392.0796799999953
14,0.2063342478019,3.1247131405332,0.5551471221798,0.3194632845885,0.3962287071019,88584.2380864000006
15,0.2063376660488,3.1247649062550,0.5551002881595,0.3194879100268,0.3962181626598,86812.5533246720006
16,0.2063431185380,3.1248474784148,0.5551002881595,0.3194292848254,0.3961983934784,86812.5533246720006
17,0.2063500886805,3.1249530338235,0.5549826549399,0.3195175961512,0.3961810126026,85076.3022581785626
94144,0.2506816472431,3.7963074263042,0.0172434918176,0.8724873920503,0.3727102037776,0.0000001216216
94152,0.2506796197695,3.7962767223685,0.0172439711212,0.8724442415282,0.3726945638341,0.0000001216216
94198,0.2506707467007,3.7961423491614,0.0172315863573,0.8724592595962,0.3726927183019,0.0000001216216
94244,0.2506770401992,3.7962376575150,0.0172315863573,0.8723988519805,0.3726724927603,0.0000001216216
94296,0.2506670858410,3.7960869093280,0.0172387814203,0.8723897893941,0.3726702066440,0.0000001191892
94297,0.2506679037858,3.7960992962333,0.0172387814203,0.8723399886977,0.3726525959549,0.0000001191892
94321,0.2506685829402,3.7961095813050,0.0172165296138,0.8723181444398,0.3726354034787,0.0000001191892
94351,0.2506682936590,3.7961052004481,0.0171071877952,0.8723297360301,0.3725926205642,0.0000001191892
94358,0.2506692919276,3.7961203181668,0.0171087634369,0.8722921688283,0.3725800928961,0.0000001191892
94407,0.2506679300341,3.7960996937355,0.0170799336018,0.8723111671694,0.3725742305400,0.0000001191892
94418,0.2506607363253,3.7959907526520,0.0171565230088,0.8722212565457,0.3725734021255,0.0000001168054
94424,0.2506615299053,3.7960027705786,0.0171609083612,0.8722105446633,0.3725716259428,0.0000001168054
94435,0.2506615123436,3.7960025046253,0.0171201730658,0.8722045806724,0.3725520341991,0.0000001168054
94463,0.2506603127654,3.7959843382876,0.0171289437705,0.8721825120628,0.3725476543738,0.0000001168054
94476,0.2506661028747,3.7960720233465,0.0170821097503,0.8722084697600,0.3725380939947,0.0000001168054
94503,0.2506719567731,3.7961606744232,0.0170352757300,0.8722389179021,0.3725301510150,0.0000001168054
94524,0.2506702481959,3.7961347998345,0.0170352757300,0.8722376695713,0.3725293390589,0.0000001168054
94558,0.2506681800413,3.7961034798292,0.0170352757300,0.8721947612784,0.3725135714926,0.0000001144693
94571,0.2506613710688,3.7960003651696,0.0170269843290,0.8721527215459,0.3724935447793,0.0000001144693
94598,0.2506587674344,3.7959609358894,0.0170763360703,0.8720810692922,0.3724885475133,0.0000001144693
94603,0.2506589427447,3.7959635907785,0.0169587028507,0.8704581032816,0.3718585401247,0.0000001144693
94641,0.2506560285100,3.7959194577872,0.0170055368709,0.8703354589983,0.3718341858391,0.0000001144693
94654,0.2506632188206,3.7960283474079,0.0170055368709,0.7449174388603,0.3270435765706,0.0000001144693
94681,0.2506616002696,3.7960038361717,0.0170055368709,0.7448221785424,0.3270092081962,0.0000001144693
94714,0.2506541575742,3.7958911244517,0.0169245621116,0.7449228010486,0.3270088464739,0.0000001121799
94760,0.2506413606008,3.7956973278735,0.0169713961318,0.6300170248799,0.2859883987852,0.0000001121799
94764,0.2506394381113,3.7956682138120,0.0169713961318,0.6298721194663,0.2859362348897,0.0000001121799
94837,0.2506376820749,3.7956416205051,0.0169713961318,0.6297238454311,0.2858829035837,0.0000001099363
94859,0.2506296051653,3.7955193042835,0.0170874537097,0.6295816377012,0.2858801233043,0.0000001099363
94928,0.2506315569296,3.7955488616817,0.0170874537097,0.6295726226910,0.2858773218930,0.0000001099363
94951,0.2506378542331,3.7956442276583,0.0170406196895,0.6294924010002,0.2858299489884,0.0000001099363
94989,0.2506369482653,3.7956305077372,0.0170421953312,0.6294542085482,0.2858167899660,0.0000001077376
94993,0.2506431569018,3.7957245309462,0.0170350002682,0.6294459090960,0.2858120726996,0.0000001077376
95005,0.2506490511898,3.7958137936798,0.0169173670486,0.6295730722594,0.2858083369398,0.0000001077376
95010,0.2506503622873,3.7958336488606,0.0169375639099,0.6295108310379,0.2857950446794,0.0000001077376
95011,0.2506419208309,3.7957058119645,0.0169375639099,0.6295139164236,0.2857943377193,0.0000001077376
95151,0.2506409744309,3.7956914797406,0.0168907298897,0.6294750601521,0.2857601859565,0.0000001055828
95190,0.2506424708223,3.7957141410007,0.0168662854069,0.6294895665892,0.2857552112753,0.0000001055828
95216,0.2506346874787,3.7955962705246,0.0168315111056,0.6295307175119,0.2857533369021,0.0000001055828
95224,0.2506376161387,3.7956406219703,0.0168315111056,0.6295198475971,0.2857500823596,0.0000001055828
95309,0.2506302506078,3.7955290788241,0.0167846770854,0.6293525442008,0.2856686810957,0.0000001034712
95338,0.2506259029610,3.7954632383284,0.0167378430651,0.6292874262392,0.2856244213193,0.0000001034712
95358,0.2506238465452,3.7954320960952,0.0167846770854,0.6278434215953,0.2851283364375,0.0000001034712
95368,0.2506241108979,3.7954360994359,0.0167378430651,0.6278381695530,0.2851064456321,0.0000001034712
95395,0.2506389450169,3.7956607464211,0.0167306480021,0.6276063391784,0.2850237442111,0.0000001014018
95418,0.2506418079925,3.7957041031466,0.0166130147825,0.6276328396141,0.2849834079102,0.0000001014018
95425,0.2506453387977,3.7957575734423,0.0165661807623,0.6276807152345,0.2849811912242,0.0000001014018
95486,0.2506460396687,3.7957681873905,0.0165879532653,0.5233032745235,0.2477130150868,0.0000001014018
95624,0.2506543318260,3.7958937633089,0.0165483143080,0.5232930244737,0.2476941431210,0.0000000993737
95629,0.2506493076305,3.7958176772031,0.0165860691064,0.5232271181903,0.2476857091772,0.0000000993737
95633,0.2506368150755,3.7956284907197,0.0166177086521,0.5231544519553,0.2476706397797,0.0000000993737
95681,0.2506402916770,3.7956811401581,0.0165733923530,0.5231804001952,0.2476616592946,0.0000000973862
95862,0.2506498120641,3.7958253163143,0.0165824715749,0.5231515566556,0.2476572892085,0.0000000954385
95904,0.2506617046860,3.7960054174470,0.0165752765119,0.5230934386371,0.2476359975939,0.0000000954385
95961,0.2506677030913,3.7960962569278,0.0165747972083,0.5230793650838,0.2476320512816,0.0000000935298
95962,0.2506709737849,3.7961457881098,0.0166216312285,0.5230182958977,0.2476310134439,0.0000000935298
96075,0.2506647947474,3.7960522131465,0.0165747972083,0.5230477308289,0.2476201301169,0.0000000916592
96089,0.2506655817390,3.7960641312996,0.0165747972083,0.5230217674745,0.2476110261314,0.0000000916592
