0,0.2063240533919,3.124558757017,0.5553584234398,0.3201241934734,0.3965531191558,100000
1,0.2063296358879,3.124643297993,0.5553584234398,0.3196627398481,0.3963895105388,100000.0000000000000
4,0.2063253895188,3.1245789912402,0.5552407902202,0.3197183884141,0.3963580608534,98000.0000000000000
7,0.2063302271428,3.1246522519203,0.5552407902202,0.3197020125157,0.3963532489520,94119.1999999999971
9,0.2063359756366,3.1247393067566,0.5551939562000,0.3197483252345,0.3963509493059,92236.8159999999916
10,0.2063382024841,3.1247730299969,0.5550763229804,0.3197849833030,0.3963141044178,92236.8159999999916
14,0.2063526781769,3.1249922489972,0.5549586897607,0.3198578727655,0.3962928240659,88584.2380864000006
15,0.2063537943468,3.1250091522052,0.5549586897607,0.3197357325314,0.3962494417330,86812.5533246720006
16,0.2063486078010,3.1249306074756,0.5549118557405,0.3197424352936,0.3962306524510,86812.5533246720006
17,0.2063464695022,3.1248982252110,0.5549586897607,0.3193422197876,0.3961073318578,85076.3022581785626
18,0.2063446129815,3.1248701101753,0.5549586897607,0.3191974654163,0.3960552360422,85076.3022581785626
21,0.2063624677031,3.1251405009799,0.5548410565411,0.3186749251639,0.3958220262983,81707.2806887546903
22,0.2063807417625,3.1254172422102,0.5548410565411,0.3184292312493,0.3957381943415,81707.2806887546903
23,0.2063752084316,3.1253334457872,0.5548410565411,0.3178582029148,0.3955330699368,81707.2806887546903
38,0.2063950502824,3.1256339295529,0.5546765893013,0.3179936634076,0.3955152145495,73856.9102645403764
39,0.2063901353453,3.1255594980491,0.5545589560816,0.3177464406235,0.3953754532602,72379.7720592495607
40,0.2063877764859,3.1255237756282,0.5544413228620,0.3177461590027,0.3953244329745,72379.7720592495607
41,0.2063897657012,3.1255539001811,0.5544413228620,0.3176473603360,0.3952895739968,72379.7720592495607
42,0.2063950384412,3.1256337502307,0.5543236896424,0.3174273581989,0.3951617174409,70932.1766180645645
51,0.2064043923659,3.1257754054910,0.5542060564228,0.3174577636638,0.3951241667109,66760.7971755094186
52,0.2064041602453,3.1257718902700,0.5540884232032,0.3174053789021,0.3950549938904,66760.7971755094186
53,0.2064059154285,3.1257984706568,0.5540415891829,0.3174189863710,0.3950401580884,66760.7971755094186
54,0.2064060834971,3.1258010158778,0.5540415891829,0.3171178479711,0.3949326446746,65425.5812319992256
55,0.2064072990926,3.1258194247810,0.5540415891829,0.3168097531591,0.3948228712979,65425.5812319992256
57,0.2064037010976,3.1257649369656,0.5540415891829,0.3165880381057,0.3947429163514,65425.5812319992256
58,0.2063992181252,3.1256970471085,0.5539947551627,0.3165673156942,0.3947144831302,64117.0696073592408
59,0.2064051760919,3.1257872741891,0.5539947551627,0.3159595688518,0.3944987073936,64117.0696073592408
60,0.2064004944579,3.1257163758127,0.5540415891829,0.3153105004581,0.3942859657687,64117.0696073592408
61,0.2064014068811,3.1257301934931,0.5540884232032,0.3147802610415,0.3941168617907,64117.0696073592408
63,0.2064090286408,3.1258456169519,0.5540176240038,0.3148030327567,0.3940962852663,62834.7282152120533
73,0.2063817755738,3.1254328981836,0.5540644580240,0.3147458389353,0.3940900906816,60346.4729778896508
74,0.2063827473122,3.1254476141301,0.5540644580240,0.3144821492667,0.3939961240296,59139.5435183318550
75,0.2063829298803,3.1254503789315,0.5541112920442,0.3144178077536,0.3939932557625,59139.5435183318550
76,0.2063818771430,3.1254344363424,0.5541112920442,0.3139406471817,0.3938226156859,59139.5435183318550
77,0.2063865377422,3.1255050161688,0.5541581260645,0.3138728454527,0.3938194712055,59139.5435183318550
78,0.2063887571543,3.1255386268096,0.5541581260645,0.3138501845637,0.3938118536191,57956.7526479652151
79,0.2063800951990,3.1254074506917,0.5541112920442,0.3137953503303,0.3937703421081,57956.7526479652151
80,0.2063857123894,3.1254925170778,0.5541112920442,0.3132471958080,0.3935757763195,57956.7526479652151
83,0.2063992116995,3.1256969497972,0.5541112920442,0.3132144724553,0.3935669821172,56797.6175950059114
84,0.2064056570422,3.1257945576715,0.5539936588246,0.3130401528618,0.3934556920274,56797.6175950059114
87,0.2064038193803,3.1257667282324,0.5541112920442,0.3126334118841,0.3933604478448,55661.6652431057955
88,0.2064051892573,3.1257874735657,0.5540644580240,0.3126245745746,0.3933375134849,55661.6652431057955
90,0.2064110687524,3.1258765122765,0.5540644580240,0.3125994805726,0.3933298112332,54548.4319382436806
91,0.2064126189625,3.1258999885634,0.5540644580240,0.3124570777704,0.3932792852774,54548.4319382436806
92,0.2064131310234,3.1259077431820,0.5540644580240,0.3122788255244,0.3932157334883,54548.4319382436806
93,0.2064151541949,3.1259383819667,0.5540176240038,0.3122854825772,0.3931984728209,54548.4319382436806
94,0.2064083578510,3.1258354585524,0.5540176240038,0.3122450348363,0.3931825708398,53457.4632994788044
95,0.2064038354150,3.1257669710612,0.5540176240038,0.3121544441855,0.3931492479425,53457.4632994788044
96,0.2064011445972,3.1257262214822,0.5540176240038,0.3109907125771,0.3927330529071,53457.4632994788044
97,0.2063874064229,3.1255181714161,0.5540176240038,0.3109010824591,0.3926980982562,53457.4632994788044
98,0.2063924985662,3.1255952865203,0.5538999907841,0.3104909370032,0.3925022946728,53457.4632994788044
87101,0.2500698679715,3.7870426786942,0.0285758537477,0.8906970173369,0.3839392723632,0.0000003548369
87131,0.2500734750854,3.7870973046047,0.0285290197274,0.8888437021190,0.3832580753011,0.0000003548369
87137,0.2500779794401,3.7871655182760,0.0285290197274,0.8886918099585,0.3832047933198,0.0000003548369
87147,0.2500781040767,3.7871674057643,0.0284926697844,0.8887104465832,0.3831958974180,0.0000003477402
87183,0.2500763797300,3.7871412923641,0.0284926697844,0.8885718862759,0.3831460420912,0.0000003477402
87197,0.2500634098129,3.7869448767387,0.0284926697844,0.8885131141297,0.3831222727710,0.0000003477402
87200,0.2500659720766,3.7869836795013,0.0283750365648,0.8886435956688,0.3831190081402,0.0000003477402
87207,0.2500599331008,3.7868922256250,0.0283282025446,0.8884439751891,0.3830263493225,0.0000003477402
87209,0.2500650429102,3.7869696082640,0.0283282025446,0.8884060897497,0.3830139137676,0.0000003477402
87215,0.2500626190959,3.7869329021689,0.0283282025446,0.8865589477201,0.3823537007968,0.0000003477402
87231,0.2500575748881,3.7868565129966,0.0282813685243,0.8866099479084,0.3823507625252,0.0000003477402
87241,0.2500484594900,3.7867184699693,0.0282813685243,0.8863931151499,0.3822713689547,0.0000003477402
87247,0.2500536304867,3.7867967792246,0.0282345345041,0.8863106464808,0.3822229522063,0.0000003477402
87259,0.2500528265425,3.7867846043432,0.0282345345041,0.8861707052750,0.3821728009305,0.0000003477402
87261,0.2500525764056,3.7867808162851,0.0281877004839,0.8861857735010,0.3821580571161,0.0000003477402
87266,0.2500497288872,3.7867376936420,0.0282345345041,0.8860034017421,0.3821123858855,0.0000003477402
87315,0.2500492748719,3.7867308180627,0.0282296698482,0.8859915487550,0.3821059705343,0.0000003407854
87320,0.2500473232221,3.7867012623979,0.0282150924082,0.8859961028358,0.3821009313067,0.0000003407854
87323,0.2500557636819,3.7868290842011,0.0280974591886,0.8860740063134,0.3820801484103,0.0000003407854
87330,0.2500400737590,3.7865914769753,0.0281442932088,0.8860048298672,0.3820721521333,0.0000003407854
87337,0.2500416927776,3.7866159952930,0.0281442932088,0.8859944933175,0.3820688074409,0.0000003407854
87340,0.2500429594150,3.7866351771720,0.0281442932088,0.8859624818471,0.3820576461952,0.0000003407854
87374,0.2500406645704,3.7866004241865,0.0281442932088,0.8859171965997,0.3820409811402,0.0000003407854
87386,0.2500308244657,3.7864514062470,0.0281442932088,0.8858998527385,0.3820326783102,0.0000003407854
87395,0.2500225916768,3.7863267293999,0.0280266599892,0.8860049884004,0.3820180483548,0.0000003407854
87397,0.2500188198350,3.7862696088589,0.0279090267696,0.8860553322440,0.3819848058101,0.0000003407854
87401,0.2500145234363,3.7862045444613,0.0279090267696,0.8859672584195,0.3819524302160,0.0000003407854
87404,0.2500185015026,3.7862647880529,0.0279090267696,0.8859640459317,0.3819521353417,0.0000003407854
87407,0.2500284112201,3.7864148602051,0.0279090267696,0.8858533003008,0.3819147068415,0.0000003339697
87423,0.2500245242930,3.7863559968199,0.0280293319689,0.8856891913301,0.3819068229531,0.0000003339697
87436,0.2500289230358,3.7864226111104,0.0280293319689,0.8855427700499,0.3818554722265,0.0000003339697
87452,0.2500336892263,3.7864947900048,0.0279873626046,0.8855199079160,0.3818303416347,0.0000003339697
87461,0.2500348272590,3.7865120243017,0.0280168094742,0.8854717264508,0.3818259979197,0.0000003339697
87476,0.2500481866890,3.7867143386880,0.0279699754539,0.8854352633136,0.3817957663828,0.0000003339697
87478,0.2500580505363,3.7868637161830,0.0278523422343,0.8855138061603,0.3817755168440,0.0000003339697
87503,0.2500669296934,3.7869981815920,0.0278789793932,0.8853922557119,0.3817454245714,0.0000003339697
87504,0.2500626894180,3.7869339671227,0.0278523422343,0.8854062457560,0.3817380964600,0.0000003339697
87506,0.2500662805009,3.7869883502600,0.0278523422343,0.8853774592677,0.3817285850891,0.0000003339697
87507,0.2500629654087,3.7869381467088,0.0278055082141,0.8853167776002,0.3816861309651,0.0000003339697
87520,0.2500614361901,3.7869149883166,0.0278523422343,0.8852225040459,0.3816722058718,0.0000003339697
87527,0.2500675404185,3.7870074303755,0.0278496702546,0.8850997829834,0.3816285398357,0.0000003339697
87553,0.2500608634363,3.7869063145679,0.0278318038003,0.8843041318885,0.3813352908967,0.0000003272903
87573,0.2500710791285,3.7870610203822,0.0278423044052,0.8842622999385,0.3813270402507,0.0000003272903
87581,0.2500792493708,3.7871847500277,0.0277246711856,0.8842863152672,0.3812869536830,0.0000003272903
87593,0.2500799147285,3.7871948261643,0.0276778371654,0.8843155290718,0.3812774580384,0.0000003272903
87597,0.2500829106270,3.7872401958665,0.0276778371654,0.8841432752335,0.3812165807886,0.0000003272903
87601,0.2500771961483,3.7871536561520,0.0276778371654,0.8839589609207,0.3811495297172,0.0000003272903
87602,0.2500765251983,3.7871434953265,0.0276310031452,0.8839090355642,0.3811114837348,0.0000003272903
87624,0.2500849766720,3.7872714839246,0.0275133699255,0.8840030904066,0.3810964715430,0.0000003272903
87645,0.2500912036059,3.7873657842272,0.0275133699255,0.8838804623298,0.3810540101443,0.0000003272903
87648,0.2500913937176,3.7873686632680,0.0275096016077,0.8838453103223,0.3810398816007,0.0000003272903
87667,0.2500880276919,3.7873176883817,0.0275096016077,0.8837516313503,0.3810057035338,0.0000003272903
87670,0.2500886958108,3.7873278063333,0.0275080424938,0.8836689098225,0.3809756351077,0.0000003207445
87694,0.2500880727923,3.7873183713798,0.0275080424938,0.8836538218326,0.3809701130359,0.0000003207445
87734,0.2500948651967,3.7874212351336,0.0275080424938,0.8835393410213,0.3809306825471,0.0000003207445
87742,0.2500948094991,3.7874203916521,0.0275080424938,0.8834462958444,0.3808974401915,0.0000003207445
87760,0.2500935609646,3.7874014839226,0.0275357759907,0.8833981354954,0.3808918583082,0.0000003207445
87770,0.2500916658226,3.7873727840088,0.0275357759907,0.8833962578543,0.3808907816203,0.0000003207445
87796,0.2500961907141,3.7874413086869,0.0275357759907,0.8832912634617,0.3808542532425,0.0000003207445
87805,0.2500895631764,3.7873409416645,0.0275357759907,0.8832892243523,0.3808521048025,0.0000003143296
87806,0.2500913110938,3.7873674120176,0.0275357759907,0.8831448422846,0.3808009143321,0.0000003143296
87812,0.2500981204396,3.7874705323305,0.0274181427711,0.8832554995345,0.3807914796870,0.0000003143296
87815,0.2500937130908,3.7874037877125,0.0274181427711,0.8827490744446,0.3806096691516,0.0000003143296
87832,0.2500882774571,3.7873214708103,0.0274181427711,0.8826744985323,0.3805818701185,0.0000003143296
87848,0.2500972079250,3.7874567132666,0.0274649767913,0.8825570164801,0.3805618976374,0.0000003143296
87876,0.2500992423718,3.7874875228028,0.0274181427711,0.8824171734640,0.3804923179330,0.0000003143296
87940,0.2500967454332,3.7874497093186,0.0273598825942,0.8824266794319,0.3804702092160,0.0000003080430
87988,0.2500997599341,3.7874953607344,0.0273133570912,0.8823460516840,0.3804221200550,0.0000003080430
87992,0.2501108581388,3.7876634312629,0.0273399942501,0.8821877835903,0.3803793898478,0.0000003080430
87996,0.2501098034514,3.7876474591416,0.0273399942501,0.8820608352221,0.3803338251404,0.0000003080430
88036,0.2501159286071,3.7877402181235,0.0273399942501,0.8819353103565,0.3802903073646,0.0000003080430
88039,0.2501228644891,3.7878452546921,0.0273666314090,0.8818598657496,0.3802762650478,0.0000003080430
88046,0.2501240644593,3.7878634269684,0.0273666314090,0.8818344904364,0.3802674595724,0.0000003080430
88060,0.2501279064837,3.7879216103482,0.0273666314090,0.8817051996411,0.3802221075793,0.0000003080430
88089,0.2501237331683,3.7878584099169,0.0273399942501,0.8817059100767,0.3802100510992,0.0000003018821
88092,0.2501182087861,3.7877747490129,0.0273056827247,0.8817314605620,0.3802032875369,0.0000003018821
88097,0.2501096245065,3.7876447492114,0.0272588487044,0.8817095476637,0.3801735502903,0.0000003018821
88139,0.2501094434451,3.7876420072289,0.0272588487044,0.8816187206182,0.3801410732609,0.0000003018821
88147,0.2501017679302,3.7875257697037,0.0273764819240,0.8814048604691,0.3801134641200,0.0000003018821
88155,0.2500996555253,3.7874937795743,0.0274139282051,0.8813300392209,0.3801023379936,0.0000003018821
88167,0.2500990348943,3.7874843807769,0.0273670941849,0.8812872303044,0.3800668443796,0.0000003018821
88169,0.2501027677446,3.7875409108321,0.0273202601647,0.8812005826413,0.3800166269592,0.0000003018821
88202,0.2501066278186,3.7875993675549,0.0273202601647,0.8810370772724,0.3799590593433,0.0000002958445
88205,0.2501085851547,3.7876290093326,0.0272026269450,0.8811446457226,0.3799474818391,0.0000002958445
88232,0.2501037685120,3.7875560663923,0.0272026269450,0.8810839618284,0.3799247768820,0.0000002958445
88237,0.2500982487780,3.7874724758806,0.0272026269450,0.8810287150756,0.3799038630987,0.0000002958445
88290,0.2500965890424,3.7874473409457,0.0272026269450,0.8810259452149,0.3799025182051,0.0000002958445
88313,0.2500901841947,3.7873503463274,0.0271557929248,0.8808857537183,0.3798310056232,0.0000002958445
88334,0.2500827773415,3.7872381773980,0.0271518703484,0.8808476324932,0.3798141226129,0.0000002899276
88376,0.2500775489995,3.7871589997086,0.0271987043686,0.8807725474493,0.3798062578897,0.0000002899276
88381,0.2500775111964,3.7871584272216,0.0271987043686,0.8807607433752,0.3798020340483,0.0000002899276
88410,0.2500728912855,3.7870884635751,0.0271987043686,0.8806290422425,0.3797540079486,0.0000002899276
88449,0.2500781360410,3.7871678898296,0.0271518703484,0.8806773823684,0.3797523244325,0.0000002899276
88466,0.2500768171795,3.7871479170723,0.0271518703484,0.8805503209991,0.3797066627589,0.0000002899276
88483,0.2500760437472,3.7871362042617,0.0271316734870,0.8805285387257,0.3796900618423,0.0000002841290
88533,0.2500700796893,3.7870458849363,0.0270848394668,0.8805382543409,0.3796721819695,0.0000002841290
88574,0.2500617990630,3.7869204836405,0.0270848394668,0.8804012618582,0.3796214816629,0.0000002841290
88597,0.2500607545851,3.7869046661321,0.0270282926625,0.8804150549894,0.3796019496198,0.0000002841290
88603,0.2500712935932,3.7870642682209,0.0269814586422,0.8799141798783,0.3794052522875,0.0000002784465
88625,0.2500683914690,3.7870203186310,0.0269814586422,0.8798461565808,0.3793803363689,0.0000002784465
88658,0.2500758028154,3.7871325556047,0.0269814586422,0.8798023700075,0.3793662864527,0.0000002784465
88680,0.2500749480276,3.7871196107518,0.0269814586422,0.8797941295618,0.3793631602675,0.0000002784465
88708,0.2500774194688,3.7871570381041,0.0269814586422,0.8797779504973,0.3793579116247,0.0000002784465
88714,0.2500802861743,3.7872004513157,0.0268638254226,0.8798044509330,0.3793175761231,0.0000002784465
88764,0.2500705504128,3.7870530135431,0.0268638254226,0.8797697860506,0.3793031095733,0.0000002728775
88783,0.2500797693302,3.7871926242605,0.0268185505163,0.8797505515582,0.3792788120628,0.0000002728775
88787,0.2500762344526,3.7871390922928,0.0268653845366,0.8795952958512,0.3792426778452,0.0000002728775
88809,0.2500779489680,3.7871650568074,0.0268605198807,0.8795095359509,0.3792103318530,0.0000002728775
88813,0.2500792832850,3.7871852636227,0.0269491855343,0.8793711396243,0.3791991900845,0.0000002728775
88835,0.2500730752185,3.7870912490449,0.0269491855343,0.8793693802826,0.3791972314482,0.0000002728775
88930,0.2500671633367,3.7870017198710,0.0269491855343,0.8791842581568,0.3791298495714,0.0000002674200
88940,0.2500747305857,3.7871163178244,0.0269491855343,0.8791249353440,0.3791102844059,0.0000002674200
89018,0.2500763469746,3.7871407963176,0.0269491855343,0.8790733789044,0.3790922177608,0.0000002620716
89143,0.2500856449834,3.7872816047914,0.0269491855343,0.8790012673307,0.3790684560578,0.0000002568301
89205,0.2500816310971,3.7872208187438,0.0269491855343,0.8790030412103,0.3790682294678,0.0000002568301
89207,0.2500817333764,3.7872223676557,0.0269491855343,0.8789846714328,0.3790616907499,0.0000002568301
89263,0.2500771650533,3.7871531852513,0.0269491855343,0.8789554071432,0.3790502602915,0.0000002568301
89282,0.2500708940416,3.7870582174367,0.0269023515141,0.8786415109116,0.3789167389834,0.0000002516935
89285,0.2500668659056,3.7869972155933,0.0268746180171,0.8786304592056,0.3789000429891,0.0000002516935
89350,0.2500616579039,3.7869183459359,0.0268277839968,0.8786570420757,0.3788883491479,0.0000002516935
89444,0.2500643093554,3.7869584993545,0.0268746180171,0.8785889102865,0.3788846562572,0.0000002466597
89449,0.2500676682916,3.7870093668776,0.0268746180171,0.8785565964263,0.3788738353649,0.0000002466597
89479,0.2500654178896,3.7869752869279,0.0268746180171,0.8783860765956,0.3788124531964,0.0000002466597
89482,0.2500673345948,3.7870043133939,0.0268746180171,0.8783532667402,0.3788011461134,0.0000002466597
89505,0.2500753052415,3.7871250203766,0.0268277839968,0.8783920023991,0.3787966165501,0.0000002466597
89555,0.2500778912250,3.7871641823509,0.0268277839968,0.8783892935557,0.3787962032453,0.0000002417265
89563,0.2500814068416,3.7872174226321,0.0268125895223,0.8783975126793,0.3787933800754,0.0000002417265
89568,0.2500843411874,3.7872618601845,0.0267657555021,0.8784020560470,0.3787755597721,0.0000002417265
89569,0.2500739677526,3.7871047655267,0.0267657555021,0.8783476157860,0.3787538939429,0.0000002417265
89622,0.2500716598353,3.7870698145694,0.0267391183432,0.8783736356506,0.3787512762727,0.0000002417265
89625,0.2500773454428,3.7871559170589,0.0267391183432,0.8782029000751,0.3786915176259,0.0000002417265
89676,0.2500700697234,3.7870457340125,0.0266922843230,0.8782496196236,0.3786865723733,0.0000002368919
89700,0.2500705412161,3.7870528742692,0.0266922843230,0.8782239795597,0.3786775162418,0.0000002368919
89709,0.2500709332533,3.7870588112567,0.0266655094332,0.8782479804983,0.3786746970607,0.0000002368919
89747,0.2500782714678,3.7871699407251,0.0266922843230,0.8782037452458,0.3786719461836,0.0000002368919
89765,0.2500748071527,3.7871174773496,0.0266808416386,0.8781953855075,0.3786633142019,0.0000002368919
89825,0.2500811885977,3.7872141175597,0.0266808416386,0.8781290152455,0.3786409779894,0.0000002321541
89853,0.2500908243695,3.7873600410957,0.0265632084190,0.8781094869666,0.3785856541754,0.0000002321541
89905,0.2500877776410,3.7873139016263,0.0265213767855,0.8781049435988,0.3785654508308,0.0000002321541
89948,0.2500763775981,3.7871412600784,0.0265213767855,0.8780692749105,0.3785502691472,0.0000002275110
89984,0.2500768964723,3.7871491178778,0.0265213767855,0.8780027824080,0.3785266330121,0.0000002275110
90018,0.2500808212312,3.7872085541851,0.0265213767855,0.8778242913507,0.3784637272257,0.0000002275110
90057,0.2500785169952,3.7871736589771,0.0265392432398,0.8777881214032,0.3784579726743,0.0000002275110
90060,0.2500807762553,3.7872078730731,0.0265860772600,0.8776990163517,0.3784467052918,0.0000002275110
90068,0.2500753808828,3.7871261658830,0.0265392432398,0.8777461845838,0.3784423232147,0.0000002275110
90166,0.2500823817612,3.7872321867556,0.0265392432398,0.8776868248517,0.3784226234986,0.0000002229608
90169,0.2500777079094,3.7871614062316,0.0264924092196,0.8777127455571,0.3784108076308,0.0000002229608
90181,0.2500727154295,3.7870858004222,0.0265287591626,0.8775642984394,0.3783722995329,0.0000002229608
90185,0.2500715790705,3.7870685914715,0.0265287591626,0.8775564371704,0.3783692484313,0.0000002229608
90203,0.2500742788303,3.7871094764682,0.0265755931828,0.8774835755289,0.3783638766594,0.0000002229608
90246,0.2500740349453,3.7871057830895,0.0266174248162,0.8774063726981,0.3783541798017,0.0000002185016
90261,0.2500651712403,3.7869715516867,0.0266174248162,0.8771911901264,0.3782754295179,0.0000002185016
90279,0.2500739448909,3.7871044193104,0.0264997915966,0.8771440218944,0.3782100495517,0.0000002185016
90281,0.2500725001782,3.7870825406708,0.0264579599632,0.8771507197060,0.3781942042031,0.0000002185016
90329,0.2500745401528,3.7871134339206,0.0264579599632,0.8771128054989,0.3781811005523,0.0000002185016
90334,0.2500812176870,3.7872145580875,0.0264678270059,0.8770933339032,0.3781798060438,0.0000002185016
90370,0.2500774241812,3.7871571094684,0.0264678270059,0.8769947690818,0.3781437914277,0.0000002141316
90463,0.2500766149855,3.7871448550590,0.0263501937863,0.8771077335674,0.3781335482508,0.0000002141316
90536,0.2500759917084,3.7871354161890,0.0263501937863,0.8770318488370,0.3781063130020,0.0000002098489
90542,0.2500714793184,3.7870670808332,0.0263411145644,0.8769746770061,0.3780810364551,0.0000002098489
90569,0.2500796001161,3.7871900616928,0.0262942805442,0.8770127505004,0.3780763025797,0.0000002098489
90578,0.2500827978476,3.7872384879411,0.0262197130270,0.8770973475500,0.3780752435325,0.0000002098489
90616,0.2500813679375,3.7872168334710,0.0262065569700,0.8770722399499,0.3780603318130,0.0000002056519
90627,0.2500824614011,3.7872333928159,0.0261597229497,0.8752515373838,0.3773902434872,0.0000002056519
90640,0.2500790892629,3.7871823253640,0.0261233730067,0.8750683008742,0.3773085007286,0.0000002056519
90656,0.2500818298408,3.7872238285063,0.0261233730067,0.8748968617845,0.3772478597490,0.0000002056519
90703,0.2500855745645,3.7872805383709,0.0261233730067,0.8748881494653,0.3772455506472,0.0000002056519
90710,0.2500841984366,3.7872596983745,0.0262410062264,0.8747119336916,0.3772327357947,0.0000002056519
90784,0.2500820380297,3.7872269813063,0.0262410062264,0.8746523600875,0.3772109965632,0.0000002015389
90814,0.2500703790699,3.7870504187370,0.0262878402466,0.8745671249355,0.3771981288119,0.0000002015389
90826,0.2500603874719,3.7868991065931,0.0262878402466,0.8745729007094,0.3771980505316,0.0000002015389
90834,0.2500547201168,3.7868132805154,0.0261702070270,0.8747048431845,0.3771935441739,0.0000002015389
90862,0.2500475163452,3.7867041870422,0.0261500101656,0.8746714826524,0.3771714302351,0.0000002015389
90891,0.2500452276574,3.7866695272955,0.0261031761454,0.8746919179371,0.3771581663950,0.0000001975081
90949,0.2500545381347,3.7868105245903,0.0259855429258,0.8747214762787,0.3771203038109,0.0000001975081
91008,0.2500530754829,3.7867883742817,0.0259855429258,0.8746539416926,0.3770958708905,0.0000001975081
91185,0.2500551847450,3.7868203168169,0.0259893112436,0.8746390843827,0.3770926316865,0.0000001896868
91248,0.2500596244390,3.7868875512693,0.0259855429258,0.8745980001852,0.3770772951284,0.0000001896868
91275,0.2500606346534,3.7869028498936,0.0259855429258,0.8745596862792,0.3770638280651,0.0000001896868
91357,0.2500597143754,3.7868889132603,0.0259767722211,0.8744567157692,0.3770230968071,0.0000001858931
91391,0.2500541696628,3.7868049444744,0.0259299382009,0.8745039179507,0.3770186948534,0.0000001858931
91469,0.2500525931392,3.7867810696987,0.0259173991784,0.8744869534531,0.3770069244110,0.0000001821752
91498,0.2500494005352,3.7867327210994,0.0258274994558,0.8744660466059,0.3769602450978,0.0000001821752
91558,0.2500380783951,3.7865612593071,0.0257806654356,0.8744443495333,0.3769299982475,0.0000001785317
91565,0.2500405182080,3.7865982076836,0.0257806654356,0.8743880819101,0.3769104254849,0.0000001785317
91688,0.2500400929625,3.7865917677918,0.0257806654356,0.8743819002494,0.3769081266249,0.0000001749611
91750,0.2500418714451,3.7866187010226,0.0258235934071,0.8743159217807,0.3769033416915,0.0000001749611
91764,0.2500466835408,3.7866915751034,0.0258502305660,0.8742177274385,0.3768807193722,0.0000001749611
91779,0.2500441458470,3.7866531444247,0.0258970645862,0.8741285485485,0.3768683977000,0.0000001749611
91788,0.2500422077182,3.7866237935223,0.0258970645862,0.8740689195654,0.3768466863213,0.0000001749611
91869,0.2500409375201,3.7866045577209,0.0258970645862,0.8740301023656,0.3768325508504,0.0000001714618
91937,0.2500424104502,3.7866268636827,0.0258502305660,0.7484874380576,0.3319761289310,0.0000001714618
91975,0.2500462032950,3.7866843022904,0.0258502305660,0.7484370016515,0.3319589286813,0.0000001680326
92094,0.2500474646937,3.7867034048352,0.0258502305660,0.7483978710583,0.3319452237692,0.0000001646720
92128,0.2500435447380,3.7866440412681,0.0258073025945,0.7484397352235,0.3319409375642,0.0000001646720
92225,0.2500383009451,3.7865646295905,0.0257894361402,0.7484106903002,0.3319217836556,0.0000001646720
92274,0.2500379958753,3.7865600096333,0.0257894361402,0.7483713698067,0.3319076752501,0.0000001613785
92297,0.2500363900033,3.7865356904059,0.0257894361402,0.7483111176672,0.3318858125134,0.0000001613785
92305,0.2500320951764,3.7864706498113,0.0257894361402,0.7482869110654,0.3318762469784,0.0000001613785
92309,0.2500291051847,3.7864253695614,0.0257894361402,0.7482145889311,0.3318497769322,0.0000001613785
92350,0.2500205156661,3.7862952904203,0.0257617026432,0.7481905017784,0.3318274479821,0.0000001613785
92384,0.2500204839920,3.7862948107502,0.0257617026432,0.7481729136505,0.3318211597206,0.0000001581510
92483,0.2500169306493,3.7862409991470,0.0257617026432,0.7481632379505,0.3318169426828,0.0000001581510
92538,0.2500281047341,3.7864102188000,0.0257894361402,0.7481147453280,0.3318139041203,0.0000001549879
92607,0.2500197535269,3.7862837486316,0.0257426021200,0.7481437274575,0.3318023936134,0.0000001549879
92620,0.2500220465333,3.7863184737795,0.0256249689004,0.7482512311790,0.3317908649212,0.0000001549879
92629,0.2500261988151,3.7863813556790,0.0255781348801,0.7480896492425,0.3317139751385,0.0000001549879
92665,0.2500254126298,3.7863694497371,0.0255514977212,0.7481141499045,0.3317111409813,0.0000001518882
92676,0.2500221530103,3.7863200862615,0.0255983317415,0.7480344549662,0.3317020517365,0.0000001518882
92763,0.2500241320796,3.7863500571648,0.0255629404056,0.7462940251371,0.3310657260256,0.0000001518882
92791,0.2500238845203,3.7863463081415,0.0255629404056,0.7462791718422,0.3310603682290,0.0000001488504
92805,0.2500220149153,3.7863179949587,0.0255514977212,0.7462655600616,0.3310502022415,0.0000001488504
92950,0.2500147362811,3.7862077677700,0.0255514977212,0.7462688932935,0.3310498329742,0.0000001458734
92954,0.2500192012378,3.7862753847996,0.0255514977212,0.7461364818450,0.3310034999476,0.0000001458734
93024,0.2500195811869,3.7862811387255,0.0255046637010,0.7461880395138,0.3310019230954,0.0000001458734
93075,0.2500266641804,3.7863884031422,0.0255046637010,0.7461365784870,0.3309850619416,0.0000001429559
93104,0.2500185272907,3.7862651785858,0.0255046637010,0.7460754523997,0.3309614875769,0.0000001429559
93175,0.2500238811267,3.7863462567494,0.0255046637010,0.7460659642919,0.3309592462176,0.0000001429559
93201,0.2500264932474,3.7863858145443,0.0255046637010,0.7460290467256,0.3309466211126,0.0000001400968
93254,0.2500267160756,3.7863891890410,0.0254769302040,0.7460531538743,0.3309433927730,0.0000001400968
93289,0.2500203725184,3.7862931226011,0.0253592969844,0.7460021824427,0.3308734151197,0.0000001400968
93291,0.2500201431418,3.7862896489355,0.0253124629642,0.7443501067698,0.3302632672185,0.0000001400968
93380,0.2500220403468,3.7863183800914,0.0253391001231,0.7442907810544,0.3302539019322,0.0000001372949
93419,0.2500229581040,3.7863322785498,0.0252214669034,0.7444094401880,0.3302460626195,0.0000001372949
93455,0.2500247558755,3.7863595038913,0.0251746328832,0.7444468546460,0.3302397384397,0.0000001372949
93491,0.2500285962369,3.7864176620871,0.0251746328832,0.7444078132120,0.3302266180050,0.0000001345490
93551,0.2500358299528,3.7865272090361,0.0251746328832,0.7443464547930,0.3302062543659,0.0000001345490
93573,0.2500346008940,3.7865085962453,0.0251746328832,0.7443113236445,0.3301934441574,0.0000001345490
93588,0.2500429054415,3.7866343598012,0.0250569996636,0.7444434220859,0.3301919874811,0.0000001345490
93629,0.2500488952479,3.7867250690593,0.0250303625047,0.7444675429471,0.3301904696791,0.0000001318580
93630,0.2500546597153,3.7868123657997,0.0250101656434,0.7444683881178,0.3301833509711,0.0000001318580
93659,0.2500636367942,3.7869483141292,0.0248925324237,0.7445850683311,0.3301765318986,0.0000001318580
93670,0.2500626710149,3.7869336884274,0.0248925324237,0.7445763891885,0.3301732252521,0.0000001318580
93673,0.2500630050975,3.7869387477538,0.0248886263750,0.7444029530274,0.3301096813343,0.0000001318580
93781,0.2500646298022,3.7869633521806,0.0248417923548,0.7443767079241,0.3300805845111,0.0000001292208
93792,0.2500690746777,3.7870306651023,0.0248151551959,0.7444036724084,0.3300797512322,0.0000001292208
93793,0.2500653077187,3.7869736185065,0.0248151551959,0.7443405260728,0.3300563917639,0.0000001292208
93814,0.2500664106653,3.7869903214617,0.0248151551959,0.7442961889653,0.3300407934284,0.0000001292208
93841,0.2500635802112,3.7869474572404,0.0248417923548,0.7442170152361,0.3300233264959,0.0000001292208
93860,0.2500707248047,3.7870556545241,0.0248417923548,0.7441971234905,0.3300177532854,0.0000001292208
93871,0.2500645359910,3.7869619315108,0.0248608928780,0.7441759309848,0.3300170442975,0.0000001266364
93923,0.2500619557155,3.7869228559769,0.0248140588578,0.7442161622960,0.3300107879838,0.0000001266364
94005,0.2500677413898,3.7870104738723,0.0247672248375,0.7442556911305,0.3300060734891,0.0000001241037
94009,0.2500641236284,3.7869556867169,0.0247949583345,0.7441953411245,0.3299956304653,0.0000001241037
94032,0.2500754545627,3.7871272816879,0.0247949583345,0.7441463806825,0.3299805726506,0.0000001241037
94046,0.2500745289024,3.7871132635448,0.0247949583345,0.7441217609579,0.3299715815360,0.0000001241037
94057,0.2500683973432,3.7870204075898,0.0247949583345,0.7440981101223,0.3299618209034,0.0000001241037
94083,0.2500722009897,3.7870780097782,0.0247949583345,0.7440619881026,0.3299497352492,0.0000001241037
94136,0.2500691230652,3.7870313978794,0.0247949583345,0.7427486341109,0.3294800206969,0.0000001241037
94143,0.2500789013164,3.7871794791139,0.0247949583345,0.7425786707996,0.3294214148539,0.0000001216216
94218,0.2500913219033,3.7873675757163,0.0247481243143,0.7425440530494,0.3293916412030,0.0000001216216
94225,0.2500914901504,3.7873701236395,0.0247203908173,0.7425591713940,0.3293851908803,0.0000001216216
94280,0.2500960089877,3.7874385566330,0.0247672248375,0.7424704681435,0.3293745511933,0.0000001191892
94324,0.2500933282922,3.7873979603462,0.0247672248375,0.7423813164772,0.3293421368777,0.0000001191892
94473,0.2500911751603,3.7873653534486,0.0247672248375,0.7423116405377,0.3293167912282,0.0000001168054
94476,0.2500781063796,3.7871674406390,0.0247203908173,0.7422533997898,0.3292731187851,0.0000001168054
94508,0.2500828763438,3.7872396766826,0.0247672248375,0.7421151788417,0.3292448480189,0.0000001168054
94524,0.2500814424491,3.7872179618697,0.0247672248375,0.7421091165646,0.3292423756568,0.0000001168054
94526,0.2500732647700,3.7870941196017,0.0247672248375,0.7420873691867,0.3292328563763,0.0000001168054
94587,0.2500727745361,3.7870866955294,0.0246774628458,0.7421040793828,0.3292002498284,0.0000001144693
94592,0.2500645926860,3.7869627900954,0.0246774628458,0.7420788227007,0.3291894763312,0.0000001144693
94612,0.2500625267314,3.7869315034069,0.0246774628458,0.7419412853416,0.3291399131412,0.0000001144693
94656,0.2500581680905,3.7868654964169,0.0246964256382,0.7419031012114,0.3291334688684,0.0000001144693
94712,0.2500569099221,3.7868464427926,0.0246964256382,0.7418744157456,0.3291229544517,0.0000001121799
94767,0.2500513538664,3.7867623022278,0.0246495916179,0.7419013848699,0.3291113239754,0.0000001121799
95243,0.2500552718705,3.7868216362391,0.0246495916179,0.7418617249434,0.3290979992883,0.0000001034712
95270,0.2500533208444,3.7867920900210,0.0246495916179,0.7418259391161,0.3290848005587,0.0000001034712
95331,0.2500469877379,3.7866961818458,0.0245319583983,0.7417900697088,0.3290202187248,0.0000001034712
95519,0.2500557618408,3.7868290563193,0.0245319583983,0.7417774394000,0.3290175880652,0.0000000993737
95569,0.2500582592617,3.7868668771081,0.0245407291029,0.7417348797510,0.3290066822256,0.0000000993737
95671,0.2500550408517,3.7868181377056,0.0245407291029,0.7416603865265,0.3289793878433,0.0000000973862
95673,0.2500536490437,3.7867970602507,0.0245407291029,0.7415949474845,0.3289557185122,0.0000000973862
95766,0.2500545743650,3.7868110732589,0.0245407291029,0.7415845025696,0.3289521864686,0.0000000973862
95857,0.2500635452690,3.7869469280772,0.0244230958833,0.7417008588213,0.3289452503724,0.0000000954385
95863,0.2500637266111,3.7869496743108,0.0244230958833,0.7416649567994,0.3289324670807,0.0000000954385
96040,0.2500647716116,3.7869654997334,0.0243953623863,0.7416246868041,0.3289064230838,0.0000000935298
96106,0.2500602356941,3.7868968080790,0.0242999644456,0.7416069158767,0.3288582195100,0.0000000916592
96112,0.2500675846057,3.7870080995431,0.0242531304254,0.7415710964739,0.3288269299099,0.0000000916592
96171,0.2500664088664,3.7869902942205,0.0242531304254,0.7415630338847,0.3288237984696,0.0000000916592
