0,0.2063240533919,3.124558757017,0.5553584234398,0.3201241934734,0.3965531191558,100000
1,0.2063253864738,3.124578945127,0.5553584234398,0.3188998390129,0.3961161353661,100000.0000000000000
2,0.2063298238183,3.1246461439987,0.5553584234398,0.3187535631583,0.3960648448490,100000.0000000000000
3,0.2063387983544,3.1247820538206,0.5552407902202,0.3186810911427,0.3959904708641,98000.0000000000000
4,0.2063377949343,3.1247668580882,0.5551939562000,0.3186969026756,0.3959758310986,98000.0000000000000
86985,0.2507348584765,3.7971132539452,0.0235042984606,0.9081916119986,0.3881563161562,0.0000003620785
87137,0.2507468218031,3.7972944258266,0.0234574644404,0.9082289341077,0.3881521373279,0.0000003548369
87155,0.2507442642359,3.7972556941859,0.0234099968580,0.9080519506192,0.3880680376394,0.0000003477402
87170,0.2507463443481,3.7972871952769,0.0234099968580,0.9080400812329,0.3880642443112,0.0000003477402
87197,0.2507501401568,3.7973446787702,0.0233047318745,0.9079759165896,0.3879970281904,0.0000003477402
87210,0.2507559237731,3.7974322654994,0.0232607075649,0.9079791778802,0.3879805647221,0.0000003477402
87282,0.2507526955247,3.7973833771045,0.0232607075649,0.9079323774014,0.3879631584979,0.0000003407854
87317,0.2507600102155,3.7974941503317,0.0232607075649,0.9077662285998,0.3879053870739,0.0000003407854
87348,0.2507603172042,3.7974987993494,0.0232607075649,0.9077527764660,0.3879006485237,0.0000003407854
87356,0.2507514507239,3.7973645259173,0.0232384557583,0.9077567886141,0.3878906449851,0.0000003407854
87428,0.2507443044802,3.7972563036434,0.0232607075649,0.9077209255204,0.3878858418880,0.0000003339697
87468,0.2507591916644,3.7974817542433,0.0232384557583,0.9077297417997,0.3878826441815,0.0000003339697
87488,0.2507627890169,3.7975362323291,0.0232323570334,0.9075748854841,0.3878254954765,0.0000003339697
87510,0.2507570631280,3.7974495198202,0.0232323570334,0.9073501159253,0.3877439936579,0.0000003339697
87575,0.2507580768322,3.7974648712937,0.0232323570334,0.9073481104670,0.3877434946451,0.0000003272903
87611,0.2507563056656,3.7974380488560,0.0232881160169,0.9068449655595,0.3875873172069,0.0000003272903
87613,0.2507528051904,3.7973850378751,0.0232881160169,0.9066932480772,0.3875323822899,0.0000003272903
87640,0.2507546157212,3.7974124564428,0.0232412819967,0.9067438987155,0.3875307880515,0.0000003272903
87659,0.2507485783650,3.7973210270911,0.0231814461781,0.9067571275392,0.3875085749900,0.0000003272903
87678,0.2507568920889,3.7974469296142,0.0231814461781,0.9067276521603,0.3874998295812,0.0000003207445
87709,0.2507584433641,3.7974704220306,0.0230638129585,0.9068029253683,0.3874766310489,0.0000003207445
87719,0.2507598915311,3.7974923529815,0.0230638129585,0.9066853231130,0.3874349405649,0.0000003207445
87763,0.2507551440409,3.7974204572828,0.0230671019728,0.9066825185224,0.3874343311836,0.0000003207445
87783,0.2507562586515,3.7974373368769,0.0230446959075,0.9066629902435,0.3874179930441,0.0000003207445
87850,0.2507578596186,3.7974615818238,0.0230446959075,0.9065988759679,0.3873954381529,0.0000003143296
87925,0.2507578726190,3.7974617787015,0.0230446959075,0.9065851104407,0.3873905246790,0.0000003143296
88043,0.2507654694439,3.7975768245498,0.0230446959075,0.9065357557746,0.3873745259036,0.0000003080430
88063,0.2507674486628,3.7976067977186,0.0230680440522,0.9064717164966,0.3873620851989,0.0000003080430
88081,0.2507697296348,3.7976413406192,0.0230212100320,0.9065145331605,0.3873577939214,0.0000003018821
88102,0.2507667773150,3.7975966308693,0.0230212100320,0.9065137589063,0.3873568847620,0.0000003018821
88134,0.2507738253939,3.7977033665419,0.0230212100320,0.9059327216684,0.3871508817654,0.0000003018821
88140,0.2507709733009,3.7976601746213,0.0230212100320,0.9059139298518,0.3871435592395,0.0000003018821
88142,0.2507657092040,3.7975804554629,0.0230446959075,0.9058431318546,0.3871272115950,0.0000003018821
88227,0.2507655051798,3.7975773657325,0.0230446959075,0.9058175633483,0.3871180362662,0.0000002958445
88261,0.2507568892654,3.7974468868547,0.0230201136939,0.9056092336727,0.3870312513088,0.0000002958445
88284,0.2507598685236,3.7974920045585,0.0230201136939,0.9055991743323,0.3870282970997,0.0000002958445
88298,0.2507591013581,3.7974803866513,0.0230201136939,0.9055357426001,0.3870054785170,0.0000002958445
88300,0.2507493259855,3.7973323490102,0.0230201136939,0.9051715266907,0.3868733066838,0.0000002958445
88318,0.2507582842135,3.7974680118632,0.0230201136939,0.9051278055926,0.3868596116262,0.0000002958445
88332,0.2507628493706,3.7975371463216,0.0230201136939,0.9050837494484,0.3868448555370,0.0000002958445
88356,0.2507523776268,3.7973785628776,0.0229978618873,0.9050873048965,0.3868343449062,0.0000002899276
88421,0.2507576541204,3.7974584697718,0.0229732796737,0.9050036385154,0.3867950594986,0.0000002899276
88442,0.2507645870021,3.7975634609065,0.0229510278671,0.9050059625433,0.3867878386375,0.0000002899276
88456,0.2507665504391,3.7975931950741,0.0229510278671,0.9021280945719,0.3857604493842,0.0000002899276
88457,0.2507738031791,3.7977030301221,0.0229510278671,0.9019750772204,0.3857073544887,0.0000002899276
88467,0.2507705462680,3.7976537076613,0.0229510278671,0.9019596987067,0.3857011642528,0.0000002841290
88517,0.2507748561477,3.7977189762139,0.0229510278671,0.9019333688964,0.3856926842948,0.0000002841290
88518,0.2507765959532,3.7977453237215,0.0229041938469,0.7794235649749,0.3419194839868,0.0000002841290
88554,0.2507872997787,3.7979074217961,0.0228573598266,0.7793474270948,0.3418745138407,0.0000002841290
88570,0.2507882818058,3.7979222935538,0.0228573598266,0.7793268619120,0.3418673795669,0.0000002841290
88573,0.2507934062697,3.7979998981194,0.0228105258064,0.7793780656986,0.3418666930100,0.0000002841290
88594,0.2507888954167,3.7979315860393,0.0228105258064,0.6644879871540,0.3008335554899,0.0000002841290
88624,0.2507861174370,3.7978895164857,0.0229157907899,0.6643072036781,0.3008135082458,0.0000002784465
88643,0.2507774792595,3.7977587004583,0.0229157907899,0.6642757108761,0.3008004097784,0.0000002784465
88645,0.2507771886908,3.7977543001029,0.0229157907899,0.6642607411448,0.3007950011811,0.0000002784465
88647,0.2507859321575,3.7978867106240,0.0229157907899,0.6641885409294,0.3007710889899,0.0000002784465
88665,0.2507827678966,3.7978387912524,0.0228689567696,0.6641121730366,0.3007230649636,0.0000002784465
88671,0.2507892016302,3.7979362233180,0.0228221227494,0.6639615807454,0.3006505889367,0.0000002784465
88685,0.2507842764534,3.7978616367442,0.0228221227494,0.6638035329738,0.3005930879090,0.0000002784465
88721,0.2507743110750,3.7977107216677,0.0228221227494,0.6637744182133,0.3005805543420,0.0000002784465
88729,0.2507685267691,3.7976231244950,0.0227878112239,0.6638067060341,0.3005761412730,0.0000002784465
88737,0.2507753524802,3.7977264926431,0.0226706573079,0.6638186340016,0.3005316550926,0.0000002728775
88809,0.2507750409100,3.7977217742431,0.0226706573079,0.6638014717045,0.3005254589357,0.0000002728775
88836,0.2507741772596,3.7977086951750,0.0225530240883,0.6639299280918,0.3005207369120,0.0000002728775
88848,0.2507774104480,3.7977576583806,0.0225530240883,0.6639260478408,0.3005200439341,0.0000002728775
88887,0.2507690892396,3.7976316425131,0.0225530240883,0.6639107778925,0.3005128072651,0.0000002674200
88888,0.2507704298492,3.7976519446219,0.0225061900680,0.6639571649338,0.3005095896161,0.0000002674200
88922,0.2507720266831,3.7976761269772,0.0225174784938,0.6639268835316,0.3005039549050,0.0000002674200
88926,0.2507723410429,3.7976808876224,0.0225174784938,0.6639091330171,0.3004976827984,0.0000002674200
88955,0.2507733945420,3.7976968417481,0.0225395595141,0.6638571541214,0.3004888079513,0.0000002674200
88963,0.2507760052753,3.7977363785325,0.0225395595141,0.6635949797130,0.3003957336768,0.0000002674200
88997,0.2507807631453,3.7978084314219,0.0225390802105,0.6635485363181,0.3003799608778,0.0000002674200
89060,0.2507672081984,3.7976031561405,0.0225390802105,0.6635242177232,0.3003683710338,0.0000002620716
89107,0.2507691410867,3.7976324276820,0.0225503686362,0.6634734448438,0.3003554899498,0.0000002620716
89159,0.2507673441242,3.7976052145928,0.0225972026565,0.6606916096184,0.2993816640288,0.0000002568301
89339,0.2507649659492,3.7975691996575,0.0225972026565,0.6606768734333,0.2993758914966,0.0000002516935
89409,0.2507627747334,3.7975360160210,0.0226440366767,0.6606134490976,0.2993728421249,0.0000002466597
89474,0.2507568999330,3.7974470484050,0.0226000123671,0.6605889659461,0.2993439716952,0.0000002466597
89564,0.2507447694908,3.7972633457360,0.0226000123671,0.6605916600461,0.2993423344933,0.0000002417265
89645,0.2507515922930,3.7973666698317,0.0226246111085,0.6578225518568,0.2983653716296,0.0000002417265
89672,0.2507515721348,3.7973663645564,0.0226246111085,0.6578020178908,0.2983580337507,0.0000002368919
89684,0.2507500194332,3.7973428505398,0.0225293839541,0.6579116951819,0.2983560598524,0.0000002368919
89698,0.2507502697084,3.7973466406917,0.0226228977359,0.6577318989201,0.2983319778672,0.0000002368919
89707,0.2507444624512,3.7972586959462,0.0227405309555,0.6575861655960,0.2983291000762,0.0000002368919
89733,0.2507518089931,3.7973699515241,0.0226936969353,0.6576277321235,0.2983254478006,0.0000002368919
89737,0.2507456555949,3.7972767648416,0.0226659634383,0.6576579918936,0.2983230504916,0.0000002368919
89748,0.2507488701752,3.7973254462480,0.0226659634383,0.6576254841380,0.2983121294175,0.0000002368919
89797,0.2507638462434,3.7975522429016,0.0226191294181,0.6576510121145,0.2983043839865,0.0000002368919
89842,0.2507647113182,3.7975653435415,0.0225837380823,0.6575893346542,0.2982673739799,0.0000002321541
89898,0.2507701304539,3.7976474105990,0.0225586765650,0.6575880944169,0.2982573516312,0.0000002321541
89911,0.2507792045575,3.7977848282647,0.0225586765650,0.6575750785810,0.2982546475691,0.0000002321541
90158,0.2507922631667,3.7979825870387,0.0225118425448,0.6575269035422,0.2982201687486,0.0000002229608
90183,0.2507815120158,3.7978197722714,0.0224650085246,0.6574790817952,0.2981807140122,0.0000002229608
90294,0.2507828169136,3.7978395335625,0.0224758176467,0.6573328611308,0.2981334044482,0.0000002185016
90412,0.2507817592814,3.7978235168453,0.0224758176467,0.6573191364348,0.2981282761356,0.0000002141316
90442,0.2507795323537,3.7977897923904,0.0224468500808,0.6572873712855,0.2981040395695,0.0000002141316
90449,0.2507835110422,3.7978500454031,0.0224468500808,0.6572238307553,0.2980821990991,0.0000002141316
90451,0.2507831092987,3.7978439614244,0.0224468500808,0.6571919236533,0.2980707176176,0.0000002141316
90473,0.2507868709009,3.7979009268975,0.0224245982742,0.6571786962644,0.2980572631193,0.0000002098489
90601,0.2507863085532,3.7978924107376,0.0223777642539,0.6571014452399,0.2980094812416,0.0000002098489
90616,0.2507969682004,3.7980538397790,0.0222601310343,0.6571877624239,0.2979921787805,0.0000002056519
90649,0.2507904480945,3.7979550996960,0.0222601310343,0.6571787216296,0.2979875527598,0.0000002056519
90745,0.2507945787372,3.7980176538950,0.0222161067248,0.6572134177553,0.2979819618097,0.0000002015389
90768,0.2507932933528,3.7979981881129,0.0221692727045,0.6571989019482,0.2979564304305,0.0000002015389
90841,0.2507953676667,3.7980296013942,0.0221915245111,0.6571468117813,0.2979478077838,0.0000002015389
90869,0.2507987836472,3.7980813327927,0.0220738912915,0.6572408443711,0.2979317086104,0.0000002015389
90893,0.2507996972914,3.7980951689639,0.0220738912915,0.6546585907763,0.2970096709646,0.0000001975081
90898,0.2507950900182,3.7980253967027,0.0220270572712,0.6547020487249,0.2970041326648,0.0000001975081
90913,0.2507981414557,3.7980716074847,0.0220091908170,0.6546955345706,0.2969948030087,0.0000001975081
90932,0.2508035871066,3.7981540760866,0.0220091908170,0.6546315325311,0.2969731120627,0.0000001975081
90944,0.2508008362519,3.7981124173123,0.0219716068050,0.6546688733224,0.2969697511570,0.0000001975081
90954,0.2508021575943,3.7981324276406,0.0219982439639,0.6545613014940,0.2969430317169,0.0000001975081
91001,0.2507940151076,3.7980091183236,0.0220450779841,0.6520923575151,0.2960795929145,0.0000001975081
91034,0.2507917162732,3.7979743049159,0.0220450779841,0.6520416922237,0.2960610055602,0.0000001935580
91093,0.2507776140489,3.7977607417005,0.0219274447645,0.6521189247885,0.2960351524769,0.0000001935580
91110,0.2507851071375,3.7978742165721,0.0219274447645,0.6520533146892,0.2960133259604,0.0000001935580
91144,0.2507862117885,3.7978909453386,0.0218583589377,0.6520706550688,0.2959901474525,0.0000001935580
91146,0.2507921950675,3.7979815557481,0.0217869427038,0.6519661751490,0.2959235083693,0.0000001935580
91175,0.2507934131810,3.7980000027842,0.0217603055449,0.6519752561463,0.2959155966817,0.0000001896868
91270,0.2507948604265,3.7980219197810,0.0217296080786,0.6519329324378,0.2958876351386,0.0000001896868
91274,0.2507880632168,3.7979189832553,0.0217296080786,0.6517678067771,0.2958272051434,0.0000001896868
91283,0.2507860994268,3.7978892437400,0.0217296080786,0.6517528535257,0.2958214438843,0.0000001858931
91321,0.2507803859040,3.7978027185027,0.0217764420989,0.6515805149377,0.2957787417853,0.0000001858931
91359,0.2507740320213,3.7977064956956,0.0217764420989,0.6515831917347,0.2957783362379,0.0000001858931
91360,0.2507755234036,3.7977290810972,0.0216833910929,0.6515693402621,0.2957338298628,0.0000001858931
91446,0.2507789498174,3.7977809704969,0.0215657578733,0.6516508726383,0.2957132685631,0.0000001821752
91459,0.2507767737189,3.7977480157944,0.0215189238531,0.6516880732635,0.2957060164709,0.0000001821752
91527,0.2507805908956,3.7978058228831,0.0214012906334,0.6517743350685,0.2956872279878,0.0000001821752
91589,0.2507778187093,3.7977638410644,0.0214012906334,0.6517652689090,0.2956833960338,0.0000001785317
91598,0.2507883314113,3.7979230447761,0.0213900022077,0.6517645507551,0.2956805543754,0.0000001785317
91720,0.2507831522365,3.7978446116727,0.0214012906334,0.6516994968289,0.2956610489039,0.0000001749611
91735,0.2507797526127,3.7977931279795,0.0214012906334,0.6516433389408,0.2956402640245,0.0000001749611
91940,0.2507730192285,3.7976911580233,0.0214481246537,0.6515683335917,0.2956321052547,0.0000001714618
92066,0.2507733038051,3.7976954676331,0.0214481246537,0.6515503561442,0.2956257457184,0.0000001680326
92109,0.2507707826618,3.7976572875953,0.0214368362279,0.6515624516822,0.2956246874117,0.0000001646720
92136,0.2507780719427,3.7977676760163,0.0214368362279,0.6515494264372,0.2956215975273,0.0000001646720
92168,0.2507839744926,3.7978570638687,0.0214368362279,0.6490903077987,0.2947446057028,0.0000001646720
92226,0.2507834890336,3.7978497121072,0.0214645697249,0.6489463092352,0.2947049594019,0.0000001646720
92373,0.2507901913835,3.7979512120807,0.0214645697249,0.6488939303172,0.2946876888633,0.0000001581510
92478,0.2507881894898,3.7979208955255,0.0214290241304,0.6488174528256,0.2946447126700,0.0000001581510
92522,0.2507848984304,3.7978710559246,0.0214177357046,0.6488295483636,0.2946434893812,0.0000001549879
92544,0.2507873493464,3.7979081724463,0.0214177357046,0.6487719663696,0.2946234495796,0.0000001549879
92614,0.2507881577490,3.7979204148459,0.0214645697249,0.6470273036719,0.2940206007111,0.0000001549879
92621,0.2507882422223,3.7979216941035,0.0214645697249,0.6470206259431,0.2940182339094,0.0000001549879
92703,0.2507933493523,3.7979990361654,0.0213485121469,0.6471395738875,0.2940120707411,0.0000001518882
92867,0.2507788270230,3.7977791109056,0.0213467987743,0.6470806972784,0.2939871971505,0.0000001488504
92987,0.2507840158411,3.7978576900469,0.0213016781267,0.6471079055216,0.2939786888494,0.0000001458734
93038,0.2507798142585,3.7977940615384,0.0213016781267,0.6471099509466,0.2939785190192,0.0000001458734
93164,0.2507829246155,3.7978411645937,0.0213016781267,0.6471007705049,0.2939759067951,0.0000001429559
93174,0.2507825858806,3.7978360348133,0.0212548441065,0.6471428545798,0.2939707925128,0.0000001429559
93224,0.2507854902533,3.7978800184540,0.0212271106095,0.6471448557587,0.2939602438007,0.0000001400968
93360,0.2507838410030,3.7978550423100,0.0212271106095,0.6471119250597,0.2939481294260,0.0000001372949
93502,0.2507769102096,3.7977500828017,0.0212271106095,0.6471137384779,0.2939472919054,0.0000001345490
93585,0.2507783176497,3.7977713969872,0.0212336886380,0.6470944751938,0.2939435329104,0.0000001345490
93809,0.2507805901092,3.7978058109735,0.0211868546177,0.6471371019574,0.2939391719872,0.0000001292208
93839,0.2507873973531,3.7979088994572,0.0211868546177,0.6471097231658,0.2939308525425,0.0000001292208
93935,0.2507946418121,3.7980186090969,0.0211611760660,0.6470502418599,0.2939001565094,0.0000001266364
94010,0.2507961655309,3.7980416842009,0.0211143420458,0.6466808652430,0.2937484910773,0.0000001241037
94116,0.2507955197528,3.7980319045776,0.0211143420458,0.6464622118096,0.2936702621844,0.0000001241037
94118,0.2508083553061,3.7982262854066,0.0211143420458,0.6464261781358,0.2936601434909,0.0000001241037
94148,0.2508096694733,3.7982461870724,0.0211143420458,0.6464099153178,0.2936546169488,0.0000001216216
94159,0.2508048396066,3.7981730438696,0.0210310203516,0.6464795708327,0.2936427496495,0.0000001216216
94190,0.2507949281515,3.7980229454041,0.0210310203516,0.6464209306391,0.2936196828400,0.0000001216216
94205,0.2507961183747,3.7980409700701,0.0210310203516,0.6462845543022,0.2935712320532,0.0000001216216
94360,0.2507984586282,3.7980764107261,0.0211274981027,0.6460736406395,0.2935377548356,0.0000001191892
94472,0.2508016210469,3.7981243022000,0.0211274981027,0.6460437538819,0.2935277586548,0.0000001168054
94684,0.2507949348664,3.7980230470939,0.0211274981027,0.6437701696871,0.2927143315465,0.0000001144693
94724,0.2507897408552,3.7979443893087,0.0211737150885,0.6436728606357,0.2926982725911,0.0000001121799
94752,0.2507877389820,3.7979140730629,0.0211459815915,0.6436720154650,0.2926856559871,0.0000001121799
94804,0.2507901821334,3.7979510719978,0.0211726187504,0.6436300439718,0.2926826056258,0.0000001121799
94863,0.2507843630692,3.7978629484473,0.0210773915960,0.6437397766418,0.2926797372851,0.0000001099363
94905,0.2507844594577,3.7978644081499,0.0210011107062,0.6423625822378,0.2921552109857,0.0000001099363
94935,0.2507775986081,3.7977605078653,0.0210011107062,0.6423643956561,0.2921543884530,0.0000001099363
94936,0.2507692324511,3.7976338112996,0.0209667991807,0.6423952245600,0.2921489010884,0.0000001099363
95135,0.2507707489754,3.7976567774501,0.0210011107062,0.6423312200656,0.2921410722494,0.0000001055828
95259,0.2507693443959,3.7976355065840,0.0209548937204,0.6423538019788,0.2921290289574,0.0000001034712
95315,0.2507757177887,3.7977320248526,0.0209533180788,0.6423172418164,0.2921166622086,0.0000001034712
95343,0.2507817021474,3.7978226516129,0.0209533180788,0.6422075091465,0.2920787543319,0.0000001034712
95536,0.2507868262610,3.7979002508733,0.0209646065045,0.6421562714886,0.2920663910895,0.0000000993737
95597,0.2507782936189,3.7977710330668,0.0209302949791,0.6421920639681,0.2920626407551,0.0000000993737
95641,0.2507760139544,3.7977365099678,0.0209302949791,0.6415504421862,0.2918330016192,0.0000000993737
95705,0.2507765570483,3.7977447345478,0.0209177724843,0.6415645102460,0.2918327755200,0.0000000973862
95850,0.2507785692971,3.7977752079195,0.0209232541747,0.6394279278851,0.2910724908832,0.0000000954385
95871,0.2507728318339,3.7976883201312,0.0208764201545,0.6391405424235,0.2909485520390,0.0000000954385
95966,0.2507719612120,3.7976751354871,0.0208764201545,0.6391264831839,0.2909433443202,0.0000000935298
96097,0.2507740535709,3.7977068220402,0.0209019609753,0.6390911967980,0.2909421364682,0.0000000916592
96111,0.2507654039415,3.7975758325852,0.0209144834701,0.6390771287383,0.2909406254526,0.0000000916592
