0,0.2063240533919,3.124558757017,0.5553584234398,0.3201241934734,0.3965531191558,100000
1,0.2063271947078,3.124606328911,0.5553584234398,0.3199596772307,0.396495036494,100000.0000000000000
13,0.2063318238393,3.1246764321934,0.5551939562000,0.3201529818407,0.3964945798515,100000.0000000000000
14,0.2063286937473,3.1246290302732,0.5550763229804,0.3199037229466,0.3963544738469,100000.0000000000000
16,0.2063413091264,3.1248200767969,0.5550055237810,0.3198521494466,0.3963084155213,100000.0000000000000
166594,0.2546307612684,3.8561125658761,0.0111936668990,0.8644499675576,0.3680931516419,0.0000009556369
166712,0.2546217896712,3.8559767005599,0.0111507389275,0.8644620892130,0.3680771606174,0.0000009451249
166742,0.2546289858741,3.8560856794137,0.0111219090924,0.8644828885040,0.3680737753355,0.0000009451249
166753,0.2546271673627,3.8560581399899,0.0111219090924,0.7391538361131,0.3233130098006,0.0000009451249
166754,0.2546273608958,3.8560610708433,0.0111695309335,0.7390687161753,0.3233030606546,0.0000009451249
166786,0.2546324809345,3.8561386083931,0.0111472956546,0.7390153627932,0.3232755736212,0.0000009347285
166810,0.2546298887852,3.8560993530442,0.0112649288742,0.7388470313285,0.3232653140174,0.0000009347285
166823,0.2546284794066,3.8560780095011,0.0112649288742,0.7388461107881,0.3232646832432,0.0000009347285
166848,0.2546336630722,3.8561565106138,0.0113018958517,0.7387855868102,0.3232600213127,0.0000009347285
166851,0.2546355695919,3.8561853828317,0.0112550618315,0.7387811682660,0.3232387800782,0.0000009347285
166883,0.2546337967117,3.8561585344430,0.0113018958517,0.7386539797431,0.3232130474258,0.0000009347285
166892,0.2546263985407,3.8560464969958,0.0112370576463,0.7386665631020,0.3231881683578,0.0000009347285
166894,0.2546264646960,3.8560474988479,0.0112654081778,0.7371011350922,0.3226412513297,0.0000009347285
166912,0.2546282301158,3.8560742342569,0.0112654081778,0.7370267253014,0.3226150547087,0.0000009347285
166950,0.2546407993457,3.8562645818998,0.0112654081778,0.7368073554514,0.3225394017401,0.0000009244465
166984,0.2546426579784,3.8562927289201,0.0112185741576,0.7367969580718,0.3225160149457,0.0000009244465
166996,0.2546467523167,3.8563547333270,0.0112304796178,0.7367354748608,0.3225000363544,0.0000009244465
167017,0.2546484521129,3.8563804749356,0.0112773136381,0.7366606371219,0.3224937445555,0.0000009244465
167127,0.2546491862788,3.8563915930985,0.0113241476583,0.7365750334151,0.3224834008473,0.0000009142776
167164,0.2546463673498,3.8563489034122,0.0113241476583,0.7365223470909,0.3224639802467,0.0000009142776
167172,0.2546417474655,3.8562789401681,0.0113241476583,0.7364922020809,0.3224522241965,0.0000009142776
167292,0.2546455935383,3.8563371848576,0.0113351110391,0.7364361410968,0.3224377251667,0.0000009042206
167360,0.2546443000434,3.8563175962515,0.0112616398600,0.7364467004573,0.3224097315412,0.0000009042206
167427,0.2546408889665,3.8562659391127,0.0112616398600,0.7363750343756,0.3223834055670,0.0000009042206
167453,0.2546404423473,3.8562591755390,0.0112065144387,0.7363833726785,0.3223626626476,0.0000008942741
167482,0.2546385101049,3.8562299137793,0.0112065144387,0.7363786599132,0.3223605654652,0.0000008942741
167561,0.2546422651902,3.8562867805599,0.0112065144387,0.7363303528096,0.3223441175893,0.0000008942741
167564,0.2546483256178,3.8563785593010,0.0112254772310,0.7362817137083,0.3223361720558,0.0000008942741
167566,0.2546472572385,3.8563623798317,0.0111078440114,0.7363122023584,0.3222964176840,0.0000008942741
167571,0.2546385208790,3.8562300769418,0.0111078440114,0.7363062989845,0.3222924372591,0.0000008942741
167578,0.2546375739012,3.8562157359670,0.0111078440114,0.7349002599848,0.3217900775497,0.0000008942741
167585,0.2546318931001,3.8561297062652,0.0110610099912,0.7349085694718,0.3217717561862,0.0000008942741
167601,0.2546342737787,3.8561657591152,0.0110610099912,0.7346730700967,0.3216881594119,0.0000008942741
167655,0.2546371028418,3.8562086022732,0.0110610099912,0.7346528432287,0.3216815417583,0.0000008844371
167830,0.2546395578927,3.8562457814127,0.0109433767715,0.7347401183079,0.3216628232748,0.0000008747083
167834,0.2546435395868,3.8563060799433,0.0109433767715,0.7347262428205,0.3216587209637,0.0000008747083
167892,0.2546471123444,3.8563601855635,0.0109433767715,0.7346593826659,0.3216356079280,0.0000008747083
167945,0.2546466252461,3.8563528089772,0.0109433767715,0.7346490556947,0.3216318153458,0.0000008747083
168006,0.2546444118727,3.8563192897870,0.0109433767715,0.7346411005648,0.3216284999337,0.0000008650865
168070,0.2546532570735,3.8564532409632,0.0109244139792,0.7346528231943,0.3216264550762,0.0000008650865
168093,0.2546529219278,3.8564481655376,0.0108808689732,0.7346559398358,0.3216088342001,0.0000008650865
168208,0.2546429955016,3.8562978403504,0.0108808689732,0.7346414840829,0.3216015443399,0.0000008555706
168323,0.2546465262054,3.8563513091109,0.0107632357536,0.7346526779568,0.3215558844944,0.0000008461593
168342,0.2546548370165,3.8564771675221,0.0107632357536,0.7346351618887,0.3215514096439,0.0000008461593
168350,0.2546626651695,3.8565957165887,0.0107359815602,0.7346433047792,0.3215443149118,0.0000008461593
168382,0.2546572712356,3.8565140311873,0.0107359815602,0.7346301806070,0.3215384718645,0.0000008461593
168399,0.2546550830097,3.8564808928277,0.0107359815602,0.7346290244331,0.3215375900397,0.0000008461593
168498,0.2546529396609,3.8564484340854,0.0107828155804,0.7345494000903,0.3215287652083,0.0000008368515
168600,0.2546475430527,3.8563667081840,0.0107828155804,0.6194435341786,0.2804183709667,0.0000008368515
168735,0.2546461932466,3.8563462668029,0.0107539857454,0.6194545748620,0.2804096691801,0.0000008276462
168794,0.2546528466071,3.8564470248845,0.0107350229530,0.6194730908051,0.2804095808260,0.0000008276462
168800,0.2546478871151,3.8563719186445,0.0107350229530,0.6194724518958,0.2804082898959,0.0000008276462
168821,0.2546425224614,3.8562906766583,0.0107481790100,0.6194485682447,0.2804042487620,0.0000008185421
168852,0.2546434038011,3.8563040236122,0.0107013449898,0.6194373563870,0.2803803616626,0.0000008185421
168980,0.2546390255129,3.8562377190852,0.0106545109695,0.6194761545240,0.2803732082126,0.0000008185421
169022,0.2546306053011,3.8561102039170,0.0107121541119,0.6193762848537,0.2803604403460,0.0000008095381
169154,0.2546309880592,3.8561160003813,0.0106997693481,0.6193838078784,0.2803579014041,0.0000008006332
169246,0.2546397201737,3.8562482389858,0.0106779968451,0.6193905208974,0.2803528390056,0.0000008006332
169274,0.2546433371162,3.8563030137412,0.0107154431262,0.6193384646903,0.2803510709684,0.0000008006332
169368,0.2546420612537,3.8562836921571,0.0107278278900,0.6192721913961,0.2803324362916,0.0000007918262
169450,0.2546273512134,3.8560609242133,0.0106809938698,0.6191994111132,0.2802832194589,0.0000007831161
169479,0.2546234248804,3.8560014640676,0.0105633606502,0.6193267432595,0.2802774396314,0.0000007831161
169678,0.2546221070257,3.8559815065572,0.0105633606502,0.6192780138662,0.2802597538792,0.0000007659823
169789,0.2546172572013,3.8559080611153,0.0105387619088,0.6192846991623,0.2802505599191,0.0000007659823
169804,0.2546149355647,3.8558729023944,0.0105354728946,0.6192879522704,0.2802498146724,0.0000007659823
169918,0.2546084627444,3.8557748784014,0.0105121247499,0.6192747542596,0.2802337077165,0.0000007575565
169975,0.2546118254879,3.8558258035818,0.0105310875423,0.6191098198650,0.2801836500744,0.0000007575565
170037,0.2546246715193,3.8560203430912,0.0105729191757,0.6190367911097,0.2801782489400,0.0000007492234
170350,0.2546301132149,3.8561027517942,0.0105729191757,0.6190234751892,0.2801746593318,0.0000007328312
170521,0.2546301239834,3.8561029148713,0.0106197531959,0.6189570744687,0.2801710188192,0.0000007247700
170670,0.2546266022216,3.8560495815281,0.0106197531959,0.6189499878006,0.2801677332031,0.0000007247700
170734,0.2546223395296,3.8559850275821,0.0106197531959,0.6189047858724,0.2801506762233,0.0000007167975
170786,0.2546334375738,3.8561530956804,0.0106040794178,0.6189113034790,0.2801486647588,0.0000007167975
170835,0.2546415833085,3.8562764541845,0.0105572453976,0.6189217242058,0.2801340602386,0.0000007167975
170864,0.2546436769531,3.8563081602101,0.0105572453976,0.6189045429557,0.2801283727160,0.0000007089128
170873,0.2546541074953,3.8564661196979,0.0105577247012,0.6188350331696,0.2801059883243,0.0000007089128
170952,0.2546476604236,3.8563684856415,0.0105284320902,0.6188617179104,0.2801015830974,0.0000007089128
171157,0.2546486690213,3.8563837597828,0.0104942748234,0.6188606125895,0.2800867656394,0.0000007011147
171863,0.2546386518002,3.8562320596042,0.0105121412776,0.6188173468954,0.2800768241102,0.0000006707710
171879,0.2546390956895,3.8562387818366,0.0105589752979,0.6187608435718,0.2800768111939,0.0000006633925
172001,0.2546405793033,3.8562612495920,0.0105400125055,0.6187224198015,0.2800552794250,0.0000006633925
172102,0.2546371683220,3.8562095939013,0.0105389161674,0.6187212268901,0.2800536526015,0.0000006560952
172337,0.2546365788826,3.8562006674675,0.0104920821472,0.6187312567921,0.2800370366780,0.0000006488781
172408,0.2546432108784,3.8563011020029,0.0105389161674,0.6186554871227,0.2800314689467,0.0000006417405
172486,0.2546390382358,3.8562379117604,0.0105852708841,0.6185815567761,0.2800240374209,0.0000006417405
172738,0.2546432871567,3.8563022571567,0.0105586337252,0.6186024634760,0.2800209986572,0.0000006276998
172847,0.2546450009356,3.8563282105185,0.0105586337252,0.6185626785994,0.2800071570110,0.0000006276998
172890,0.2546440335274,3.8563135601489,0.0105586337252,0.6185455398519,0.2800008287281,0.0000006276998
173004,0.2546506780692,3.8564141846804,0.0105418636090,0.6185586119514,0.2799997339728,0.0000006207951
173109,0.2546525483636,3.8564425083039,0.0105760208759,0.6184993199005,0.2799935978463,0.0000006139664
173189,0.2546602101855,3.8565585384633,0.0105113204014,0.6184382068789,0.2799456848114,0.0000006139664
173208,0.2546622055749,3.8565887565168,0.0105113204014,0.6184207016672,0.2799398605335,0.0000006139664
173255,0.2546554011951,3.8564857114091,0.0105113204014,0.6183976653601,0.2799301751996,0.0000006072127
173394,0.2546571822937,3.8565126842556,0.0104527186518,0.6184540572272,0.2799255817806,0.0000006072127
173441,0.2546607365093,3.8565665090783,0.0104672960918,0.6184067651792,0.2799157008554,0.0000006005334
173489,0.2546662334186,3.8566497539332,0.0103496628722,0.5142141689593,0.2426548230204,0.0000006005334
173630,0.2546673898209,3.8566672664186,0.0103871091533,0.5141513808291,0.2426486948948,0.0000005939275
173701,0.2546637319024,3.8566118711265,0.0103871091533,0.5141125369088,0.2426340382265,0.0000005939275
173740,0.2546730974058,3.8567537017338,0.0105047423729,0.5138072418106,0.2425774253934,0.0000005939275
173839,0.2546723510942,3.8567423996367,0.0105335722080,0.5137372016091,0.2425646067554,0.0000005873943
173915,0.2546772970704,3.8568173011960,0.0105804062282,0.5136741277441,0.2425632119501,0.0000005809330
173931,0.2546709266162,3.8567208274301,0.0105804062282,0.5136728794134,0.2425614010203,0.0000005809330
173939,0.2546661609547,3.8566486565451,0.0106048507109,0.5136004405746,0.2425449850002,0.0000005809330
173948,0.2546696571880,3.8567016032862,0.0105329551735,0.5136041296187,0.2425162393356,0.0000005809330
174131,0.2546589475924,3.8565394178301,0.0104996022552,0.5136266478752,0.2425076925489,0.0000005745427
174137,0.2546553921327,3.8564855741684,0.0105464362754,0.5135628787872,0.2425042277133,0.0000005745427
174186,0.2546598634098,3.8565532869124,0.0105176064403,0.5135937711133,0.2425038631741,0.0000005745427
174199,0.2546591459219,3.8565424213211,0.0105464362754,0.5135315220460,0.2424938332606,0.0000005745427
174275,0.2546545238186,3.8564724244732,0.0104996022552,0.5135852105924,0.2424919455678,0.0000005682228
174305,0.2546499924725,3.8564038020463,0.0104751577724,0.5135125633937,0.2424545529300,0.0000005682228
174414,0.2546432682932,3.8563019714898,0.0104751577724,0.5135017150071,0.2424492376107,0.0000005682228
174756,0.2546413102514,3.8562723190256,0.0104565200250,0.5135215690463,0.2424479211526,0.0000005557906
174919,0.2546478346499,3.8563711241141,0.0103872799396,0.5135485181613,0.2424292695996,0.0000005496769
174929,0.2546520975959,3.8564356819051,0.0103872799396,0.5135170379271,0.2424189401472,0.0000005496769
175255,0.2546553513977,3.8564849572799,0.0103727024996,0.5134591565454,0.2423927179941,0.0000005376505
175360,0.2546538238186,3.8564618237165,0.0103727024996,0.5133883819866,0.2423671140276,0.0000005317364
175499,0.2546523804685,3.8564399657114,0.0103971469823,0.5133222474519,0.2423536614685,0.0000005258873
175743,0.2546502152804,3.8564071762355,0.0104439810026,0.5132651631552,0.2423528819738,0.0000005201025
175815,0.2546437288947,3.8563089468097,0.0104706181615,0.5132362707183,0.2423525892317,0.0000005143814
175891,0.2546421007886,3.8562842908716,0.0104706181615,0.5132183605546,0.2423458438648,0.0000005143814
175912,0.2546400055894,3.8562525613044,0.0104706181615,0.5131789802899,0.2423313305133,0.0000005143814
176189,0.2546464090974,3.8563495356352,0.0104706181615,0.5131483113992,0.2423217495184,0.0000005031272
176253,0.2546458770575,3.8563414784553,0.0104571370595,0.5131574460588,0.2423191202731,0.0000005031272
176298,0.2546352011370,3.8561798029723,0.0104571370595,0.5131337707283,0.2423083771007,0.0000004975928
176303,0.2546363781318,3.8561976273099,0.0104391328744,0.5131206986288,0.2422962446276,0.0000004975928
176413,0.2546426328892,3.8562923489700,0.0104289407867,0.5131134987755,0.2422906455189,0.0000004975928
176457,0.2546385814271,3.8562309938780,0.0104289407867,0.5129436769193,0.2422291266856,0.0000004975928
176493,0.2546436775811,3.8563081697201,0.0104757748069,0.5128638126013,0.2422217674708,0.0000004921193
176641,0.2546445985808,3.8563221172829,0.0104757748069,0.5128548498023,0.2422187638283,0.0000004867060
176651,0.2546433368346,3.8563030094760,0.0104859668946,0.5128125782674,0.2422077645149,0.0000004867060
176662,0.2546556996480,3.8564902311607,0.0105267021899,0.5127378840440,0.2422011951645,0.0000004867060
176710,0.2546630064703,3.8566008852284,0.0105641484710,0.5126791734539,0.2421978412505,0.0000004867060
176744,0.2546548012655,3.8564766261113,0.0105641484710,0.4187866831244,0.2086630507318,0.0000004867060
176860,0.2546514785663,3.8564263073588,0.0105641484710,0.4187558353618,0.2086513216667,0.0000004813522
177062,0.2546490376401,3.8563893421234,0.0105234131757,0.4187684670341,0.2086378519389,0.0000004760574
177074,0.2546403052358,3.8562570991310,0.0105234131757,0.4186809080343,0.2086047096381,0.0000004760574
177078,0.2546523504745,3.8564395114831,0.0105702471959,0.4185819543808,0.2085920218931,0.0000004760574
177462,0.2546538110212,3.8564616299123,0.0105702471959,0.4184418054536,0.2085422816791,0.0000004656417
177518,0.2546495487471,3.8563970822961,0.0105110284118,0.4185019233194,0.2085374595221,0.0000004605197
177633,0.2546508285648,3.8564164637769,0.0105578624321,0.4184411427535,0.2085360981467,0.0000004605197
178121,0.2546506451991,3.8564136868978,0.0105824611734,0.3348877208387,0.1787060933451,0.0000004405887
178155,0.2546480166541,3.8563738803744,0.0105824611734,0.3348649647138,0.1786974028980,0.0000004405887
178170,0.2546446238550,3.8563225000334,0.0106046964523,0.3348372134456,0.1786962941076,0.0000004357422
178262,0.2546453495627,3.8563334901062,0.0106046964523,0.3347542417199,0.1786668168572,0.0000004357422
178277,0.2546492597268,3.8563927053910,0.0106046964523,0.3347312347461,0.1786594379732,0.0000004357422
178316,0.2546508319437,3.8564165149468,0.0106046964523,0.3345887555462,0.1786088894483,0.0000004357422
178362,0.2546554805444,3.8564869130696,0.0106515304725,0.3345149742494,0.1786036068368,0.0000004309490
178396,0.2546541331828,3.8564665087083,0.0105338972529,0.3344640284856,0.1785347089639,0.0000004309490
178825,0.2546554185877,3.8564859748011,0.0105008363242,0.3344208074490,0.1785053793538,0.0000004215203
178845,0.2546564224276,3.8565011768910,0.0105008363242,0.3343584279198,0.1784833160590,0.0000004168836
179340,0.2546575340028,3.8565180105175,0.0104720064891,0.3343889447246,0.1784820974690,0.0000004077626
179566,0.2546539749959,3.8564641131357,0.0104768711450,0.3343243611961,0.1784603541313,0.0000003988412
179700,0.2546500663599,3.8564049209932,0.0104768711450,0.3343142119791,0.1784558918461,0.0000003944539
179939,0.2546416285339,3.8562771390755,0.0104768711450,0.3342389469723,0.1784272033810,0.0000003901149
180413,0.2546424947069,3.8562902563456,0.0104300371248,0.3342754256342,0.1784203453600,0.0000003773822
180428,0.2546408603896,3.8562655063450,0.0103925908437,0.3342840205637,0.1784070163607,0.0000003773822
180472,0.2546394864139,3.8562446989417,0.0103925908437,0.3342068417165,0.1783791580633,0.0000003773822
180670,0.2546419853438,3.8562825425825,0.0104165560228,0.3341262350309,0.1783611762373,0.0000003732310
181029,0.2546423838816,3.8562885780141,0.0104165560228,0.2611384966849,0.1522942122290,0.0000003650651
181050,0.2546391748012,3.8562399798990,0.0104633900431,0.2610662218458,0.1522877838493,0.0000003650651
181137,0.2546393996325,3.8562433847307,0.0104333261390,0.2608582507439,0.1522006721037,0.0000003610494
181590,0.2546355707204,3.8561853999207,0.0104333261390,0.2608272368445,0.1521887752298,0.0000003492653
181751,0.2546348761125,3.8561748808219,0.0104392871330,0.2608165893701,0.1521873784276,0.0000003454234
181765,0.2546336555602,3.8561563968526,0.0104801601592,0.2607405873115,0.1521774902995,0.0000003454234
181856,0.2546283796001,3.8560764980385,0.0104801601592,0.2607289729045,0.1521722117342,0.0000003454234
181934,0.2546326859798,3.8561417135877,0.0105089899943,0.2606639416606,0.1521622647292,0.0000003416237
182161,0.2546274534759,3.8560624728697,0.0105089899943,0.2606011127715,0.1521387045894,0.0000003378659
182231,0.2546349529728,3.8561760447898,0.0105089899943,0.2605610976589,0.1521260205128,0.0000003378659
182402,0.2546434436420,3.8563046269611,0.0105089899943,0.2605207785910,0.1521134402748,0.0000003341494
182554,0.2546425235395,3.8562906929847,0.0105180857439,0.2604771777536,0.1521015695607,0.0000003304737
182580,0.2546482305728,3.8563771199458,0.0105180857439,0.2604446944487,0.1520911913161,0.0000003304737
182635,0.2546459613827,3.8563427554703,0.0105649197641,0.2603698528923,0.1520840476567,0.0000003268385
182652,0.2546356835999,3.8561871093617,0.0105481496480,0.2603927275528,0.1520828276037,0.0000003268385
182799,0.2546381271110,3.8562241137421,0.0105481496480,0.2603575015714,0.1520707705056,0.0000003232433
182832,0.2546424522007,3.8562896126342,0.0105481496480,0.2603043156743,0.1520527023472,0.0000003232433
182847,0.2546497540694,3.8564001916843,0.0105193198129,0.2603213070095,0.1520479797238,0.0000003232433
182968,0.2546454872117,3.8563355746545,0.0105193198129,0.2602903612242,0.1520360133310,0.0000003196876
183043,0.2546499548427,3.8564032321834,0.0104724857927,0.2603017921500,0.1520209814310,0.0000003196876
183454,0.2546491128752,3.8563904814796,0.0104724857927,0.2602934127441,0.1520178083644,0.0000003092535
183667,0.2546482909135,3.8563780337422,0.0104724857927,0.2602847936505,0.1520145539821,0.0000003058517
183768,0.2546564511039,3.8565016111628,0.0104170187987,0.2603224030600,0.1520059629574,0.0000003058517
183798,0.2546637192103,3.8566116789183,0.0104566577560,0.2602683292782,0.1520051964684,0.0000003024874
183906,0.2546643902516,3.8566218411258,0.0104566577560,0.2602525918557,0.1519997197549,0.0000003024874
183917,0.2546666035301,3.8566553588793,0.0104941040370,0.2602033562118,0.1519986582765,0.0000003024874
183952,0.2546702750905,3.8567109607647,0.0104668498436,0.2602068523413,0.1519890132886,0.0000002991600
184038,0.2546758135647,3.8567948350761,0.0104424053609,0.2602323369155,0.1519888255312,0.0000002991600
184098,0.2546758141128,3.8567948433763,0.0103955713407,0.2602546554485,0.1519767248303,0.0000002991600
184170,0.2546835096295,3.8569113838081,0.0103869548946,0.2601954254844,0.1519535275485,0.0000002958693
184245,0.2546856239720,3.8569434032808,0.0103803768662,0.2601764544156,0.1519443860851,0.0000002958693
184314,0.2546913916860,3.8570307491860,0.0103960506443,0.2601116688913,0.1519292016700,0.0000002926147
184512,0.2546856947819,3.8569444756217,0.0104568450700,0.2600209101020,0.1519216218054,0.0000002893959
184550,0.2546834855326,3.8569110188860,0.0104345932634,0.2600400431515,0.1519184451383,0.0000002893959
184681,0.2546820222721,3.8568888593592,0.0104345932634,0.2600300012725,0.1519145451971,0.0000002862126
184689,0.2546799696935,3.8568577752349,0.0104231505790,0.2600294996346,0.1519090221948,0.0000002862126
184845,0.2546804261990,3.8568646885267,0.0104107658152,0.2599716019755,0.1518831345261,0.0000002830642
184865,0.2546872926333,3.8569686733843,0.0103022118175,0.2600935712351,0.1518816432129,0.0000002830642
184873,0.2546867134157,3.8569599017487,0.0103022118175,0.2599493584219,0.1518300145187,0.0000002830642
185095,0.2546905490013,3.8570179876213,0.0103490458377,0.2598837984722,0.1518274938851,0.0000002799505
185237,0.2546979952570,3.8571307532583,0.0103833573632,0.2598073684945,0.1518164980302,0.0000002768711
185606,0.2547011860527,3.8571790744724,0.0103833573632,0.2597555851172,0.1517986877088,0.0000002708134
185642,0.2546969703715,3.8571152324556,0.0104579248804,0.2596643532346,0.1517971590407,0.0000002678345
185879,0.2547020372569,3.8571919650565,0.0104579248804,0.2595894378397,0.1517714893037,0.0000002648883
186061,0.2546989332779,3.8571449585891,0.0104301913834,0.2595671389072,0.1517509744764,0.0000002619745
186294,0.2547010728705,3.8571773604481,0.0104301913834,0.1970538521623,0.1294252591231,0.0000002590928
186300,0.2547050370412,3.8572373936047,0.0104727943099,0.1969787099477,0.1294175304801,0.0000002590928
186337,0.2547177352156,3.8574296939763,0.0104259602897,0.1969845205594,0.1294022550130,0.0000002562428
186392,0.2547208382417,3.8574766860123,0.0104394413916,0.1969244138281,0.1293872308725,0.0000002562428
186406,0.2547279618502,3.8575845655008,0.0104394413916,0.1968826465499,0.1293738404750,0.0000002562428
186426,0.2547246595297,3.8575345553620,0.0104330176218,0.1968168436290,0.1293468787475,0.0000002562428
186505,0.2547251278865,3.8575416481289,0.0104330176218,0.1968101890641,0.1293446024793,0.0000002534241
186512,0.2547233499418,3.8575147230434,0.0103987060963,0.1968446640029,0.1293418290298,0.0000002534241
186631,0.2547283297119,3.8575901363755,0.0103987060963,0.1968392037838,0.1293409460452,0.0000002534241
186684,0.2547376858749,3.8577318255321,0.0103987060963,0.1967028369726,0.1292942485047,0.0000002506364
186723,0.2547424834854,3.8578044802498,0.0103001733999,0.1967941242341,0.1292856508590,0.0000002506364
186797,0.2547416677323,3.8577921265352,0.0103001733999,0.1967409933167,0.1292665007271,0.0000002506364
186931,0.2547375342443,3.8577295292475,0.0103133294569,0.1967218453284,0.1292644147226,0.0000002478794
186994,0.2547259882977,3.8575546781432,0.0103133294569,0.1445102873788,0.1106149556092,0.0000002478794
187137,0.2547268040966,3.8575670325506,0.0103056550903,0.1444907493773,0.1106048635513,0.0000002451528
187220,0.2547194637980,3.8574558715210,0.0103399666158,0.1443367286922,0.1105629881821,0.0000002424561
187251,0.2547222238666,3.8574976698303,0.0103399666158,0.1443342914908,0.1105627091963,0.0000002424561
187266,0.2547234660234,3.8575164809767,0.0103677001128,0.1442685405297,0.1105513786711,0.0000002424561
187547,0.2547196040227,3.8574579950749,0.0103677001128,0.1442124615717,0.1105305229002,0.0000002371514
187806,0.2547202312300,3.8574674934644,0.0103965299478,0.1441309639917,0.1105139066668,0.0000002319627
187883,0.2547248032292,3.8575367315379,0.0103742781413,0.1440979123628,0.1104935457392,0.0000002294112
188024,0.2547212205950,3.8574824763462,0.0104211121615,0.1027291645306,0.0957382969576,0.0000002268876
188069,0.2547159394256,3.8574024986420,0.0103957421270,0.1024191599940,0.0956155765006,0.0000002268876
188102,0.2547131586135,3.8573603861953,0.0103999732207,0.1023436564384,0.0955898283826,0.0000002268876
188218,0.2547135865380,3.8573668666574,0.0104045128317,0.1023221502246,0.0955841848376,0.0000002243919
188283,0.2547178333989,3.8574311808573,0.0104045128317,0.1022692108527,0.0955661879607,0.0000002243919
188357,0.2547203887865,3.8574698794905,0.0103725482410,0.1022663641628,0.0955520197585,0.0000002243919
188382,0.2547232352092,3.8575129855396,0.0103257142207,0.1023007632122,0.0955448433581,0.0000002219236
188415,0.2547203855865,3.8574698310294,0.0103257142207,0.1022890546319,0.0955400510888,0.0000002219236
188521,0.2547280811238,3.8575863717728,0.0103600257462,0.1022020158424,0.0955253197900,0.0000002219236
188709,0.2547270753588,3.8575711405283,0.0103567367320,0.1022030309665,0.0955240572357,0.0000002170681
188905,0.2547287972384,3.8575972165677,0.0103567367320,0.1021370934223,0.0955008770870,0.0000002146803
189296,0.2547423377822,3.8578022737287,0.0104084354081,0.1020164313709,0.0954828416178,0.0000002099834
189348,0.2547566805733,3.8580194800745,0.0104084354081,0.1019440597660,0.0954600680713,0.0000002099834
189572,0.2547628021424,3.8581121847402,0.0103960506443,0.1019442354866,0.0954561348376,0.0000002053891
189625,0.2547530426375,3.8579643873980,0.0103960506443,0.1018971351611,0.0954372219703,0.0000002053891
189697,0.2547527301429,3.8579596549990,0.0103357355221,0.1019025933034,0.0954132550056,0.0000002053891
189727,0.2547525775095,3.8579573435284,0.0103357355221,0.1018822281188,0.0954059490182,0.0000002031298
189751,0.2547459123060,3.8578564060977,0.0103742781413,0.1018260924922,0.0954009905876,0.0000002031298
189756,0.2547499643167,3.8579177694977,0.0103498336585,0.1018504505025,0.0954000819581,0.0000002031298
189866,0.2547455272042,3.8578505741401,0.0103449690026,0.1018285425100,0.0953892220127,0.0000002031298
189909,0.2547528066402,3.8579608134703,0.0103183318437,0.1018546185374,0.0953886788336,0.0000002008954
190042,0.2547543900111,3.8579847919417,0.0103183318437,0.1018471042611,0.0953863344572,0.0000002008954
190092,0.2547511818155,3.8579362072246,0.0103502964344,0.1017715084073,0.0953723475778,0.0000001986856
190119,0.2547542765696,3.8579830739907,0.0103626811982,0.1017246295160,0.0953615760342,0.0000001986856
190247,0.2547549554554,3.8579933549954,0.0103626811982,0.1016448888541,0.0953332427019,0.0000001965000
190613,0.2547458785162,3.8578558943871,0.0103241385791,0.1016576658602,0.0953193425946,0.0000001922008
190746,0.2547437035877,3.8578229574041,0.0103241385791,0.1016482334043,0.0953155078042,0.0000001900866
190763,0.2547437379852,3.8578234783170,0.0103241385791,0.1015827421113,0.0952921254276,0.0000001900866
190767,0.2547495021816,3.8579107709527,0.0103241385791,0.1015286209650,0.0952740316317,0.0000001900866
190876,0.2547547401321,3.8579900941526,0.0103166184711,0.1015147614964,0.0952669813361,0.0000001900866
191416,0.2547498366740,3.8579158364850,0.0103485830618,0.1014391287233,0.0952526180007,0.0000001838825
191465,0.2547398162254,3.8577640874286,0.0103871256810,0.1013924255526,0.0952503093232,0.0000001818598
191563,0.2547374447554,3.8577281740330,0.0104463444651,0.1013211189723,0.0952497139941,0.0000001818598
191685,0.2547372338519,3.8577249801231,0.0104931784853,0.1012542158763,0.0952458465606,0.0000001798593
191736,0.2547225022529,3.8575018856949,0.0104546358661,0.1011758868654,0.0951981968773,0.0000001798593
191806,0.2547233407213,3.8575145834081,0.0104234756240,0.1011884810545,0.0951895200843,0.0000001778809
192045,0.2547205649069,3.8574725466464,0.0104110908601,0.1011882336689,0.0951835291590,0.0000001759242
192250,0.2547238929947,3.8575229470030,0.0104482120963,0.1011221237151,0.0951765407241,0.0000001739890
192295,0.2547354559194,3.8576980552230,0.0104013780760,0.1010558075410,0.0951352624228,0.0000001720751
192525,0.2547428527251,3.8578100719929,0.0104377280190,0.1010046230372,0.0951341458197,0.0000001701823
192535,0.2547464273854,3.8578642064277,0.0104132835363,0.1010276667232,0.0951326654993,0.0000001701823
192541,0.2547482990380,3.8578925506191,0.0104123414568,0.1009633394263,0.0951096887848,0.0000001701823
192598,0.2547548623377,3.8579919448264,0.0104063804629,0.1009414184110,0.0951007115604,0.0000001701823
192701,0.2547619505768,3.8580992886832,0.0104532144831,0.0697665920791,0.0839884356446,0.0000001683103
192777,0.2547626358743,3.8581096667850,0.0104532144831,0.0697570434285,0.0839851722617,0.0000001683103
192795,0.2547591440101,3.8580567862100,0.0104532144831,0.0695582273704,0.0839134182701,0.0000001664589
192989,0.2547599308107,3.8580687014690,0.0104532144831,0.0695039457788,0.0838942005875,0.0000001646278
192990,0.2547706834323,3.8582315385088,0.0104917571023,0.0694372171642,0.0838891913380,0.0000001646278
193138,0.2547725316411,3.8582595276691,0.0105063345423,0.0693898793342,0.0838789284892,0.0000001628169
193176,0.2547722786937,3.8582556970482,0.0105531685625,0.0693325489113,0.0838784708580,0.0000001628169
193201,0.2547732976214,3.8582711276268,0.0105063345423,0.0692678418137,0.0838355077990,0.0000001628169
193225,0.2547786836605,3.8583526934721,0.0105531685625,0.0692009069789,0.0838328283751,0.0000001628169
193238,0.2547794890164,3.8583648897318,0.0104677919231,0.0691337659237,0.0837724320147,0.0000001628169
193327,0.2547836792822,3.8584283468583,0.0104612138946,0.0690556880682,0.0837426258254,0.0000001610260
193787,0.2547748974151,3.8582953548039,0.0104269023691,0.0690781538214,0.0837340625405,0.0000001575029
193841,0.2547649499423,3.8581447108892,0.0104392871330,0.0690668909404,0.0837332162376,0.0000001557703
193855,0.2547578322787,3.8580369214296,0.0104392871330,0.0484594193016,0.0763718797244,0.0000001557703
193859,0.2547613045235,3.8580895048904,0.0104714059823,0.0484139060568,0.0763701342677,0.0000001557703
193903,0.2547619474231,3.8580992409230,0.0104928699680,0.0482576580066,0.0763236680079,0.0000001557703
193985,0.2547658783987,3.8581587713749,0.0104803474733,0.0482377450894,0.0763120318202,0.0000001540569
194265,0.2547609871558,3.8580846986942,0.0104803474733,0.0481610151376,0.0762835801425,0.0000001523622
194337,0.2547643584677,3.8581357536337,0.0104588834875,0.0481345257389,0.0762656432159,0.0000001506862
194357,0.2547678755542,3.8581890161750,0.0104588834875,0.0479433319780,0.0761981133913,0.0000001506862
194446,0.2547722509649,3.8582552771261,0.0104300536525,0.0479695302882,0.0761960518750,0.0000001506862
194576,0.2547689468507,3.8582052398238,0.0104475950618,0.0478961370584,0.0761766497296,0.0000001490287
194622,0.2547630259510,3.8581155740830,0.0104295908766,0.0478025545535,0.0761342425629,0.0000001490287
194657,0.2547690565431,3.8582069009983,0.0104693675648,0.0477234062870,0.0761243147466,0.0000001473894
194700,0.2547687316481,3.8582019808084,0.0104534017971,0.0477267700206,0.0761186039878,0.0000001473894
195057,0.2547749301193,3.8582958500742,0.0104225335445,0.0477303095906,0.0761079671127,0.0000001441647
195165,0.2547829250173,3.8584169243179,0.0104349183084,0.0476879640071,0.0760998646384,0.0000001425788
195351,0.2547872576048,3.8584825367563,0.0104753285587,0.0476201406392,0.0760938890974,0.0000001410105
195370,0.2547932731878,3.8585736363740,0.0104355518706,0.0476315961006,0.0760822222350,0.0000001410105
195444,0.2547940505239,3.8585854083037,0.0104355518706,0.0475857828665,0.0760660269377,0.0000001410105
195462,0.2547987568409,3.8586566804789,0.0104067220355,0.0475998124582,0.0760596903591,0.0000001410105
195555,0.2547973699514,3.8586356775107,0.0104284945385,0.0475062114937,0.0760352953253,0.0000001394594
195589,0.2547983774917,3.8586509356379,0.0104432097094,0.0474472680830,0.0760207665105,0.0000001394594
195847,0.2548032536447,3.8587247797995,0.0104432097094,0.0473698945916,0.0759941780106,0.0000001364081
195863,0.2548096312580,3.8588213619821,0.0103963756892,0.0473828330417,0.0759800937941,0.0000001364081
196181,0.2548155845353,3.8589115180467,0.0103963756892,0.0473342785200,0.0759640285958,0.0000001334237
196195,0.2548177558939,3.8589444009681,0.0103963756892,0.0472651241260,0.0759397958891,0.0000001334237
196360,0.2548171408788,3.8589350872175,0.0103963756892,0.0472553649815,0.0759361786914,0.0000001305045
197102,0.2548045159707,3.8587438963854,0.0103839909254,0.0472538482772,0.0759276239179,0.0000001248563
197266,0.2548026265558,3.8587152832034,0.0104150134366,0.0471753335832,0.0759124734431,0.0000001234829
197309,0.2548021706640,3.8587083792054,0.0103905689538,0.0471972507054,0.0759097270887,0.0000001234829
197412,0.2548028389213,3.8587184992531,0.0104068597664,0.0471188488882,0.0758888514145,0.0000001221246
197486,0.2547924902532,3.8585617796602,0.0103600257462,0.0471191717212,0.0758666774173,0.0000001221246
197540,0.2547996173788,3.8586697124121,0.0103735068481,0.0470699825403,0.0758564147090,0.0000001221246
197541,0.2548038714460,3.8587341357436,0.0103490623654,0.0470917119018,0.0758546105742,0.0000001207812
197952,0.2548067921388,3.8587783665349,0.0103366776015,0.0470933498311,0.0758505136558,0.0000001181387
198027,0.2548148385593,3.8589002210325,0.0103023660761,0.0471135237516,0.0758447379209,0.0000001181387
198339,0.2548283402694,3.8591046900984,0.0103056550903,0.0470144071890,0.0758136419497,0.0000001155539
198375,0.2548326291535,3.8591696406944,0.0103300995731,0.0469558168025,0.0758041120651,0.0000001155539
198576,0.2548378318547,3.8592484300811,0.0103300995731,0.0468879372852,0.0757809842449,0.0000001130257
198723,0.2548495550679,3.8594259657003,0.0103675458541,0.0468197097498,0.0757751777912,0.0000001130257
198784,0.2548456067143,3.8593661720757,0.0103769335933,0.0468072343084,0.0757738995175,0.0000001117824
198821,0.2548425796988,3.8593203311396,0.0103474867237,0.0468037486489,0.0757593859059,0.0000001117824
198950,0.2548377063250,3.8592465290670,0.0103849330048,0.0467467264518,0.0757540249473,0.0000001105528
199146,0.2548307126146,3.8591406167474,0.0103943207440,0.0467375251168,0.0757532634208,0.0000001093367
199709,0.2548350403590,3.8592061558425,0.0104176688886,0.0466892097833,0.0757469416661,0.0000001057682
199808,0.2548302205485,3.8591331649297,0.0103932244059,0.0466978528366,0.0757385194474,0.0000001046047
199856,0.2548293062066,3.8591193181919,0.0104056091697,0.0466285828976,0.0757188920090,0.0000001046047
200013,0.2548382217125,3.8592543340646,0.0104430554508,0.0465603369025,0.0757124773111,0.0000001034541
200026,0.2548384992371,3.8592585368795,0.0103962214306,0.0466162226746,0.0757124242620,0.0000001034541
200032,0.2548434553171,3.8593335914504,0.0103962214306,0.0465476906977,0.0756890105731,0.0000001034541
200052,0.2548345539146,3.8591987891590,0.0103838366667,0.0465418054314,0.0756796934930,0.0000001034541
200143,0.2548456271802,3.8593664820109,0.0104306706870,0.0464733532161,0.0756776908388,0.0000001023161
200149,0.2548423213764,3.8593164191222,0.0104182859231,0.0464725305912,0.0756713809017,0.0000001023161
200229,0.2548366220689,3.8592301091594,0.0104182859231,0.0463827060760,0.0756380794375,0.0000001023161
200431,0.2548332869654,3.8591796025578,0.0103963591615,0.0464079462858,0.0756369819496,0.0000001000775
200847,0.2548408453720,3.8592940666025,0.0104306706870,0.0463197736307,0.0756218163137,0.0000000978879
200933,0.2548396147372,3.8592754299445,0.0104541565625,0.0462732765240,0.0756150118719,0.0000000978879
200949,0.2548365369592,3.8592288202638,0.0104073225423,0.0462709253156,0.0755934409078,0.0000000968111
201046,0.2548304260928,3.8591362776795,0.0103604885221,0.0463283782446,0.0755925786167,0.0000000968111
201087,0.2548256455292,3.8590638811191,0.0103791262695,0.0462709253156,0.0755790229130,0.0000000968111
201186,0.2548189892472,3.8589630787939,0.0103482580169,0.0462832655816,0.0755687745536,0.0000000957462
201638,0.2548209770482,3.8589931819296,0.0103438726645,0.0462871712484,0.0755687159553,0.0000000926212
201895,0.2548200972867,3.8589798588756,0.0103307166076,0.0462969555617,0.0755663835224,0.0000000916024
201950,0.2548266379977,3.8590789110009,0.0102838825873,0.0462392338818,0.0755270984947,0.0000000916024
202055,0.2548222309786,3.8590121713740,0.0103072307320,0.0462082282796,0.0755250870518,0.0000000905948
202126,0.2548257170504,3.8590649642317,0.0103448147440,0.0461449384412,0.0755193379872,0.0000000905948
