0,0.2063240533919,3.124558757017,0.5553584234398,0.3201241934734,0.3965531191558,1000
1,0.2063221317977,3.124529656512,0.5553584234398,0.3201220618136,0.3965519460786,1000.0000000000000
2,0.2063209068297,3.1245111056721,0.5552407902202,0.3200607096989,0.3964793578789,1000.0000000000000
3,0.2063174595194,3.1244588998175,0.5551939562000,0.3200878165880,0.3964682284784,1000.0000000000000
4,0.2063222237446,3.1245310489509,0.5551939562000,0.3198565951677,0.3963866703051,1000.0000000000000
9,0.2063282256607,3.1246219415990,0.5551471221798,0.3198971388679,0.3963823646000,1000.0000000000000
10,0.2063373888262,3.1247607080118,0.5551471221798,0.3198567746096,0.3963699123289,1000.0000000000000
14,0.2063368128648,3.1247519856883,0.5551471221798,0.3196807940540,0.3963069387102,1000.0000000000000
16,0.2063346366454,3.1247190291552,0.5550294889601,0.3197747426111,0.3962896111966,1000.0000000000000
17,0.2063375600765,3.1247633014164,0.5550294889601,0.3197654163707,0.3962869068460,1000.0000000000000
18,0.2063349353113,3.1247235521343,0.5550294889601,0.3195752030059,0.3962184110517,1000.0000000000000
22,0.2063449002843,3.1248744610706,0.5550294889601,0.3191254842326,0.3960599325555,1000.0000000000000
24,0.2063558826827,3.1250407778364,0.5549118557405,0.3189537122921,0.3959505245680,1000.0000000000000
25,0.2063620694381,3.1251344696784,0.5547942225209,0.3189404151775,0.3958966870948,1000.0000000000000
26,0.2063748998801,3.1253287731019,0.5546765893013,0.3189376887880,0.3958480485277,1000.0000000000000
28,0.2063719500171,3.1252841005588,0.5546297552810,0.3189262994543,0.3958232770721,1000.0000000000000
30,0.2063731363565,3.1253020664101,0.5546297552810,0.3189248307479,0.3958230067497,1000.0000000000000
31,0.2063726940049,3.1252953674639,0.5546297552810,0.3183557920693,0.3956196838605,1000.0000000000000
34,0.2063661068089,3.1251956113737,0.5546765893013,0.3182507484698,0.3956008284702,1000.0000000000000
35,0.2063702163409,3.1252578458729,0.5546765893013,0.3181541793604,0.3955672201166,1000.0000000000000
36,0.2063628582083,3.1251464147658,0.5546765893013,0.3181420461228,0.3955613100747,1000.0000000000000
37,0.2063648393799,3.1251764175070,0.5546765893013,0.3180534003853,0.3955300754196,1000.0000000000000
38,0.2063646211304,3.1251731123502,0.5546765893013,0.3175968881995,0.3953669885855,1000.0000000000000
39,0.2063647654603,3.1251752980725,0.5546765893013,0.3175442107564,0.3953482061408,1000.0000000000000
40,0.2063724985622,3.1252924076914,0.5545589560816,0.3174984668402,0.3952831118841,1000.0000000000000
41,0.2063779808876,3.1253754316897,0.5544413228620,0.3174439998734,0.3952144199430,1000.0000000000000
42,0.2063848914938,3.1254800854854,0.5543236896424,0.3168620956135,0.3949576636002,1000.0000000000000
43,0.2063796423522,3.1254005928076,0.5542768556222,0.3168143900639,0.3949194293649,1000.0000000000000
46,0.2063912964979,3.1255770824731,0.5541123883823,0.3168182534382,0.3948528204985,1000.0000000000000
49,0.2063858424757,3.1254944870954,0.5541123883823,0.3165953850661,0.3947720559322,1000.0000000000000
55,0.2063770143091,3.1253607938849,0.5541363535615,0.3163685797368,0.3946994330700,1000.0000000000000
56,0.2063827637051,3.1254478623835,0.5541363535615,0.3163193953553,0.3946830992329,1000.0000000000000
57,0.2063802967786,3.1254105034015,0.5541363535615,0.3162786368262,0.3946680139883,1000.0000000000000
58,0.2063764988506,3.1253529878135,0.5541831875817,0.3161616355988,0.3946454857169,1000.0000000000000
59,0.2063771057267,3.1253621783074,0.5540655543621,0.3161616874821,0.3945952200545,1000.0000000000000
60,0.2063837475510,3.1254627616853,0.5540655543621,0.3159202991236,0.3945104331745,1000.0000000000000
62,0.2063819898828,3.1254361436658,0.5540187203419,0.3159646844520,0.3945058367114,1000.0000000000000
63,0.2063847913517,3.1254785689397,0.5540655543621,0.3156499116219,0.3944140898812,1000.0000000000000
64,0.2063898251584,3.1255548005977,0.5540655543621,0.3156354844758,0.3944100160019,1000.0000000000000
65,0.2063906373380,3.1255671001958,0.5540655543621,0.3154645827842,0.3943491537220,1000.0000000000000
66,0.2063963311654,3.1256533271673,0.5539479211425,0.3153208478369,0.3942486256811,1000.0000000000000
67,0.2063947020724,3.1256286562836,0.5539479211425,0.3150237736431,0.3941421786634,1000.0000000000000
68,0.2063934643611,3.1256099124590,0.5538302879228,0.3149662845495,0.3940709673834,1000.0000000000000
74,0.2064210327837,3.1260274069534,0.5537834539026,0.3149954904771,0.3940672338680,1000.0000000000000
75,0.2064255691718,3.1260961057350,0.5537834539026,0.3148672945237,0.3940224216821,1000.0000000000000
77,0.2064285303547,3.1261409497065,0.5537834539026,0.3147139019671,0.3939682731654,1000.0000000000000
78,0.2064251889700,3.1260903479827,0.5537834539026,0.3146558236525,0.3939468148991,1000.0000000000000
79,0.2064303596796,3.1261686528906,0.5536658206830,0.3146494715955,0.3938952400796,1000.0000000000000
80,0.2064303524725,3.1261685437457,0.5536658206830,0.3146487079231,0.3938949657951,1000.0000000000000
88,0.2064361510896,3.1262563576458,0.5535481874634,0.3147167358479,0.3938700898063,980.0000000000000
89,0.2064363879198,3.1262599441888,0.5535481874634,0.3147099599008,0.3938677205746,980.0000000000000
90,0.2064350824021,3.1262401735084,0.5535481874634,0.3143861093163,0.3937517798977,980.0000000000000
91,0.2064425145960,3.1263527261955,0.5535013534431,0.3143999756212,0.3937382530395,980.0000000000000
92,0.2064440544779,3.1263760460724,0.5535013534431,0.3142559806475,0.3936871562378,980.0000000000000
93,0.2064461736324,3.1264081384174,0.5535013534431,0.3141999410570,0.3936675962029,980.0000000000000
95,0.2064624248421,3.1266542457367,0.5535013534431,0.3141350969658,0.3936479200010,980.0000000000000
98,0.2064589494170,3.1266016141129,0.5535013534431,0.3138823778665,0.3935569184459,980.0000000000000
99,0.2064596241448,3.1266118321484,0.5535013534431,0.3138755021371,0.3935546074128,980.0000000000000
100,0.2064675965983,3.1267325664937,0.5534545194229,0.3138854332585,0.3935397909018,980.0000000000000
101,0.2064755783474,3.1268534416097,0.5534545194229,0.3137667494336,0.3934991141962,980.0000000000000
102,0.2064770425874,3.1268756159708,0.5534545194229,0.3136569577872,0.3934602166597,980.0000000000000
103,0.2064741676465,3.1268320780435,0.5534076854027,0.3136401641134,0.3934335311373,980.0000000000000
104,0.2064782129594,3.1268933400117,0.5534076854027,0.3135544611264,0.3934037897804,980.0000000000000
106,0.2064757784529,3.1268564719949,0.5533368862033,0.3136155670347,0.3933947491251,980.0000000000000
107,0.2064811679728,3.1269380905529,0.5533368862033,0.3130629256441,0.3931985320970,980.0000000000000
108,0.2064811324336,3.1269375523491,0.5533368862033,0.3129958413616,0.3931745658092,980.0000000000000
110,0.2064715216802,3.1267920076916,0.5533368862033,0.3129333624922,0.3931501924801,980.0000000000000
113,0.2064774505525,3.1268817941690,0.5532900521830,0.3129041675801,0.3931209644755,980.0000000000000
114,0.2064746927961,3.1268400308752,0.5532900521830,0.3127703622223,0.3930725858999,980.0000000000000
115,0.2064810311073,3.1269360178698,0.5532900521830,0.3127654376392,0.3930721853297,980.0000000000000
116,0.2064880075149,3.1270416681569,0.5532432181628,0.3127175543014,0.3930365073592,980.0000000000000
117,0.2064925910405,3.1271110807865,0.5532432181628,0.3123301294768,0.3928991235345,980.0000000000000
119,0.2064894357572,3.1270632973703,0.5532432181628,0.3122237052389,0.3928604387459,980.0000000000000
122,0.2064969619704,3.1271772738794,0.5530787509230,0.3120049505734,0.3927134388797,980.0000000000000
123,0.2065107432937,3.1273859773909,0.5530787509230,0.3119662599531,0.3927025739417,980.0000000000000
