0,0.2063240533919,3.124558757017,0.5553584234398,0.3201241934734,0.3965531191558,1000
1,0.2063299153572,3.124647530258,0.5553584234398,0.3199591486822,0.396495430723,1000.0000000000000
2,0.2063255692547,3.1245817131488,0.5553584234398,0.3198813976049,0.3964667311734,1000.0000000000000
6,0.2063615615291,3.1251267779360,0.5553115894196,0.3199050120805,0.3964628058219,1000.0000000000000
7,0.2063621994955,3.1251364392598,0.5553115894196,0.3198210438611,0.3964329538793,1000.0000000000000
8,0.2063666186344,3.1252033624277,0.5553115894196,0.3196489166935,0.3963724268492,1000.0000000000000
9,0.2063683998320,3.1252303367738,0.5551939562000,0.3194215615779,0.3962411960418,1000.0000000000000
10,0.2063536447090,3.1250068860998,0.5551939562000,0.3193505025562,0.3962126560077,1000.0000000000000
16,0.2063540845304,3.1250135467282,0.5549586897607,0.3186920437646,0.3958767579270,1000.0000000000000
20,0.2063550362191,3.1250279590439,0.5549118557405,0.3186070384730,0.3958265311047,1000.0000000000000
21,0.2063506369299,3.1249613364792,0.5548650217203,0.3186428191079,0.3958182954751,1000.0000000000000
24,0.2063479751019,3.1249210259194,0.5548650217203,0.3183292529373,0.3957057371653,1000.0000000000000
25,0.2063535507963,3.1250054638925,0.5548650217203,0.3183088625649,0.3956996496811,1000.0000000000000
26,0.2063642071842,3.1251668435744,0.5548650217203,0.3180875978454,0.3956229100787,1000.0000000000000
27,0.2063716740101,3.1252799207264,0.5548650217203,0.3180734994600,0.3956194749752,1000.0000000000000
30,0.2063906143321,3.1255667517960,0.5548181877000,0.3180152755404,0.3955826676356,1000.0000000000000
32,0.2063854305411,3.1254882487842,0.5547005544804,0.3180864526414,0.3955565629795,1000.0000000000000
34,0.2063945583663,3.1256264800064,0.5546537204602,0.3176812088909,0.3953937173082,1000.0000000000000
36,0.2063892906143,3.1255467054941,0.5545360872406,0.3177514665345,0.3953672662827,1000.0000000000000
38,0.2064011126310,3.1257257373875,0.5545360872406,0.3177293941203,0.3953619165670,1000.0000000000000
40,0.2064011900742,3.1257269101818,0.5544184540209,0.3177668094651,0.3953248815481,1000.0000000000000
41,0.2064004687943,3.1257159871647,0.5544184540209,0.3176973010391,0.3952999025503,1000.0000000000000
42,0.2064068297247,3.1258123167023,0.5544184540209,0.3176187990668,0.3952732291881,1000.0000000000000
43,0.2064087784512,3.1258418280971,0.5544184540209,0.3176053330796,0.3952688374913,1000.0000000000000
44,0.2064157990994,3.1259481483609,0.5543008208013,0.3175473710573,0.3951992269566,1000.0000000000000
45,0.2064186388208,3.1259911529268,0.5541831875817,0.3173867225328,0.3950920467583,1000.0000000000000
46,0.2064228714437,3.1260552515061,0.5540655543621,0.3173932770705,0.3950448804183,1000.0000000000000
49,0.2064439556389,3.1263745492601,0.5540187203419,0.3172573365908,0.3949807765658,1000.0000000000000
50,0.2064458884994,3.1264038203805,0.5539010871222,0.3172721247030,0.3949360579819,1000.0000000000000
51,0.2064489677965,3.1264504530659,0.5537834539026,0.3171762760817,0.3948520719438,1000.0000000000000
52,0.2064533198736,3.1265163606540,0.5537834539026,0.3171530946609,0.3948447254529,1000.0000000000000
53,0.2064505775807,3.1264748315388,0.5537834539026,0.3170594574994,0.3948106959753,1000.0000000000000
54,0.2064665857819,3.1267172587515,0.5537834539026,0.3170054432216,0.3947948354906,1000.0000000000000
55,0.2064711691078,3.1267866683575,0.5537366198824,0.3170326933646,0.3947854781029,1000.0000000000000
64,0.2065175408395,3.1274889190069,0.5534784846021,0.3172307352416,0.3947555147385,1000.0000000000000
65,0.2065246119562,3.1275960035622,0.5534784846021,0.3171148686760,0.3947156490615,1000.0000000000000
67,0.2065170099166,3.1274808787418,0.5533608513824,0.3170597012358,0.3946439031588,1000.0000000000000
71,0.2065295324727,3.1276705195615,0.5532900521830,0.3170421327859,0.3946099696033,1000.0000000000000
72,0.2065344154436,3.1277444669707,0.5532900521830,0.3169032485184,0.3945614144301,1000.0000000000000
73,0.2065199928107,3.1275260515066,0.5532900521830,0.3167201202835,0.3944929209248,1000.0000000000000
74,0.2065233256350,3.1275765235928,0.5533368862033,0.3166160269852,0.3944765306465,1000.0000000000000
75,0.2065270987134,3.1276336628602,0.5532192529837,0.3166050821640,0.3944230160616,1000.0000000000000
77,0.2065231975669,3.1275745841382,0.5533368862033,0.3163515991029,0.3943820646739,1000.0000000000000
78,0.2065307016694,3.1276882258031,0.5533837202235,0.3161971979000,0.3943486011321,1000.0000000000000
79,0.2065304097763,3.1276838053930,0.5533837202235,0.3161128786807,0.3943184245767,1000.0000000000000
80,0.2065310798094,3.1276939523332,0.5532660870039,0.3160589680272,0.3942489001134,1000.0000000000000
81,0.2065361518169,3.1277707625023,0.5531484537843,0.3160721182002,0.3942042692255,1000.0000000000000
82,0.2065388837794,3.1278121351731,0.5530308205646,0.3159270719606,0.3941026381806,1000.0000000000000
83,0.2065352645361,3.1277573255754,0.5530308205646,0.3159276321139,0.3941020626833,1000.0000000000000
86,0.2065333583918,3.1277284590437,0.5529839865444,0.3158761683200,0.3940632025744,980.0000000000000
87,0.2065440233358,3.1278899682996,0.5528663533248,0.3154007423789,0.3938452787036,980.0000000000000
89,0.2065552277390,3.1280596470913,0.5528195193046,0.3154442755313,0.3938431554786,980.0000000000000
92,0.2065692550818,3.1282720763057,0.5528195193046,0.3149275979984,0.3936616336475,980.0000000000000
94,0.2065699964109,3.1282833029487,0.5526550520647,0.3150208871026,0.3936246240810,980.0000000000000
95,0.2065627673948,3.1281738271741,0.5527018860849,0.3149355139800,0.3936126563281,980.0000000000000
96,0.2065625838251,3.1281710472055,0.5527018860849,0.3148660240137,0.3935877991467,980.0000000000000
97,0.2065583681148,3.1281072047490,0.5525842528653,0.3145902203213,0.3934379802245,980.0000000000000
98,0.2065625341171,3.1281702944307,0.5524666196457,0.3141383834281,0.3932270883833,980.0000000000000
99,0.2065689790013,3.1282678953606,0.5524666196457,0.3135065989398,0.3930028321127,980.0000000000000
100,0.2065722638261,3.1283176405455,0.5523489864261,0.3134569320442,0.3929353835897,980.0000000000000
101,0.2065823667830,3.1284706391020,0.5523489864261,0.3134271938850,0.3929269277379,980.0000000000000
105,0.2065535429586,3.1280341328802,0.5524666196457,0.3132100051646,0.3928935980409,980.0000000000000
106,0.2065641107510,3.1281941708773,0.5524666196457,0.3131011310123,0.3928569789420,980.0000000000000
109,0.2065757618675,3.1283706146687,0.5524197856255,0.3127679331840,0.3927204046625,980.0000000000000
110,0.2065789779326,3.1284193185598,0.5524197856255,0.3126100418730,0.3926647040654,980.0000000000000
111,0.2065809575006,3.1284492970160,0.5524197856255,0.3125951156822,0.3926597974761,980.0000000000000
112,0.2065834118562,3.1284864656260,0.5524197856255,0.3124711751669,0.3926160589397,980.0000000000000
113,0.2065885829385,3.1285647761775,0.5524197856255,0.3124229289926,0.3925999362522,980.0000000000000
114,0.2065912274188,3.1286048240247,0.5524197856255,0.3121053200759,0.3924870711706,980.0000000000000
115,0.2065897088108,3.1285818263180,0.5524197856255,0.3120659541549,0.3924726864971,980.0000000000000
116,0.2065928442800,3.1286293096707,0.5523021524058,0.3120268992959,0.3924089959825,980.0000000000000
117,0.2065923667170,3.1286220774858,0.5521845191862,0.3117585751610,0.3922626493624,980.0000000000000
121,0.2065826357919,3.1284747129567,0.5521376851660,0.3117400399682,0.3922338727295,980.0000000000000
122,0.2065789252465,3.1284185206845,0.5521376851660,0.3116182512943,0.3921895816576,980.0000000000000
123,0.2065802824248,3.1284390737091,0.5520200519464,0.3114700328838,0.3920865230980,980.0000000000000
125,0.2065756888775,3.1283695093126,0.5519263839059,0.3115597370220,0.3920774325127,980.0000000000000
126,0.2065721978125,3.1283166408390,0.5519732179261,0.3114152362730,0.3920451487400,980.0000000000000
127,0.2065783679207,3.1284100805777,0.5519732179261,0.3107124812825,0.3917954869808,980.0000000000000
128,0.2065774402342,3.1283960317507,0.5519263839059,0.3106408138491,0.3917496209560,980.0000000000000
129,0.2065835403497,3.1284884115243,0.5518087506863,0.3101217704797,0.3915151412547,980.0000000000000
130,0.2065691936789,3.1282711464240,0.5517619166661,0.3099496609814,0.3914305275671,980.0000000000000
133,0.2065831626820,3.1284826921466,0.5516911174667,0.3097320990660,0.3913254777269,980.0000000000000
134,0.2065768273655,3.1283867505051,0.5516911174667,0.3091839076244,0.3911283375013,980.0000000000000
139,0.2065757478319,3.1283704021142,0.5515266502268,0.3092721964596,0.3910891519396,980.0000000000000
141,0.2065850632073,3.1285114735848,0.5515734842470,0.3091302347237,0.3910605191945,980.0000000000000
143,0.2065837225668,3.1284911710088,0.5515734842470,0.3091272538520,0.3910591673173,980.0000000000000
144,0.2065924463720,3.1286232837767,0.5515734842470,0.3090392161739,0.3910295946763,980.0000000000000
146,0.2066013154574,3.1287575966606,0.5515734842470,0.3089260344973,0.3909910731672,980.0000000000000
148,0.2066049150646,3.1288121088894,0.5515734842470,0.3086991670299,0.3909108204161,980.0000000000000
149,0.2066016251501,3.1287622866273,0.5515734842470,0.3084525578184,0.3908220407160,980.0000000000000
154,0.2065885288568,3.1285639571682,0.5515026850477,0.3084249529940,0.3907790329876,980.0000000000000
155,0.2065879758522,3.1285555825006,0.5515026850477,0.3079608354890,0.3906131582348,980.0000000000000
156,0.2065897992724,3.1285831962641,0.5515495190679,0.3078288041160,0.3905864666289,980.0000000000000
159,0.2065986536963,3.1287172871139,0.5514318858483,0.3076364389324,0.3904692479172,980.0000000000000
160,0.2066044342278,3.1288048271275,0.5513142526286,0.3073919902900,0.3903327692789,980.0000000000000
161,0.2066118146301,3.1289165954851,0.5511966194090,0.3073397247734,0.3902652703008,980.0000000000000
163,0.2066096056854,3.1288831433626,0.5513142526286,0.3067451670317,0.3901028691419,980.0000000000000
164,0.2066180279747,3.1290106899929,0.5513142526286,0.3063136817204,0.3899505720213,980.0000000000000
165,0.2066194608075,3.1290323887239,0.5513142526286,0.3060379025830,0.3898523865078,980.0000000000000
167,0.2066140362281,3.1289502392280,0.5513610866489,0.3045437240568,0.3893376606330,980.0000000000000
171,0.2066297813547,3.1291886824557,0.5513610866489,0.3041512050952,0.3892008492452,960.4000000000000
173,0.2066423188648,3.1293785497364,0.5513610866489,0.3039289483996,0.3891241584633,960.4000000000000
174,0.2066523441659,3.1295303722789,0.5513610866489,0.3038991769460,0.3891156740801,960.4000000000000
175,0.2066638453505,3.1297045455103,0.5513610866489,0.3038527272591,0.3891015494458,960.4000000000000
177,0.2066755892790,3.1298823948394,0.5512434534293,0.3038475497692,0.3890518026613,960.4000000000000
179,0.2066803976370,3.1299552123172,0.5512434534293,0.3037937615206,0.3890336229350,960.4000000000000
180,0.2066791404425,3.1299361734416,0.5512434534293,0.3035422860190,0.3889435408570,960.4000000000000
181,0.2066831984075,3.1299976270127,0.5511258202096,0.3034850505597,0.3888735549485,960.4000000000000
182,0.2066718940975,3.1298264352389,0.5511258202096,0.3034181254669,0.3888472307775,960.4000000000000
183,0.2066731699183,3.1298457561898,0.5511258202096,0.3033860450095,0.3888360468615,960.4000000000000
184,0.2066878862796,3.1300686198590,0.5511258202096,0.3033129087846,0.3888130802871,960.4000000000000
187,0.2067007575008,3.1302635408403,0.5510081869900,0.3032415627029,0.3887399434255,960.4000000000000
188,0.2067014247443,3.1302736455344,0.5508905537704,0.3031859681944,0.3886698169877,960.4000000000000
189,0.2066870679243,3.1300562267371,0.5508905537704,0.3030984399528,0.3886354804400,960.4000000000000
190,0.2066772691302,3.1299078344027,0.5509373877906,0.3027827338861,0.3885407002546,960.4000000000000
191,0.2066799075865,3.1299477910232,0.5509842218109,0.3026600594519,0.3885175250632,960.4000000000000
192,0.2066799017573,3.1299477027449,0.5509842218109,0.3019651810662,0.3882693529620,960.4000000000000
193,0.2066755829872,3.1298822995577,0.5509842218109,0.3019546644009,0.3882646715594,960.4000000000000
