0,0.2063240533919,3.124558757017,0.5553584234398,0.3201241934734,0.3965531191558,1000
1,0.2063260539778,3.124589053767,0.5553584234398,0.3200730867564,0.3965352954539,1000.0000000000000
2,0.2063308162815,3.1246611738000,0.5554052574601,0.3195001260227,0.3963517588370,1000.0000000000000
4,0.2063502258792,3.1249551115517,0.5552876242404,0.3191319066199,0.3961739968700,1000.0000000000000
6,0.2063719997373,3.1252848535191,0.5552876242404,0.3190180636568,0.3961380044956,1000.0000000000000
7,0.2063703525825,3.1252599091069,0.5552876242404,0.3189984590679,0.3961306498950,1000.0000000000000
9,0.2063747081482,3.1253258695265,0.5552168250411,0.3189523530109,0.3960847742675,1000.0000000000000
14,0.2063986780619,3.1256888684224,0.5553104930815,0.3188227068086,0.3960837519084,1000.0000000000000
15,0.2063991140506,3.1256954710090,0.5551928598619,0.3187316340912,0.3960009051271,1000.0000000000000
16,0.2063939959239,3.1256179624139,0.5551460258417,0.3187484896525,0.3959857565060,1000.0000000000000
17,0.2064015098501,3.1257317528496,0.5551460258417,0.3186834325992,0.3959641319712,1000.0000000000000
18,0.2064064768897,3.1258069733913,0.5550283926220,0.3185348672329,0.3958617230404,1000.0000000000000
20,0.2064171988454,3.1259693460277,0.5550283926220,0.3181156483631,0.3957142995774,1000.0000000000000
23,0.2064202697538,3.1260158516759,0.5550283926220,0.3180702318673,0.3956987374522,1000.0000000000000
24,0.2064161120403,3.1259528875176,0.5550283926220,0.3178301472522,0.3956121020082,1000.0000000000000
27,0.2064367388281,3.1262652583228,0.5549347245816,0.3173923050639,0.3954200063781,1000.0000000000000
28,0.2064412368857,3.1263333766288,0.5549815586018,0.3172998786426,0.3954080325343,1000.0000000000000
29,0.2064399375338,3.1263136993248,0.5549815586018,0.3169009460179,0.3952652781644,1000.0000000000000
30,0.2064378277861,3.1262817494350,0.5550283926220,0.3166307516356,0.3951883998049,1000.0000000000000
31,0.2064412965191,3.1263342797136,0.5549815586018,0.3166358166337,0.3951708803097,1000.0000000000000
32,0.2064528904139,3.1265098569428,0.5549815586018,0.3166288573618,0.3951708792616,1000.0000000000000
33,0.2064568693968,3.1265701144147,0.5549815586018,0.3165234835787,0.3951340984068,1000.0000000000000
34,0.2064608621047,3.1266305797368,0.5548639253822,0.3164577552729,0.3950610653551,1000.0000000000000
35,0.2064612539803,3.1266365142775,0.5548639253822,0.3159879597973,0.3948933652300,1000.0000000000000
36,0.2064497614232,3.1264624717003,0.5547462921626,0.3159912976179,0.3948416803810,1000.0000000000000
43,0.2064850128999,3.1269963178928,0.5544173576829,0.3161582505062,0.3947678883806,1000.0000000000000
44,0.2064711850501,3.1267869097870,0.5544173576829,0.3161085789392,0.3947471854246,1000.0000000000000
45,0.2064674094726,3.1267297326739,0.5543705236626,0.3161423368029,0.3947383610291,1000.0000000000000
50,0.2064529153259,3.1265102342088,0.5544881568823,0.3158821905398,0.3946927599979,1000.0000000000000
54,0.2064488308179,3.1264483786716,0.5544881568823,0.3157892949051,0.3946587077338,1000.0000000000000
55,0.2064510031852,3.1264812768676,0.5544881568823,0.3151176531863,0.3944193011986,1000.0000000000000
57,0.2064512763848,3.1264854141859,0.5543236896424,0.3150270209008,0.3943165051081,1000.0000000000000
59,0.2064576078695,3.1265812977994,0.5542060564228,0.3150566796064,0.3942780400126,1000.0000000000000
60,0.2064638436463,3.1266757320190,0.5542060564228,0.3150237039531,0.3942675992315,1000.0000000000000
61,0.2064624886639,3.1266552122501,0.5540884232032,0.3149812891330,0.3942017464911,1000.0000000000000
