0,0.2063240533919,3.124558757017,0.5553584234398,0.3201241934734,0.3965531191558,100000
1,0.2063326479136,3.124688911924,0.5553584234398,0.3200741188345,0.3965370770395,100000.0000000000000
5,0.2063328786300,3.1246924058793,0.5553115894196,0.3200356633242,0.3965033206449,100000.0000000000000
6,0.2063400882645,3.1248015881400,0.5551939562000,0.3196801391991,0.3963274784278,100000.0000000000000
7,0.2063438395707,3.1248583976890,0.5551471221798,0.3197211491384,0.3963228569630,100000.0000000000000
8,0.2063566892220,3.1250529920178,0.5551002881595,0.3197418826702,0.3963129435696,100000.0000000000000
9,0.2063505762245,3.1249604171595,0.5551002881595,0.3195529886834,0.3962441715034,100000.0000000000000
10,0.2063579862287,3.1250726338070,0.5551002881595,0.3195026670584,0.3962277873525,100000.0000000000000
12,0.2063643044232,3.1251683161559,0.5551002881595,0.3192399619048,0.3961353179822,100000.0000000000000
14,0.2063765886844,3.1253543482507,0.5550534541393,0.3190798496671,0.3960606956589,100000.0000000000000
15,0.2063847425401,3.1254778297388,0.5549358209197,0.3189225085960,0.3959558354370,100000.0000000000000
111,0.2065868762111,3.1285389296040,0.5539718863216,0.3198772537299,0.3959270153723,98900.0000000000000
112,0.2065859364458,3.1285246978555,0.5539250523014,0.3197949372055,0.3958773435124,98900.0000000000000
114,0.2065935173182,3.1286395021201,0.5539250523014,0.3195523543583,0.3957923312539,98900.0000000000000
116,0.2066077371387,3.1288548462053,0.5539718863216,0.3194649790997,0.3957842446317,98900.0000000000000
117,0.2066084754464,3.1288660270918,0.5540187203419,0.3191494803548,0.3956917964403,98900.0000000000000
119,0.2066186446386,3.1290200287120,0.5539479211425,0.3190038067933,0.3956116067669,98900.0000000000000
120,0.2066199396820,3.1290396407702,0.5539010871222,0.3189872459037,0.3955858979498,98900.0000000000000
121,0.2066247687265,3.1291127715233,0.5539010871222,0.3188187143383,0.3955267429003,98900.0000000000000
122,0.2066330414738,3.1292380534983,0.5539010871222,0.3187682307061,0.3955104857632,98900.0000000000000
123,0.2066338157978,3.1292497798133,0.5537834539026,0.3186954409227,0.3954342411016,98900.0000000000000
126,0.2066433384194,3.1293939898079,0.5537834539026,0.3185913146852,0.3953990937214,98900.0000000000000
128,0.2066375993093,3.1293070770781,0.5537366198824,0.3185255427513,0.3953543022128,98900.0000000000000
130,0.2066462561712,3.1294381760611,0.5537366198824,0.3182000545053,0.3952399114524,98900.0000000000000
131,0.2066564305550,3.1295922563040,0.5536897858621,0.3181425687496,0.3952014893276,98900.0000000000000
134,0.2066704665522,3.1298048165804,0.5535721526425,0.3176432888294,0.3949757685471,98900.0000000000000
135,0.2066765325548,3.1298966797507,0.5535721526425,0.3173840181404,0.3948844717301,98900.0000000000000
136,0.2066735922290,3.1298521516378,0.5535721526425,0.3171864573721,0.3948132842431,98900.0000000000000
137,0.2066732710381,3.1298472875430,0.5536189866628,0.3169250428154,0.3947399247977,98900.0000000000000
138,0.2066751628280,3.1298759366927,0.5536189866628,0.3165906528759,0.3946209052029,98900.0000000000000
139,0.2066758138443,3.1298857956423,0.5536189866628,0.3165335365056,0.3946006460027,98900.0000000000000
140,0.2066867135705,3.1300508604253,0.5536189866628,0.3163742812373,0.3945461047768,98900.0000000000000
141,0.2066973100955,3.1302113335466,0.5536189866628,0.3161416074086,0.3944652776647,98900.0000000000000
142,0.2067064699615,3.1303500499935,0.5535013534431,0.3160836359034,0.3943961221472,98900.0000000000000
143,0.2067057305460,3.1303388523300,0.5535013534431,0.3160825867007,0.3943955889857,98900.0000000000000
144,0.2067062032956,3.1303460116219,0.5533837202235,0.3160574216366,0.3943362885294,98900.0000000000000
145,0.2067100906617,3.1304048816538,0.5533368862033,0.3160363206552,0.3943095137486,98900.0000000000000
146,0.2067090028649,3.1303884081264,0.5533368862033,0.3157174121860,0.3941953847675,98900.0000000000000
147,0.2067135115310,3.1304566870887,0.5532192529837,0.3157083069427,0.3941426848006,98900.0000000000000
149,0.2067323258326,3.1307416097133,0.5531016197640,0.3156383944483,0.3940713334517,98900.0000000000000
150,0.2067434711968,3.1309103944220,0.5531016197640,0.3156015192848,0.3940605520428,98900.0000000000000
158,0.2067527453087,3.1310508410015,0.5530547857438,0.3156192015866,0.3940487827373,98900.0000000000000
159,0.2067591755801,3.1311482206356,0.5530547857438,0.3153432815250,0.3939516177734,98900.0000000000000
160,0.2067634329178,3.1312126934946,0.5530547857438,0.3148708580643,0.3937838073955,98900.0000000000000
162,0.2067670898020,3.1312680731250,0.5529839865444,0.3146746209740,0.3936841638245,98900.0000000000000
163,0.2067735066813,3.1313652499496,0.5529839865444,0.3144207785378,0.3935948808571,98900.0000000000000
165,0.2067835530655,3.1315173917730,0.5528663533248,0.3144159314345,0.3935448883084,98900.0000000000000
166,0.2067946564558,3.1316855408313,0.5527487201052,0.3143814159625,0.3934845264151,98900.0000000000000
168,0.2068064015592,3.1318634079538,0.5527487201052,0.3143676044210,0.3934821105295,98900.0000000000000
169,0.2068098434187,3.1319155312627,0.5526310868856,0.3143599168187,0.3934296882617,98900.0000000000000
170,0.2068107345915,3.1319290271288,0.5525134536659,0.3142185317587,0.3933289703260,98900.0000000000000
171,0.2068077916214,3.1318844589703,0.5525134536659,0.3141017657967,0.3932866375602,97812.1000000000058
172,0.2068082434262,3.1318913010742,0.5525134536659,0.3139290190177,0.3932250390973,97812.1000000000058
173,0.2068113556170,3.1319384318998,0.5525134536659,0.3137977927506,0.3931788394714,97812.1000000000058
174,0.2068141434430,3.1319806505665,0.5525134536659,0.3137617984136,0.3931665817423,97812.1000000000058
175,0.2068061626099,3.1318597893212,0.5524666196457,0.3137739767155,0.3931491492344,97812.1000000000058
181,0.2068293571995,3.1322110467577,0.5523729516052,0.3138141866034,0.3931283367319,97812.1000000000058
183,0.2068301183308,3.1322225732826,0.5524197856255,0.3131947575902,0.3929273469069,97812.1000000000058
184,0.2068324329485,3.1322576257101,0.5524197856255,0.3129126165194,0.3928270782282,97812.1000000000058
185,0.2068297975738,3.1322177157586,0.5524197856255,0.3129113691097,0.3928260680016,97812.1000000000058
186,0.2068268666763,3.1321733304277,0.5523729516052,0.3128991076790,0.3928009891468,97812.1000000000058
187,0.2068338146150,3.1322785495828,0.5523729516052,0.3126690311435,0.3927203077996,97812.1000000000058
192,0.2068454775921,3.1324551729903,0.5522084843654,0.3128057871634,0.3927011624847,97812.1000000000058
193,0.2068515652690,3.1325473643945,0.5522553183856,0.3122390269066,0.3925201243324,97812.1000000000058
194,0.2068580363605,3.1326453622055,0.5521376851660,0.3121909147108,0.3924539138308,97812.1000000000058
195,0.2068590699426,3.1326610147082,0.5521376851660,0.3120177228108,0.3923922810627,97812.1000000000058
202,0.2068630381670,3.1327211092548,0.5520908511458,0.3119612183388,0.3923528795050,97812.1000000000058
203,0.2068620569814,3.1327062502408,0.5520908511458,0.3118404881794,0.3923095513368,97812.1000000000058
206,0.2068625213242,3.1327132822187,0.5520908511458,0.3117737390938,0.3922858118797,97812.1000000000058
207,0.2068667127856,3.1327767574516,0.5520908511458,0.3117595768581,0.3922816521087,97812.1000000000058
208,0.2068735029641,3.1328795874974,0.5519732179261,0.3117365729923,0.3922244772436,97812.1000000000058
209,0.2068723729213,3.1328624741984,0.5519732179261,0.3117209027477,0.3922186385757,97812.1000000000058
210,0.2068734517608,3.1328788120783,0.5519732179261,0.3114461176887,0.3921207322345,97812.1000000000058
211,0.2068698474157,3.1328242280970,0.5519732179261,0.3113477061289,0.3920848128892,97812.1000000000058
213,0.2068686993936,3.1328068425216,0.5520200519464,0.3111823260999,0.3920455743113,97812.1000000000058
214,0.2068799478540,3.1329771885137,0.5520200519464,0.3106874311956,0.3918712365156,97812.1000000000058
215,0.2068765050387,3.1329250507305,0.5520200519464,0.3104063796015,0.3917701232001,97812.1000000000058
216,0.2068795929572,3.1329718139771,0.5519024187268,0.3103643835862,0.3917053720831,97812.1000000000058
239,0.2068789151766,3.1329615497093,0.5516911174667,0.3008836624739,0.3882286973357,97812.1000000000058
240,0.2068852107593,3.1330568896269,0.5516911174667,0.3008718637756,0.3882258325683,97812.1000000000058
242,0.2068754582785,3.1329091986575,0.5517379514869,0.3002727953849,0.3880298614772,97812.1000000000058
243,0.2068819301533,3.1330072083313,0.5517847855071,0.2999774708647,0.3879458469876,97812.1000000000058
244,0.2068900373098,3.1331299826103,0.5517847855071,0.2999500717057,0.3879377988215,97812.1000000000058
245,0.2068971054394,3.1332370219299,0.5517379514869,0.2999479579162,0.3879184867729,97812.1000000000058
247,0.2069110005516,3.1334474486536,0.5516911174667,0.2998134377957,0.3878533496738,97812.1000000000058
248,0.2069060053522,3.1333718016611,0.5516911174667,0.2997957998745,0.3878459800164,97812.1000000000058
249,0.2069131714239,3.1334803242097,0.5516911174667,0.2995815990096,0.3877710152943,97812.1000000000058
251,0.2069054863297,3.1333639416157,0.5516442834464,0.2995859719201,0.3877508585191,97812.1000000000058
252,0.2069141574848,3.1334952570550,0.5516442834464,0.2992124338207,0.3876193101597,97812.1000000000058
253,0.2069158501273,3.1335208903288,0.5516442834464,0.2990859055982,0.3875744842180,97812.1000000000058
254,0.2069036334513,3.1333358817403,0.5516442834464,0.2990567678565,0.3875614600225,97812.1000000000058
255,0.2068960629051,3.1332212338537,0.5516442834464,0.2989602802574,0.3875253779058,97812.1000000000058
256,0.2068969267076,3.1332343152264,0.5516442834464,0.2987349987785,0.3874451053353,96736.1669000000111
257,0.2068989261474,3.1332645946199,0.5516442834464,0.2986072081264,0.3873998942681,96736.1669000000111
258,0.2069003293794,3.1332858450777,0.5516442834464,0.2985964074345,0.3873963375707,96736.1669000000111
259,0.2069025015345,3.1333187400609,0.5515974494262,0.2969096480986,0.3867743172610,96736.1669000000111
178521,0.2552400766687,3.8653400007706,0.0083753287747,0.8572013547105,0.3644270697291,0.0000004760574
178648,0.2552396074287,3.8653328946286,0.0083831573999,0.8569975168888,0.3643575250807,0.0000004760574
178757,0.2552467901058,3.8654416686487,0.0083831573999,0.8569563726278,0.3643443698469,0.0000004708207
178758,0.2552502427786,3.8654939557131,0.0084299914201,0.8568546249306,0.3643288429650,0.0000004708207
178769,0.2552590840894,3.8656278479788,0.0084299914201,0.8568029696900,0.3643122892314,0.0000004708207
178828,0.2552634308405,3.8656936749099,0.0084768254404,0.8566014824616,0.3642613326765,0.0000004708207
178877,0.2552620196593,3.8656723040680,0.0084768254404,0.8565461252469,0.3642412598467,0.0000004656417
178911,0.2552568375657,3.8655938267615,0.0084768254404,0.8565383638327,0.3642373774645,0.0000004656417
179214,0.2552508800676,3.8655036067773,0.0084768254404,0.8565256870531,0.3642315734364,0.0000004554539
179244,0.2552391537903,3.8653260247567,0.0085236594606,0.7311488850749,0.3194717031078,0.0000004554539
179370,0.2552432984716,3.8653887915548,0.0085236594606,0.7310158555771,0.3194250807188,0.0000004504439
179543,0.2552341798565,3.8652506998092,0.0085236594606,0.7310189294466,0.3194242245404,0.0000004454891
179642,0.2552285844290,3.8651659630009,0.0085034625993,0.7310308351871,0.3194186217727,0.0000004454891
179713,0.2552281397511,3.8651592288248,0.0085034625993,0.7310132829851,0.3194122578410,0.0000004405887
179978,0.2552204438380,3.8650426823914,0.0085034625993,0.7309543101195,0.3193895469791,0.0000004357422
180224,0.2552179818369,3.8650053979986,0.0085034625993,0.7308843902685,0.3193640480321,0.0000004215203
180551,0.2552145835500,3.8649539345509,0.0085034625993,0.7308862635548,0.3193639888586,0.0000004122979
180622,0.2552161030834,3.8649769462707,0.0085034625993,0.7307570663863,0.3193181726270,0.0000004122979
180693,0.2552187203734,3.8650165823495,0.0085034625993,0.7307007065991,0.3192986049794,0.0000004122979
180787,0.2552264270872,3.8651332923493,0.0085034625993,0.7306751197147,0.3192911182450,0.0000004077626
180841,0.2552254437630,3.8651184009475,0.0085034625993,0.7306573245415,0.3192845521137,0.0000004077626
181155,0.2552239233423,3.8650953757908,0.0085034625993,0.7306440759211,0.3192794946592,0.0000003988412
181485,0.2552299593203,3.8651867842700,0.0085034625993,0.7306279399592,0.3192750252395,0.0000003901149
181889,0.2552297338769,3.8651833701682,0.0085034625993,0.7305880416001,0.3192607275162,0.0000003815796
181929,0.2552289464346,3.8651714451907,0.0085034625993,0.7305710383905,0.3192544862037,0.0000003773822
182093,0.2552323584983,3.8652231172725,0.0085034625993,0.7305456392667,0.3192461462446,0.0000003732310
182156,0.2552289601601,3.8651716530486,0.0085034625993,0.7305447663127,0.3192451062600,0.0000003732310
182167,0.2552260869322,3.8651281410623,0.0084093152552,0.7306301192731,0.3192346249067,0.0000003732310
182192,0.2552227296183,3.8650772981074,0.0083858293796,0.7306570224497,0.3192334483844,0.0000003732310
182552,0.2552208029744,3.8650481211305,0.0083963134569,0.7305998499903,0.3192171099725,0.0000003650651
182569,0.2552234503996,3.8650882135755,0.0083858128519,0.7305909499781,0.3192099984429,0.0000003650651
182606,0.2552223153431,3.8650710243495,0.0083858128519,0.7305737847877,0.3192036247914,0.0000003610494
182622,0.2552247394563,3.8651077349705,0.0083963134569,0.7305216837858,0.3191900370028,0.0000003610494
182643,0.2552328098719,3.8652299528464,0.0083963134569,0.7304642387737,0.3191712503018,0.0000003610494
182647,0.2552276438686,3.8651517192121,0.0083963134569,0.7304199694726,0.3191543328364,0.0000003610494
182706,0.2552256887177,3.8651221105262,0.0083858293796,0.7304330137384,0.3191540793659,0.0000003610494
182725,0.2552175967264,3.8649995659091,0.0083858293796,0.7304349537179,0.3191530382176,0.0000003610494
182876,0.2552320710617,3.8652187643513,0.0084223170536,0.7303619175661,0.3191456930955,0.0000003570778
183064,0.2552212706545,3.8650552036499,0.0083754830333,0.7303634256028,0.3191238455841,0.0000003531500
183111,0.2552200382235,3.8650365397906,0.0083754830333,0.7303459749385,0.3191173491117,0.0000003492653
183211,0.2552190010250,3.8650208325205,0.0083754830333,0.7303275776284,0.3191105563869,0.0000003492653
183350,0.2552238115580,3.8650936829364,0.0083754830333,0.7302694305159,0.3190908203896,0.0000003454234
183402,0.2552306482367,3.8651972171773,0.0083754830333,0.7302269505569,0.3190771139782,0.0000003454234
183406,0.2552326434053,3.8652274318872,0.0083754830333,0.7302092569215,0.3190712223588,0.0000003454234
183746,0.2552330642215,3.8652338047012,0.0083859671106,0.7301674472055,0.3190608736682,0.0000003378659
183801,0.2552402959006,3.8653433208043,0.0083754830333,0.7301253258826,0.3190428868082,0.0000003341494
183810,0.2552373710438,3.8652990269537,0.0083754830333,0.7301245764217,0.3190419923886,0.0000003341494
184003,0.2552357999161,3.8652752338923,0.0083754830333,0.7301129145608,0.3190374907680,0.0000003304737
184104,0.2552244164962,3.8651028440827,0.0083754830333,0.7301169758818,0.3190365019355,0.0000003304737
184250,0.2552223787344,3.8650719843435,0.0083981976158,0.6153891355550,0.2780715714052,0.0000003268385
184448,0.2552194251971,3.8650272561568,0.0083961591983,0.6153151038815,0.2780436250135,0.0000003232433
184633,0.2552192989005,3.8650253435287,0.0083617099419,0.6153276668767,0.2780333207669,0.0000003161710
184707,0.2552171927962,3.8649934488148,0.0083617099419,0.6153238431888,0.2780315038560,0.0000003161710
185059,0.2552174202882,3.8649968939392,0.0083617099419,0.6152711653671,0.2780127390965,0.0000003092535
185101,0.2552174674544,3.8649976082209,0.0083797141270,0.6149615390710,0.2779098844629,0.0000003092535
185190,0.2552264426389,3.8651335278631,0.0083797141270,0.6149049120837,0.2778915837927,0.0000003058517
185203,0.2552294124716,3.8651785028257,0.0083880055281,0.6148525922623,0.2778770879925,0.0000003058517
185401,0.2552267060299,3.8651375166400,0.0083886225626,0.6147947163500,0.2778561025154,0.0000003024874
185580,0.2552325359452,3.8652258045181,0.0083880055281,0.6147671942153,0.2778472580058,0.0000002991600
185981,0.2552299549903,3.8651867186966,0.0084348395483,0.5102816663470,0.2405505167140,0.0000002893959
186092,0.2552404804058,3.8653461149406,0.0084243554711,0.5102626895520,0.2405415015574,0.0000002893959
186265,0.2552347110660,3.8652587444137,0.0084348395483,0.5101716386598,0.2405122402705,0.0000002862126
186691,0.2552311091984,3.8652041979531,0.0084348395483,0.5101725189122,0.2405117828176,0.0000002768711
186813,0.2552325501102,3.8652260190325,0.0084816735686,0.5101111728433,0.2405102539970,0.0000002768711
187162,0.2552326235071,3.8652271305496,0.0084168353632,0.5101877350886,0.2405098255817,0.0000002708134
187351,0.2552374912219,3.8653008469226,0.0084168353632,0.5101165835374,0.2404854573951,0.0000002648883
187416,0.2552402868163,3.8653431832321,0.0084135463489,0.5101141814973,0.2404837890021,0.0000002648883
187471,0.2552439181507,3.8653981759378,0.0084135463489,0.5100558931444,0.2404637498763,0.0000002648883
187617,0.2552423338496,3.8653741833792,0.0084135463489,0.5100381610213,0.2404570774821,0.0000002619745
187781,0.2552280667933,3.8651581239563,0.0084719607845,0.5099634692721,0.2404523793891,0.0000002590928
187831,0.2552159954364,3.8649753160722,0.0084251267642,0.5100044746712,0.2404443657322,0.0000002590928
187995,0.2552234345281,3.8650879732181,0.0084135463489,0.5100104009128,0.2404431133030,0.0000002562428
188075,0.2552246575060,3.8651064939204,0.0084135463489,0.5099748992870,0.2404306962176,0.0000002534241
188084,0.2552253888427,3.8651175692378,0.0084135463489,0.5099309822756,0.2404151682857,0.0000002534241
188102,0.2552236088832,3.8650906136416,0.0084218377500,0.5097888825323,0.2403675904151,0.0000002534241
188367,0.2552266634472,3.8651368717701,0.0084218377500,0.5097575030976,0.2403570380235,0.0000002478794
188826,0.2552236134492,3.8650906827877,0.0084562870064,0.5096860878075,0.2403456429588,0.0000002424561
188883,0.2552283571138,3.8651625205529,0.0084562870064,0.5096589542094,0.2403369688876,0.0000002397891
188893,0.2552230084714,3.8650815210416,0.0084562870064,0.5096098080548,0.2403182705519,0.0000002397891
188924,0.2552265077042,3.8651345132076,0.0084218377500,0.5096304604570,0.2403116322784,0.0000002397891
188981,0.2552296626725,3.8651822918530,0.0083244013917,0.5096881401699,0.2402911498012,0.0000002397891
189088,0.2552370504972,3.8652941726154,0.0083186111840,0.5096135177701,0.2402636005319,0.0000002371514
189186,0.2552329069317,3.8652314227145,0.0083186111840,0.5096002541717,0.2402579756256,0.0000002371514
189366,0.2552356315802,3.8652726846238,0.0083186111840,0.5095689540124,0.2402473808505,0.0000002345427
189905,0.2552393939518,3.8653296617480,0.0083186111840,0.5094969321020,0.2402224649621,0.0000002243919
189913,0.2552448576080,3.8654124030203,0.0083186111840,0.5094691579392,0.2402137164017,0.0000002243919
189924,0.2552474017277,3.8654509310133,0.0083594842103,0.5094099272638,0.2402106247688,0.0000002243919
190243,0.2552373646221,3.8652989297032,0.0083594842103,0.5094150402123,0.2402103000135,0.0000002194824
190325,0.2552353311517,3.8652681349538,0.0083594842103,0.5094012069129,0.2402049238058,0.0000002194824
190565,0.2552366238300,3.8652877111936,0.0083594842103,0.5093207236798,0.2401764567965,0.0000002170681
190567,0.2552345049065,3.8652556223472,0.0083186111840,0.5093384133003,0.2401648034518,0.0000002170681
190737,0.2552462364862,3.8654332846673,0.0083186111840,0.5092798079693,0.2401463868864,0.0000002146803
191667,0.2552613740037,3.8656625263002,0.0083124959314,0.4152769378493,0.2065745562033,0.0000002008954
191719,0.2552596866236,3.8656369727199,0.0082009779644,0.4151145635894,0.2064684104003,0.0000002008954
191752,0.2552670226841,3.8657480695682,0.0082009779644,0.4151014460848,0.2064652975902,0.0000002008954
191768,0.2552725869150,3.8658323339387,0.0082009779644,0.4150699374327,0.2064552368354,0.0000001986856
191856,0.2552612126460,3.8656600827088,0.0081450647223,0.4151399528689,0.2064538421869,0.0000001986856
191968,0.2552694057910,3.8657841591917,0.0081450647223,0.4150842835794,0.2064357159717,0.0000001965000
192009,0.2552769056100,3.8658977359884,0.0081450647223,0.4150217984677,0.2064150069644,0.0000001943385
192013,0.2552820550596,3.8659757189367,0.0081450647223,0.4149489246577,0.2063900840572,0.0000001943385
192144,0.2552784657879,3.8659213632270,0.0081450647223,0.4148934217132,0.2063694924474,0.0000001922008
192221,0.2552729048902,3.8658371493352,0.0081489707710,0.4148618761418,0.2063587085719,0.0000001922008
192842,0.2552669333517,3.8657467167237,0.0081489707710,0.4147860042746,0.2063303318610,0.0000001838825
193026,0.2552634171387,3.8656934674106,0.0081489707710,0.3315871910829,0.1766157165326,0.0000001818598
193154,0.2552584380103,3.8656180637969,0.0081489707710,0.3315739812801,0.1766099317898,0.0000001798593
193298,0.2552503712330,3.8654959010173,0.0081489707710,0.3315148712104,0.1765870924555,0.0000001778809
193584,0.2552558850364,3.8655794017171,0.0081489707710,0.3314862867795,0.1765780652595,0.0000001759242
193674,0.2552559193411,3.8655799212251,0.0081735695124,0.3311316780564,0.1764619689557,0.0000001739890
193747,0.2552559694545,3.8655806801400,0.0081735695124,0.3311148716878,0.1764559774198,0.0000001739890
193764,0.2552517503627,3.8655167864730,0.0081735695124,0.3310417156793,0.1764289461828,0.0000001739890
193835,0.2552569532312,3.8655955783936,0.0081735695124,0.3310130077554,0.1764198082532,0.0000001720751
194093,0.2552556887081,3.8655764285340,0.0081735695124,0.3309701467195,0.1764042297712,0.0000001701823
194138,0.2552531793330,3.8655384267120,0.0080559362928,0.3310954367110,0.1763980242365,0.0000001701823
194186,0.2552580421725,3.8656120692527,0.0080091022725,0.3309897955419,0.1763412655616,0.0000001683103
194199,0.2552591130336,3.8656282863081,0.0080313375514,0.3309565012609,0.1763391336224,0.0000001683103
194216,0.2552563774310,3.8655868585106,0.0080313375514,0.3308207044759,0.1762900485701,0.0000001683103
194538,0.2552492234782,3.8654785194906,0.0080313375514,0.3308229115246,0.1762893038119,0.0000001646278
194623,0.2552507949431,3.8655023176582,0.0080313375514,0.3308036425029,0.1762827587609,0.0000001646278
194700,0.2552496532212,3.8654850274916,0.0080313375514,0.3307600882730,0.1762669590241,0.0000001628169
194765,0.2552510656077,3.8655064165863,0.0080313375514,0.3306992294849,0.1762455263969,0.0000001628169
195185,0.2552474042814,3.8654509696857,0.0080274315027,0.3306674754207,0.1762317270688,0.0000001575029
195546,0.2552447998451,3.8654115282627,0.0080742655229,0.2590857760743,0.1506863480746,0.0000001540569
195987,0.2552448326962,3.8654120257579,0.0080742655229,0.2575343717080,0.1501322821262,0.0000001506862
196142,0.2552472425201,3.8654485199825,0.0080781715716,0.2575066032619,0.1501245552357,0.0000001490287
196699,0.2552523406182,3.8655257252663,0.0081113702313,0.2574322709322,0.1501133284217,0.0000001425788
196790,0.2552514400323,3.8655120868488,0.0081113702313,0.2572979810549,0.1500651747685,0.0000001425788
196813,0.2552551894267,3.8655688674469,0.0080911733700,0.2573159748524,0.1500637487687,0.0000001425788
196848,0.2552464808932,3.8654369859524,0.0080911733700,0.2573174222997,0.1500623995999,0.0000001425788
197130,0.2552401442200,3.8653410237634,0.0080579747103,0.2573476971058,0.1500576261751,0.0000001394594
197200,0.2552452356889,3.8654181286552,0.0080579747103,0.2573147220482,0.1500469403978,0.0000001394594
197593,0.2552439725608,3.8653989999204,0.0080579747103,0.2572699713304,0.1500306873283,0.0000001349076
197640,0.2552503486544,3.8654955590887,0.0080557820342,0.2572420866897,0.1500211551155,0.0000001349076
197848,0.2552544776829,3.8655580888417,0.0080966550604,0.2571791297628,0.1500170723018,0.0000001334237
197871,0.2552574184217,3.8656026232091,0.0080966550604,0.2571355779663,0.1500021482470,0.0000001334237
197980,0.2552638502286,3.8657000260971,0.0080966550604,0.2571054266532,0.1499927581653,0.0000001319560
198658,0.2552695221183,3.8657859208454,0.0081434890806,0.2570421933235,0.1499914619612,0.0000001262450
198919,0.2552752587719,3.8658727963739,0.0080258558610,0.1945500924768,0.1276236695618,0.0000001234829
198962,0.2552790689299,3.8659304971725,0.0079381488145,0.1946413883103,0.1276195029449,0.0000001234829
199029,0.2552671617304,3.8657501752769,0.0079127787800,0.1945397041085,0.1275697627439,0.0000001234829
199202,0.2552611885805,3.8656597182630,0.0079381488145,0.1944776864779,0.1275572065013,0.0000001221246
199218,0.2552651777163,3.8657201294899,0.0079735401504,0.1943691565084,0.1275344683281,0.0000001221246
199225,0.2552709518626,3.8658075728053,0.0079718267778,0.1943397025839,0.1275244520839,0.0000001221246
199593,0.2552726199923,3.8658328348579,0.0079635353767,0.1943477563383,0.1275241324235,0.0000001181387
199624,0.2552816338525,3.8659693402025,0.0079635353767,0.1943279716447,0.1275189980030,0.0000001181387
199670,0.2552767501285,3.8658953813875,0.0079635353767,0.1942524814533,0.1274909907080,0.0000001181387
199719,0.2552755124267,3.8658766377069,0.0079635353767,0.1941943696135,0.1274699712577,0.0000001181387
199748,0.2552689908143,3.8657778748106,0.0079804432238,0.1941307788906,0.1274531090171,0.0000001181387
199868,0.2552692400256,3.8657816488514,0.0079804432238,0.1941137618061,0.1274470848893,0.0000001168391
199949,0.2552719911226,3.8658233112952,0.0079635353767,0.1940509788633,0.1274180057103,0.0000001155539
199990,0.2552713692938,3.8658138943571,0.0079635353767,0.1940496992680,0.1274174154630,0.0000001155539
200010,0.2552656910252,3.8657279030074,0.0079635353767,0.1939853603272,0.1273932204980,0.0000001155539
200030,0.2552668595408,3.8657455989361,0.0079635353767,0.1939835000068,0.1273928064940,0.0000001155539
200108,0.2552789887011,3.8659292821919,0.0079635353767,0.1939059540825,0.1273677106269,0.0000001142828
200416,0.2552778789403,3.8659124760433,0.0079635353767,0.1939045652609,0.1273669768133,0.0000001130257
200509,0.2552753199696,3.8658737231486,0.0079635353767,0.1939029367517,0.1273658468520,0.0000001117824
200515,0.2552740861015,3.8658550375254,0.0079635353767,0.1939002874550,0.1273646362742,0.0000001117824
200517,0.2552726978106,3.8658340133343,0.0079635353767,0.1938984192580,0.1273636715702,0.0000001117824
200826,0.2552726169395,3.8658327886273,0.0079635353767,0.1938792472481,0.1273568070942,0.0000001093367
200893,0.2552782754547,3.8659184808326,0.0079635353767,0.1938492993514,0.1273473239558,0.0000001093367
200996,0.2552740217820,3.8658540634751,0.0079635353767,0.1937982704030,0.1273281878301,0.0000001081340
201016,0.2552764912353,3.8658914607249,0.0079635353767,0.1937958293575,0.1273278451967,0.0000001081340
201036,0.2552713980720,3.8658143301733,0.0079635353767,0.1937205106067,0.1272998542507,0.0000001081340
201503,0.2552769135763,3.8658978566306,0.0079635353767,0.1936901279632,0.1272901852004,0.0000001046047
201522,0.2552699657661,3.8657926394209,0.0079635353767,0.1936745727226,0.1272831409408,0.0000001046047
201697,0.2552742889392,3.8658581092870,0.0079727688572,0.1935988557115,0.1272609827513,0.0000001034541
202096,0.2552805836910,3.8659534366209,0.0080125455454,0.1935335731402,0.1272560635748,0.0000001011906
202305,0.2552819460664,3.8659740683502,0.0079727688572,0.1935528261405,0.1272461844318,0.0000000989766
203065,0.2552871019329,3.8660521484752,0.0079727688572,0.1935055453675,0.1272304032700,0.0000000946930
203434,0.2552908073462,3.8661082630265,0.0080549942133,0.1413067535863,0.1086240110893,0.0000000926212
203472,0.2552911838867,3.8661139653321,0.0080549942133,0.1413043015167,0.1086232160374,0.0000000926212
203519,0.2552882439345,3.8660694428766,0.0081018282336,0.1411485828512,0.1085870439615,0.0000000916024
203604,0.2552894677736,3.8660879766216,0.0081018282336,0.1411455500564,0.1085862230717,0.0000000916024
