0,0.2063240533919,3.124558757017,0.5553584234398,0.3201241934734,0.3965531191558,100000
2,0.2063340913539,3.124710771295,0.5551939562,0.3200587735592,0.3964614199327,100000.0000000000000
26,0.2064152109948,3.1259392421412,0.5546308516191,0.3206681527118,0.3964551075899,100000.0000000000000
27,0.2064193566702,3.1260020239930,0.5546308516191,0.3202239928256,0.3962973674181,100000.0000000000000
33,0.2064242286412,3.1260758048218,0.5545132183995,0.3202974275693,0.3962742238691,100000.0000000000000
35,0.2064380800112,3.1262855691157,0.5544195503590,0.3203560450751,0.3962579833974,100000.0000000000000
38,0.2064463788334,3.1264112459690,0.5543727163388,0.3203196261646,0.3962266832397,100000.0000000000000
39,0.2064542771351,3.1265308573632,0.5542550831192,0.3203149453001,0.3961762897586,100000.0000000000000
40,0.2064632216932,3.1266663132005,0.5542082490989,0.3203329280563,0.3961645571396,100000.0000000000000
42,0.2064692261317,3.1267572440464,0.5542082490989,0.3203150689603,0.3961594655564,100000.0000000000000
43,0.2064658092666,3.1267054992526,0.5542082490989,0.3200761462796,0.3960734038422,100000.0000000000000
44,0.2064658239108,3.1267057210229,0.5540906158793,0.3199362813011,0.3959730409653,100000.0000000000000
45,0.2064673235170,3.1267284309676,0.5539729826597,0.3197551961635,0.3958582748091,100000.0000000000000
46,0.2064726341332,3.1268088546117,0.5539729826597,0.3196876483388,0.3958352885751,100000.0000000000000
47,0.2064742360591,3.1268331140791,0.5538553494401,0.3197274358466,0.3957994274322,100000.0000000000000
49,0.2064871659209,3.1270289231091,0.5538553494401,0.3195453180457,0.3957371560451,100000.0000000000000
50,0.2064903946600,3.1270778189353,0.5538085154198,0.3195993808351,0.3957370843339,100000.0000000000000
51,0.2064951279770,3.1271494999964,0.5536908822002,0.3194038613458,0.3956178559901,100000.0000000000000
52,0.2064963831786,3.1271685086928,0.5536908822002,0.3193696947313,0.3956059225996,100000.0000000000000
53,0.2065044175852,3.1272901812507,0.5536908822002,0.3181283931374,0.3951643222603,100000.0000000000000
54,0.2065040058055,3.1272839452846,0.5536908822002,0.3179256597822,0.3950918292520,100000.0000000000000
55,0.2065084845696,3.1273517714120,0.5536908822002,0.3178321686377,0.3950593992928,100000.0000000000000
56,0.2065066854772,3.1273245260682,0.5536908822002,0.3178225650568,0.3950555839227,100000.0000000000000
57,0.2065094345369,3.1273661576592,0.5536908822002,0.3173065762507,0.3948718912904,100000.0000000000000
59,0.2065153806284,3.1274562049019,0.5536908822002,0.3171354125642,0.3948120355648,100000.0000000000000
63,0.2065138483435,3.1274330000744,0.5535732489806,0.3170149471437,0.3947182696166,100000.0000000000000
73,0.2065239404606,3.1275858344733,0.5534556157610,0.3163108654678,0.3944185602347,100000.0000000000000
74,0.2065329122325,3.1277217024348,0.5534556157610,0.3161088621827,0.3943483387269,100000.0000000000000
75,0.2065301880697,3.1276804478810,0.5534556157610,0.3159510929201,0.3942914088125,100000.0000000000000
76,0.2065201608267,3.1275285959308,0.5534556157610,0.3157001839518,0.3941996497718,100000.0000000000000
81,0.2065200379456,3.1275267350275,0.5532911485211,0.3145361408816,0.3937134078122,100000.0000000000000
82,0.2065232355010,3.1275751586090,0.5532911485211,0.3139513972835,0.3935052560034,100000.0000000000000
83,0.2065223083195,3.1275611174301,0.5532911485211,0.3139305311633,0.3934976051358,100000.0000000000000
84,0.2065259526883,3.1276163075256,0.5532911485211,0.3138790886174,0.3934800137342,100000.0000000000000
86,0.2065248490879,3.1275995946704,0.5533379825414,0.3134739997644,0.3933551743810,98900.0000000000000
95,0.2065418208519,3.1278566140178,0.5531974804807,0.3135907885621,0.3933403063036,98900.0000000000000
96,0.2065453742228,3.1279104260479,0.5531974804807,0.3135877471212,0.3933399815113,98900.0000000000000
100,0.2065464132469,3.1279261609663,0.5532443145009,0.3133782445594,0.3932854535388,98900.0000000000000
102,0.2065562777773,3.1280755488071,0.5532443145009,0.3132728874882,0.3932499398413,98900.0000000000000
103,0.2065447289295,3.1279006537671,0.5531974804807,0.3132259569613,0.3932106324628,98900.0000000000000
105,0.2065497738431,3.1279770536280,0.5531974804807,0.3132009949745,0.3932027985204,98900.0000000000000
106,0.2065627042093,3.1281728702969,0.5531506464604,0.3130828475856,0.3931433020942,98900.0000000000000
107,0.2065670397014,3.1282385267218,0.5531506464604,0.3130423655029,0.3931297732415,98900.0000000000000
108,0.2065703970028,3.1282893694880,0.5530330132408,0.3130158239435,0.3930705992979,98900.0000000000000
109,0.2065752377401,3.1283626773159,0.5530330132408,0.3126781373512,0.3929510342444,98900.0000000000000
110,0.2065726123544,3.1283229186364,0.5530330132408,0.3125997935773,0.3929224917425,98900.0000000000000
111,0.2065787970554,3.1284165793670,0.5530330132408,0.3124797348960,0.3928809389351,98900.0000000000000
112,0.2065732749287,3.1283329526196,0.5530330132408,0.3123385394046,0.3928293286610,98900.0000000000000
113,0.2065701939322,3.1282862941993,0.5529861792206,0.3123219706234,0.3928026793027,98900.0000000000000
114,0.2065652029885,3.1282107116557,0.5528685460010,0.3123278907787,0.3927533099189,98900.0000000000000
178848,0.2545096728087,3.8542788096999,0.0131740501382,0.8585360705299,0.3668038337075,0.0000006139664
179127,0.2545104683419,3.8542908572056,0.0131740501382,0.8585248586722,0.3667999999440,0.0000006072127
179145,0.2545157481839,3.8543708148078,0.0131740501382,0.8584744929021,0.3667831435637,0.0000006072127
179419,0.2545063385715,3.8542283162181,0.0131740501382,0.8584616666035,0.3667765463972,0.0000005939275
179578,0.2545023906667,3.8541685293900,0.0131732623174,0.7331315327114,0.3220146006758,0.0000005873943
179742,0.2545070592767,3.8542392305329,0.0131732623174,0.7330973557980,0.3220033950517,0.0000005809330
179763,0.2545062946815,3.8542276515501,0.0132200963376,0.7330162511477,0.3219943369863,0.0000005809330
179779,0.2545087834918,3.8542653419405,0.0132200963376,0.7330133173614,0.3219938225220,0.0000005809330
179785,0.2544983173153,3.8541068428071,0.0132200963376,0.7330065023674,0.3219891458434,0.0000005809330
179835,0.2545010338141,3.8541479812984,0.0132200963376,0.7329442854018,0.3219675076055,0.0000005809330
180323,0.2544955205470,3.8540644887214,0.0132240023863,0.7329370850950,0.3219654286739,0.0000005619723
180348,0.2544887932265,3.8539626105932,0.0132240023863,0.7329177627833,0.3219570862796,0.0000005619723
180420,0.2544876277334,3.8539449604375,0.0132240023863,0.7329067351859,0.3219528981034,0.0000005557906
180562,0.2544924013296,3.8540172514843,0.0132926089096,0.6181270526398,0.2809905800461,0.0000005496769
180692,0.2544943941139,3.8540474300878,0.0132926089096,0.6179892163293,0.2809417798176,0.0000005496769
180774,0.2544982212128,3.8541053874372,0.0131749756899,0.6179200398831,0.2808674797995,0.0000005436305
180850,0.2544912786073,3.8540002490464,0.0131749756899,0.6178174949290,0.2808293689004,0.0000005436305
180931,0.2544884345613,3.8539571789904,0.0131749756899,0.6177208233489,0.2807942338977,0.0000005376505
181530,0.2544986640962,3.8541120944369,0.0130112962709,0.6177557250969,0.2807387425285,0.0000005201025
181614,0.2544926388773,3.8540208488926,0.0130112962709,0.6177208233489,0.2807249865001,0.0000005143814
181650,0.2544922133489,3.8540144047164,0.0130112962709,0.6176742166757,0.2807082500751,0.0000005143814
181695,0.2544895926757,3.8539747174022,0.0130112962709,0.6176624380448,0.2807034818483,0.0000005143814
182194,0.2544772223278,3.8537873816166,0.0130112962709,0.5132793483029,0.2434211561517,0.0000004975928
182196,0.2544832353777,3.8538784428733,0.0130022170490,0.5132190910505,0.2433970331200,0.0000004975928
182572,0.2544779432172,3.8537982987210,0.0129983110003,0.5131799482902,0.2433802455075,0.0000004867060
182684,0.2544817322328,3.8538556793395,0.0130435693789,0.5131076070536,0.2433746177314,0.0000004813522
182912,0.2544902048740,3.8539839884964,0.0129983110003,0.5130472158885,0.2433354685762,0.0000004760574
183142,0.2544949956220,3.8540565392892,0.0130073902222,0.5128607817182,0.2432738026279,0.0000004656417
183502,0.2544933158114,3.8540311003400,0.0130073902222,0.5128023805616,0.2432525851125,0.0000004554539
183716,0.2544927400192,3.8540223805795,0.0130073902222,0.5128011193825,0.2432520113074,0.0000004504439
183892,0.2544810906432,3.8538459631457,0.0130073902222,0.5127405219972,0.2432278730892,0.0000004454891
184113,0.2544796340938,3.8538239052523,0.0129856177192,0.4188996820806,0.2097036442143,0.0000004357422
184448,0.2544832299053,3.8538783599997,0.0130324517394,0.4187061646315,0.2096553730936,0.0000004309490
184554,0.2544751191647,3.8537555314440,0.0130324517394,0.4186988986881,0.2096510400979,0.0000004262086
184698,0.2544724845345,3.8537156327666,0.0131159276922,0.4185601128759,0.2096366845812,0.0000004215203
184779,0.2544763053285,3.8537734946346,0.0130690936720,0.4185729398198,0.2096220126512,0.0000004215203
184787,0.2544727657436,3.8537198913798,0.0130324517394,0.4185999486275,0.2096151964861,0.0000004215203
184794,0.2544665128427,3.8536251978338,0.0130324517394,0.4185802451390,0.2096068196185,0.0000004168836
184934,0.2544686998716,3.8536583180647,0.0130363577882,0.4185458804649,0.2095966891906,0.0000004168836
185020,0.2544755082830,3.8537614242279,0.0130363577882,0.4184951573017,0.2095800327205,0.0000004122979
185050,0.2544670995024,3.8536340821711,0.0130363577882,0.4184866387166,0.2095751884871,0.0000004122979
185072,0.2544692915760,3.8536672787993,0.0130363577882,0.4184741915733,0.2095712128088,0.0000004077626
185092,0.2544690787034,3.8536640550701,0.0130363577882,0.4184617760203,0.2095667330672,0.0000004077626
185524,0.2544698862770,3.8536762849145,0.0129187245685,0.4185953396239,0.2095641931687,0.0000003944539
185676,0.2544737061235,3.8537341324350,0.0128718905483,0.4185352419996,0.2095234765470,0.0000003901149
185713,0.2544673799128,3.8536383286897,0.0128718905483,0.4184771377208,0.2095013694023,0.0000003901149
186025,0.2544670070068,3.8536326814244,0.0128668881615,0.4184810328857,0.2095005367441,0.0000003815796
186112,0.2544730801211,3.8537246522935,0.0128629821127,0.4184339839075,0.2094833608984,0.0000003815796
186130,0.2544747972047,3.8537506557008,0.0128629821127,0.4183634886044,0.2094585519509,0.0000003815796
186150,0.2544636208176,3.8535814011835,0.0129098161330,0.3348281814774,0.1796421904741,0.0000003815796
186177,0.2544625917349,3.8535658168184,0.0129098161330,0.3348194118163,0.1796388379346,0.0000003773822
186203,0.2544637615500,3.8535835324266,0.0129311093324,0.3347582326894,0.1796263645780,0.0000003773822
186381,0.2544696718628,3.8536730378385,0.0129311093324,0.3347106462092,0.1796106359021,0.0000003732310
186653,0.2544619213958,3.8535556652442,0.0129311093324,0.3347111695886,0.1796091620089,0.0000003691255
186704,0.2544664982845,3.8536249773655,0.0129311093324,0.3346564782162,0.1795906101378,0.0000003650651
187226,0.2544656495578,3.8536121243005,0.0129311093324,0.3346449998807,0.1795863288622,0.0000003531500
187270,0.2544704830914,3.8536853230347,0.0129311093324,0.3345897160971,0.1795676204110,0.0000003531500
187335,0.2544758499720,3.8537665987446,0.0129098161330,0.3345295982313,0.1795381741336,0.0000003531500
187749,0.2544692390913,3.8536664839742,0.0129098161330,0.3345261375866,0.1795355215718,0.0000003416237
188253,0.2544691865402,3.8536656881430,0.0129098161330,0.3345131935885,0.1795308874544,0.0000003304737
188447,0.2544623321526,3.8535618857197,0.0129098161330,0.3345008366978,0.1795250054818,0.0000003268385
188604,0.2544666617928,3.8536274535244,0.0129300129943,0.3344647191288,0.1795216899277,0.0000003232433
188824,0.2544644194589,3.8535934957576,0.0129300129943,0.3344045306470,0.1794997135412,0.0000003196876
188917,0.2544627050324,3.8535675325894,0.0129098161330,0.3344060315138,0.1794912263903,0.0000003161710
189563,0.2544627446558,3.8535681326436,0.0129098161330,0.3343943102070,0.1794870487000,0.0000003024874
189603,0.2544642552501,3.8535910089897,0.0127921829134,0.3345267839692,0.1794842702197,0.0000003024874
189680,0.2544598433777,3.8535241958669,0.0127453488931,0.3344966872136,0.1794525042543,0.0000003024874
189764,0.2544661444117,3.8536196183370,0.0127453488931,0.3343557261940,0.1794035112546,0.0000002991600
189993,0.2544653500481,3.8536075885432,0.0127453488931,0.3342951858311,0.1793817194756,0.0000002958693
190114,0.2544614565356,3.8535486254302,0.0127453488931,0.3342471134085,0.1793637164291,0.0000002926147
190246,0.2544604412573,3.8535332501181,0.0127666420925,0.3341818950515,0.1793493322561,0.0000002893959
190417,0.2544617468446,3.8535530218512,0.0127666420925,0.3341806338724,0.1793491616036,0.0000002862126
191014,0.2544719014133,3.8537068020144,0.0127453488931,0.3341190607647,0.1793202215301,0.0000002768711
191032,0.2544776287994,3.8537935371964,0.0127453488931,0.3340668604698,0.1793028058647,0.0000002768711
191737,0.2544743464246,3.8537438291150,0.0127453488931,0.3340402611259,0.1792926027330,0.0000002648883
191962,0.2544815861417,3.8538534669448,0.0127453488931,0.3340012143688,0.1792802088305,0.0000002590928
191965,0.2544857508257,3.8539165366628,0.0127453488931,0.3339659108916,0.1792684928781,0.0000002590928
192010,0.2544896153500,3.8539750607812,0.0127453488931,0.3339132387815,0.1792505095226,0.0000002590928
192112,0.2544949641980,3.8540560634056,0.0127453488931,0.3339000509185,0.1792469457532,0.0000002562428
192276,0.2544944325667,3.8540480124139,0.0127453488931,0.3338390776840,0.1792250556771,0.0000002534241
192287,0.2544893205732,3.8539705966999,0.0127453488931,0.3337730038389,0.1792003624481,0.0000002534241
192784,0.2544871544569,3.8539377931668,0.0127453488931,0.3337596164010,0.1791951170525,0.0000002451528
193060,0.2544922111233,3.8540143710115,0.0127453488931,0.3337063914854,0.1791771917254,0.0000002424561
193092,0.2544973251613,3.8540918176887,0.0127453488931,0.3336664395856,0.1791640190550,0.0000002424561
193307,0.2544914646817,3.8540030669460,0.0127453488931,0.3336249148996,0.1791479329930,0.0000002371514
193342,0.2544873399371,3.8539406020687,0.0127453488931,0.3335983836698,0.1791375736800,0.0000002371514
193367,0.2544833184601,3.8538797010681,0.0127453488931,0.3335858304597,0.1791322286455,0.0000002371514
193525,0.2544783095266,3.8538038460873,0.0127453488931,0.3335490334141,0.1791180135006,0.0000002345427
194436,0.2544776814954,3.8537943352219,0.0127453488931,0.3335009868264,0.1791007194269,0.0000002219236
194454,0.2544709391331,3.8536922293029,0.0127453488931,0.3334880538155,0.1790946557025,0.0000002219236
194463,0.2544725842204,3.8537171424040,0.0127453488931,0.3334759979652,0.1790907025604,0.0000002219236
194608,0.2544694081177,3.8536690437004,0.0127453488931,0.3334629976945,0.1790853790132,0.0000002194824
194964,0.2544692842819,3.8536671683384,0.0127453488931,0.3334494482758,0.1790805133988,0.0000002146803
195412,0.2544756615406,3.8537637451509,0.0127453488931,0.3333954751422,0.1790626038351,0.0000002076735
195480,0.2544841913877,3.8538929206295,0.0127453488931,0.3333549370052,0.1790499537534,0.0000002076735
195876,0.2544923785192,3.8540169060454,0.0127910865753,0.2603774793554,0.1530079322705,0.0000002008954
196134,0.2544930838823,3.8540275880213,0.0126734533557,0.2603841339204,0.1529600458131,0.0000001986856
196198,0.2544943306378,3.8540464688089,0.0126734533557,0.2602283463759,0.1529046745662,0.0000001965000
196203,0.2545001610219,3.8541347637868,0.0126734533557,0.2601793314992,0.1528884186211,0.0000001965000
196278,0.2545048944540,3.8542064465914,0.0126734533557,0.2601300478716,0.1528718316324,0.0000001965000
196449,0.2545073042429,3.8542429402860,0.0126936502170,0.2600124087687,0.1528389898482,0.0000001943385
196867,0.2545129612079,3.8543286090150,0.0126936502170,0.2599767297702,0.1528274595555,0.0000001879956
197114,0.2545155615210,3.8543679879961,0.0126936502170,0.2599144300016,0.1528057668481,0.0000001859277
197312,0.2545215054121,3.8544580019180,0.0125760169974,0.2600496210176,0.1528049088078,0.0000001838825
197387,0.2545215507849,3.8544586890403,0.0125760169974,0.2599683657135,0.1527758987790,0.0000001818598
197691,0.2545234439658,3.8544873592553,0.0125536109322,0.2599648866957,0.1527654593549,0.0000001798593
197806,0.2545236839394,3.8544909934012,0.0125536109322,0.2599148930332,0.1527476558984,0.0000001778809
198538,0.2545181984682,3.8544079217623,0.0125089861158,0.2598941822977,0.1527199588277,0.0000001701823
198902,0.2545181221570,3.8544067661101,0.0125089861158,0.2598817214954,0.1527154921888,0.0000001646278
198918,0.2545122913564,3.8543184648251,0.0125291829771,0.2598551533464,0.1527134099046,0.0000001646278
199033,0.2545194402739,3.8544267275909,0.0125291829771,0.2598131216410,0.1526999304921,0.0000001646278
199338,0.2545249329616,3.8545099085164,0.0125291829771,0.2597770671213,0.1526882308824,0.0000001610260
199436,0.2545264001787,3.8545321279614,0.0125291829771,0.2597754573583,0.1526879703707,0.0000001592547
200096,0.2545318434454,3.8546145604569,0.0125291829771,0.2597251797169,0.1526711804845,0.0000001523622
200187,0.2545267988377,3.8545381652279,0.0125760169974,0.2596497869191,0.1526632452209,0.0000001523622
200503,0.2545270412592,3.8545418364452,0.0125291829771,0.2596746475702,0.1526521042494,0.0000001490287
201145,0.2545325237435,3.8546248628502,0.0125749206593,0.2595849023591,0.1526408290701,0.0000001425788
201332,0.2545299217938,3.8545854590833,0.0125749206593,0.2595805988507,0.1526387345422,0.0000001410105
201380,0.2545299383627,3.8545857100016,0.0125280866390,0.2596358825057,0.1526384105322,0.0000001410105
201687,0.2545319700458,3.8546164776857,0.0125280866390,0.2596276199657,0.1526358949857,0.0000001379253
202088,0.2545312551181,3.8546056508651,0.0125280866390,0.2596261119290,0.1526352032024,0.0000001349076
202597,0.2545332727047,3.8546362050712,0.0125280866390,0.2596210854140,0.1526338403584,0.0000001305045
202711,0.2545307750916,3.8545983813724,0.0125280866390,0.2595579729731,0.1526107649982,0.0000001290689
203041,0.2545361127585,3.8546792146714,0.0124823489569,0.1971204359749,0.1302931865637,0.0000001248563
203437,0.2545363612154,3.8546829772881,0.0125291829771,0.1969446913383,0.1302505455857,0.0000001221246
203635,0.2545388255123,3.8547202964477,0.0125760169974,0.1447718865778,0.1116380008150,0.0000001207812
203663,0.2545409099286,3.8547518627201,0.0125760169974,0.1447673953088,0.1116368434510,0.0000001194526
203728,0.2545339960936,3.8546471600281,0.0125760169974,0.1447542638387,0.1116306721042,0.0000001194526
203757,0.2545332483905,3.8546358368585,0.0125760169974,0.1447095931061,0.1116145580490,0.0000001194526
203891,0.2545370468436,3.8546933603987,0.0125760169974,0.1446201392080,0.1115834241825,0.0000001181387
203893,0.2545467972405,3.8548410198089,0.0125760169974,0.1446114968673,0.1115824270030,0.0000001181387
204075,0.2545582475253,3.8550144222167,0.0125760169974,0.1445760769101,0.1115722306508,0.0000001168391
204103,0.2545595224181,3.8550337291148,0.0125760169974,0.1444442408309,0.1115254195281,0.0000001168391
204120,0.2545634130726,3.8550926489468,0.0125760169974,0.1444193432606,0.1115173612503,0.0000001168391
204254,0.2545644728044,3.8551086974599,0.0125760169974,0.1444103156071,0.1115143641738,0.0000001155539
205154,0.2545693241400,3.8551821657878,0.0125760169974,0.1443723473691,0.1115018436607,0.0000001093367
205318,0.2545683813465,3.8551678881801,0.0125760169974,0.1443051672445,0.1114776487319,0.0000001081340
205694,0.2545610508426,3.8550568754810,0.0125760169974,0.1442959496908,0.1114727859261,0.0000001057682
205780,0.2545642662639,3.8551055696233,0.0125821157223,0.1442535694015,0.1114609528666,0.0000001046047
205817,0.2545663810686,3.8551375960959,0.0125821157223,0.1028848215693,0.0966868532419,0.0000001046047
205898,0.2545602734475,3.8550451026578,0.0125916742477,0.1026220609734,0.0965957979069,0.0000001034541
206057,0.2545576499392,3.8550053724099,0.0125916742477,0.1023571338731,0.0965006189050,0.0000001023161
206809,0.2545495191353,3.8548822400164,0.0125916742477,0.1023610209861,0.0965002648445,0.0000000978879
206922,0.2545549759243,3.8549648772931,0.0125855755228,0.1023061710852,0.0964792311669,0.0000000968111
206923,0.2545621958727,3.8550742157466,0.0125855755228,0.1022501901339,0.0964607851018,0.0000000968111
206992,0.2545709181545,3.8552063054451,0.0125855755228,0.1021826007249,0.0964385150875,0.0000000968111
207008,0.2545765941708,3.8552922626857,0.0125855755228,0.1021319733420,0.0964216501685,0.0000000968111
207177,0.2545801019906,3.8553453848936,0.0125664749996,0.1021295283213,0.0964133426840,0.0000000957462
207639,0.2545763171392,3.8552880673374,0.0125664749996,0.1021248339881,0.0964108550968,0.0000000926212
208020,0.2545837405403,3.8554004868665,0.0125664749996,0.1020692358693,0.0963925893546,0.0000000905948
