0,0.2063240533919,3.124558757017,0.5553584234398,0.3201241934734,0.3965531191558,100000
1,0.2063376083819,3.124764032951,0.5553584234398,0.3196537736193,0.3963880167058,100000.0000000000000
2,0.2063457997840,3.1248880830398,0.5553584234398,0.3195880749525,0.3963663081967,100000.0000000000000
4,0.2063502773613,3.1249558911940,0.5554052574601,0.3190596747459,0.3961986250410,100000.0000000000000
5,0.2063582627414,3.1250768212987,0.5554520914803,0.3186769606607,0.3960837243150,100000.0000000000000
6,0.2063547529274,3.1250236688909,0.5554520914803,0.3186226194314,0.3960635646301,100000.0000000000000
7,0.2063452593445,3.1248798986571,0.5554520914803,0.3185982884804,0.3960528406655,100000.0000000000000
9,0.2063502006699,3.1249547297848,0.5554052574601,0.3185130467806,0.3960033843338,100000.0000000000000
10,0.2063456462192,3.1248857574629,0.5554052574601,0.3184101224926,0.3959656497058,100000.0000000000000
12,0.2063581299483,3.1250748102875,0.5552876242404,0.3181290863683,0.3958175405092,100000.0000000000000
13,0.2063593136022,3.1250927354695,0.5552407902202,0.3181566027459,0.3958075497041,100000.0000000000000
14,0.2063622862442,3.1251377529772,0.5552407902202,0.3181391520032,0.3958019542907,100000.0000000000000
15,0.2063600752096,3.1251042692050,0.5552407902202,0.3181305367659,0.3957984036271,100000.0000000000000
16,0.2063593780527,3.1250937115046,0.5552407902202,0.3180744933093,0.3957782387162,100000.0000000000000
17,0.2063632538103,3.1251524057380,0.5551231570006,0.3180742458608,0.3957285666242,100000.0000000000000
18,0.2063603493078,3.1251084201314,0.5550055237810,0.3180815130031,0.3956801254017,100000.0000000000000
19,0.2063656407634,3.1251885536086,0.5548878905614,0.3177280043100,0.3955045919434,100000.0000000000000
21,0.2063681323808,3.1252262865090,0.5548878905614,0.3177177493610,0.3955014633797,100000.0000000000000
22,0.2063679766449,3.1252239280541,0.5549347245816,0.3174613891372,0.3954299445079,100000.0000000000000
23,0.2063699620598,3.1252539950564,0.5549347245816,0.3174131254575,0.3954131329255,100000.0000000000000
25,0.2063666604363,3.1252039954735,0.5548878905614,0.3171377587770,0.3952940084687,100000.0000000000000
26,0.2063613845168,3.1251240972725,0.5547702573417,0.3171593602542,0.3952501784908,100000.0000000000000
27,0.2063569609498,3.1250571070467,0.5547702573417,0.3171134164402,0.3952328220786,100000.0000000000000
28,0.2063541555938,3.1250146229078,0.5547702573417,0.3170155211562,0.3951972583295,100000.0000000000000
30,0.2063480041215,3.1249214653908,0.5548170913620,0.3166237638077,0.3950760985410,100000.0000000000000
31,0.2063584902222,3.1250802662535,0.5548170913620,0.3165851795363,0.3950645654657,100000.0000000000000
160793,0.2550992045913,3.8632066427071,0.0104177515272,0.8258947263548,0.3540912681937,0.0000017754179
160795,0.2550926980420,3.8631081079249,0.0104617593090,0.8257648779895,0.3540623599948,0.0000017754179
160801,0.2550909950422,3.8630823178013,0.0104617593090,0.8256655172937,0.3540265091035,0.0000017754179
160803,0.2550918893377,3.8630958609564,0.0104645855474,0.8256506399478,0.3540225986455,0.0000017754179
160808,0.2550881397462,3.8630390773741,0.0104177515272,0.8255081262002,0.3539508256716,0.0000017754179
160824,0.2550780235867,3.8628858788770,0.0104771245699,0.8254050765513,0.3539373000668,0.0000017558883
160829,0.2550784419146,3.8628922140087,0.0104302905496,0.8253974080161,0.3539145792230,0.0000017558883
160832,0.2550831718893,3.8629638444552,0.0104558148428,0.8252275399707,0.3538658646127,0.0000017558883
160843,0.2550867059407,3.8630173639114,0.0104410996718,0.8251502192452,0.3538327008628,0.0000017558883
160861,0.2550853860836,3.8629973760774,0.0104482947348,0.8239775275889,0.3534166831860,0.0000017558883
160862,0.2550847367720,3.8629875429419,0.0104951287550,0.8238801411331,0.3534018348937,0.0000017558883
160873,0.2550828934240,3.8629596273929,0.0104951287550,0.8238385870179,0.3533865991351,0.0000017558883
160890,0.2550762338338,3.8628587749697,0.0105186146306,0.8237132878297,0.3533504877453,0.0000017558883
160891,0.2550698585913,3.8627622286900,0.0105179975961,0.8237109701554,0.3533480294377,0.0000017558883
160917,0.2550730219537,3.8628101344547,0.0104711635759,0.8237549877072,0.3533443561323,0.0000017558883
160921,0.2550753536124,3.8628454449507,0.0104553520669,0.8236593166779,0.3533039111877,0.0000017558883
160922,0.2550859956146,3.8630066067764,0.0104553520669,0.8222758171968,0.3528120846592,0.0000017558883
160935,0.2550991722680,3.8632061532048,0.0104232332176,0.8222192033303,0.3527809237686,0.0000017558883
160940,0.2550951671019,3.8631454992162,0.0104700672378,0.8221045236736,0.3527591802215,0.0000017558883
160947,0.2550993435345,3.8632087468538,0.0104700672378,0.8219416312143,0.3527018992930,0.0000017558883
160950,0.2551124754769,3.8634076161810,0.0104313868877,0.8212180768192,0.3524297237038,0.0000017558883
160957,0.2551093328233,3.8633600240277,0.0104782209080,0.8211635860092,0.3524296609974,0.0000017558883
160963,0.2551115979560,3.8633943270575,0.0105250549282,0.8210216790338,0.3523995370433,0.0000017558883
160964,0.2551141285625,3.8634326504079,0.0105355390054,0.8209064886687,0.3523634330760,0.0000017558883
160978,0.2551026024776,3.8632581000880,0.0105225372071,0.8209203766641,0.3523603509997,0.0000017558883
160985,0.2550979942722,3.8631883137093,0.0105693712273,0.8207918136242,0.3523335198787,0.0000017558883
160989,0.2550990722169,3.8632046380373,0.0105546560564,0.8207260898470,0.3523039715874,0.0000017558883
160992,0.2550948898166,3.8631413000238,0.0106014900766,0.8206412281289,0.3522928393253,0.0000017365735
160999,0.2550902922689,3.8630716750453,0.0106014900766,0.8205131843749,0.3522461242243,0.0000017365735
161000,0.2550877253984,3.8630328025157,0.0106483240968,0.8203154527814,0.3521950274774,0.0000017365735
161010,0.2550949784193,3.8631426418183,0.0106014900766,0.8203355720183,0.3521836954149,0.0000017365735
161016,0.2550954513309,3.8631498035620,0.0105596584432,0.8203416847503,0.3521680520288,0.0000017365735
161024,0.2550978385638,3.8631859556705,0.0105394615819,0.8203392213138,0.3521590279823,0.0000017365735
161026,0.2550957034193,3.8631536211740,0.0104926275616,0.8203482048229,0.3521417071244,0.0000017365735
161056,0.2551067910562,3.8633215316638,0.0104338880811,0.8203948978088,0.3521355850500,0.0000017365735
161069,0.2551054648043,3.8633014469867,0.0104338880811,0.8203884274264,0.3521329900023,0.0000017365735
161072,0.2551125579204,3.8634088647001,0.0105643853682,0.8201965694084,0.3521219166437,0.0000017174712
161097,0.2551106013557,3.8633792346041,0.0106083931501,0.8200814202763,0.3520992331678,0.0000017174712
161098,0.2551057754721,3.8633061517203,0.0106083931501,0.8200006548446,0.3520693542528,0.0000017174712
161109,0.2551107299229,3.8633811816187,0.0104907599304,0.8199737063993,0.3520103772391,0.0000017174712
161115,0.2551158071231,3.8634580704257,0.0105375939507,0.8199039171704,0.3520066122089,0.0000017174712
161118,0.2551180483660,3.8634920116695,0.0105599834882,0.8198168860244,0.3519856054392,0.0000017174712
161128,0.2551191274730,3.8635083535993,0.0105131494679,0.8198339948627,0.3519718752529,0.0000017174712
161138,0.2551258692849,3.8636104511847,0.0105131494679,0.8198295123565,0.3519717190318,0.0000017174712
161144,0.2551290272440,3.8636582751224,0.0104927818203,0.8198452143345,0.3519692745947,0.0000017174712
161148,0.2551316828367,3.8636984912551,0.0104855867573,0.8197454282036,0.3519311221480,0.0000017174712
161155,0.2551273876195,3.8636334447497,0.0104595831606,0.8197730308283,0.3519289154260,0.0000017174712
161159,0.2551285168527,3.8636505457883,0.0105064171808,0.8196669428813,0.3519113405750,0.0000017174712
161165,0.2551273531180,3.8636329222618,0.0104595831606,0.8197113951483,0.3519068952899,0.0000016985790
161173,0.2551254127014,3.8636035367122,0.0104840276433,0.8196192704630,0.3518840540200,0.0000016985790
161174,0.2551170559519,3.8634769826116,0.0105308616636,0.8194695055079,0.3518488475269,0.0000016985790
161175,0.2551165416628,3.8634691942490,0.0105308616636,0.8193911393176,0.3518207493970,0.0000016985790
161179,0.2551136468745,3.8634253557537,0.0105776956838,0.8184700844696,0.3515112526482,0.0000016985790
161183,0.2551228030847,3.8635640168378,0.0106245297040,0.8183957628477,0.3515067429798,0.0000016985790
161184,0.2551243082878,3.8635868115401,0.0106245297040,0.8183899045980,0.3515049732913,0.0000016985790
161205,0.2551166320589,3.8634705632030,0.0106245297040,0.8183825232991,0.3515006922069,0.0000016985790
161213,0.2551167340940,3.8634721084159,0.0106245297040,0.8182828233890,0.3514651069608,0.0000016985790
161216,0.2551110040924,3.8633853336251,0.0106085474087,0.8182919371556,0.3514602844648,0.0000016985790
161220,0.2551024116655,3.8632552104400,0.0105144000646,0.8182469441191,0.3514020254271,0.0000016985790
161229,0.2551006885357,3.8632291154693,0.0105612340849,0.8180811665330,0.3513625216272,0.0000016985790
161243,0.2551000548642,3.8632195191869,0.0105444639687,0.8179415797076,0.3513053462102,0.0000016985790
161248,0.2550968222324,3.8631705644096,0.0105912979889,0.8178747889702,0.3513008713916,0.0000016985790
161255,0.2550935696195,3.8631213070404,0.0106381320092,0.8177050121098,0.3512596115330,0.0000016985790
161266,0.2550926027124,3.8631066642592,0.0106381320092,0.8176861577163,0.3512526706267,0.0000016985790
161276,0.2550942987311,3.8631323486624,0.0106381320092,0.8175642037422,0.3512094790685,0.0000016985790
161280,0.2550866684227,3.8630167957420,0.0105912979889,0.8173269386764,0.3511030347560,0.0000016985790
161286,0.2550755722527,3.8628487560256,0.0105941242273,0.8171102309945,0.3510244726496,0.0000016985790
161298,0.2550719589031,3.8627940356831,0.0105472902071,0.8171515230140,0.3510183737873,0.0000016985790
161301,0.2550610296961,3.8626285244448,0.0105472902071,0.8170116911768,0.3509660918725,0.0000016985790
161315,0.2550570228408,3.8625678448755,0.0105472902071,0.8169971598070,0.3509600434857,0.0000016985790
161317,0.2550539581921,3.8625214340231,0.0105472902071,0.8169636209517,0.3509474086127,0.0000016985790
161319,0.2550585149683,3.8625904415615,0.0105728145002,0.8168551864375,0.3509205974352,0.0000016985790
161322,0.2550480368804,3.8624317620447,0.0105728145002,0.8167256877047,0.3508721025833,0.0000016985790
161340,0.2550617499891,3.8626394325176,0.0105754864799,0.8165552411727,0.3508153124793,0.0000016798947
161341,0.2550625653322,3.8626517800241,0.0105754864799,0.8164091107016,0.3507632977417,0.0000016798947
161346,0.2550585534276,3.8625910239875,0.0105754864799,0.8163668441016,0.3507473428336,0.0000016798947
161349,0.2550602471294,3.8626166733036,0.0105454225759,0.8163720480434,0.3507366797900,0.0000016798947
161350,0.2550519364006,3.8624908161371,0.0105654651786,0.8161746130480,0.3506729761081,0.0000016798947
161389,0.2550429116143,3.8623541453305,0.0105654651786,0.8161624707940,0.3506667057060,0.0000016798947
161394,0.2550497205610,3.8624572596000,0.0105333463293,0.8161518854271,0.3506506190567,0.0000016798947
161406,0.2550474983314,3.8624236062906,0.0104157131096,0.8162919090192,0.3506497370534,0.0000016798947
161411,0.2550335048266,3.8622116895171,0.0104130411299,0.8161762467022,0.3506042853407,0.0000016798947
161419,0.2550370696153,3.8622656744562,0.0105106317468,0.8160061446044,0.3505861230249,0.0000016798947
161432,0.2550443492223,3.8623759163768,0.0105493120969,0.8158859569023,0.3505613360543,0.0000016798947
161440,0.2550383224942,3.8622846479776,0.0104377776022,0.8158987113039,0.3505167992582,0.0000016798947
161444,0.2550358574286,3.8622473171765,0.0104377776022,0.8157380168608,0.3504588801574,0.0000016798947
161459,0.2550242654085,3.8620717683379,0.0104122533091,0.8157515672556,0.3504502965970,0.0000016798947
161469,0.2550285916704,3.8621372849813,0.0104122533091,0.8156083206016,0.3504000641338,0.0000016798947
161472,0.2550201088398,3.8620088215181,0.0104540849425,0.8155389736564,0.3503914074612,0.0000016798947
161492,0.2550247484660,3.8620790837306,0.0104072509222,0.8155664506757,0.3503821431650,0.0000016798947
161496,0.2550158141144,3.8619437824607,0.0104197734170,0.8154835484914,0.3503559875216,0.0000016798947
161497,0.2550174510547,3.8619685721831,0.0104197734170,0.8154428332178,0.3503417971254,0.0000016798947
161506,0.2550176247627,3.8619712028072,0.0104452977101,0.8153496720215,0.3503195014755,0.0000016614158
161511,0.2550205635847,3.8620157081456,0.0103984636899,0.8153742144876,0.3503088246665,0.0000016614158
161529,0.2550058007865,3.8617921412390,0.0104197734170,0.8153548832466,0.3503078899353,0.0000016614158
161533,0.2550062458422,3.8617988811361,0.0104197734170,0.8153055151985,0.3502903538586,0.0000016614158
161538,0.2550066450927,3.8618049273609,0.0104224288690,0.8152020077997,0.3502546105351,0.0000016614158
161539,0.2550137729252,3.8619128708176,0.0104692628893,0.8150565327662,0.3502242542816,0.0000016614158
161558,0.2550236723048,3.8620627864114,0.0104224288690,0.8150857058154,0.3502167228004,0.0000016614158
161560,0.2550239870447,3.8620675528133,0.0104692628893,0.8149311946723,0.3501816794165,0.0000016614158
161583,0.2550176378947,3.8619714016777,0.0104969963862,0.8148970605567,0.3501800139132,0.0000016614158
161594,0.2550162578063,3.8619505017028,0.0104969963862,0.8118649704815,0.3490968288674,0.0000016614158
161609,0.2550112514408,3.8618746856129,0.0104969963862,0.8116734123241,0.3490273424472,0.0000016614158
161610,0.2550114328881,3.8618774334385,0.0104501623660,0.8115424399885,0.3489605337716,0.0000016614158
161614,0.2550117190993,3.8618817678033,0.0104501623660,0.8115196356521,0.3489524506967,0.0000016614158
161622,0.2550077078770,3.8618210220999,0.0104377941299,0.8113493309286,0.3488854673609,0.0000016614158
161629,0.2550125729858,3.8618946990081,0.0104377941299,0.8112950777362,0.3488671337441,0.0000016614158
161631,0.2550164690731,3.8619537011150,0.0104846281501,0.8112027129654,0.3488550529248,0.0000016614158
161636,0.2550114603309,3.8618778490313,0.0104846281501,0.8111879421737,0.3488487043401,0.0000016614158
161642,0.2550049563856,3.8617793536848,0.0104846281501,0.8110354205030,0.3487928386123,0.0000016614158
161650,0.2550130352934,3.8619017001658,0.0104406038405,0.8108716511087,0.3487172131762,0.0000016614158
161661,0.2550134546861,3.8619080514228,0.0103937698203,0.8108970445916,0.3487063004242,0.0000016614158
161671,0.2550145154043,3.8619241148746,0.0104406038405,0.8108129019636,0.3486965485053,0.0000016250657
161677,0.2550169112089,3.8619603967922,0.0104791464597,0.8106318310166,0.3486489119620,0.0000016250657
161680,0.2550123913666,3.8618919485783,0.0105259804799,0.8094400641494,0.3482423841233,0.0000016250657
161687,0.2550171520194,3.8619640436114,0.0105259804799,0.8093056220951,0.3481953892438,0.0000016250657
161693,0.2550151980784,3.8619344532497,0.0105728145002,0.8091255240142,0.3481507215220,0.0000016250657
161696,0.2550182449190,3.8619805944149,0.0105259804799,0.8091394416043,0.3481362732613,0.0000016250657
161700,0.2550189309987,3.8619909843643,0.0104461020587,0.8089547834399,0.3480362373248,0.0000016250657
161702,0.2550208907514,3.8620206627389,0.0104461020587,0.8089210223572,0.3480245997423,0.0000016250657
161703,0.2550207025695,3.8620178129240,0.0104461020587,0.8089127973288,0.3480216219075,0.0000016250657
161704,0.2550244066013,3.8620739065528,0.0104793172460,0.8087654740636,0.3479840352570,0.0000016250657
161706,0.2550230651403,3.8620535915498,0.0104298277738,0.8085999134882,0.3479034092503,0.0000016250657
161709,0.2550140608334,3.8619172308816,0.0105474609934,0.8082540024066,0.3478283543210,0.0000016250657
161711,0.2550163043574,3.8619512066708,0.0105006269732,0.8082526767561,0.3478082899065,0.0000016250657
161729,0.2550218249199,3.8620348097281,0.0105006269732,0.8081896943240,0.3477869791585,0.0000016250657
161734,0.2550246060384,3.8620769268158,0.0104537929529,0.8082223343232,0.3477791605320,0.0000016250657
161735,0.2550293577129,3.8621488858816,0.0104537929529,0.8081744743759,0.3477630859097,0.0000016250657
161749,0.2550192246458,3.8619954313377,0.0105006269732,0.8080241667103,0.3477273049520,0.0000016250657
161750,0.2550113518473,3.8618762061622,0.0104956080586,0.8079979394620,0.3477141000860,0.0000016250657
161759,0.2550043832653,3.8617706743861,0.0104634892093,0.8079808339367,0.3476927324811,0.0000016250657
161770,0.2550041846317,3.8617676662911,0.0104634892093,0.8079612199418,0.3476856849186,0.0000016250657
161773,0.2550009581289,3.8617188043314,0.0105012440077,0.8077854753052,0.3476384082113,0.0000016250657
161775,0.2549916618360,3.8615780218436,0.0104544099874,0.8078050195787,0.3476233245233,0.0000016250657
161783,0.2549925411595,3.8615913382653,0.0104544099874,0.8076691671927,0.3475749942405,0.0000016250657
161790,0.2549991583090,3.8616915479686,0.0104544099874,0.8075276630622,0.3475258750116,0.0000016250657
161798,0.2549920315940,3.8615836214370,0.0104216741036,0.8075097846147,0.3475039330341,0.0000016250657
161806,0.2549945924765,3.8616224032837,0.0103748400834,0.8049415286622,0.3465671758029,0.0000016250657
161824,0.2549948736183,3.8616266608770,0.0103748400834,0.8049359680997,0.3465652501324,0.0000016250657
161826,0.2550022414706,3.8617382391792,0.0103280060632,0.8049506313131,0.3465519940969,0.0000016250657
161862,0.2550103025202,3.8618603152173,0.0103280060632,0.8049353932979,0.3465482793163,0.0000016071900
161878,0.2550256809247,3.8620932048277,0.0103280060632,0.8047506034734,0.3464855783229,0.0000016071900
161914,0.2550208824987,3.8620205377597,0.0103280060632,0.8046940821002,0.3464643638840,0.0000016071900
161916,0.2550180669206,3.8619778988191,0.0103280060632,0.8045576087479,0.3464150200629,0.0000016071900
161927,0.2550067998767,3.8618072713993,0.0103280060632,0.8045594115342,0.3464132495486,0.0000016071900
161937,0.2550009653322,3.8617189134174,0.0103258133870,0.8043925915099,0.3463514809906,0.0000016071900
161939,0.2550008692736,3.8617174587119,0.0103308157738,0.8043059873856,0.3463226742423,0.0000016071900
161950,0.2549956545537,3.8616384873143,0.0102131825542,0.8041547515253,0.3462171297580,0.0000016071900
161951,0.2550015694847,3.8617280626649,0.0102131825542,0.8040203327327,0.3461703905316,0.0000016071900
161965,0.2549995528476,3.8616975228378,0.0101864076644,0.8038754438655,0.3461067374183,0.0000016071900
161971,0.2550056049718,3.8617891758330,0.0102207191898,0.8038228132327,0.3461039425870,0.0000016071900
161986,0.2550101407182,3.8618578648972,0.0102462434830,0.8036400555013,0.3460505828970,0.0000016071900
162004,0.2550067758879,3.8618069081152,0.0102598623158,0.8035345357318,0.3460180128727,0.0000016071900
162029,0.2550089692568,3.8618401243591,0.0102598623158,0.8035241626651,0.3460147782136,0.0000015895109
162031,0.2550051305003,3.8617819904671,0.0102598623158,0.8035255240083,0.3460144418170,0.0000015895109
162058,0.2550150776381,3.8619326293083,0.0102146039372,0.8035539154079,0.3460073166841,0.0000015895109
162061,0.2550137051097,3.8619118438231,0.0101802924118,0.8035890001770,0.3460048479061,0.0000015895109
162083,0.2550085410920,3.8618336402573,0.0100698542551,0.8035255020205,0.3459337327792,0.0000015895109
162095,0.2550058944343,3.8617935594357,0.0101188809515,0.8033935225520,0.3459070415551,0.0000015895109
162112,0.2550136955838,3.8619116995632,0.0101657149718,0.8033281623087,0.3459054420090,0.0000015895109
162113,0.2550116533953,3.8618807727862,0.0101657149718,0.8032662301210,0.3458828857587,0.0000015895109
162116,0.2550103797076,3.8618614841385,0.0101657149718,0.8032461699182,0.3458754484675,0.0000015895109
162150,0.2549951007952,3.8616301012309,0.0102014313526,0.8031984776976,0.3458704484992,0.0000015895109
162160,0.2549971961892,3.8616618337484,0.0101779454770,0.8031965302967,0.3458601366366,0.0000015895109
162164,0.2549984402598,3.8616806738762,0.0101779454770,0.8030499829922,0.3458080649002,0.0000015895109
162174,0.2550046740039,3.8617750773137,0.0102509373525,0.8028864933769,0.3457822937865,0.0000015895109
162183,0.2550002653973,3.8617083136464,0.0102509373525,0.8017353399377,0.3453702228568,0.0000015720263
162188,0.2550003621252,3.8617097784881,0.0102977713728,0.8016081827600,0.3453449020294,0.0000015720263
162192,0.2550033582116,3.8617551510351,0.0103232956659,0.8014338770211,0.3452942309811,0.0000015720263
162193,0.2550013995680,3.8617254894578,0.0102889841404,0.8014308077518,0.3452780101647,0.0000015720263
162208,0.2549978783452,3.8616721642766,0.0102889841404,0.8012475632344,0.3452118111464,0.0000015720263
162209,0.2549972145457,3.8616621117371,0.0102889841404,0.8012214137667,0.3452023298081,0.0000015720263
162210,0.2549861237151,3.8614941528818,0.0102405910062,0.8011137839541,0.3451407740681,0.0000015720263
162218,0.2549840440487,3.8614626585419,0.0102405910062,0.8010427540292,0.3451149605950,0.0000015720263
162222,0.2549885372064,3.8615307026461,0.0102573611224,0.8009011178435,0.3450725262551,0.0000015720263
162248,0.2549935945721,3.8616072910808,0.0103041951426,0.8008351206444,0.3450701112710,0.0000015720263
162249,0.2549897342111,3.8615488300117,0.0103817266291,0.8006647009091,0.3450416476395,0.0000015720263
162252,0.2549950354896,3.8616291122457,0.0103817266291,0.8006293765225,0.3450301677754,0.0000015720263
162254,0.2549908198469,3.8615652708132,0.0103817266291,0.8005335345055,0.3449950351317,0.0000015720263
162272,0.2549943140284,3.8616181864819,0.0102786708495,0.8005476140909,0.3449566455455,0.0000015720263
162277,0.2550052185436,3.8617833237884,0.0103255048697,0.8004238120091,0.3449348389211,0.0000015720263
162282,0.2550077778660,3.8618220820100,0.0103255048697,0.8004172336372,0.3449330379288,0.0000015720263
162287,0.2550009341971,3.8617184419095,0.0103255048697,0.8003978105878,0.3449246346249,0.0000015720263
162293,0.2550074050581,3.8618164362301,0.0102171216584,0.8003815352045,0.3448737586533,0.0000015720263
162294,0.2550072727873,3.8618144331284,0.0102406075339,0.8002958398075,0.3448531901859,0.0000015720263
162301,0.2549986197501,3.8616833920667,0.0102406075339,0.8002806692293,0.3448459179000,0.0000015720263
162311,0.2549989262763,3.8616880340807,0.0102443758518,0.8002702862519,0.3448438903714,0.0000015720263
162317,0.2550045828332,3.8617736966299,0.0102912098720,0.8000645849151,0.3447917094505,0.0000015720263
162320,0.2550096723225,3.8618507715417,0.0102912098720,0.7999388160871,0.3447478826168,0.0000015720263
162331,0.2550122623122,3.8618899941869,0.0103342755744,0.7998670640272,0.3447412686085,0.0000015720263
162339,0.2550113864546,3.8618767302538,0.0103342755744,0.7992513737205,0.3445211915295,0.0000015720263
162343,0.2550226546381,3.8620473749303,0.0103811095946,0.7991813249895,0.3445186604593,0.0000015720263
162345,0.2550229928781,3.8620524972164,0.0104122698368,0.7990718547663,0.3444929908205,0.0000015547340
162359,0.2550296530680,3.8621533587212,0.0104122698368,0.7990615202010,0.3444907270878,0.0000015376319
162360,0.2550270485124,3.8621139154915,0.0104122698368,0.7989959810690,0.3444667621359,0.0000015376319
162366,0.2550349322923,3.8622333069697,0.0104645855474,0.7988745509527,0.3444475046375,0.0000015376319
162376,0.2550449698377,3.8623853149378,0.0104410996718,0.7961842665813,0.3434787743179,0.0000015376319
162378,0.2550503469525,3.8624667456338,0.0104879336921,0.7960558103042,0.3434541210379,0.0000015376319
162384,0.2550427103201,3.8623510969427,0.0104896470646,0.7959307023676,0.3434085375133,0.0000015376319
162385,0.2550396498358,3.8623047491570,0.0104896470646,0.7958966464621,0.3433957188718,0.0000015376319
162387,0.2550389477670,3.8622941170706,0.0105364810849,0.7957678990861,0.3433696589458,0.0000015376319
162414,0.2550416508985,3.8623350531272,0.0105131329402,0.7957797371059,0.3433644597047,0.0000015376319
162417,0.2550442025110,3.8623736945906,0.0104210240137,0.7957377448578,0.3433105339932,0.0000015376319
162424,0.2550417722460,3.8623368908065,0.0103741899935,0.7957403860201,0.3432908847714,0.0000015376319
162432,0.2550438225270,3.8623679401353,0.0103741899935,0.7956996623924,0.3432767799646,0.0000015376319
162454,0.2550401876723,3.8623128941194,0.0104434300789,0.7955589414800,0.3432554179207,0.0000015376319
162455,0.2550368827067,3.8622628439253,0.0104434300789,0.7954394767055,0.3432120437229,0.0000015376319
162463,0.2550330880220,3.8622053774538,0.0104434300789,0.7953627042124,0.3431838118287,0.0000015376319
162465,0.2550349199581,3.8622331201802,0.0103965960587,0.7929255873730,0.3422937337922,0.0000015376319
162470,0.2550351776223,3.8622370222309,0.0103965960587,0.7928930686458,0.3422821751748,0.0000015376319
162473,0.2550315767871,3.8621824914048,0.0104434300789,0.7926793415665,0.3422251441905,0.0000015376319
162483,0.2550269549832,3.8621124990908,0.0104434300789,0.7926799157519,0.3422243588702,0.0000015376319
162486,0.2550265327528,3.8621061048596,0.0104902640991,0.7925290355928,0.3421904543441,0.0000015376319
162500,0.2550173713550,3.8619673652154,0.0104902640991,0.7925258630854,0.3421873581490,0.0000015376319
162507,0.2550200079633,3.8620072938497,0.0104902640991,0.7923762313091,0.3421344832164,0.0000015376319
162508,0.2550141026557,3.8619178642357,0.0105370981194,0.7922298289102,0.3421010029453,0.0000015376319
162521,0.2550214042268,3.8620284387776,0.0104902640991,0.7922745846500,0.3420984800375,0.0000015207180
162527,0.2550174205489,3.8619681102053,0.0104902640991,0.7921134855099,0.3420400909851,0.0000015207180
162539,0.2550133374108,3.8619062754140,0.0105370981194,0.7910513809022,0.3416799646757,0.0000015207180
162551,0.2550141896895,3.8619191822697,0.0105370981194,0.7909676044374,0.3416502271408,0.0000015207180
162558,0.2550116903899,3.8618813330310,0.0105839321396,0.7909063670664,0.3416478928100,0.0000015207180
162560,0.2550098672863,3.8618537240612,0.0106307661598,0.7908193403048,0.3416364928816,0.0000015207180
162561,0.2550080604511,3.8618263614611,0.0106307661598,0.7907014480294,0.3415940013185,0.0000015207180
162571,0.2550096853092,3.8618509682120,0.0106307661598,0.7906825271332,0.3415875920395,0.0000015207180
162576,0.2550119514702,3.8618852868152,0.0106776001801,0.7905592866657,0.3415641349157,0.0000015207180
162596,0.2550164854968,3.8619539498339,0.0106776001801,0.7904827221177,0.3415377620114,0.0000015207180
162597,0.2550209141156,3.8620210165648,0.0106307661598,0.7904817156771,0.3415182798351,0.0000015207180
162604,0.2550150202059,3.8619317595593,0.0106307661598,0.7904688579952,0.3415124248252,0.0000015207180
162615,0.2550108244533,3.8618682193393,0.0106541143045,0.7904266256562,0.3415064491048,0.0000015207180
162638,0.2550182215822,3.8619802410048,0.0106541143045,0.7903911058572,0.3414953485614,0.0000015207180
162654,0.2550077334512,3.8618214093949,0.0105805053944,0.7904757705899,0.3414917918336,0.0000015207180
162662,0.2550057568098,3.8617914752592,0.0106273394147,0.7903993340491,0.3414841412259,0.0000015207180
162668,0.2549991651098,3.8616916509609,0.0106273394147,0.7902404728774,0.3414259925861,0.0000015207180
162693,0.2549999928271,3.8617041858600,0.0106273394147,0.7902116332961,0.3414158701036,0.0000015039901
162697,0.2550056168529,3.8617893557611,0.0105805053944,0.7902605302723,0.3414144667348,0.0000015039901
162704,0.2549936627137,3.8616083230129,0.0106939075204,0.7898378217254,0.3413095387064,0.0000015039901
162705,0.2549943021224,3.8616180061780,0.0107407415406,0.7896780420102,0.3412726832616,0.0000015039901
162719,0.2549813352774,3.8614216370770,0.0107407415406,0.7896650059290,0.3412652489086,0.0000015039901
162735,0.2549877366052,3.8615185783905,0.0107407415406,0.7895077834466,0.3412104697352,0.0000015039901
162754,0.2549874557652,3.8615143253665,0.0107407415406,0.7893905441685,0.3411685383844,0.0000015039901
162758,0.2549812852747,3.8614208798386,0.0107407415406,0.7893875220480,0.3411661368077,0.0000015039901
162761,0.2549865427071,3.8615004980705,0.0107335464776,0.7893907681296,0.3411653391168,0.0000015039901
162771,0.2549895933909,3.8615466974390,0.0106867124574,0.7894041675062,0.3411507066034,0.0000015039901
162773,0.2549943765903,3.8616191339154,0.0106867124574,0.7892505042524,0.3410968518412,0.0000015039901
162783,0.2549961163670,3.8616454809870,0.0106398784372,0.7892604858302,0.3410807177768,0.0000015039901
162794,0.2550087050920,3.8618361238633,0.0106867124574,0.7890846661521,0.3410406943415,0.0000015039901
162795,0.2550081330326,3.8618274606314,0.0107153715061,0.7888052976536,0.3409530797430,0.0000015039901
162805,0.2550082785043,3.8618296636455,0.0107808432737,0.7886446625393,0.3409238005609,0.0000015039901
162827,0.2550067727373,3.8618068604019,0.0108228126380,0.7885141230780,0.3408948435307,0.0000015039901
162833,0.2549953224129,3.8616334573948,0.0108210992655,0.7885058958393,0.3408887172877,0.0000015039901
162838,0.2549866607615,3.8615022858798,0.0108210992655,0.7884923916937,0.3408820383104,0.0000015039901
162840,0.2549880478928,3.8615232925110,0.0107311995428,0.7885692519679,0.3408712571982,0.0000015039901
162851,0.2549806513291,3.8614112794061,0.0107311995428,0.7884129278799,0.3408138421889,0.0000015039901
162857,0.2549812332765,3.8614200923810,0.0107780335631,0.7882535660643,0.3407771236807,0.0000015039901
162858,0.2549856442697,3.8614868921911,0.0108248675833,0.7880892224605,0.3407394464723,0.0000015039901
162861,0.2549801368045,3.8614034874764,0.0108248675833,0.7880610137415,0.3407281917586,0.0000014874462
162875,0.2549656961170,3.8611847985946,0.0108961295586,0.7879191848989,0.3407049850141,0.0000014874462
162893,0.2549645520424,3.8611674727997,0.0108961295586,0.7878130588883,0.3406668377086,0.0000014874462
162898,0.2549706716285,3.8612601474347,0.0108510089109,0.7878483133581,0.3406614025101,0.0000014874462
162919,0.2549655067798,3.8611819312830,0.0108510089109,0.7876812794765,0.3406006407991,0.0000014874462
162922,0.2549772184994,3.8613592928441,0.0108041748907,0.7870377677125,0.3403532531003,0.0000014874462
162943,0.2549743571272,3.8613159603994,0.0106865416711,0.7868805732837,0.3402460848447,0.0000014874462
162951,0.2549789546384,3.8613855848263,0.0106462856793,0.7868723919643,0.3402268955580,0.0000014874462
162969,0.2549692733518,3.8612389720178,0.0106931196995,0.7859668947799,0.3399215008680,0.0000014874462
162979,0.2549649550061,3.8611735752572,0.0107399537198,0.7859129212911,0.3399213709852,0.0000014874462
162983,0.2549637913136,3.8611559523698,0.0106931196995,0.7859604486995,0.3399180239740,0.0000014874462
162986,0.2549648151275,3.8611714569441,0.0106462856793,0.7859824008760,0.3399060117027,0.0000014874462
162997,0.2549590516915,3.8610841758235,0.0106462856793,0.7859825135966,0.3399048169381,0.0000014874462
163004,0.2549563388030,3.8610430920075,0.0107161427992,0.7858644800733,0.3398920195408,0.0000014874462
163013,0.2549533815919,3.8609983081842,0.0106906185061,0.7858869222231,0.3398884619234,0.0000014874462
163018,0.2549505213060,3.8609549921921,0.0106906185061,0.7857781300032,0.3398489946408,0.0000014710843
163021,0.2549535609798,3.8610010248245,0.0106906185061,0.7856765023945,0.3398133504249,0.0000014710843
163035,0.2549536647069,3.8610025956606,0.0106906185061,0.7856697722120,0.3398109690155,0.0000014549023
163061,0.2549506538446,3.8609569993476,0.0106906185061,0.7855121682947,0.3397540367174,0.0000014549023
163110,0.2549456468490,3.8608811737147,0.0108120200436,0.7852838065689,0.3397234352609,0.0000014549023
163115,0.2549407046317,3.8608063290809,0.0108120200436,0.7852842131680,0.3397225214283,0.0000014549023
163126,0.2549397742262,3.8607922390776,0.0108120200436,0.7852213889962,0.3396998848515,0.0000014549023
163139,0.2549358969595,3.8607335219881,0.0108120200436,0.7852157133924,0.3396970270073,0.0000014549023
163144,0.2549288670519,3.8606270615009,0.0107911896200,0.7850574863619,0.3396300836204,0.0000014549023
163148,0.2549357623021,3.8607314827454,0.0107911896200,0.7849380665093,0.3395889112266,0.0000014549023
163163,0.2549443023676,3.8608608129717,0.0107443555998,0.7849759396068,0.3395841956240,0.0000014549023
163170,0.2549458204512,3.8608838027358,0.0107838237707,0.7847971559914,0.3395375845668,0.0000014549023
163185,0.2549490351376,3.8609324857485,0.0107817853532,0.7846361133012,0.3394798845741,0.0000014549023
163196,0.2549479901970,3.8609166612331,0.0107421463959,0.7846008858054,0.3394500912853,0.0000014549023
163200,0.2549496456834,3.8609417318171,0.0107889804162,0.7843971524239,0.3393977558333,0.0000014549023
163212,0.2549491073278,3.8609335789923,0.0107889804162,0.7842447721932,0.3393432189604,0.0000014388984
163230,0.2549362335156,3.8607386187732,0.0107889804162,0.7842418830458,0.3393394284480,0.0000014388984
163251,0.2549403890876,3.8608015505001,0.0107889804162,0.7841734936526,0.3393158941445,0.0000014388984
163252,0.2549380769932,3.8607665362847,0.0107889804162,0.7841673125479,0.3393131911583,0.0000014388984
163266,0.2549361753169,3.8607377374154,0.0107421463959,0.7842118580655,0.3393086210467,0.0000014388984
163280,0.2549254419692,3.8605751922592,0.0107404330234,0.7841223274519,0.3392736115219,0.0000014388984
163301,0.2549242715162,3.8605574669920,0.0107872670436,0.7839948263055,0.3392478963098,0.0000014388984
163358,0.2549206907122,3.8605032395161,0.0107822646568,0.7839449773745,0.3392271819250,0.0000014388984
163366,0.2549256403855,3.8605781970640,0.0107822646568,0.7827251130169,0.3387925767273,0.0000014388984
163392,0.2549216840782,3.8605182829895,0.0108290986770,0.7826587421314,0.3387880967824,0.0000014230705
163393,0.2549154240865,3.8604234820605,0.0107756866283,0.7826689375514,0.3387675056990,0.0000014230705
163410,0.2549100847467,3.8603426234272,0.0107288526080,0.7824970868562,0.3386849145835,0.0000014230705
163421,0.2548984937199,3.8601670896313,0.0107288526080,0.7824911294669,0.3386803031530,0.0000014230705
163430,0.2549029332350,3.8602343213755,0.0106835777018,0.7825312064754,0.3386761641638,0.0000014230705
163441,0.2549030830918,3.8602365907966,0.0106367436815,0.7825228768643,0.3386531496919,0.0000014230705
163442,0.2548976015554,3.8601535787475,0.0106367436815,0.7821495821694,0.3385186555430,0.0000014230705
163443,0.2548921941094,3.8600716887187,0.0105452683172,0.7821763999195,0.3384878708449,0.0000014230705
163444,0.2548984630039,3.8601666244709,0.0104873166576,0.7822207995452,0.3384802347631,0.0000014230705
163448,0.2548886443069,3.8600179307285,0.0105249006696,0.7820810317124,0.3384443211072,0.0000014230705
163455,0.2548899435559,3.8600376064742,0.0105602920054,0.7819418003073,0.3384100417312,0.0000014230705
163472,0.2548892142242,3.8600265615204,0.0105966419484,0.7818779509065,0.3384026606354,0.0000014230705
163488,0.2548841678131,3.8599501389817,0.0105612506126,0.7818861083955,0.3383893249352,0.0000014230705
163517,0.2548848974848,3.8599611890856,0.0105612506126,0.7817682377728,0.3383473846424,0.0000014230705
163524,0.2548961674479,3.8601318607119,0.0105487281178,0.7817344098412,0.3383323514469,0.0000014230705
163557,0.2548924519634,3.8600755936437,0.0105487281178,0.7816365698654,0.3382966124232,0.0000014074168
163584,0.2548920957736,3.8600701995274,0.0105144165923,0.7815413754234,0.3382478331423,0.0000014074168
163591,0.2548874094704,3.8599992304395,0.0105144165923,0.7814613003111,0.3382182306800,0.0000014074168
163615,0.2548955915850,3.8601231398795,0.0104846612055,0.7814900973068,0.3382175163230,0.0000014074168
163616,0.2548973612833,3.8601499400820,0.0104851239814,0.7813299200373,0.3381608877089,0.0000014074168
163642,0.2549004478906,3.8601966834725,0.0104851239814,0.6666048013397,0.2971882924470,0.0000014074168
163647,0.2549021420107,3.8602223391229,0.0104851239814,0.6656927472170,0.2968629218575,0.0000014074168
163659,0.2549037200757,3.8602462372427,0.0105319580016,0.6656305699894,0.2968611255846,0.0000014074168
163667,0.2548958341458,3.8601268132057,0.0105369769162,0.6656120676190,0.2968549787164,0.0000014074168
163668,0.2549101777881,3.8603440324418,0.0105838109364,0.6654201131855,0.2968095689222,0.0000014074168
163674,0.2549127587135,3.8603831178163,0.0106192022722,0.6652686239399,0.2967711863910,0.0000014074168
163681,0.2549040387581,3.8602510633493,0.0105971047243,0.6652911659376,0.2967678981648,0.0000014074168
163701,0.2549054726270,3.8602727777712,0.0106813684979,0.6651201144332,0.2967432286453,0.0000014074168
163705,0.2549024417116,3.8602268777746,0.0105841029259,0.6650436778924,0.2966735951538,0.0000014074168
163740,0.2549041426693,3.8602526369744,0.0105372689057,0.6650625037548,0.2966606114440,0.0000013919352
163743,0.2549056136186,3.8602749129400,0.0105372689057,0.6650432404707,0.2966540469031,0.0000013919352
163744,0.2549109681644,3.8603560018510,0.0105372689057,0.6644212809744,0.2964330659142,0.0000013919352
163746,0.2549165825790,3.8604410261996,0.0104904348855,0.6644380625251,0.2964201906911,0.0000013919352
163749,0.2549151780049,3.8604197554163,0.0105372689057,0.6642998695829,0.2963906068117,0.0000013919352
163769,0.2549180069515,3.8604625968091,0.0105372689057,0.6642283108834,0.2963656563361,0.0000013919352
163774,0.2549167605005,3.8604437206329,0.0105841029259,0.6640078955142,0.2963067411877,0.0000013919352
163779,0.2549268246618,3.8605961316706,0.0107067385324,0.6637215364899,0.2962591848307,0.0000013919352
163799,0.2549257696575,3.8605801547507,0.0107267976628,0.6636845566583,0.2962543484458,0.0000013919352
163826,0.2549252673655,3.8605725480718,0.0107736316830,0.6636183477536,0.2962506664973,0.0000013919352
163827,0.2549164265289,3.8604386629862,0.0107152007198,0.6635153085880,0.2961869304890,0.0000013919352
163837,0.2549211308527,3.8605099049772,0.0106951415894,0.6634337351241,0.2961502084082,0.0000013919352
163839,0.2549151636368,3.8604195378267,0.0106951415894,0.6633863093487,0.2961319919421,0.0000013919352
163853,0.2549069341980,3.8602949117128,0.0107419756096,0.6632651213059,0.2961070187701,0.0000013919352
163871,0.2549050813853,3.8602668528317,0.0107283567768,0.6632780747707,0.2961054113336,0.0000013919352
163881,0.2549057724715,3.8602773185976,0.0106743276935,0.6632856199543,0.2960850988105,0.0000013766239
163885,0.2549127265333,3.8603826304809,0.0106760410661,0.6632695146038,0.2960815713583,0.0000013766239
163903,0.2549144097491,3.8604081209971,0.0106760410661,0.6631406019897,0.2960358918280,0.0000013766239
163909,0.2549167989348,3.8604443026792,0.0106760410661,0.6622298081463,0.2957111202809,0.0000013766239
163910,0.2549171289405,3.8604493002655,0.0106760410661,0.6622188977305,0.2957072944193,0.0000013766239
163927,0.2549163755068,3.8604378903113,0.0107228750863,0.6621542787988,0.2957041265023,0.0000013766239
163931,0.2549069863725,3.8602957018394,0.0107228750863,0.6621389591284,0.2956966432341,0.0000013766239
163937,0.2549063395118,3.8602859058209,0.0107228750863,0.6621269645056,0.2956922208272,0.0000013766239
163948,0.2549120347555,3.8603721542404,0.0107697091066,0.6620011956776,0.2956685955210,0.0000013766239
163951,0.2549145692980,3.8604105371970,0.0107697091066,0.6619788392284,0.2956611541911,0.0000013614810
163964,0.2549199610079,3.8604921889187,0.0107228750863,0.6619629846740,0.2956365754937,0.0000013614810
163999,0.2549182013898,3.8604655413716,0.0106962379274,0.6618540293134,0.2955858698787,0.0000013614810
164002,0.2549163806682,3.8604379684757,0.0106736776036,0.6617882613329,0.2955523224494,0.0000013614810
164012,0.2549097318529,3.8603372792262,0.0106143210886,0.6616272314755,0.2954679485334,0.0000013614810
164039,0.2549141316786,3.8604039099155,0.0106417295406,0.6615852832071,0.2954656563082,0.0000013614810
164041,0.2549140263737,3.8604023151849,0.0107585749394,0.6591832538901,0.2946578427292,0.0000013614810
164053,0.2549114881086,3.8603638758547,0.0107231836036,0.6591734963950,0.2946386462802,0.0000013465047
164063,0.2549236390252,3.8605478885867,0.0106763495834,0.6592043292800,0.2946321900697,0.0000013465047
164068,0.2549219883067,3.8605228902077,0.0106669618442,0.6590851292289,0.2945852415807,0.0000013465047
164086,0.2549187218272,3.8604734228428,0.0106935990031,0.6590289479061,0.2945758927879,0.0000013465047
164088,0.2549164762035,3.8604394152562,0.0107388573817,0.6589173681633,0.2945549581227,0.0000013465047
164115,0.2549191483380,3.8604798818962,0.0106920233615,0.6589144629290,0.2945344214163,0.0000013465047
164116,0.2549303734027,3.8606498735846,0.0106652484716,0.6589196496802,0.2945272042456,0.0000013465047
164121,0.2549304466031,3.8606509821278,0.0106652484716,0.6589080745126,0.2945230859430,0.0000013465047
164141,0.2549352362701,3.8607235165487,0.0106641521336,0.6588977989530,0.2945199725983,0.0000013465047
164144,0.2549327508812,3.8606858779730,0.0106267223802,0.6588624029694,0.2944907572694,0.0000013465047
164151,0.2549345072650,3.8607124765415,0.0106282980218,0.6579194588044,0.2941550431392,0.0000013465047
164162,0.2549303456273,3.8606494529561,0.0106278187183,0.6579136679035,0.2941518777649,0.0000013465047
164197,0.2549257563576,3.8605799533384,0.0106746527385,0.6577820362296,0.2941239547609,0.0000013465047
164198,0.2549299594612,3.8606436048798,0.0106746527385,0.6577224557384,0.2941035766790,0.0000013465047
164205,0.2549323167126,3.8606793029506,0.0106948495998,0.6576515890148,0.2940874280579,0.0000013465047
164218,0.2549372288429,3.8607536919489,0.0106948495998,0.6576237134979,0.2940785251155,0.0000013465047
164230,0.2549360751743,3.8607362208630,0.0106948495998,0.6574982788718,0.2940334798201,0.0000013316932
164249,0.2549466661674,3.8608966102095,0.0106594417363,0.6574843600815,0.2940156035234,0.0000013316932
164256,0.2549329200113,3.8606884392680,0.0105707926103,0.6575482595188,0.2939974866636,0.0000013316932
164285,0.2549321196154,3.8606763181216,0.0105707926103,0.6550628337460,0.2931096630884,0.0000013316932
164294,0.2549309634062,3.8606588085617,0.0105244378937,0.6550540803066,0.2930864227938,0.0000013316932
164295,0.2549312593886,3.8606632908999,0.0105172428307,0.6550412625580,0.2930788248528,0.0000013316932
164345,0.2549288153828,3.8606262790274,0.0105640768509,0.6549609496441,0.2930696896767,0.0000013316932
164365,0.2549182740276,3.8604666413932,0.0105264928389,0.6549416652929,0.2930444361129,0.0000013316932
164366,0.2549151707653,3.8604196457803,0.0105264928389,0.6548943083294,0.2930268579269,0.0000013316932
164384,0.2549184848661,3.8604698343189,0.0105264928389,0.6527971141559,0.2922785701723,0.0000013316932
164389,0.2549206208025,3.8605021808077,0.0105738061628,0.6526627848014,0.2922513302422,0.0000013316932
164390,0.2549260800318,3.8605848550404,0.0105269721425,0.6527076586766,0.2922484547381,0.0000013316932
164398,0.2549247964515,3.8605654165790,0.0105269721425,0.6526885677753,0.2922413615062,0.0000013170446
164399,0.2549214978112,3.8605154621737,0.0105269721425,0.6526882465398,0.2922405399277,0.0000013170446
164402,0.2549120234787,3.8603719834666,0.0105645561545,0.6525239598285,0.2921959433218,0.0000013170446
164403,0.2549075532598,3.8603042867461,0.0105645561545,0.6524122565926,0.2921550914050,0.0000013170446
164405,0.2549043764524,3.8602561773708,0.0106113901748,0.6522937262624,0.2921321501227,0.0000013170446
164407,0.2548989962362,3.8601746997071,0.0106303364394,0.6522555044699,0.2921254664067,0.0000013170446
164422,0.2548982746097,3.8601637714411,0.0105835024191,0.6522714456009,0.2921109333106,0.0000013170446
164431,0.2548986544524,3.8601695237556,0.0105835024191,0.6521611623394,0.2920716278264,0.0000013170446
164438,0.2548917285254,3.8600646379425,0.0105835024191,0.6520881610795,0.2920440718206,0.0000013170446
164470,0.2548875514864,3.8600013811212,0.0105366683989,0.6516301522387,0.2918595304319,0.0000013170446
164477,0.2548835302360,3.8599404835527,0.0105349550263,0.6515246002460,0.2918202372926,0.0000013170446
164481,0.2548918035284,3.8600657737842,0.0105817890466,0.6512224568347,0.2917341735027,0.0000013170446
164485,0.2548916312114,3.8600631642251,0.0105349550263,0.6512453508853,0.2917222413013,0.0000013170446
164496,0.2548845696651,3.8599562246033,0.0105817890466,0.6503293499171,0.2914136566329,0.0000013170446
164537,0.2548774175441,3.8598479133231,0.0105817890466,0.6502040915998,0.2913673889222,0.0000013170446
164542,0.2548804647263,3.8598940596636,0.0105910390548,0.6501636990187,0.2913575802572,0.0000013170446
164572,0.2548718653003,3.8597638304855,0.0105910390548,0.6501541182122,0.2913523158065,0.0000013025571
164583,0.2548693304727,3.8597254432132,0.0106378730750,0.6500929295392,0.2913499912546,0.0000013025571
164597,0.2548669283653,3.8596890658465,0.0106378730750,0.6499065989073,0.2912829298631,0.0000013025571
164625,0.2548671593658,3.8596925641037,0.0106378730750,0.6498508443643,0.2912630670264,0.0000013025571
164633,0.2548669962770,3.8596900942963,0.0105910390548,0.6498551089253,0.2912444834133,0.0000013025571
164634,0.2548697637134,3.8597320041829,0.0106378730750,0.6497309536801,0.2912208069993,0.0000013025571
164650,0.2548626059008,3.8596236067096,0.0106378730750,0.6496070887134,0.2911750356942,0.0000013025571
164662,0.2548643923615,3.8596506607612,0.0106378730750,0.6495912759659,0.2911697710974,0.0000013025571
164706,0.2548657238835,3.8596708252477,0.0106378730750,0.6495864696355,0.2911683398770,0.0000013025571
164711,0.2548653565460,3.8596652623119,0.0106847070953,0.6494466633659,0.2911384020742,0.0000013025571
164721,0.2548604180946,3.8595904747067,0.0106646479649,0.6494485988211,0.2911294382984,0.0000013025571
164734,0.2548658081804,3.8596721018346,0.0107589330398,0.6493156321202,0.2911235130986,0.0000012882289
164735,0.2548668134390,3.8596873254092,0.0107120990196,0.6492496360885,0.2910800867769,0.0000012882289
164753,0.2548736750902,3.8597912378317,0.0107120990196,0.6492370586777,0.2910770651983,0.0000012882289
164761,0.2548903744989,3.8600441326490,0.0106652649993,0.6492682306011,0.2910717047499,0.0000012882289
164815,0.2548884711356,3.8600153082331,0.0107017526733,0.6491867266252,0.2910578258980,0.0000012882289
164828,0.2548899695488,3.8600380001099,0.0105841194536,0.6491876455553,0.2910080609389,0.0000012882289
164864,0.2548830286249,3.8599328871851,0.0105372854334,0.6492390282739,0.2910048528460,0.0000012882289
164882,0.2548895617472,3.8600318243873,0.0105841194536,0.6491011712545,0.2909770898740,0.0000012882289
164890,0.2548877656748,3.8600046247777,0.0105748694454,0.6489538938985,0.2909201416564,0.0000012882289
164914,0.2548823929371,3.8599232603687,0.0105748694454,0.6489378408899,0.2909132571381,0.0000012740584
164948,0.2548844699473,3.8599547144831,0.0105280354252,0.6489803251406,0.2909088034354,0.0000012740584
164960,0.2548817393480,3.8599133624565,0.0106456686448,0.6488180867229,0.2909006902520,0.0000012740584
164966,0.2548840554528,3.8599484374036,0.0105988346246,0.6488225277797,0.2908827009289,0.0000012740584
164986,0.2548841982463,3.8599505998598,0.0106456686448,0.6486834710777,0.2908531401426,0.0000012740584
164987,0.2548787058263,3.8598674229893,0.0106925026650,0.6485312362612,0.2908176653411,0.0000012740584
164998,0.2548893741086,3.8600289828002,0.0107029867423,0.6484130074906,0.2907822200166,0.0000012740584
164999,0.2548950454807,3.8601148697093,0.0107252385488,0.6483309462125,0.2907636641998,0.0000012740584
165004,0.2548901335261,3.8600404833718,0.0107720725691,0.6481535563545,0.2907193298404,0.0000012740584
165009,0.2548804351097,3.8598936111506,0.0106544393495,0.6481751527370,0.2906745503651,0.0000012740584
165015,0.2548853239315,3.8599676471677,0.0106168553375,0.6481930756022,0.2906658915593,0.0000012740584
165033,0.2548803196665,3.8598918628868,0.0106168553375,0.6481332292703,0.2906434455268,0.0000012740584
165050,0.2548688218746,3.8597177410335,0.0106168553375,0.6481275468849,0.2906389522909,0.0000012600438
165053,0.2548661145679,3.8596767417483,0.0105966584761,0.6481296063100,0.2906304518650,0.0000012600438
165059,0.2548654883379,3.8596672581593,0.0105966584761,0.6480964592852,0.2906184794497,0.0000012600438
165064,0.2548704599393,3.8597425477844,0.0105861743989,0.6480969858010,0.2906152396583,0.0000012600438
165087,0.2548771327724,3.8598436007584,0.0105393403787,0.6479676718994,0.2905504142919,0.0000012461833
165103,0.2548762080560,3.8598295969098,0.0105498244559,0.6478683627727,0.2905192417691,0.0000012461833
165104,0.2548714513630,3.8597575618448,0.0105966584761,0.6476520909808,0.2904610542750,0.0000012461833
165115,0.2548647117829,3.8596554980593,0.0105966584761,0.6475691900675,0.2904300026102,0.0000012461833
165119,0.2548695441053,3.8597286784522,0.0105498244559,0.6475949461855,0.2904201649985,0.0000012461833
165121,0.2548674593748,3.8596971074206,0.0105405744477,0.6476058232645,0.2904196386523,0.0000012461833
165145,0.2548651416202,3.8596620074881,0.0105405744477,0.6474465007545,0.2903622410942,0.0000012461833
165164,0.2548735386827,3.8597891720849,0.0105421335616,0.6474387956983,0.2903619568506,0.0000012461833
165178,0.2548672285659,3.8596936120652,0.0105421335616,0.6474076226405,0.2903494714478,0.0000012461833
165211,0.2548728078481,3.8597781043707,0.0104952995414,0.6473861497510,0.2903229263963,0.0000012461833
165231,0.2548536562838,3.8594880742606,0.0104860495331,0.6473744452627,0.2903106780260,0.0000012461833
165232,0.2548474778157,3.8593945079212,0.0104202692483,0.6474065239577,0.2902926191947,0.0000012461833
165240,0.2548509144169,3.8594465515975,0.0104671032685,0.6472667054711,0.2902634921584,0.0000012461833
165256,0.2548521905010,3.8594658765367,0.0104202692483,0.6472938425845,0.2902533857082,0.0000012324753
165271,0.2548613891233,3.8596051799057,0.0104202692483,0.6471506503631,0.2902042167625,0.0000012324753
165274,0.2548648681416,3.8596578659447,0.0103734352281,0.6471353947853,0.2901794421228,0.0000012324753
165298,0.2548731088061,3.8597826620608,0.0103734352281,0.6469981557607,0.2901321940422,0.0000012324753
165304,0.2548760748152,3.8598275791199,0.0103519712423,0.6469764726924,0.2901158868115,0.0000012324753
165318,0.2548712785706,3.8597549450872,0.0103316035946,0.6469863933451,0.2901096731432,0.0000012324753
165327,0.2548662876057,3.8596793622225,0.0103316035946,0.6469277408449,0.2900876563292,0.0000012324753
165371,0.2548561721182,3.8595261739027,0.0103316035946,0.6469286374659,0.2900858089466,0.0000012324753
165425,0.2548568142647,3.8595358985289,0.0102847695744,0.6469810643959,0.2900845987300,0.0000012189181
165440,0.2548617753045,3.8596110282109,0.0102742854972,0.6469485244510,0.2900695472251,0.0000012189181
165443,0.2548633017338,3.8596341443625,0.0102742854972,0.6468372321655,0.2900301270723,0.0000012189181
165449,0.2548699976667,3.8597355471566,0.0103211195174,0.6467210875435,0.2900101534158,0.0000012189181
165510,0.2548801636877,3.8598895007532,0.0103679535377,0.6466529261428,0.2900080602145,0.0000012189181
165512,0.2548850256071,3.8599631293609,0.0103596621366,0.6466255892101,0.2899957854065,0.0000012189181
165521,0.2548824464877,3.8599240713353,0.0102589367641,0.6466999223888,0.2899786122851,0.0000012189181
165533,0.2548714758991,3.8597579334170,0.0102606501366,0.6466187536818,0.2899480069233,0.0000012189181
165540,0.2548631995060,3.8596325962306,0.0102138161164,0.6466280988444,0.2899294992456,0.0000012189181
165553,0.2548718984048,3.8597643318177,0.0102023899597,0.6465477674709,0.2898977765948,0.0000012189181
165579,0.2548644921546,3.8596521720210,0.0101648059477,0.6465379625140,0.2898765803371,0.0000012189181
165581,0.2548661148953,3.8596767467069,0.0102110229335,0.6463700810339,0.2898367776754,0.0000012055100
165593,0.2548747036946,3.8598068149547,0.0102551849739,0.6462334766020,0.2898087574241,0.0000012055100
165600,0.2548772153284,3.8598448509820,0.0101897132063,0.6462545137896,0.2897887495836,0.0000012055100
165624,0.2548744710773,3.8598032922116,0.0101793668600,0.6462365966228,0.2897773283933,0.0000012055100
165628,0.2548732211221,3.8597843629679,0.0102262008803,0.6460720451494,0.2897383638853,0.0000012055100
165640,0.2548697807865,3.8597322627372,0.0102462600107,0.6460313081248,0.2897316745034,0.0000012055100
165655,0.2548689656159,3.8597199178430,0.0102238539455,0.6460048768827,0.2897124574953,0.0000012055100
165670,0.2548683189515,3.8597101247981,0.0102069460984,0.6459017723616,0.2896682496609,0.0000012055100
165671,0.2548700085329,3.8597357117140,0.0100893128788,0.6460285920434,0.2896634902206,0.0000012055100
165676,0.2548676367528,3.8596997936228,0.0100985628870,0.6460104202704,0.2896604563523,0.0000012055100
165688,0.2548737162950,3.8597918618358,0.0100985628870,0.6459941166929,0.2896559364051,0.0000012055100
165722,0.2548698898924,3.8597339150292,0.0100935605002,0.6459893376917,0.2896512657955,0.0000012055100
165730,0.2548763083778,3.8598311161774,0.0100935605002,0.6459410924320,0.2896354107353,0.0000012055100
165770,0.2548769046276,3.8598401457479,0.0100935605002,0.6458985536089,0.2896203460663,0.0000011922493
165776,0.2548759658701,3.8598259292623,0.0100935605002,0.6457758635629,0.2895763270304,0.0000011922493
165779,0.2548660492736,3.8596757529353,0.0100005094942,0.6458477022291,0.2895599797094,0.0000011922493
165839,0.2548621655526,3.8596169381033,0.0100915055549,0.6456736523792,0.2895359851345,0.0000011922493
165872,0.2548698894922,3.8597339089695,0.0100683116689,0.6456213635920,0.2895090254607,0.0000011922493
165896,0.2548700702007,3.8597366456080,0.0101494572146,0.6454787820945,0.2894929188830,0.0000011922493
165944,0.2548674728161,3.8596973109748,0.0101370889784,0.6454261344429,0.2894682588952,0.0000011791346
165959,0.2548599628592,3.8595835806501,0.0101278389702,0.6454163182539,0.2894591795477,0.0000011791346
165962,0.2548584734117,3.8595610245499,0.0100810049500,0.6454349477209,0.2894454420385,0.0000011791346
166008,0.2548688114999,3.8597175839196,0.0101109311231,0.6453450685234,0.2894283831325,0.0000011791346
166012,0.2548650730727,3.8596609694092,0.0100625379889,0.6453183923552,0.2893973149234,0.0000011791346
166045,0.2548661913599,3.8596779046822,0.0100344959747,0.6452520784813,0.2893618530239,0.0000011791346
166051,0.2548590111628,3.8595691682195,0.0100073960399,0.6452732138343,0.2893562484928,0.0000011791346
166069,0.2548613173269,3.8596040926261,0.0099991046389,0.6451336898309,0.2893033592120,0.0000011791346
166091,0.2548612745238,3.8596034444186,0.0099991046389,0.6450326165129,0.2892672524264,0.0000011661641
166127,0.2548651556328,3.8596622196941,0.0099991046389,0.6448923028877,0.2892179720836,0.0000011661641
166135,0.2548658498744,3.8596727332463,0.0099991046389,0.6441584664816,0.2889560364189,0.0000011661641
166170,0.2548774437620,3.8598483103665,0.0100166295205,0.6440197599018,0.2889164934227,0.0000011661641
166176,0.2548775022130,3.8598491955447,0.0099931271172,0.6440386061316,0.2889131642857,0.0000011661641
166191,0.2548729813924,3.8597807325160,0.0099931271172,0.6440080667438,0.2889012886143,0.0000011661641
166214,0.2548788461537,3.8598695480988,0.0099931271172,0.6439757394883,0.2888909999004,0.0000011661641
166219,0.2548782278125,3.8598601839788,0.0099931271172,0.6438909911387,0.2888606001310,0.0000011661641
166225,0.2548811914741,3.8599050654868,0.0100399611374,0.6437923863218,0.2888460909183,0.0000011661641
166236,0.2548796574713,3.8598818346439,0.0100349587506,0.6437755040107,0.2888375889265,0.0000011661641
166251,0.2548923684344,3.8600743286849,0.0100349587506,0.6436079552202,0.2887804738505,0.0000011661641
166289,0.2548935277063,3.8600918846276,0.0100349587506,0.6435408326247,0.2887567499104,0.0000011533363
166312,0.2548961078817,3.8601309586446,0.0100349587506,0.6435340563673,0.2887548827132,0.0000011533363
166325,0.2549077815714,3.8603077442831,0.0100817927708,0.6428774653569,0.2885429591517,0.0000011533363
166345,0.2549010604175,3.8602059595428,0.0101062207258,0.6428432509847,0.2885397686094,0.0000011533363
166357,0.2548919305041,3.8600676966961,0.0101045073533,0.6428296495067,0.2885322202261,0.0000011533363
166359,0.2548938158631,3.8600962484565,0.0100634635407,0.6427386136919,0.2884825212352,0.0000011533363
166388,0.2548867565949,3.8599893433332,0.0101045073533,0.6426812331339,0.2884781056838,0.0000011533363
166418,0.2548748615533,3.8598092055569,0.0101181261861,0.6425354666096,0.2884293339160,0.0000011406496
166419,0.2548768113456,3.8598387330910,0.0100712921659,0.6425407806859,0.2884115778901,0.0000011406496
166454,0.2548828953495,3.8599308688712,0.0100712921659,0.6424151899451,0.2883680277692,0.0000011281025
166466,0.2548751927480,3.8598142211493,0.0100712921659,0.6422615726006,0.2883115138744,0.0000011281025
166501,0.2548732382931,3.8597846230044,0.0100244581456,0.6422548312506,0.2882886157147,0.0000011281025
166536,0.2548772382661,3.8598451983488,0.0099624461786,0.6422751137101,0.2882701400300,0.0000011281025
166546,0.2548812768769,3.8599063588218,0.0099746601561,0.6422255433706,0.2882585363157,0.0000011281025
166566,0.2548820768383,3.8599184733880,0.0099746601561,0.6421984631162,0.2882490362166,0.0000011281025
166577,0.2548813605961,3.8599076266608,0.0099746601561,0.6421903040438,0.2882459687817,0.0000011281025
166615,0.2548748635737,3.8598092361528,0.0100214941764,0.6420840110927,0.2882266865173,0.0000011156933
166619,0.2548707567853,3.8597470432025,0.0100683281966,0.6419468546232,0.2881968937608,0.0000011156933
166686,0.2548665259824,3.8596829721841,0.0101151622168,0.6418616258375,0.2881856200311,0.0000011156933
166714,0.2548662460898,3.8596787335082,0.0100710001763,0.6418669477518,0.2881685341490,0.0000011156933
166742,0.2548662474414,3.8596787539771,0.0100760025632,0.6417864169769,0.2881419173277,0.0000011156933
166818,0.2548735678045,3.8597896131039,0.0100166460482,0.6417692975574,0.2881119333921,0.0000011034207
166825,0.2548720591762,3.8597667665307,0.0098990128285,0.6416319991236,0.2880121607227,0.0000011034207
166839,0.2548765036850,3.8598340738975,0.0099458468488,0.6414747306377,0.2879770175240,0.0000011034207
166847,0.2548700417614,3.8597362149253,0.0099726217386,0.6413420399740,0.2879397182561,0.0000011034207
166849,0.2548684581487,3.8597122327915,0.0099726217386,0.6413352694568,0.2879369608687,0.0000011034207
166866,0.2548672701156,3.8596942412911,0.0100902549582,0.6392854603752,0.2872550458551,0.0000011034207
166892,0.2548734400908,3.8597876790155,0.0100902549582,0.6392463016943,0.2872423827495,0.0000011034207
166896,0.2548773516713,3.8598469157501,0.0099849899747,0.6392894281332,0.2872135096806,0.0000011034207
166906,0.2548844527124,3.8599544534784,0.0099849899747,0.6392432225324,0.2871985293319,0.0000011034207
166908,0.2548832033014,3.8599355324758,0.0100318239950,0.6390630156259,0.2871539737145,0.0000011034207
166918,0.2548881191385,3.8600099776095,0.0100786580152,0.6389030704938,0.2871179755697,0.0000011034207
166945,0.2548894425909,3.8600300198925,0.0100286892393,0.6388780067767,0.2870878926495,0.0000010912831
167029,0.2548879939268,3.8600080814114,0.0100214941764,0.6368085438502,0.2863454047207,0.0000010912831
167030,0.2548914667683,3.8600606739096,0.0100297855774,0.6367468806737,0.2863276797956,0.0000010912831
167033,0.2548859636612,3.8599773351953,0.0099901466202,0.6367973763426,0.2863275466013,0.0000010912831
167080,0.2548914067448,3.8600597649178,0.0100369806404,0.6366666809467,0.2863021077722,0.0000010912831
167087,0.2548875445055,3.8600012754036,0.0100075337708,0.6366583007494,0.2862856671349,0.0000010912831
167093,0.2548790707346,3.8598729491392,0.0099829350295,0.6366601509938,0.2862739698107,0.0000010912831
167102,0.2548775685050,3.8598501994665,0.0099829350295,0.6366368271278,0.2862653179522,0.0000010912831
167177,0.2548698955208,3.8597340002658,0.0100352507401,0.6365119040404,0.2862414793718,0.0000010792790
167245,0.2548725362136,3.8597739907550,0.0100805256464,0.6364158712945,0.2862271513565,0.0000010792790
167269,0.2548690212984,3.8597207610966,0.0100805256464,0.6362851618898,0.2861797162302,0.0000010792790
167274,0.2548638381899,3.8596422684194,0.0100820847604,0.6362647528334,0.2861719848070,0.0000010792790
167308,0.2548611601812,3.8596017128218,0.0100487153143,0.6362702176222,0.2861590614672,0.0000010674069
167354,0.2548505314795,3.8594407524173,0.0100487153143,0.6362736184796,0.2861579984802,0.0000010674069
167357,0.2548520255735,3.8594633788851,0.0100263092491,0.6362954007531,0.2861564954272,0.0000010674069
167370,0.2548575285433,3.8595467155210,0.0100263092491,0.6361606219820,0.2861095393596,0.0000010674069
167372,0.2548532749232,3.8594822989604,0.0100263092491,0.6361340547939,0.2860991395881,0.0000010674069
167374,0.2548555628092,3.8595169465651,0.0100480817521,0.5318664524361,0.2488705315086,0.0000010674069
167399,0.2548546801481,3.8595035795994,0.0100911474545,0.5317550190646,0.2488490014639,0.0000010674069
167431,0.2548547625570,3.8595048275946,0.0099902843511,0.5316754233970,0.2487773650545,0.0000010674069
167444,0.2548602581138,3.8595880519680,0.0100371183713,0.5315827190211,0.2487655056911,0.0000010674069
167448,0.2548547947086,3.8595053144969,0.0099426625100,0.5316760039631,0.2487571699287,0.0000010674069
167456,0.2548520414735,3.8594636196739,0.0099572399500,0.5315419342904,0.2487149453980,0.0000010556654
167479,0.2548575504454,3.8595470472045,0.0099741477971,0.5314083974109,0.2486756803695,0.0000010556654
167504,0.2548632165977,3.8596328550663,0.0099741477971,0.5313637562549,0.2486609512750,0.0000010556654
167506,0.2548579844450,3.8595536196683,0.0099741477971,0.5313139162463,0.2486420300964,0.0000010556654
167517,0.2548488309976,3.8594150004241,0.0100181721067,0.5303585768986,0.2483177435804,0.0000010556654
167544,0.2548472327966,3.8593907973659,0.0100432336239,0.4365177369820,0.2148135560745,0.0000010556654
167566,0.2548509411165,3.8594469559342,0.0100731597971,0.4363965708165,0.2147839025867,0.0000010556654
167641,0.2548541183178,3.8594950712756,0.0101032237011,0.4362699064141,0.2147522306593,0.0000010440531
167645,0.2548447457865,3.8593531342382,0.0101298608600,0.4362354315429,0.2147493257310,0.0000010440531
167650,0.2548401707051,3.8592838494884,0.0101298608600,0.4362122139270,0.2147400533507,0.0000010440531
167665,0.2548446028430,3.8593509695108,0.0101032237011,0.4362101545018,0.2147288516604,0.0000010440531
167686,0.2548492622577,3.8594215313999,0.0100123653713,0.4363156898953,0.2147286020341,0.0000010440531
167706,0.2548651592019,3.8596622737438,0.0100123653713,0.4362918920749,0.2147235093006,0.0000010440531
167710,0.2548734315200,3.8597875492208,0.0099987465385,0.4361454356261,0.2146671394230,0.0000010440531
167763,0.2548722668311,3.8597699112439,0.0099995343593,0.4361077397589,0.2146537646746,0.0000010440531
167786,0.2548711244880,3.8597526116704,0.0099995343593,0.4360680826313,0.2146393566269,0.0000010440531
167803,0.2548739508387,3.8597954137501,0.0099995343593,0.4360634140685,0.2146382949296,0.0000010325685
167812,0.2548678013074,3.8597022856269,0.0099995343593,0.4358648571701,0.2145660639949,0.0000010325685
167813,0.2548511911515,3.8594507424488,0.0099527003391,0.4359123297948,0.2145593874617,0.0000010325685
167825,0.2548529516853,3.8594774038653,0.0099527003391,0.4359050857974,0.2145571775770,0.0000010325685
167829,0.2548564805685,3.8595308450552,0.0099652228339,0.4358246023398,0.2145345564577,0.0000010325685
167840,0.2548556207158,3.8595178234976,0.0100120568541,0.4356887763206,0.2145059346339,0.0000010325685
167856,0.2548471426317,3.8593894319143,0.0100093848743,0.4356842130511,0.2145013430283,0.0000010325685
167899,0.2548539935876,3.8594931823692,0.0100093848743,0.4355544633051,0.2144564718953,0.0000010325685
167914,0.2548553169413,3.8595132231560,0.0100562188946,0.4354159294271,0.2144273508091,0.0000010325685
167921,0.2548593794749,3.8595747459140,0.0100093848743,0.4354480513555,0.2144196217463,0.0000010325685
167937,0.2548608879423,3.8595975900514,0.0100093848743,0.4353809268116,0.2143959719379,0.0000010325685
167956,0.2548616894042,3.8596097273415,0.0099251211007,0.4352695263390,0.2143202447509,0.0000010325685
167990,0.2548679443051,3.8597044511750,0.0099277930805,0.4352607056404,0.2143195799714,0.0000010212103
168023,0.2548663210786,3.8596798691333,0.0099027315632,0.3520618924487,0.1845946296328,0.0000010212103
168125,0.2548772710051,3.8598456941455,0.0099010181907,0.3519553525114,0.1845581917655,0.0000010212103
168184,0.2548710144691,3.8597509455499,0.0100012807873,0.3517777447360,0.1845363894151,0.0000010099770
168185,0.2548679218756,3.8597041115042,0.0100012807873,0.3517772213566,0.1845355397952,0.0000010099770
168212,0.2548708871107,3.8597490168422,0.0099810839260,0.3517115803671,0.1845040761945,0.0000009988672
168220,0.2548598919066,3.8595825061488,0.0099766985737,0.3517199932259,0.1845028452351,0.0000009988672
168249,0.2548585004563,3.8595614341118,0.0100235325939,0.3515548818465,0.1844636504404,0.0000009988672
168262,0.2548576760317,3.8595489490764,0.0100235325939,0.3515218386536,0.1844516726376,0.0000009988672
168273,0.2548588615196,3.8595669020310,0.0100235325939,0.3515020172723,0.1844448476060,0.0000009988672
168278,0.2548576398946,3.8595484018175,0.0100235325939,0.3514818824976,0.1844373948382,0.0000009988672
168303,0.2548564803339,3.8595308415025,0.0100703666141,0.3513175042492,0.1843985115666,0.0000009878797
168330,0.2548526442959,3.8594727487782,0.0100639428443,0.3511979814447,0.1843522497983,0.0000009878797
168343,0.2548522093053,3.8594661613081,0.0100171088240,0.3512486280977,0.1843501729535,0.0000009878797
168365,0.2548484393145,3.8594090687998,0.0100373056854,0.3511177426522,0.1843112760941,0.0000009878797
168371,0.2548491311752,3.8594195462953,0.0100841397056,0.3509732408688,0.1842798882931,0.0000009878797
168391,0.2548420256492,3.8593119406475,0.0100841397056,0.3509322442586,0.1842637240339,0.0000009878797
168435,0.2548441242581,3.8593437218509,0.0100841397056,0.3508884571235,0.1842485354732,0.0000009878797
168456,0.2548413145535,3.8593011718580,0.0101283017461,0.3507774774098,0.1842272243704,0.0000009878797
168496,0.2548417150233,3.8593072365475,0.0101751357663,0.3505488739049,0.1841657377995,0.0000009770130
168497,0.2548328099541,3.8591723787283,0.0101919058825,0.3504654274144,0.1841412144449,0.0000009770130
168538,0.2548322872518,3.8591644629566,0.0101325493675,0.3504452437580,0.1841084554822,0.0000009770130
168552,0.2548346922395,3.8592008839416,0.0100857153473,0.3504484130643,0.1840900310088,0.0000009770130
168588,0.2548374421221,3.8592425279945,0.0101361468990,0.3485562547744,0.1834364629737,0.0000009770130
168598,0.2548377594079,3.8592473329521,0.0101594785159,0.3484610036556,0.1834125119712,0.0000009770130
168610,0.2548382132537,3.8592542059652,0.0101594785159,0.3481917597850,0.1833164506987,0.0000009770130
168623,0.2548316329098,3.8591545536416,0.0102625342955,0.3480646422127,0.1833138082547,0.0000009770130
168692,0.2548338702822,3.8591884362708,0.0102625342955,0.3479172357527,0.1832616425274,0.0000009662659
168717,0.2548290126842,3.8591148731068,0.0103093683158,0.3477561787035,0.1832231529618,0.0000009662659
168744,0.2548255003829,3.8590616830319,0.0103093683158,0.3475062648015,0.1831331453608,0.0000009662659
168774,0.2548166624065,3.8589278412620,0.0103120402955,0.3474851272868,0.1831248475305,0.0000009662659
168777,0.2548120340752,3.8588577500974,0.0103485279694,0.3474061456200,0.1831112855816,0.0000009662659
168785,0.2548194402119,3.8589699081751,0.0103784541426,0.3473648374027,0.1831109451789,0.0000009662659
168794,0.2548220010846,3.8590086898747,0.0104138454784,0.3472253530330,0.1830768458064,0.0000009662659
168797,0.2548270933062,3.8590858061647,0.0103670114582,0.3472180287589,0.1830552494616,0.0000009662659
168813,0.2548171692170,3.8589355163693,0.0103201774380,0.3472376870290,0.1830400719588,0.0000009556369
168895,0.2548195281196,3.8589712394446,0.0102025442183,0.3472621805367,0.1829989108823,0.0000009556369
169027,0.2548176362655,3.8589425893228,0.0101557101981,0.3472572022640,0.1829766558075,0.0000009451249
169051,0.2548176149789,3.8589422669592,0.0101557101981,0.3472363078880,0.1829691889689,0.0000009451249
169072,0.2548178409523,3.8589456890866,0.0101557101981,0.3471762763528,0.1829477975578,0.0000009451249
169073,0.2548153394411,3.8589078063553,0.0101552308945,0.3463840622797,0.1826641225064,0.0000009451249
169082,0.2548117119887,3.8588528724390,0.0101422290962,0.3463930602576,0.1826609865594,0.0000009451249
169134,0.2548119069225,3.8588558245045,0.0101852947986,0.3462979244450,0.1826455079846,0.0000009451249
169135,0.2548119317536,3.8588562005453,0.0101852947986,0.3462689003261,0.1826351475488,0.0000009451249
169153,0.2548065038581,3.8587740008309,0.0101619631816,0.3461346029700,0.1825760218224,0.0000009347285
169167,0.2547996179139,3.8586697205155,0.0101132450025,0.3459822688086,0.1824992619857,0.0000009347285
169178,0.2547963753802,3.8586206157850,0.0101132450025,0.3459367423865,0.1824823077206,0.0000009347285
169226,0.2547910502962,3.8585399730414,0.0101545973323,0.3458443953471,0.1824659079727,0.0000009347285
169344,0.2547898475029,3.8585217580128,0.0101545973323,0.3458356971007,0.1824625437147,0.0000009244465
169368,0.2547893422308,3.8585141062035,0.0101519253526,0.3457410222445,0.1824274778593,0.0000009244465
169393,0.2547831538639,3.8584203899568,0.0101050913323,0.3458007121472,0.1824273978801,0.0000009244465
169400,0.2547885557377,3.8585021956011,0.0101055706359,0.3456675276699,0.1823811949556,0.0000009244465
169410,0.2547871280470,3.8584805747407,0.0101055706359,0.3455985973473,0.1823562710495,0.0000009244465
169424,0.2547813787404,3.8583935075961,0.0100646976097,0.3455751473421,0.1823291470421,0.0000009244465
169432,0.2547824853635,3.8584102662275,0.0099879374163,0.3456398685877,0.1823196016805,0.0000009244465
169441,0.2547840516801,3.8584339864296,0.0099525460805,0.3456588453827,0.1823115470312,0.0000009244465
169498,0.2547842374518,3.8584367997444,0.0099879374163,0.3454924436446,0.1822673253626,0.0000009142776
169555,0.2547854897470,3.8584557644269,0.0099763570010,0.3454714828613,0.1822551446824,0.0000009142776
169576,0.2547921833486,3.8585571319164,0.0100078422881,0.3454268899274,0.1822541466722,0.0000009142776
169594,0.2547913773384,3.8585449257474,0.0100078422881,0.3453790151469,0.1822368758199,0.0000009142776
169658,0.2547860017201,3.8584635177146,0.0100546763083,0.3452394728917,0.1822059591049,0.0000009142776
169671,0.2547776429404,3.8583369328697,0.0100573482881,0.3452325183236,0.1822028292977,0.0000009042206
169707,0.2547758581077,3.8583099034744,0.0100142825857,0.3452205237007,0.1821797063101,0.0000009042206
169749,0.2547734176736,3.8582729456895,0.0100142825857,0.3452073448481,0.1821744766268,0.0000009042206
169797,0.2547714060063,3.8582424811238,0.0099674485654,0.3433614942434,0.1814947414735,0.0000009042206
169863,0.2547692539050,3.8582098898346,0.0099674485654,0.3433622123260,0.1814945367670,0.0000008942741
169885,0.2547591668199,3.8580571316392,0.0099206145452,0.3432378531652,0.1814278895398,0.0000008942741
169928,0.2547642056637,3.8581334395796,0.0099206145452,0.3431851895008,0.1814101608405,0.0000008942741
170073,0.2547628979429,3.8581136355368,0.0099549260707,0.3431068754274,0.1813966162421,0.0000008844371
170126,0.2547621619782,3.8581024901328,0.0099113810647,0.3430281092052,0.1813496655963,0.0000008844371
170248,0.2547681693939,3.8581934660661,0.0098673567551,0.3430067526520,0.1813244579980,0.0000008747083
170256,0.2547651744343,3.8581481105820,0.0099141907753,0.3429121251855,0.1813100924202,0.0000008747083
170281,0.2547709831545,3.8582360774835,0.0099141907753,0.3428547498986,0.1812908459721,0.0000008747083
170704,0.2547795340630,3.8583655719138,0.0099726217386,0.2698282161566,0.1552368152431,0.0000008461593
170788,0.2547832170426,3.8584213467305,0.0100155497101,0.2696048411206,0.1551762253565,0.0000008461593
170915,0.2547815872030,3.8583966645397,0.0100623837303,0.2695357060537,0.1551712567328,0.0000008368515
171024,0.2547782970307,3.8583468383742,0.0099516370564,0.2696628094790,0.1551684829161,0.0000008276462
171039,0.2547708057214,3.8582333904469,0.0099984710767,0.2695958704847,0.1551630425748,0.0000008276462
171109,0.2547646746557,3.8581405419660,0.0099392522926,0.2696688055162,0.1551623975217,0.0000008276462
171137,0.2547621595139,3.8581024528135,0.0098532586187,0.2696525019386,0.1551191814248,0.0000008276462
171141,0.2547674161432,3.8581820588829,0.0098244287836,0.2696334184459,0.1551011366686,0.0000008276462
171172,0.2547680794450,3.8581921038854,0.0098272384943,0.2695365772782,0.1550678968351,0.0000008276462
171175,0.2547704011075,3.8582272629989,0.0097486106697,0.2695801250781,0.1550502494808,0.0000008276462
171213,0.2547706626856,3.8582312243210,0.0097017766495,0.2679338804649,0.1544422893056,0.0000008185421
171238,0.2547709533971,3.8582356268394,0.0097320113399,0.2677605909422,0.1543934202101,0.0000008185421
171259,0.2547679421420,3.8581900245773,0.0096851773196,0.2677899823077,0.1543832001345,0.0000008095381
171365,0.2547612711302,3.8580889991850,0.0096801749328,0.2677939015529,0.1543810264823,0.0000008006332
171449,0.2547582823298,3.8580437369764,0.0096801749328,0.2677944318748,0.1543805754257,0.0000008006332
171467,0.2547655222900,3.8581533784871,0.0096812712709,0.2676654315407,0.1543365251571,0.0000008006332
171485,0.2547618140425,3.8580972210162,0.0097281052911,0.2674824960321,0.1542904681453,0.0000008006332
171488,0.2547599019922,3.8580682650440,0.0097281052911,0.2674746499948,0.1542872562641,0.0000008006332
171566,0.2547571425454,3.8580264761507,0.0096812712709,0.2659381480341,0.1537178425308,0.0000007918262
171706,0.2547544188982,3.8579852294060,0.0096795578983,0.2658403810079,0.1536816077946,0.0000007831161
171722,0.2547526670690,3.8579586998125,0.0097263919185,0.2657790514432,0.1536794007096,0.0000007831161
171726,0.2547504293092,3.8579248113151,0.0097010218841,0.2643094494012,0.1531431904456,0.0000007831161
171757,0.2547521213816,3.8579504359552,0.0097277967739,0.2641071481692,0.1530827775453,0.0000007831161
171828,0.2547588859075,3.8580528775192,0.0097746307941,0.2640419807199,0.1530810247205,0.0000007831161
171881,0.2547578704696,3.8580374997906,0.0098214648143,0.2639236512200,0.1530586183139,0.0000007745019
171911,0.2547613074112,3.8580895486226,0.0098131734133,0.2639251684251,0.1530563432028,0.0000007745019
172039,0.2547570743690,3.8580254436927,0.0097914009103,0.2639264070078,0.1530465474006,0.0000007745019
172146,0.2547495977495,3.8579122182263,0.0096961737559,0.2639700672226,0.1530197265641,0.0000007659823
172411,0.2547478252644,3.8578853758216,0.0097124645684,0.2639445219009,0.1530172051935,0.0000007492234
172504,0.2547540564490,3.8579797404978,0.0097425284725,0.2638128077005,0.1529843841918,0.0000007492234
172532,0.2547587204177,3.8580503713520,0.0097157535827,0.2638053085040,0.1529712303764,0.0000007492234
172533,0.2547555672817,3.8580026204550,0.0097157535827,0.2637970381344,0.1529676010009,0.0000007492234
172575,0.2547547072646,3.8579895964084,0.0096878823548,0.2638010982542,0.1529569219424,0.0000007409820
172581,0.2547553240123,3.8579989363973,0.0096410483346,0.2013635612559,0.1306378620231,0.0000007409820
172602,0.2547543344813,3.8579839510020,0.0096410483346,0.2013089974075,0.1306181628920,0.0000007409820
172614,0.2547554898560,3.8580014479245,0.0095942143143,0.1495883091321,0.1121266643653,0.0000007409820
172630,0.2547538189002,3.8579761430729,0.0094765810947,0.1497167227745,0.1121217540815,0.0000007409820
172757,0.2547510233278,3.8579338070970,0.0094297470745,0.1495583847851,0.1120445340254,0.0000007328312
172771,0.2547490232235,3.8579035176406,0.0093121138549,0.1494885431874,0.1119687477669,0.0000007328312
172774,0.2547583525178,3.8580447998987,0.0093121138549,0.1493916478389,0.1119361414198,0.0000007328312
172883,0.2547573178844,3.8580291314736,0.0093121138549,0.1493619935109,0.1119253288812,0.0000007328312
172912,0.2547545326205,3.8579869516093,0.0093589478751,0.1488783897801,0.1117720881437,0.0000007247700
172925,0.2547571593969,3.8580267313489,0.0093589478751,0.1488695200217,0.1117694832535,0.0000007247700
172969,0.2547513778093,3.8579391753424,0.0093121138549,0.1489184169979,0.1117656358247,0.0000007247700
172972,0.2547442910145,3.8578318533593,0.0093121138549,0.1488124772017,0.1117262815844,0.0000007247700
173055,0.2547415034131,3.8577896380951,0.0093121138549,0.1488129381877,0.1117258488791,0.0000007247700
173191,0.2547385006123,3.8577441638642,0.0092767225190,0.1488516251046,0.1117238544624,0.0000007167975
173479,0.2547284917624,3.8575925904579,0.0092388134621,0.1487934020823,0.1116846690336,0.0000007011147
173595,0.2547315189033,3.8576384332931,0.0091565715783,0.1488458488753,0.1116688021826,0.0000006934025
173601,0.2547326262263,3.8576552025240,0.0091733416944,0.1487870767292,0.1116552366065,0.0000006934025
173652,0.2547254859783,3.8575470710488,0.0091733416944,0.1487843209413,0.1116527223435,0.0000006934025
173678,0.2547276643786,3.8575800606080,0.0091379503586,0.1488139333556,0.1116485972904,0.0000006934025
173728,0.2547300135497,3.8576156363109,0.0091512606742,0.1487551871073,0.1116338243022,0.0000006934025
173736,0.2547419546978,3.8577964723222,0.0090936175318,0.1487431638279,0.1116073848874,0.0000006934025
173741,0.2547322556258,3.8576495901742,0.0090936175318,0.1487428262297,0.1116051859441,0.0000006857750
173815,0.2547355254672,3.8576991084509,0.0090756133466,0.1487416715112,0.1115977581455,0.0000006857750
173839,0.2547431308396,3.8578142837414,0.0090860974238,0.1486579408804,0.1115739772474,0.0000006857750
173895,0.2547482101270,3.8578912041571,0.0091329314441,0.1485965559368,0.1115732141950,0.0000006857750
173919,0.2547481674917,3.8578905584908,0.0091329314441,0.1485846385559,0.1115689488513,0.0000006782315
174033,0.2547532815991,3.8579680062188,0.0090698066113,0.1486005297751,0.1115486666672,0.0000006782315
174034,0.2547599312785,3.8580687085541,0.0090475548047,0.1486166642200,0.1115463174117,0.0000006782315
174037,0.2547607804987,3.8580815690916,0.0090370707274,0.1486275166470,0.1115458820783,0.0000006782315
174266,0.2547585484197,3.8580477666245,0.0090839047477,0.1485659418031,0.1115434844829,0.0000006633925
174316,0.2547619620469,3.8580994623853,0.0090839047477,0.1485464910131,0.1115372692637,0.0000006633925
174366,0.2547654750750,3.8581526634668,0.0090839047477,0.1484994704767,0.1115212290068,0.0000006633925
174373,0.2547667397074,3.8581718149808,0.0091307387679,0.1484354303592,0.1115187002518,0.0000006633925
174620,0.2547557635445,3.8580055926463,0.0092276958226,0.1483029542755,0.1115105883533,0.0000006488781
174632,0.2547566629298,3.8580192128819,0.0091988659876,0.1483305507622,0.1115082813233,0.0000006488781
174654,0.2547584042474,3.8580455832883,0.0092457000078,0.1482601577170,0.1115035858124,0.0000006488781
174927,0.2547620475744,3.8581007576079,0.0092621450790,0.1482060591921,0.1114920935113,0.0000006417405
174931,0.2547606450978,3.8580795185890,0.0093089790992,0.1481351569539,0.1114865424756,0.0000006346813
174937,0.2547561994435,3.8580121938741,0.0092497768429,0.1481896064600,0.1114796636920,0.0000006346813
174947,0.2547547847595,3.8579907699863,0.0092153275865,0.1482210062586,0.1114758107922,0.0000006346813
175095,0.2547541538209,3.8579812150921,0.0092153275865,0.1482096916099,0.1114716346451,0.0000006346813
175114,0.2547595385101,3.8580627604932,0.0092153275865,0.1481936822266,0.1114670708701,0.0000006276998
175147,0.2547613982175,3.8580909237869,0.0091684935662,0.1482270451580,0.1114593129885,0.0000006276998
175212,0.2547600369573,3.8580703089470,0.0090776352364,0.1482924269263,0.1114434326373,0.0000006276998
175214,0.2547596907224,3.8580650655861,0.0090776352364,0.1482734913648,0.1114365957435,0.0000006276998
175252,0.2547640341373,3.8581308419941,0.0090776352364,0.1482376602653,0.1114247296541,0.0000006276998
175389,0.2547696607277,3.8582160507322,0.0090776352364,0.1482305649240,0.1114234013015,0.0000006207951
175405,0.2547680234985,3.8581912566351,0.0091244692567,0.1481035529329,0.1113977607643,0.0000006207951
175424,0.2547626677159,3.8581101489927,0.0091713032769,0.1480486416184,0.1113970736358,0.0000006207951
175534,0.2547675119048,3.8581835090906,0.0091713032769,0.1479981562491,0.1113800811872,0.0000006139664
175648,0.2547708545791,3.8582341303450,0.0091713032769,0.1479885296223,0.1113773593936,0.0000006072127
175722,0.2547789176222,3.8583562365725,0.0091244692567,0.1480024677723,0.1113639933763,0.0000006072127
175740,0.2547833479502,3.8584233291873,0.0090085494096,0.1480690794118,0.1113390526691,0.0000006072127
175751,0.2547770663804,3.8583282014810,0.0089721994666,0.1480717613057,0.1113230858907,0.0000006072127
175863,0.2547782598063,3.8583462746493,0.0089721994666,0.1480428959781,0.1113130325792,0.0000006005334
175973,0.2547746583269,3.8582917340672,0.0089721994666,0.1480416476473,0.1113118150012,0.0000005939275
176098,0.2547715142659,3.8582441206010,0.0089454245768,0.1479144457558,0.1112542370741,0.0000005939275
176252,0.2547696162808,3.8582153776313,0.0089922585970,0.1478436744233,0.1112486266101,0.0000005873943
176477,0.2547630530992,3.8581159852146,0.0089817745198,0.1477977671649,0.1112263315887,0.0000005745427
177171,0.2547598945786,3.8580681527719,0.0089817745198,0.1477886481306,0.1112223979648,0.0000005496769
177219,0.2547602764461,3.8580739357497,0.0089811574853,0.1477426938697,0.1112058031142,0.0000005496769
177348,0.2547666221482,3.8581700346714,0.0089521899193,0.1477681585759,0.1112038427743,0.0000005376505
177400,0.2547650527325,3.8581462675375,0.0089521899193,0.1063994107437,0.0964289536737,0.0000005376505
177507,0.2547628498016,3.8581129064869,0.0089521899193,0.1059251375156,0.0962590983213,0.0000005317364
177563,0.2547648450061,3.8581431217419,0.0089521899193,0.1058681694135,0.0962391801144,0.0000005317364
177571,0.2547634810580,3.8581224661954,0.0089521899193,0.1058466254057,0.0962311935513,0.0000005317364
177776,0.2547622552694,3.8581039029290,0.0089521899193,0.1058304440413,0.0962251518236,0.0000005258873
177976,0.2547637515431,3.8581265624052,0.0089521899193,0.1058213250070,0.0962222156558,0.0000005201025
178417,0.2547611541657,3.8580872278820,0.0089893111555,0.1057540557566,0.0962135434438,0.0000005031272
178428,0.2547600091493,3.8580698878245,0.0089893111555,0.1057463591408,0.0962105492918,0.0000005031272
178484,0.2547508561911,3.8579312759891,0.0089333979133,0.1058173054169,0.0962099630813,0.0000005031272
178758,0.2547339906404,3.8576758651272,0.0088865638931,0.1058630622957,0.0962026190542,0.0000004921193
178873,0.2547462235491,3.8578611195443,0.0088641578279,0.1058632861455,0.0961957177387,0.0000004867060
178950,0.2547582027561,3.8580425319167,0.0088641578279,0.1057828261905,0.0961695490135,0.0000004867060
179020,0.2547579467343,3.8580386547385,0.0088353279928,0.1058088593781,0.0961664360750,0.0000004813522
179070,0.2547630987845,3.8581166770687,0.0088353279928,0.1058006069993,0.0961645928076,0.0000004813522
179099,0.2547699648002,3.8582206555875,0.0088173238077,0.1058069064545,0.0961605978228,0.0000004813522
179311,0.2547708389096,3.8582338930471,0.0088173238077,0.1057994522808,0.0961581229271,0.0000004760574
179340,0.2547741905662,3.8582846503287,0.0088397298729,0.1057686594687,0.0961574463057,0.0000004760574
179440,0.2547804053026,3.8583787659135,0.0088397298729,0.1057528007583,0.0961531142098,0.0000004708207
179559,0.2547780624867,3.8583432864541,0.0088130927140,0.1057618415526,0.0961444251076,0.0000004656417
179637,0.2547756443894,3.8583066669369,0.0088137097485,0.1057458833922,0.0961384720443,0.0000004656417
179768,0.2547724978612,3.8582590161084,0.0088165194591,0.1057357851684,0.0961353954415,0.0000004605197
179876,0.2547777719092,3.8583388859655,0.0088431566180,0.1056600130360,0.0961208800440,0.0000004554539
180167,0.2547774855053,3.8583345486830,0.0088431566180,0.1056581523471,0.0961201541400,0.0000004504439
180188,0.2547734322418,3.8582731663102,0.0088899906383,0.1055814540536,0.0961119650588,0.0000004504439
181445,0.2547721213131,3.8582533136867,0.0088899906383,0.1055514242044,0.0961009591993,0.0000004122979
181783,0.2547671802677,3.8581784867994,0.0087957055633,0.1054953699514,0.0960394731386,0.0000004032772
182014,0.2547611998711,3.8580879200420,0.0087957055633,0.1054716615113,0.0960297243250,0.0000003988412
182106,0.2547631886034,3.8581180372818,0.0088163817282,0.1054260339802,0.0960227161486,0.0000003944539
182338,0.2547580786265,3.8580406521060,0.0088163817282,0.1053644644402,0.0959996320321,0.0000003901149
182344,0.2547493370116,3.8579082696280,0.0088119963759,0.1053735907253,0.0959991387798,0.0000003901149
182464,0.2547564644380,3.8580162069351,0.0088119963759,0.1053621942628,0.0959965959203,0.0000003858236
182639,0.2547514205724,3.8579398229441,0.0088119963759,0.1053004163629,0.0959734515562,0.0000003815796
183345,0.2547546895427,3.8579893280286,0.0088058976510,0.1052707301296,0.0959609360844,0.0000003650651
184051,0.2547460249625,3.8578581121610,0.0087997989261,0.1052027454245,0.0959321853976,0.0000003492653
184299,0.2547429117759,3.8578109662538,0.0087997989261,0.0739206938091,0.0847593569950,0.0000003416237
184320,0.2547361159976,3.8577080514070,0.0087997989261,0.0737688755077,0.0847036799349,0.0000003416237
184382,0.2547312389492,3.8576341936859,0.0087997989261,0.0737066624282,0.0846804158961,0.0000003416237
184724,0.2547336766615,3.8576711102504,0.0087997989261,0.0736766325790,0.0846702133169,0.0000003341494
184899,0.2547380938925,3.8577380045254,0.0087997989261,0.0736440043151,0.0846595069150,0.0000003304737
184983,0.2547452715907,3.8578467031435,0.0088718321945,0.0735251276527,0.0846494604430,0.0000003268385
185044,0.2547444554013,3.8578343428225,0.0088718321945,0.0735090697814,0.0846435505913,0.0000003268385
185231,0.2547448225135,3.8578399023471,0.0087766050401,0.0735825730921,0.0846290688029,0.0000003232433
185389,0.2547435751025,3.8578210116307,0.0087421557837,0.0735935940333,0.0846179735840,0.0000003196876
185655,0.2547510306673,3.8579339182452,0.0087421557837,0.0735803652096,0.0846148466251,0.0000003126932
185696,0.2547491448041,3.8579053588494,0.0087889898039,0.0735075481230,0.0846085081322,0.0000003126932
185851,0.2547499570007,3.8579176587045,0.0087889898039,0.0734884883946,0.0846018751285,0.0000003092535
186144,0.2547462336392,3.8578612723473,0.0087889898039,0.0734720673425,0.0845952126038,0.0000003058517
186511,0.2547516142251,3.8579427556094,0.0087889898039,0.0734415977045,0.0845854835729,0.0000002958693
186582,0.2547631623135,3.8581176391479,0.0088358238241,0.0733708955258,0.0845827791081,0.0000002958693
186746,0.2547609412053,3.8580840028227,0.0088358238241,0.0733601236937,0.0845784560735,0.0000002926147
186835,0.2547659262283,3.8581594957035,0.0088058976510,0.0733836312270,0.0845750943376,0.0000002893959
187396,0.2547712801676,3.8582405754306,0.0087889898039,0.0733337775310,0.0845511904987,0.0000002799505
187506,0.2547586297774,3.8580489987012,0.0087950885288,0.0733283862957,0.0845491679988,0.0000002799505
187644,0.2547631727654,3.8581177974317,0.0088419225490,0.0732661178372,0.0845479744840,0.0000002768711
187679,0.2547685141503,3.8581986870360,0.0088419225490,0.0732157384581,0.0845311264311,0.0000002768711
187825,0.2547670679703,3.8581767861751,0.0088336311480,0.0732247348260,0.0845304760664,0.0000002738255
188057,0.2547677068647,3.8581864615519,0.0088336311480,0.0732021977542,0.0845225640181,0.0000002678345
188343,0.2547690748949,3.8582071789168,0.0088336311480,0.0732001663381,0.0845221316617,0.0000002648883
188517,0.2547605566223,3.8580781787221,0.0088336311480,0.0731968045052,0.0845191056629,0.0000002619745
188634,0.2547545734874,3.8579875704950,0.0088212463841,0.0731568647586,0.0844982516114,0.0000002590928
189191,0.2547556589717,3.8580040090020,0.0088550786060,0.0730915290486,0.0844896495567,0.0000002506364
189203,0.2547538417233,3.8579764887042,0.0088489798811,0.0730975345166,0.0844887912171,0.0000002506364
189226,0.2547541079775,3.8579805208414,0.0088489798811,0.0730791686562,0.0844822890357,0.0000002478794
189754,0.2547562731721,3.8580133104151,0.0088489798811,0.0730756190626,0.0844814852940,0.0000002397891
189762,0.2547522477203,3.8579523492214,0.0088021458609,0.0731076960616,0.0844720070453,0.0000002397891
189803,0.2547449490094,3.8578418179924,0.0088120129036,0.0730918588067,0.0844690156060,0.0000002397891
189827,0.2547471333616,3.8578748976885,0.0087885270280,0.0730759221019,0.0844537266259,0.0000002397891
189829,0.2547415560120,3.8577904346486,0.0087885270280,0.0730598859470,0.0844468042814,0.0000002397891
189847,0.2547519302134,3.8579475409168,0.0087885270280,0.0730087298078,0.0844307572748,0.0000002397891
190436,0.2547638918607,3.8581286873663,0.0088250147019,0.0729403835536,0.0844245486830,0.0000002294112
190554,0.2547649006613,3.8581439645798,0.0087781806817,0.0729811629928,0.0844192572170,0.0000002294112
190646,0.2547710302207,3.8582367902500,0.0087781806817,0.0729408839619,0.0844061853259,0.0000002268876
190747,0.2547672761503,3.8581799388390,0.0088250147019,0.0728599305252,0.0843965406635,0.0000002243919
190890,0.2547700474722,3.8582219075683,0.0087781806817,0.0728760220590,0.0843828097716,0.0000002243919
191135,0.2547647356934,3.8581414663166,0.0088016665573,0.0728176346291,0.0843708842550,0.0000002194824
191365,0.2547662099181,3.8581637918843,0.0088485005775,0.0727430319115,0.0843646280555,0.0000002170681
191849,0.2547671653754,3.8581782612708,0.0088256317364,0.0520743738233,0.0769733682615,0.0000002099834
191871,0.2547596694846,3.8580647439625,0.0088724657567,0.0519706004258,0.0769547717945,0.0000002099834
192088,0.2547563945033,3.8580151478481,0.0088256317364,0.0520265561632,0.0769539824818,0.0000002076735
192159,0.2547562139110,3.8580124129693,0.0087079985168,0.0519176347622,0.0768646290461,0.0000002053891
192363,0.2547546395504,3.8579885709496,0.0087717403841,0.0518156245041,0.0768551773912,0.0000002031298
192530,0.2547585404584,3.8580476460594,0.0087249063639,0.0518667066655,0.0768541852062,0.0000002008954
192611,0.2547544438939,3.8579856079391,0.0086276407920,0.0519492775782,0.0768411117375,0.0000001965000
192704,0.2547588593176,3.8580524748441,0.0086739955086,0.0518818270459,0.0768378347310,0.0000001965000
192756,0.2547542211474,3.8579822346797,0.0086276407920,0.0519079411298,0.0768263009888,0.0000001965000
192799,0.2547600672960,3.8580707683938,0.0085190867942,0.0520290797057,0.0768242943701,0.0000001943385
192825,0.2547611231402,3.8580867580339,0.0085190867942,0.0520000510645,0.0768141532506,0.0000001943385
193399,0.2547662447415,3.8581643192490,0.0085659208145,0.0519376164693,0.0768130243898,0.0000001879956
193519,0.2547608900556,3.8580832282144,0.0085568415926,0.0518776057404,0.0767865534589,0.0000001859277
193971,0.2547508916693,3.8579318132684,0.0085568415926,0.0518711814521,0.0767821165588,0.0000001798593
194317,0.2547497038090,3.8579138243848,0.0085651329936,0.0517350229394,0.0767367874347,0.0000001759242
194370,0.2547480971848,3.8578894937669,0.0086119670139,0.0516597506103,0.0767296319063,0.0000001759242
194857,0.2547436197310,3.8578216874820,0.0085565165476,0.0515970891955,0.0766825288897,0.0000001701823
194873,0.2547388958354,3.8577501490994,0.0085565165476,0.0515944964619,0.0766805906501,0.0000001701823
194920,0.2547505610752,3.8579268067723,0.0085919078834,0.0515237605281,0.0766729952262,0.0000001701823
195067,0.2547549395175,3.8579931136325,0.0085919078834,0.0514608722937,0.0766514733801,0.0000001683103
195087,0.2547558927486,3.8580075493049,0.0086103913722,0.0514169539772,0.0766439140261,0.0000001683103
195161,0.2547550313224,3.8579945039204,0.0086103913722,0.0514097200438,0.0766411458871,0.0000001664589
196145,0.2547506325293,3.8579278888675,0.0086103913722,0.0514068809963,0.0766391893430,0.0000001575029
196317,0.2547440146554,3.8578276681931,0.0086050639404,0.0513593823957,0.0766185242562,0.0000001557703
196468,0.2547447304001,3.8578385073872,0.0085815780648,0.0513667762138,0.0766112529042,0.0000001540569
196510,0.2547378592353,3.8577344508904,0.0085776720161,0.0513716057731,0.0766098313334,0.0000001540569
196539,0.2547333708343,3.8576664788230,0.0085070270753,0.0513311790651,0.0765641550200,0.0000001523622
196870,0.2547401345585,3.8577689082452,0.0084954466600,0.0513409255844,0.0765641222541,0.0000001490287
197029,0.2547471325523,3.8578748854327,0.0084954466600,0.0512964168150,0.0765497258352,0.0000001490287
197214,0.2547325915439,3.8576546772959,0.0085015453849,0.0512282767892,0.0765248879205,0.0000001457681
197312,0.2547318588768,3.8576435818305,0.0085134508452,0.0512038663490,0.0765211152462,0.0000001457681
197402,0.2547268028038,3.8575670129722,0.0085602848654,0.0511441694633,0.0765187832086,0.0000001441647
197837,0.2547242277391,3.8575280163512,0.0085173568939,0.0511912072872,0.0765166329298,0.0000001410105
197880,0.2547145188535,3.8573809855866,0.0085228385843,0.0511634405097,0.0765069850440,0.0000001410105
197887,0.2547121922898,3.8573457522486,0.0085289373093,0.0511506748341,0.0765045410640,0.0000001394594
198308,0.2547234481396,3.8575162101446,0.0085289373093,0.0510791140193,0.0764813955979,0.0000001364081
198320,0.2547278993676,3.8575836192682,0.0085496134742,0.0510435803269,0.0764785200416,0.0000001364081
198633,0.2547300494005,3.8576161792329,0.0085261275986,0.0510677437810,0.0764775451927,0.0000001334237
198670,0.2547369129675,3.8577201206700,0.0085496134742,0.0510121718856,0.0764692342268,0.0000001334237
199574,0.2547416095808,3.8577912458921,0.0085496134742,0.0509804521907,0.0764589121815,0.0000001262450
199600,0.2547408623816,3.8577799303536,0.0085496134742,0.0509083096343,0.0764329868687,0.0000001248563
199648,0.2547432744610,3.8578164587358,0.0085641909142,0.0508482032602,0.0764182846549,0.0000001248563
199796,0.2547496459968,3.8579129488812,0.0085641909142,0.0508079496997,0.0764052737124,0.0000001234829
200023,0.2547473186421,3.8578777035650,0.0086039676023,0.0507548810006,0.0764028690388,0.0000001221246
200126,0.2547454076925,3.8578487642614,0.0086110249344,0.0507475575909,0.0764028686170,0.0000001207812
200276,0.2547505423842,3.8579265237162,0.0086447028977,0.0507025418021,0.0764023252535,0.0000001194526
200306,0.2547473563530,3.8578782746559,0.0085978688774,0.0507586511995,0.0764016098801,0.0000001194526
200341,0.2547476049894,3.8578820399905,0.0085978688774,0.0507222562883,0.0763886649767,0.0000001194526
200582,0.2547426000558,3.8578062455837,0.0085923871870,0.0506988628003,0.0763768883779,0.0000001181387
202306,0.2547403328928,3.8577719118074,0.0085923871870,0.0506950926014,0.0763750560577,0.0000001046047
202630,0.2547350125481,3.8576913408351,0.0086321638752,0.0506416144138,0.0763718637832,0.0000001034541
202757,0.2547248393255,3.8575372781780,0.0086321638752,0.0506327518584,0.0763665186085,0.0000001023161
202807,0.2547215158416,3.8574869475425,0.0086321638752,0.0506165823301,0.0763600316019,0.0000001023161
203192,0.2547228780119,3.8575075761658,0.0085145306556,0.0507380346685,0.0763532850937,0.0000000989766
203224,0.2547214866185,3.8574865049895,0.0084601765274,0.0508027703495,0.0763528121977,0.0000000989766
203330,0.2547189728162,3.8574484361227,0.0084562704787,0.0508075999089,0.0763523243475,0.0000000978879
203564,0.2547149485327,3.8573874926221,0.0084431144217,0.0507913124709,0.0763400067488,0.0000000968111
203643,0.2547109643278,3.8573271560684,0.0084307296578,0.0506327274954,0.0762772077434,0.0000000968111
203752,0.2547177291928,3.8574296027663,0.0084542155334,0.0505809411026,0.0762702275923,0.0000000957462
203922,0.2547080364760,3.8572828168612,0.0084542155334,0.0505756346700,0.0762662554270,0.0000000946930
204172,0.2547012402631,3.8571798954310,0.0084117668655,0.0505956910993,0.0762537698199,0.0000000926212
204247,0.2547005098287,3.8571688337774,0.0084586008857,0.0505234377851,0.0762478802661,0.0000000926212
204324,0.2547109200780,3.8573264859524,0.0084586008857,0.0505163424438,0.0762475769834,0.0000000926212
204386,0.2547077275971,3.8572781392179,0.0085054349060,0.0503792026073,0.0762179860903,0.0000000916024
204395,0.2547046889687,3.8572321224156,0.0085093409547,0.0503647008474,0.0762138297765,0.0000000916024
