0,0.2063240533919,3.124558757017,0.5553584234398,0.3201241934734,0.3965531191558,100000
1,0.2063205090605,3.12450508188,0.5553584234398,0.3200968917927,0.396542609056,100000.0000000000000
2,0.2063125073808,3.1243839049355,0.5553584234398,0.3200770563199,0.3965338103129,100000.0000000000000
3,0.2063207301022,3.1245084293221,0.5553584234398,0.3194879806572,0.3963251881594,100000.0000000000000
4,0.2063245000149,3.1245655206479,0.5554052574601,0.3191803607515,0.3962362034688,100000.0000000000000
5,0.2063333204129,3.1246990962125,0.5554052574601,0.3191218753589,0.3962172059138,100000.0000000000000
6,0.2063320461790,3.1246797992922,0.5554052574601,0.3186821887486,0.3960599019314,100000.0000000000000
7,0.2063370246622,3.1247551931358,0.5552876242404,0.3185832632906,0.3959752239916,100000.0000000000000
8,0.2063384712963,3.1247771008729,0.5552876242404,0.3184992950713,0.3959455453349,100000.0000000000000
9,0.2063467385444,3.1249022995685,0.5552407902202,0.3184513898580,0.3959101361603,100000.0000000000000
10,0.2063362524124,3.1247434982323,0.5552407902202,0.3180356211118,0.3957594002941,100000.0000000000000
11,0.2063336331931,3.1247038329361,0.5551939562000,0.3180882933686,0.3957575788302,100000.0000000000000
13,0.2063280290582,3.1246189642624,0.5551939562000,0.3180852387112,0.3957552869950,100000.0000000000000
14,0.2063245733861,3.1245666317765,0.5551939562000,0.3177872186958,0.3956481107741,100000.0000000000000
15,0.2063250593084,3.1245739905537,0.5550763229804,0.3177597926080,0.3955880056320,100000.0000000000000
16,0.2063212607754,3.1245164658043,0.5550763229804,0.3176315966783,0.3955414074000,100000.0000000000000
17,0.2063241991244,3.1245609639812,0.5551231570006,0.3175021450407,0.3955158760414,100000.0000000000000
18,0.2063296862536,3.1246440607267,0.5550055237810,0.3173797947327,0.3954229410793,100000.0000000000000
19,0.2063282197393,3.1246218519258,0.5550523578012,0.3169788848144,0.3952995164355,100000.0000000000000
23,0.2063350798692,3.1247257413094,0.5550055237810,0.3170155238736,0.3952940001187,100000.0000000000000
25,0.2063475848394,3.1249151158089,0.5550055237810,0.3167152063038,0.3951894234802,100000.0000000000000
26,0.2063478988264,3.1249198708080,0.5550055237810,0.3163507612110,0.3950593318014,100000.0000000000000
27,0.2063507069140,3.1249623963138,0.5550055237810,0.3163079982381,0.3950446610442,100000.0000000000000
28,0.2063506414195,3.1249614044688,0.5550055237810,0.3162125317834,0.3950105518472,100000.0000000000000
29,0.2063513405668,3.1249719923132,0.5550523578012,0.3161193475354,0.3949974932989,100000.0000000000000
30,0.2063523145131,3.1249867416951,0.5550523578012,0.3160214337918,0.3949627328075,100000.0000000000000
31,0.2063573827764,3.1250634951632,0.5550055237810,0.3159206696046,0.3949077599313,100000.0000000000000
32,0.2063620995431,3.1251349255874,0.5550055237810,0.3158773553548,0.3948933012921,100000.0000000000000
33,0.2063651159423,3.1251806057514,0.5550055237810,0.3156586175146,0.3948158270061,100000.0000000000000
35,0.2063767091469,3.1253561725269,0.5550055237810,0.3154359608543,0.3947387910284,100000.0000000000000
36,0.2063742911575,3.1253195546451,0.5550055237810,0.3153699754713,0.3947147066796,100000.0000000000000
38,0.2063644383901,3.1251703449420,0.5549586897607,0.3154149681289,0.3947085924556,100000.0000000000000
40,0.2063604030587,3.1251092341319,0.5549118557405,0.3152981344658,0.3946459297106,100000.0000000000000
41,0.2063595716798,3.1250966437818,0.5549118557405,0.3152604578877,0.3946322956372,100000.0000000000000
42,0.2063550354568,3.1250279474988,0.5549118557405,0.3149806815634,0.3945314034736,100000.0000000000000
43,0.2063558669057,3.1250405389109,0.5549118557405,0.3146546892480,0.3944151558143,100000.0000000000000
44,0.2063531686472,3.1249996766493,0.5549586897607,0.3145280512993,0.3943894215002,100000.0000000000000
45,0.2063421820462,3.1248332962403,0.5549586897607,0.3139807627236,0.3941916070229,100000.0000000000000
49,0.2063589475894,3.1250871925941,0.5549586897607,0.3139538449682,0.3941855861553,100000.0000000000000
50,0.2063618027905,3.1251304315834,0.5549586897607,0.3137772560764,0.3941231305227,100000.0000000000000
53,0.2063692984549,3.1252439454647,0.5550055237810,0.3137059647768,0.3941193472810,100000.0000000000000
54,0.2063711153372,3.1252714602181,0.5549586897607,0.3135887995026,0.3940578201492,100000.0000000000000
58,0.2063664243454,3.1252004201264,0.5551231570006,0.3132783652396,0.3940164315170,100000.0000000000000
59,0.2063670047169,3.1252092092365,0.5551231570006,0.3132653075744,0.3940118924305,100000.0000000000000
60,0.2063750405231,3.1253309029919,0.5551231570006,0.3132494824840,0.3940079625709,100000.0000000000000
69,0.2063794393554,3.1253975186368,0.5549586897607,0.3131675540557,0.3939091590650,100000.0000000000000
70,0.2063815732990,3.1254298349466,0.5548410565411,0.3131691466459,0.3938597708838,100000.0000000000000
71,0.2063783306593,3.1253807286112,0.5547942225209,0.3131524117794,0.3938330275715,100000.0000000000000
75,0.2063932794503,3.1256071121816,0.5547942225209,0.3130368391331,0.3937949549387,100000.0000000000000
76,0.2063919308202,3.1255866886106,0.5546765893013,0.3128415863899,0.3936745185870,100000.0000000000000
77,0.2063935483282,3.1256111840518,0.5546765893013,0.3125442881142,0.3935686872402,100000.0000000000000
78,0.2064001527973,3.1257112017254,0.5546297552810,0.3125141205142,0.3935392566178,100000.0000000000000
81,0.2063891184024,3.1255440975288,0.5546297552810,0.3123016586543,0.3934610128689,100000.0000000000000
82,0.2063921154550,3.1255894847088,0.5546297552810,0.3121492857843,0.3934072362123,100000.0000000000000
83,0.2063994897934,3.1257011612346,0.5545829212608,0.3121609470426,0.3933929094398,100000.0000000000000
84,0.2063948544774,3.1256309642950,0.5545360872406,0.3120886793024,0.3933460345277,100000.0000000000000
85,0.2064034509228,3.1257611483347,0.5545829212608,0.3119876257841,0.3933318578038,100000.0000000000000
86,0.2063961449547,3.1256505072029,0.5545829212608,0.3119691220507,0.3933236837630,98900.0000000000000
87,0.2063985391165,3.1256867642428,0.5545360872406,0.3119949746982,0.3933133581631,98900.0000000000000
89,0.2063994068752,3.1256999055270,0.5544184540209,0.3118726099299,0.3932194281715,98900.0000000000000
90,0.2063982753921,3.1256827704166,0.5544184540209,0.3118323916428,0.3932048220369,98900.0000000000000
91,0.2064034206666,3.1257606901357,0.5544184540209,0.3117856814171,0.3931892423722,98900.0000000000000
92,0.2064061382119,3.1258018444744,0.5543008208013,0.3117285946301,0.3931190223281,98900.0000000000000
94,0.2064154037219,3.1259421607876,0.5543008208013,0.3114350825022,0.3930161820346,98900.0000000000000
95,0.2064169243584,3.1259651892126,0.5543008208013,0.3111448225174,0.3929128436050,98900.0000000000000
96,0.2064198218562,3.1260090687418,0.5543008208013,0.3107988626984,0.3927899074192,98900.0000000000000
103,0.2064561841179,3.1265597365926,0.5543008208013,0.3104763280910,0.3926825084012,98900.0000000000000
104,0.2064551352815,3.1265438530794,0.5543008208013,0.3103481458854,0.3926365042914,98900.0000000000000
105,0.2064561336126,3.1265589717445,0.5543008208013,0.3102449699015,0.3925998696538,98900.0000000000000
106,0.2064559384663,3.1265560164605,0.5543008208013,0.3101300188450,0.3925587738880,98900.0000000000000
107,0.2064574829419,3.1265794059038,0.5543008208013,0.3099854975519,0.3925074900995,98900.0000000000000
108,0.2064627487043,3.1266591502847,0.5541831875817,0.3099867548141,0.3924586532624,98900.0000000000000
109,0.2064603184766,3.1266223470672,0.5541831875817,0.3098671052380,0.3924154005079,98900.0000000000000
112,0.2064628387892,3.1266605145249,0.5540895195412,0.3097597852683,0.3923374685683,98900.0000000000000
113,0.2064642027694,3.1266811705575,0.5539718863216,0.3097040608615,0.3922674450390,98900.0000000000000
115,0.2064817639665,3.1269471162457,0.5538542531020,0.3097070776842,0.3922218713523,98900.0000000000000
116,0.2064824601705,3.1269576595158,0.5538542531020,0.3095899010719,0.3921801717488,98900.0000000000000
117,0.2064851512032,3.1269984123488,0.5539010871222,0.3095270789399,0.3921783836459,98900.0000000000000
118,0.2064861919005,3.1270141726051,0.5539010871222,0.3094994067800,0.3921687237382,98900.0000000000000
119,0.2064913988999,3.1270930270824,0.5539479211425,0.3094312693703,0.3921655764576,98900.0000000000000
122,0.2064904149385,3.1270781260323,0.5538771219431,0.3093198291544,0.3920952230176,98900.0000000000000
123,0.2065000593130,3.1272241798449,0.5537594887235,0.3090399387723,0.3919469145815,98900.0000000000000
128,0.2065076028157,3.1273384181851,0.5535950214836,0.3092263511174,0.3919446209240,98900.0000000000000
129,0.2065115782643,3.1273986221343,0.5535950214836,0.3092049664780,0.3919378354346,98900.0000000000000
131,0.2065092089011,3.1273627406444,0.5534773882640,0.3092177663833,0.3918914848717,98900.0000000000000
132,0.2065091108265,3.1273612554083,0.5534773882640,0.3091808980058,0.3918782965780,98900.0000000000000
135,0.2065084184585,3.1273507702304,0.5534773882640,0.3091398150425,0.3918634757266,98900.0000000000000
137,0.2065169584542,3.1274800993990,0.5533597550444,0.3091438947096,0.3918163485126,98900.0000000000000
138,0.2065141864322,3.1274381200690,0.5532421218247,0.3091366180082,0.3917627414490,98900.0000000000000
139,0.2065172586656,3.1274846457823,0.5532421218247,0.3090666730561,0.3917384194447,98900.0000000000000
140,0.2065220006524,3.1275564581375,0.5532421218247,0.3089781994618,0.3917078378725,98900.0000000000000
141,0.2065153491011,3.1274557274552,0.5532421218247,0.3088883062450,0.3916743078198,98900.0000000000000
143,0.2065226333024,3.1275660389508,0.5531244886051,0.3085441036264,0.3915025249764,98900.0000000000000
144,0.2065307035314,3.1276882540013,0.5530776545849,0.3085859043020,0.3914991114009,98900.0000000000000
145,0.2065417210245,3.1278551022392,0.5529600213653,0.3085961449922,0.3914547154447,98900.0000000000000
146,0.2065527390905,3.1280219591512,0.5529600213653,0.3085883235499,0.3914542830866,98900.0000000000000
151,0.2065671800817,3.1282406526323,0.5527247549260,0.3085935089531,0.3913584010405,98900.0000000000000
152,0.2065685206861,3.1282609546631,0.5527247549260,0.3085625803145,0.3913476423705,98900.0000000000000
153,0.2065548636604,3.1280541335071,0.5527247549260,0.3085236206107,0.3913308016851,98900.0000000000000
154,0.2065621670075,3.1281647349457,0.5527247549260,0.3084308753206,0.3912992433701,98900.0000000000000
155,0.2065582121530,3.1281048428723,0.5527247549260,0.3084254297559,0.3912964510568,98900.0000000000000
156,0.2065542662984,3.1280450870941,0.5527247549260,0.3082333260488,0.3912269970497,98900.0000000000000
158,0.2065574802270,3.1280937586310,0.5527715889462,0.3081454423355,0.3912163704311,98900.0000000000000
159,0.2065553166104,3.1280609929535,0.5527247549260,0.3081285686096,0.3911898087454,98900.0000000000000
161,0.2065550790332,3.1280573950990,0.5526779209058,0.3081549011980,0.3911790906089,98900.0000000000000
162,0.2065495977855,3.1279743874212,0.5525602876862,0.3081265450121,0.3911173746096,98900.0000000000000
163,0.2065433171326,3.1278792736014,0.5525602876862,0.3080931515010,0.3911041025014,98900.0000000000000
164,0.2065474826302,3.1279423556407,0.5525602876862,0.3079360671152,0.3910488935417,98900.0000000000000
166,0.2065552689103,3.1280602705865,0.5526779209058,0.3077640952108,0.3910395577300,98900.0000000000000
167,0.2065524865628,3.1280181348871,0.5525602876862,0.3075517295129,0.3909127023836,98900.0000000000000
168,0.2065501706061,3.1279830621812,0.5524426544665,0.3074010524959,0.3908079786498,98900.0000000000000
169,0.2065454026755,3.1279108569346,0.5524426544665,0.3073744521760,0.3907974568361,98900.0000000000000
171,0.2065525379034,3.1280189123867,0.5524426544665,0.3073448248562,0.3907884046279,97812.1000000000058
173,0.2065502030257,3.1279835531421,0.5524426544665,0.3072384331084,0.3907499072441,97812.1000000000058
175,0.2065564096580,3.1280775459992,0.5523250212469,0.3072581985704,0.3907078820934,97812.1000000000058
176,0.2065536560613,3.1280358457012,0.5523250212469,0.3060494056782,0.3902755802898,97812.1000000000058
178,0.2065617210248,3.1281579810112,0.5522073880273,0.3057015626068,0.3901026645909,97812.1000000000058
181,0.2065566106836,3.1280805903186,0.5522073880273,0.3055496539438,0.3900473164238,97812.1000000000058
182,0.2065575608143,3.1280949790398,0.5521605540071,0.3055937001103,0.3900431790741,97812.1000000000058
183,0.2065579427148,3.1281007625176,0.5521137199868,0.3055988550558,0.3900250302389,97812.1000000000058
185,0.2065684992170,3.1282606295360,0.5521137199868,0.3051367785760,0.3898622650323,97812.1000000000058
186,0.2065741726868,3.1283465482131,0.5521605540071,0.3049933815920,0.3898323392902,97812.1000000000058
187,0.2065826320719,3.1284746566208,0.5521605540071,0.3045864719389,0.3896888271395,97812.1000000000058
188,0.2065826122841,3.1284743569553,0.5520429207874,0.3043831450325,0.3895657919100,97812.1000000000058
189,0.2065828753299,3.1284783405046,0.5520429207874,0.3043793477268,0.3895644920963,97812.1000000000058
190,0.2065871621518,3.1285432598721,0.5520897548077,0.3043088669167,0.3895603107061,97812.1000000000058
191,0.2065892466424,3.1285748272685,0.5520897548077,0.3041131967944,0.3894908751961,97812.1000000000058
192,0.2065818746151,3.1284631857421,0.5520897548077,0.3039995922824,0.3894487224359,97812.1000000000058
193,0.2065871132856,3.1285425198452,0.5519721215881,0.3037047268999,0.3892941217060,97812.1000000000058
194,0.2065901448024,3.1285884289493,0.5518544883684,0.3031722673071,0.3890541929395,97812.1000000000058
195,0.2065885895485,3.1285648762790,0.5518544883684,0.3031141477132,0.3890331026730,97812.1000000000058
196,0.2065869622029,3.1285402318572,0.5517368551488,0.3029050720914,0.3889076698542,97812.1000000000058
197,0.2065808952624,3.1284483544852,0.5517368551488,0.3028750696975,0.3888956546548,97812.1000000000058
198,0.2065915147926,3.1286091759953,0.5517368551488,0.3028216499230,0.3888788517776,97812.1000000000058
201,0.2066110653222,3.1289052480117,0.5516192219292,0.3028360720420,0.3888377776966,97812.1000000000058
202,0.2066116608952,3.1289142673328,0.5515723879090,0.3028663984834,0.3888286644683,97812.1000000000058
203,0.2066143629890,3.1289551876745,0.5514547546893,0.3025399385880,0.3886622364316,97812.1000000000058
207,0.2066398258943,3.1293407963447,0.5512902874495,0.3026812762296,0.3886476845377,97812.1000000000058
208,0.2066365001498,3.1292904314746,0.5512902874495,0.3022075237217,0.3884777745539,97812.1000000000058
209,0.2066408800067,3.1293567597572,0.5512434534293,0.3020291638689,0.3883949414243,97812.1000000000058
211,0.2066475799205,3.1294582228400,0.5511966194090,0.3020293802668,0.3883763826821,97812.1000000000058
212,0.2066493844377,3.1294855503371,0.5510789861894,0.3019316861194,0.3882914643605,97812.1000000000058
213,0.2066383461244,3.1293183868001,0.5510789861894,0.3018947924963,0.3882759227136,97812.1000000000058
214,0.2066440060678,3.1294041006344,0.5509613529698,0.3017099078123,0.3881606910774,97812.1000000000058
215,0.2066365575416,3.1292913006123,0.5510081869900,0.3015539820994,0.3881234789330,97812.1000000000058
216,0.2066292963856,3.1291813381136,0.5508905537704,0.3015179664036,0.3880586459855,97812.1000000000058
217,0.2066225909296,3.1290797911012,0.5508905537704,0.3013878712590,0.3880107465505,97812.1000000000058
218,0.2066202900792,3.1290449471631,0.5508905537704,0.3013268574333,0.3879884628590,97812.1000000000058
220,0.2066175692380,3.1290037429126,0.5508905537704,0.3012517134893,0.3879610426988,97812.1000000000058
221,0.2066238005382,3.1290981093380,0.5507729205508,0.3011252916094,0.3878668130690,97812.1000000000058
222,0.2066202044165,3.1290436498926,0.5507729205508,0.3011225939851,0.3878650790342,97812.1000000000058
224,0.2066179534420,3.1290095612743,0.5506552873311,0.3010538893206,0.3877896450654,97812.1000000000058
233,0.2066740733245,3.1298594373179,0.5506552873311,0.3009424074573,0.3877618558034,97812.1000000000058
237,0.2066798375112,3.1299467298067,0.5506084533109,0.3009749449526,0.3877546397973,97812.1000000000058
238,0.2066829384209,3.1299936897927,0.5506084533109,0.3007718473295,0.3876827694126,97812.1000000000058
239,0.2066857500278,3.1300362685943,0.5504908200913,0.3006093135488,0.3875749098840,97812.1000000000058
240,0.2066849113991,3.1300235684516,0.5504908200913,0.3005181165704,0.3875421598284,97812.1000000000058
241,0.2066921361682,3.1301329799103,0.5504908200913,0.3004164044377,0.3875073822315,97812.1000000000058
242,0.2066912953261,3.1301202462489,0.5504908200913,0.2991200619904,0.3870442226056,97812.1000000000058
243,0.2066970549560,3.1302074697303,0.5504439860711,0.2991541595994,0.3870375628065,97812.1000000000058
244,0.2066997966705,3.1302489900856,0.5504439860711,0.2990692430941,0.3870078229935,97812.1000000000058
245,0.2066973705302,3.1302122487659,0.5503263528514,0.2990675446646,0.3869562822873,97812.1000000000058
174790,0.2550278346098,3.8621258201028,0.0120434446057,0.8626306928236,0.3678926882558,0.0000009142776
174793,0.2550263503317,3.8621033422864,0.0119372540704,0.8627149126447,0.3678769384744,0.0000009142776
174840,0.2550198905096,3.8620055151379,0.0119504101274,0.8626987502682,0.3678754202596,0.0000009142776
174845,0.2550139310939,3.8619152661132,0.0119035761072,0.8627551541965,0.3678742157791,0.0000009142776
174884,0.2550146171643,3.8619256559226,0.0119504101274,0.8626859474019,0.3678697178048,0.0000009142776
174929,0.2550042114383,3.8617680722487,0.0119247315757,0.8626780487316,0.3678536619591,0.0000009142776
174933,0.2550042399304,3.8617685037308,0.0119247315757,0.8625137306814,0.3677949830466,0.0000009042206
174949,0.2550059672852,3.8617946626853,0.0118578384250,0.8625439370692,0.3677774726965,0.0000009042206
174983,0.2550007812431,3.8617161255832,0.0118160233193,0.8623702582433,0.3676964124901,0.0000009042206
174992,0.2549985088611,3.8616817127698,0.0118628573396,0.8622478430504,0.3676722775623,0.0000009042206
174993,0.2549974376102,3.8616654898120,0.0118755340929,0.8621164069834,0.3676305394504,0.0000009042206
175046,0.2549987174775,3.8616848720437,0.0119228474168,0.8619594146373,0.3675950221514,0.0000009042206
175061,0.2549950311516,3.8616290465525,0.0118721073478,0.8619930892509,0.3675845131283,0.0000009042206
175092,0.2549971004988,3.8616603846188,0.0118721073478,0.8619731285760,0.3675778277474,0.0000009042206
175111,0.2550026135814,3.8617438744011,0.0118649122848,0.8619240511631,0.3675583978763,0.0000008942741
175114,0.2550075547019,3.8618187024264,0.0118180782646,0.8619367141415,0.3675439074572,0.0000008942741
175241,0.2550093249954,3.8618455116417,0.0118180782646,0.8617845938410,0.3674899581270,0.0000008942741
175319,0.2550171414657,3.8619638837869,0.0117947301199,0.8618078169536,0.3674899207060,0.0000008844371
175328,0.2550128598540,3.8618990433230,0.0118415641401,0.8616443639508,0.3674506988683,0.0000008844371
175332,0.2550119179265,3.8618847788315,0.0118883981604,0.8615550493030,0.3674386706612,0.0000008844371
175378,0.2550190175039,3.8619922943929,0.0118883981604,0.8615190723658,0.3674273430931,0.0000008844371
175457,0.2550141058260,3.8619179122454,0.0118901115330,0.8614168487356,0.3673905164538,0.0000008747083
175490,0.2550122865278,3.8618903609070,0.0118901115330,0.8613973454247,0.3673831611361,0.0000008747083
175595,0.2550023649077,3.8617401085023,0.0119652960847,0.8612652870960,0.3673660933365,0.0000008747083
175881,0.2550038261924,3.8617622381083,0.0120121301049,0.8611685465139,0.3673519279840,0.0000008555706
175899,0.2550056257454,3.8617894904285,0.0120121301049,0.8611558323653,0.3673477728352,0.0000008555706
175945,0.2550069069384,3.8618088927353,0.0120121301049,0.8611355862165,0.3673408166091,0.0000008555706
176070,0.2550006645866,3.8617143589451,0.0119724911476,0.8611468261883,0.3673265051134,0.0000008461593
176096,0.2550025832599,3.8617434152153,0.0120056898073,0.8610771960876,0.3673162763616,0.0000008461593
176117,0.2549988394045,3.8616867184985,0.0120056898073,0.8610696215848,0.3673127689272,0.0000008461593
176118,0.2549993098765,3.8616938432980,0.0118919626364,0.8610941630092,0.3672728943210,0.0000008461593
176133,0.2549972189271,3.8616621780888,0.0117743294168,0.8611410491357,0.3672387770686,0.0000008368515
176141,0.2550068052640,3.8618073529842,0.0118031592519,0.8610466544067,0.3672194745241,0.0000008368515
176295,0.2550143292847,3.8619212962911,0.0117959641889,0.8609976931884,0.3672005170664,0.0000008276462
176300,0.2550188751868,3.8619901391530,0.0116783309693,0.8610650469456,0.3671751318646,0.0000008276462
176331,0.2550256595641,3.8620928813448,0.0116314969491,0.8609330475967,0.3671093713122,0.0000008276462
176394,0.2550280091123,3.8621284627580,0.0116314969491,0.8607818707697,0.3670558830628,0.0000008276462
176421,0.2550258114200,3.8620951810411,0.0116783309693,0.8606856583317,0.3670411222667,0.0000008276462
176478,0.2550290566096,3.8621443259917,0.0116477877616,0.8606486725342,0.3670155185050,0.0000008185421
176508,0.2550255940577,3.8620918893192,0.0116376122017,0.8605249427813,0.3669662263778,0.0000008185421
176541,0.2550291671855,3.8621460005473,0.0116600017392,0.8604682903829,0.3669563545647,0.0000008185421
176781,0.2550322471121,3.8621926427648,0.0115816824318,0.8605341451772,0.3669469687009,0.0000008006332
176830,0.2550359330936,3.8622484630428,0.0115691599371,0.8605275302395,0.3669400292929,0.0000007918262
176884,0.2550304544717,3.8621654951291,0.0115630612122,0.8587769709510,0.3663110418173,0.0000007918262
176946,0.2550296002956,3.8621525595394,0.0116098952324,0.8586374562198,0.3662811038129,0.0000007918262
176947,0.2550194791435,3.8619992854354,0.0116059891836,0.8586398633729,0.3662781206712,0.0000007918262
176990,0.2550232944805,3.8620570646646,0.0115759252796,0.8586617377025,0.3662738659737,0.0000007831161
177077,0.2550210809590,3.8620235432310,0.0115596344670,0.8586823928182,0.3662737866979,0.0000007831161
177114,0.2550317282509,3.8621847851639,0.0115688679475,0.8586045293989,0.3662522171023,0.0000007831161
177161,0.2550358360949,3.8622469941001,0.0116157019678,0.8585041174340,0.3662373076615,0.0000007745019
177678,0.2550350940085,3.8622357559891,0.0116380915052,0.8584439689060,0.3662252625419,0.0000007492234
177758,0.2550358214223,3.8622467718987,0.0116380915052,0.8584397838832,0.3662239237653,0.0000007492234
177794,0.2550211477620,3.8620245548908,0.0116131842466,0.8583616719916,0.3661822077660,0.0000007492234
177869,0.2550324239377,3.8621953206019,0.0115776386522,0.8583619120128,0.3661694759850,0.0000007409820
177914,0.2550294311140,3.8621499974643,0.0115907947091,0.8583457668900,0.3661687068605,0.0000007409820
177955,0.2550307180298,3.8621694864380,0.0115596344670,0.8583580063460,0.3661599994730,0.0000007409820
178021,0.2550309774647,3.8621734153039,0.0115596344670,0.8583520103886,0.3661579136528,0.0000007328312
178075,0.2550371326084,3.8622666284211,0.0115394376057,0.8568125117627,0.3656007558766,0.0000007328312
178112,0.2550355630381,3.8622428589453,0.0115128004468,0.8568100528919,0.3655881254468,0.0000007328312
178160,0.2550305460630,3.8621668821823,0.0115067017219,0.8567559082558,0.3655650992714,0.0000007328312
178189,0.2550273010614,3.8621177400781,0.0115067017219,0.8567482175584,0.3655616572362,0.0000007247700
178226,0.2550279108841,3.8621269751950,0.0114446732271,0.8566019861365,0.3654829787641,0.0000007247700
178492,0.2550299420643,3.8621577352642,0.0114446732271,0.8566006144488,0.3654829241286,0.0000007167975
178778,0.2550335502775,3.8622123778214,0.0113978392069,0.8565502677173,0.3654456446186,0.0000007011147
178979,0.2550303360391,3.8621637015937,0.0113408130990,0.8566103854902,0.3654419867259,0.0000006934025
178989,0.2550309692464,3.8621732908456,0.0113408130990,0.8565799751404,0.3654312615739,0.0000006934025
179032,0.2550290333677,3.8621439740182,0.0112772089626,0.8566555113420,0.3654305650420,0.0000006857750
179133,0.2550266981737,3.8621086099836,0.0112303749423,0.8566899262629,0.3654222839635,0.0000006857750
179196,0.2550332667430,3.8622080839923,0.0111970054963,0.8566801290296,0.3654058913111,0.0000006782315
179313,0.2550287192915,3.8621392176678,0.0111069515151,0.8567228029830,0.3653815629914,0.0000006782315
179370,0.2550306421643,3.8621683375354,0.0110934869408,0.8566263402715,0.3653417535354,0.0000006707710
179468,0.2550347439722,3.8622304550612,0.0111472075068,0.8564780329442,0.3653126886913,0.0000006707710
179497,0.2550320929401,3.8621903079942,0.0111472075068,0.8564134361999,0.3652890503472,0.0000006707710
179786,0.2550363739781,3.8622551397698,0.0111472075068,0.8563408417805,0.3652640411341,0.0000006560952
179881,0.2550352084349,3.8622374888549,0.0111428221545,0.8563318040107,0.3652586841632,0.0000006488781
179996,0.2550199849327,3.8620069450757,0.0110168975338,0.8564715586464,0.3652513666595,0.0000006488781
180093,0.2550239469389,3.8620669454534,0.0109700635136,0.8564832828217,0.3652363311433,0.0000006417405
180109,0.2550234543061,3.8620594850529,0.0109783549146,0.8564608291428,0.3652317598657,0.0000006417405
180197,0.2550252180474,3.8620861950430,0.0109645818232,0.8564594804104,0.3652257533667,0.0000006417405
180271,0.2550225334159,3.8620455391486,0.0109695842100,0.8564479439958,0.3652232018205,0.0000006346813
180305,0.2550115255728,3.8618788370498,0.0109136709679,0.8565165862596,0.3652213952731,0.0000006346813
180309,0.2550144877016,3.8619236953473,0.0109426385338,0.8564692061609,0.3652175232223,0.0000006346813
180371,0.2550110246329,3.8618712508479,0.0109042667010,0.8563506429754,0.3651579920701,0.0000006276998
180724,0.2550223839161,3.8620432751320,0.0109439056582,0.8562511465761,0.3651418798984,0.0000006139664
180824,0.2550358547149,3.8622472760807,0.0108847034019,0.8563136588559,0.3651417199168,0.0000006139664
180915,0.2550370113440,3.8622647919999,0.0108847034019,0.8562618762917,0.3651234739930,0.0000006072127
180937,0.2550259110031,3.8620966891213,0.0107894762475,0.8563025524481,0.3650948109096,0.0000006072127
181073,0.2550276262198,3.8621226642572,0.0107894762475,0.8562869335013,0.3650896002608,0.0000006005334
181341,0.2550257331402,3.8620939955765,0.0107894762475,0.8562740467899,0.3650845922039,0.0000005939275
181397,0.2550256183049,3.8620922565179,0.0107811848464,0.8562794887915,0.3650829577108,0.0000005873943
181407,0.2550247641350,3.8620793210207,0.0108280188666,0.8562137783772,0.3650793783922,0.0000005873943
181522,0.2550214004675,3.8620283818478,0.0107811848464,0.8562298875616,0.3650643391635,0.0000005873943
181543,0.2550255053715,3.8620905462614,0.0107343508262,0.8561885717910,0.3650303914305,0.0000005873943
181589,0.2550296884378,3.8621538943592,0.0107396782579,0.8561724626066,0.3650278177067,0.0000005809330
181784,0.2550279570257,3.8621276739608,0.0107479696590,0.8561564330379,0.3650252753015,0.0000005745427
181897,0.2550321385849,3.8621909992369,0.0107255635938,0.8561587164046,0.3650173842386,0.0000005745427
181945,0.2550340228012,3.8622195336919,0.0107255635938,0.8561258640755,0.3650060550246,0.0000005682228
182005,0.2550331333262,3.8622060635370,0.0107250842902,0.8560709313693,0.3649860401833,0.0000005682228
182109,0.2550254168773,3.8620892061109,0.0107250842902,0.8560128635252,0.3649636481428,0.0000005619723
182238,0.2550240183159,3.8620680263827,0.0106787295736,0.8560687988357,0.3649634590406,0.0000005619723
182335,0.2550251650152,3.8620853919267,0.0106497620076,0.8560999594654,0.3649624188870,0.0000005557906
182389,0.2550179166321,3.8619756228587,0.0106497620076,0.8560154551385,0.3649306855453,0.0000005557906
182604,0.2550138098194,3.8619134295397,0.0106911143374,0.8559608859315,0.3649280389386,0.0000005436305
182893,0.2550295167169,3.8621512938292,0.0106497620076,0.8559340080695,0.3649040830389,0.0000005376505
182930,0.2550313914891,3.8621796852629,0.0105795963704,0.8559761859431,0.3648894773147,0.0000005317364
182939,0.2550311584107,3.8621761555391,0.0105795963704,0.8559014210663,0.3648627256276,0.0000005317364
182979,0.2550314807006,3.8621810362773,0.0105795963704,0.8558723924251,0.3648524273178,0.0000005317364
182980,0.2550368144562,3.8622618103439,0.0106248547490,0.8558131132259,0.3648517955708,0.0000005317364
183078,0.2550313044704,3.8621783674571,0.0106248547490,0.8558154611165,0.3648514533919,0.0000005317364
183221,0.2550246383812,3.8620774166134,0.0105795963704,0.8558657997499,0.3648486065797,0.0000005258873
183350,0.2550260876097,3.8620993636399,0.0105795963704,0.8558534803599,0.3648445173465,0.0000005201025
183366,0.2550254782504,3.8620901355410,0.0106085639364,0.8558154258056,0.3648432105284,0.0000005201025
183460,0.2550147991490,3.8619284118868,0.0106085639364,0.8558034487169,0.3648366446178,0.0000005143814
183497,0.2550132575269,3.8619050656562,0.0106085639364,0.8557902994846,0.3648316181158,0.0000005143814
183508,0.2550279402951,3.8621274205941,0.0106085639364,0.8557110006099,0.3648064433967,0.0000005143814
183657,0.2550249193812,3.8620816720604,0.0106046578876,0.8557147756498,0.3648054702656,0.0000005087232
183748,0.2550261249757,3.8620999295083,0.0105756903217,0.8556840612281,0.3647823444998,0.0000005031272
184058,0.2550261340667,3.8621000671827,0.0105756903217,0.8556783915327,0.3647803215567,0.0000004921193
184150,0.2550286788513,3.8621386052430,0.0105756903217,0.8556032142154,0.3647540178258,0.0000004867060
184436,0.2550195310986,3.8620000722406,0.0105756903217,0.8556036296301,0.3647522059554,0.0000004813522
184475,0.2550243179105,3.8620725634243,0.0105756903217,0.8555588041179,0.3647372225894,0.0000004760574
184563,0.2550237903042,3.8620645733875,0.0105756903217,0.8554851218788,0.3647107944455,0.0000004760574
184778,0.2550289734965,3.8621430673329,0.0105756903217,0.8554457052772,0.3646978277718,0.0000004708207
184787,0.2550249562863,3.8620822309492,0.0105271429289,0.8554543927700,0.3646792635916,0.0000004708207
184994,0.2550216469464,3.8620321145090,0.0105271429289,0.8554257129958,0.3646683116708,0.0000004605197
185205,0.2550277539857,3.8621245991358,0.0105271429289,0.8554098662690,0.3646639607768,0.0000004554539
185259,0.2550320403235,3.8621895111719,0.0105271429289,0.8553680248153,0.3646499359014,0.0000004554539
185305,0.2550314415176,3.8621804428927,0.0105271429289,0.8553547504068,0.3646450667257,0.0000004504439
185402,0.2550401090600,3.8623117036199,0.0105271429289,0.8553478675064,0.3646444658775,0.0000004504439
185829,0.2550472041718,3.8624191515566,0.0104917515930,0.8553747286019,0.3646404117917,0.0000004357422
186309,0.2550429751088,3.8623551068864,0.0104987923974,0.8553460119084,0.3646322670895,0.0000004262086
186396,0.2550424076544,3.8623465133918,0.0104987923974,0.8553155805172,0.3646212771381,0.0000004215203
186478,0.2550491316098,3.8624483405592,0.0104987923974,0.8552640598255,0.3646043177387,0.0000004215203
186571,0.2550433965889,3.8623614897559,0.0104987923974,0.8552044860954,0.3645818124734,0.0000004168836
186719,0.2550379345460,3.8622787729141,0.0105136618269,0.8551647582401,0.3645728261286,0.0000004122979
186781,0.2550303534986,3.8621639659991,0.0104987923974,0.8551691811876,0.3645664086298,0.0000004122979
186956,0.2550273039208,3.8621177833814,0.0104987923974,0.8551289543179,0.3645513884097,0.0000004077626
187356,0.2550307488391,3.8621699530112,0.0104987923974,0.8551217794881,0.3645495641673,0.0000003944539
187465,0.2550487594636,3.8624427047999,0.0105026984461,0.8550641898511,0.3645345298802,0.0000003944539
187699,0.2550388075197,3.8622919931746,0.0104987923974,0.8550700264072,0.3645328077842,0.0000003858236
187747,0.2550288532501,3.8621412463285,0.0104987923974,0.8550754704583,0.3645326190304,0.0000003858236
188034,0.2550066528066,3.8618050441796,0.0104140493202,0.8551397219388,0.3645144902882,0.0000003773822
188048,0.2550104591058,3.8618626865401,0.0104608833404,0.8550637012808,0.3645082274117,0.0000003773822
188096,0.2550125362618,3.8618941428619,0.0104483608457,0.8550395531769,0.3644946814103,0.0000003773822
188128,0.2550138045509,3.8619133497542,0.0104533632325,0.8550084018687,0.3644859715993,0.0000003773822
188166,0.2550058657058,3.8617931243728,0.0105095849919,0.8549437371264,0.3644852709072,0.0000003773822
188339,0.2550096952335,3.8618511185050,0.0104627509716,0.8549649214866,0.3644735856402,0.0000003732310
188362,0.2550136111854,3.8619104214399,0.0104533632325,0.8549689297961,0.3644718329951,0.0000003691255
188464,0.2550083621181,3.8618309298873,0.0104533632325,0.8549412133874,0.3644608094776,0.0000003691255
188753,0.2550040684389,3.8617659066738,0.0104289187497,0.8549695999567,0.3644595512570,0.0000003610494
188757,0.2550029066483,3.8617483125888,0.0104289187497,0.8549675307887,0.3644585633134,0.0000003610494
188975,0.2550012227374,3.8617228115459,0.0103413494342,0.8550085643848,0.3644353276244,0.0000003570778
189040,0.2549965357600,3.8616518322482,0.0103413494342,0.8549535046990,0.3644146590986,0.0000003570778
189152,0.2549909630636,3.8615674396774,0.0103006306666,0.8548432129640,0.3643566241436,0.0000003531500
189344,0.2549940004445,3.8616134375866,0.0102804338052,0.8548621097750,0.3643553680743,0.0000003492653
189488,0.2549930832612,3.8615995478200,0.0102804338052,0.7297576162624,0.3196749952805,0.0000003454234
189508,0.2550005907172,3.8617132402714,0.0103646975788,0.7294938269332,0.3196185065922,0.0000003454234
189575,0.2549984562268,3.8616809156791,0.0103814676950,0.7294453282198,0.3196079154249,0.0000003416237
189690,0.2550060674581,3.8617961796982,0.0104027608944,0.7293867410017,0.3195977480535,0.0000003416237
189719,0.2550085169623,3.8618332748383,0.0103075337400,0.7294299917281,0.3195729079977,0.0000003416237
189799,0.2550030624226,3.8617506716257,0.0103375976441,0.7292970990058,0.3195371620115,0.0000003378659
189951,0.2550096106521,3.8618498376087,0.0103375976441,0.7292838701821,0.3195338406237,0.0000003341494
189959,0.2550124828987,3.8618933347357,0.0103375976441,0.7292754297389,0.3195314416611,0.0000003341494
190014,0.2550104447967,3.8618624698439,0.0103375976441,0.7292644986274,0.3195271009565,0.0000003341494
190044,0.2550118080896,3.8618831154673,0.0102199644244,0.7293608496380,0.3195113899290,0.0000003341494
190185,0.2550120609877,3.8618869453411,0.0101731304042,0.7293043931342,0.3194712093614,0.0000003304737
190217,0.2550116186981,3.8618802473348,0.0101648390031,0.7293064245503,0.3194682866332,0.0000003304737
190300,0.2549943784833,3.8616191625831,0.0101753230804,0.7292665300435,0.3194548374392,0.0000003268385
190340,0.2550043513020,3.8617701903350,0.0101753230804,0.7292566188258,0.3194534347512,0.0000003268385
190341,0.2549949838241,3.8616283298272,0.0101753230804,0.7292525023093,0.3194499572501,0.0000003268385
190758,0.2549971652159,3.8616613646897,0.0102116730234,0.7291936386884,0.3194449805164,0.0000003161710
190800,0.2550082100994,3.8618286277263,0.0102585070436,0.7291203046075,0.3194412282569,0.0000003161710
190824,0.2550041038895,3.8617664435359,0.0102585070436,0.7291217875382,0.3194408779729,0.0000003161710
191282,0.2550026443607,3.8617443405222,0.0102667984447,0.7291091057741,0.3194395894729,0.0000003058517
191403,0.2550069399182,3.8618093921801,0.0102375058337,0.7290484018293,0.3194062759931,0.0000003058517
191430,0.2550021642881,3.8617370703314,0.0102816678742,0.7289926514568,0.3194042683853,0.0000003024874
191559,0.2550023059447,3.8617392155704,0.0102816678742,0.7289858755738,0.3194018787820,0.0000003024874
191678,0.2549997584424,3.8617006363526,0.0103133074199,0.7289468874585,0.3194009683671,0.0000002991600
191959,0.2550008635688,3.8617173723193,0.0101956742003,0.7290834842581,0.3193995755142,0.0000002926147
191972,0.2550010678904,3.8617204665521,0.0101656102963,0.7290868579083,0.3193879396422,0.0000002926147
191974,0.2550054725262,3.8617871700856,0.0101330286711,0.7290325250602,0.3193555153504,0.0000002926147
192012,0.2550054105443,3.8617862314356,0.0101283348015,0.7289719185702,0.3193318452352,0.0000002926147
192088,0.2550148791289,3.8619296230979,0.0101016976426,0.7289884188052,0.3193283512334,0.0000002926147
192123,0.2550165160248,3.8619544121489,0.0100628630339,0.7290126930257,0.3193207279576,0.0000002893959
192174,0.2550163495070,3.8619518904126,0.0100426661726,0.7290046548358,0.3193091656954,0.0000002893959
192209,0.2550207716188,3.8620188586010,0.0100426661726,0.7289829973742,0.3193023784831,0.0000002893959
192319,0.2550140296074,3.8619167579966,0.0100019308772,0.7290313243689,0.3193007354236,0.0000002862126
192386,0.2550087199448,3.8618363487936,0.0100426661726,0.7289829973742,0.3192997959815,0.0000002862126
192395,0.2550148654997,3.8619294166971,0.0100895001928,0.7288983269106,0.3192909451578,0.0000002862126
192441,0.2550111557239,3.8618732360816,0.0100844978060,0.7288905638092,0.3192852337895,0.0000002830642
192509,0.2550116222845,3.8618803016473,0.0100376637857,0.7288511534043,0.3192511868992,0.0000002830642
192560,0.2550135421342,3.8619093757328,0.0100844978060,0.7287656377368,0.3192411287088,0.0000002830642
192863,0.2550179637330,3.8619763361514,0.0101313318262,0.7286989747623,0.3192383397120,0.0000002768711
193047,0.2550196041917,3.8620011791580,0.0101363342130,0.7286637012042,0.3192282374196,0.0000002738255
193553,0.2550122753071,3.8618901909799,0.0101125232925,0.7285787839309,0.3191861346665,0.0000002648883
193811,0.2550177312603,3.8619728155994,0.0100182216898,0.7286873405277,0.3191856590399,0.0000002590928
194008,0.2550154773128,3.8619386819575,0.0100349918060,0.7286554785653,0.3191809839715,0.0000002562428
194130,0.2550097686812,3.8618522307922,0.0100299894192,0.7286195243645,0.3191647760272,0.0000002562428
194313,0.2550081907330,3.8618283344415,0.0100598990646,0.7285480734018,0.3191517381140,0.0000002478794
194443,0.2550097448900,3.8618518704993,0.0100995380219,0.7284953468724,0.3191502283688,0.0000002478794
194552,0.2550147891890,3.8619282610536,0.0101296019259,0.7283591072623,0.3191155368167,0.0000002451528
195028,0.2550153836070,3.8619372628829,0.0101764359462,0.7282824494838,0.3191083581369,0.0000002371514
195166,0.2550119600597,3.8618854168935,0.0101407195654,0.7283242365326,0.3191072414453,0.0000002345427
195185,0.2550142139785,3.8619195501005,0.0101531043292,0.7282492156823,0.3190862390230,0.0000002345427
195209,0.2550094222337,3.8618469842126,0.0101656268240,0.7282328642558,0.3190847392088,0.0000002345427
195296,0.2550156043272,3.8619406054557,0.0101706292108,0.7281868332676,0.3190717681846,0.0000002345427
195590,0.2550188724400,3.8619900975547,0.0101706292108,0.7281760690286,0.3190686241234,0.0000002294112
195736,0.2550207297309,3.8620182242541,0.0101581067160,0.7281470911062,0.3190533060729,0.0000002268876
196180,0.2550186715064,3.8619870546294,0.0101653017790,0.7281379576964,0.3190526866911,0.0000002219236
196504,0.2550281386271,3.8621304241217,0.0100476685594,0.7281967930334,0.3190253137432,0.0000002170681
196698,0.2550220132876,3.8620376623569,0.0100280887326,0.7281995488212,0.3190165940260,0.0000002123189
197740,0.2550282910584,3.8621327325318,0.0100522081703,0.7281379576964,0.3190062793342,0.0000001986856
197808,0.2550293311845,3.8621484841376,0.0100581526366,0.7280608874773,0.3189815247686,0.0000001986856
198331,0.2550274425419,3.8621198826504,0.0101049866568,0.7279895674203,0.3189757203334,0.0000001922008
199137,0.2550233877665,3.8620584773811,0.0101049866568,0.7279914029170,0.3189755069875,0.0000001818598
199324,0.2550319632510,3.8621883439911,0.0101209524245,0.7279423652466,0.3189666736095,0.0000001798593
199484,0.2550333312336,3.8622090606343,0.0100741184042,0.6133998294878,0.2780388465404,0.0000001778809
199701,0.2550420143382,3.8623405570355,0.0101159500377,0.6129842634885,0.2779102186202,0.0000001759242
199936,0.2550360974687,3.8622509523281,0.0100741184042,0.6130315987446,0.2779079283253,0.0000001720751
199983,0.2550466603125,3.8624109153846,0.0100581526366,0.6130419430700,0.2779070437219,0.0000001720751
200007,0.2550350436908,3.8622349939817,0.0101049866568,0.6129644604104,0.2778969537904,0.0000001720751
200100,0.2550356739852,3.8622445391213,0.0101049866568,0.6128544074914,0.2778577842396,0.0000001701823
200105,0.2550333527040,3.8622093857816,0.0101049866568,0.6128420399087,0.2778528698283,0.0000001701823
200192,0.2550303500336,3.8621639135250,0.0100977915939,0.6128493301701,0.2778517464653,0.0000001701823
200287,0.2550301637930,3.8621610931099,0.0100509575736,0.6128622240050,0.2778362397747,0.0000001683103
200695,0.2550354344269,3.8622409112638,0.0100509575736,0.5084791342631,0.2405576942884,0.0000001646278
200756,0.2550357527381,3.8622457317504,0.0100581526366,0.5084692498106,0.2405573159348,0.0000001646278
200761,0.2550310626776,3.8621747057618,0.0100509575736,0.5084763446597,0.2405557611981,0.0000001646278
200784,0.2550340442481,3.8622198584828,0.0100426661726,0.5084823020153,0.2405549742754,0.0000001628169
201126,0.2550411833916,3.8623279732317,0.0099958321523,0.5085209033769,0.2405502185695,0.0000001592547
201399,0.2550403780119,3.8623157766109,0.0100426661726,0.5084036224588,0.2405282316689,0.0000001575029
201463,0.2550338486669,3.8622168966122,0.0100426661726,0.5083944923267,0.2405235717621,0.0000001557703
201566,0.2550328415659,3.8622016451367,0.0099768693600,0.5084560942012,0.2405171579903,0.0000001557703
201746,0.2550375746209,3.8622733222310,0.0099634047858,0.5084237671428,0.2405008563065,0.0000001540569
201792,0.2550301894735,3.8621614820134,0.0099634047858,0.5083917894494,0.2404878531702,0.0000001523622
202033,0.2550345070652,3.8622268673557,0.0100446880624,0.5082475479557,0.2404720992392,0.0000001506862
202123,0.2550364886283,3.8622568760253,0.0100202435797,0.5082636176920,0.2404677868445,0.0000001506862
202154,0.2550476407573,3.8624257631800,0.0100781952393,0.5081855717505,0.2404671394615,0.0000001490287
202173,0.2550544191813,3.8625284152161,0.0100385562821,0.5081751240162,0.2404478725227,0.0000001490287
202251,0.2550537352585,3.8625180579311,0.0100161667446,0.5081853291382,0.2404417751382,0.0000001490287
202498,0.2550545522013,3.8625304296632,0.0099693327243,0.5082302489987,0.2404379212817,0.0000001457681
202529,0.2550489300975,3.8624452888695,0.0100161667446,0.5081495225986,0.2404279574109,0.0000001457681
202573,0.2550549750150,3.8625368327264,0.0100161667446,0.5081215508657,0.2404192628458,0.0000001457681
202656,0.2550532475258,3.8625106717377,0.0100161667446,0.5081224061789,0.2404191981385,0.0000001441647
202838,0.2550444491790,3.8623774301157,0.0099817174882,0.5081311454862,0.2404056699927,0.0000001425788
203213,0.2550454472917,3.8623925454717,0.0099348834680,0.5081769881411,0.2404021845277,0.0000001394594
203229,0.2550438824107,3.8623688470110,0.0099586943885,0.5081049984725,0.2403863432804,0.0000001394594
203303,0.2550465770719,3.8624096547945,0.0099467889282,0.5080362423743,0.2403572626183,0.0000001394594
203694,0.2550430595557,3.8623563857456,0.0099467889282,0.5079920381540,0.2403407216433,0.0000001349076
203781,0.2550563254148,3.8625572830991,0.0099467889282,0.5079789066273,0.2403388744965,0.0000001349076
203814,0.2550657830614,3.8627005091163,0.0099467889282,0.5079717900517,0.2403383595009,0.0000001349076
203840,0.2550648744257,3.8626867487930,0.0099395938652,0.5079318411626,0.2403208137344,0.0000001334237
204067,0.2550591074395,3.8625994139087,0.0099395938652,0.5079267661865,0.2403177654602,0.0000001319560
204365,0.2550665040933,3.8627114283796,0.0099608870647,0.5078792154289,0.2403114937009,0.0000001290689
204475,0.2550657019805,3.8626992812324,0.0099395938652,0.5078664729928,0.2402976452926,0.0000001290689
204639,0.2550610465110,3.8626287790890,0.0099395938652,0.5078500039611,0.2402907658950,0.0000001276492
204676,0.2550668870459,3.8627172277894,0.0099395938652,0.5077894343646,0.2402703854394,0.0000001276492
204685,0.2550651909201,3.8626915417649,0.0099445962521,0.5077796029935,0.2402686546600,0.0000001262450
204808,0.2550674261225,3.8627253915321,0.0099876619545,0.5077187569943,0.2402658596475,0.0000001262450
204898,0.2550772469277,3.8628741172019,0.0100344959747,0.5076446130093,0.2402615558341,0.0000001248563
204959,0.2550732026844,3.8628128714304,0.0099445962521,0.5077370427085,0.2402551713649,0.0000001248563
204977,0.2550798803827,3.8629139980816,0.0098807001261,0.5077394185318,0.2402300667545,0.0000001248563
205027,0.2550791420044,3.8629028161267,0.0098878951891,0.5077311512083,0.2402300395135,0.0000001234829
205101,0.2550843157883,3.8629811675904,0.0099041860017,0.5076869193430,0.2402223328636,0.0000001234829
205168,0.2550864233492,3.8630130843639,0.0099395773375,0.5075944896438,0.2402049415923,0.0000001234829
205511,0.2550895102855,3.8630598327364,0.0099395773375,0.5075923092329,0.2402048243605,0.0000001207812
205858,0.2550923494392,3.8631028287060,0.0099395773375,0.5075348062257,0.2401848959622,0.0000001181387
206760,0.2550809863456,3.8629307467160,0.0099646388548,0.4136092328236,0.2066483540203,0.0000001105528
206805,0.2550936814565,3.8631230006928,0.0099646388548,0.4135064545269,0.2066143678666,0.0000001105528
206847,0.2550880892972,3.8630383133773,0.0099646388548,0.4134985755737,0.2066103556349,0.0000001105528
206875,0.2550796412509,3.8629103766842,0.0099178048345,0.4135547568965,0.2066085383745,0.0000001105528
206913,0.2550700311694,3.8627648422023,0.0099646388548,0.4134143649981,0.2065764108305,0.0000001093367
207106,0.2550811151710,3.8629326976401,0.0100114728750,0.4133382563280,0.2065716760288,0.0000001081340
207620,0.2550925380691,3.8631056853053,0.0099528876531,0.4133928833170,0.2065685254794,0.0000001046047
207707,0.2550880195919,3.8630372577652,0.0099577357813,0.4133780555421,0.2065643393696,0.0000001046047
207842,0.2550808261982,3.8629283214534,0.0099719881764,0.4133294115278,0.2065515332352,0.0000001034541
208125,0.2550805660325,3.8629243815196,0.0099719881764,0.4133165423152,0.2065468813380,0.0000001011906
208545,0.2550830514302,3.8629620202304,0.0099669857896,0.4133080820460,0.2065422485184,0.0000000989766
208642,0.2550745049416,3.8628325927324,0.0100138198098,0.3297509241918,0.1767186467602,0.0000000978879
208649,0.2550768247215,3.8628677233360,0.0099669857896,0.3297855490567,0.1767114381561,0.0000000978879
208683,0.2550766863117,3.8628656272668,0.0099597907266,0.3297899205825,0.1767098861576,0.0000000978879
208691,0.2550756663844,3.8628501815503,0.0099242451321,0.3298071779679,0.1767005971275,0.0000000978879
209011,0.2550890864181,3.8630534137141,0.0099710791523,0.3297304276816,0.1766961337555,0.0000000957462
209076,0.2550929126803,3.8631113583934,0.0099292475189,0.3297666033980,0.1766919457246,0.0000000946930
209361,0.2550957291353,3.8631540106149,0.0099292475189,0.3297091003908,0.1766720124624,0.0000000926212
209707,0.2550909275543,3.8630812957683,0.0099760815392,0.2564907416399,0.1505416414355,0.0000000905948
209758,0.2550870849960,3.8630231043022,0.0100229155594,0.2563423393108,0.1505078889213,0.0000000905948
