0,0.2063240533919,3.124558757017,0.5553584234398,0.3201241934734,0.3965531191558,100000
1,0.2063247062248,3.124568643478,0.5553115894196,0.3200413223688,0.3965035905026,100000.0000000000000
2,0.2063315315329,3.1246720055233,0.5553115894196,0.3199167661324,0.3964605686984,100000.0000000000000
3,0.2063330110627,3.1246944114312,0.5551939562000,0.3193917778908,0.3962229757030,100000.0000000000000
7,0.2063281964348,3.1246214990027,0.5553115894196,0.3190409826354,0.3961470742142,100000.0000000000000
8,0.2063265757799,3.1245969559052,0.5551939562000,0.3189909425543,0.3960784412365,100000.0000000000000
13,0.2063378070663,3.1247670418145,0.5551002881595,0.3179499962010,0.3956689379401,100000.0000000000000
14,0.2063412104505,3.1248185824550,0.5551002881595,0.3179211078373,0.3956593499639,100000.0000000000000
15,0.2063497439959,3.1249478139419,0.5551002881595,0.3179055505441,0.3956556224047,100000.0000000000000
16,0.2063499020158,3.1249502069851,0.5550534541393,0.3179527442794,0.3956524394486,100000.0000000000000
17,0.2063485820264,3.1249302171465,0.5549358209197,0.3179431784302,0.3955983259820,100000.0000000000000
20,0.2063738250666,3.1253124961936,0.5548181877000,0.3179308286422,0.3955489103294,100000.0000000000000
21,0.2063739631427,3.1253145872088,0.5548650217203,0.3172720399159,0.3953337299521,100000.0000000000000
22,0.2063779405523,3.1253748208555,0.5548181877000,0.3173028778593,0.3953255240824,100000.0000000000000
23,0.2063916325564,3.1255821717211,0.5547713536798,0.3173036926030,0.3953086773402,100000.0000000000000
24,0.2063872334111,3.1255155513359,0.5547713536798,0.3172599532401,0.3952921134652,100000.0000000000000
25,0.2063935653954,3.1256114425160,0.5547713536798,0.3171747655404,0.3952630461405,100000.0000000000000
34,0.2064124343786,3.1258971932361,0.5547005544804,0.3171945236767,0.3952438034573,100000.0000000000000
35,0.2064207783301,3.1260235535231,0.5545829212608,0.3171223892617,0.3951694149188,100000.0000000000000
38,0.2064355106583,3.1262466589937,0.5545829212608,0.3167784479974,0.3950497356805,100000.0000000000000
40,0.2064461061314,3.1264071161870,0.5545829212608,0.3163845572978,0.3949113308891,100000.0000000000000
41,0.2064527056470,3.1265070588444,0.5546297552810,0.3162327516527,0.3948786004922,100000.0000000000000
42,0.2064449266420,3.1263892540709,0.5546297552810,0.3157292115140,0.3946970977987,100000.0000000000000
43,0.2064417967874,3.1263418557461,0.5546297552810,0.3156762085199,0.3946774974748,100000.0000000000000
44,0.2064414834611,3.1263371107519,0.5546297552810,0.3155623662903,0.3946367723943,100000.0000000000000
46,0.2064534515434,3.1265183546531,0.5544652880412,0.3155338396715,0.3945586629454,100000.0000000000000
54,0.2064556405223,3.1265515044151,0.5542060564228,0.3154468885608,0.3944169787791,100000.0000000000000
55,0.2064604931078,3.1266249916715,0.5540884232032,0.3154940119953,0.3943844341799,100000.0000000000000
57,0.2064725060229,3.1268069145165,0.5539707899835,0.3156099158624,0.3943779883773,100000.0000000000000
58,0.2064855085939,3.1270038246510,0.5539707899835,0.3155235374519,0.3943499252102,100000.0000000000000
61,0.2064967789285,3.1271745019052,0.5539707899835,0.3154334224551,0.3943201563544,100000.0000000000000
62,0.2064988636991,3.1272060735428,0.5539707899835,0.3152635023434,0.3942599173368,100000.0000000000000
63,0.2064987360003,3.1272041396797,0.5539707899835,0.3152339071113,0.3942493202470,100000.0000000000000
64,0.2064983229274,3.1271978841286,0.5538531567639,0.3149893885763,0.3941114894462,100000.0000000000000
65,0.2065069432700,3.1273284300670,0.5538531567639,0.3149307343640,0.3940923887295,100000.0000000000000
66,0.2065085399588,3.1273526102236,0.5538063227437,0.3148747963166,0.3940526812801,100000.0000000000000
67,0.2065104069191,3.1273808833551,0.5538063227437,0.3146892421960,0.3939868120143,100000.0000000000000
68,0.2065060599060,3.1273150524557,0.5538063227437,0.3146388906443,0.3939678978144,100000.0000000000000
72,0.2065123797096,3.1274107591728,0.5536886895241,0.3146023845896,0.3939057999444,100000.0000000000000
73,0.2065124536354,3.1274118787001,0.5535710563044,0.3146311418934,0.3938656720143,100000.0000000000000
74,0.2065184095358,3.1275020744897,0.5534534230848,0.3146020399897,0.3938061405046,100000.0000000000000
78,0.2065424742548,3.1278665091121,0.5534065890646,0.3145283941039,0.3937649234051,100000.0000000000000
79,0.2065438582684,3.1278874685287,0.5534065890646,0.3143789086882,0.3937118323310,100000.0000000000000
80,0.2065512825208,3.1279999009491,0.5534065890646,0.3143138516349,0.3936901885803,100000.0000000000000
82,0.2065541148492,3.1280427935561,0.5532889558450,0.3141425265930,0.3935791937559,100000.0000000000000
84,0.2065427137439,3.1278701359193,0.5532889558450,0.3139944441422,0.3935238640723,100000.0000000000000
85,0.2065412801725,3.1278484260026,0.5531713226253,0.3139691321412,0.3934641026411,100000.0000000000000
86,0.2065439929737,3.1278895084972,0.5531713226253,0.3138819870343,0.3934335607032,98900.0000000000000
87,0.2065506674154,3.1279905858314,0.5532889558450,0.3137248489128,0.3934292844200,98900.0000000000000
88,0.2065507316474,3.1279915585570,0.5532421218247,0.3137060501901,0.3934025126315,98900.0000000000000
89,0.2065511201777,3.1279974424356,0.5532421218247,0.3131840780109,0.3932161772526,98900.0000000000000
91,0.2065431683215,3.1278770200145,0.5531244886051,0.3132061498649,0.3931719418514,98900.0000000000000
92,0.2065537379983,3.1280370865492,0.5531244886051,0.3131231987763,0.3931445813933,98900.0000000000000
93,0.2065471921941,3.1279379572940,0.5531244886051,0.3129196511547,0.3930704831419,98900.0000000000000
94,0.2065503012951,3.1279850413287,0.5531244886051,0.3128691963901,0.3930531298190,98900.0000000000000
98,0.2065554074166,3.1280623681176,0.5529600213653,0.3130082956756,0.3930334163442,98900.0000000000000
99,0.2065445542656,3.1278980086677,0.5529600213653,0.3129713065900,0.3930178802813,98900.0000000000000
100,0.2065421061776,3.1278609349733,0.5529600213653,0.3128163869115,0.3929620272344,98900.0000000000000
101,0.2065571333809,3.1280885060143,0.5529600213653,0.3127721199042,0.3929494377039,98900.0000000000000
102,0.2065676372590,3.1282475760982,0.5528423881456,0.3122970315637,0.3927315998907,98900.0000000000000
103,0.2065733487047,3.1283340698795,0.5527955541254,0.3121945981772,0.3926761686966,98900.0000000000000
105,0.2065906687737,3.1285963639383,0.5526779209058,0.3121527621263,0.3926145244562,98900.0000000000000
106,0.2065994143999,3.1287288071617,0.5526779209058,0.3114596523931,0.3923688593286,98900.0000000000000
107,0.2066025751299,3.1287766730622,0.5526310868856,0.3112634211687,0.3922793823247,98900.0000000000000
108,0.2066062328967,3.1288320660575,0.5525842528653,0.3110454121443,0.3921822340431,98900.0000000000000
112,0.2066027641578,3.1287795356898,0.5525842528653,0.3110238182054,0.3921737786209,98900.0000000000000
113,0.2066069403136,3.1288427791355,0.5525374188451,0.3110738582866,0.3921724732460,98900.0000000000000
114,0.2066076481769,3.1288534989740,0.5525374188451,0.3109041669008,0.3921120208647,98900.0000000000000
115,0.2066053183352,3.1288182159942,0.5525374188451,0.3107066061326,0.3920409641956,98900.0000000000000
116,0.2066099616609,3.1288885342336,0.5525374188451,0.3106682703649,0.3920282678484,98900.0000000000000
117,0.2066086059740,3.1288680037937,0.5525374188451,0.3105752211080,0.3919947454666,98900.0000000000000
129,0.2065902218896,3.1285895963527,0.5524437508046,0.3105960119920,0.3919580878897,98900.0000000000000
130,0.2065948831451,3.1286601861191,0.5523969167844,0.3105014593493,0.3919052462063,98900.0000000000000
131,0.2065934702857,3.1286387898623,0.5523969167844,0.3097632598475,0.3916413007715,98900.0000000000000
132,0.2066048904649,3.1288117363540,0.5523969167844,0.3095690122167,0.3915743737989,98900.0000000000000
133,0.2066033388681,3.1287882390666,0.5522792835648,0.3095531840997,0.3915179741780,98900.0000000000000
135,0.2066113792477,3.1289100020798,0.5522792835648,0.3092546697857,0.3914130848614,98900.0000000000000
136,0.2066101980487,3.1288921140748,0.5521616503451,0.3092012617893,0.3913433432260,98900.0000000000000
137,0.2066067576720,3.1288400132223,0.5521616503451,0.3090561775305,0.3912907901957,98900.0000000000000
138,0.2066086002889,3.1288679176992,0.5521616503451,0.3090539977306,0.3912904065422,98900.0000000000000
139,0.2066053830393,3.1288191958696,0.5521616503451,0.3090459819580,0.3912868543556,98900.0000000000000
141,0.2066096746960,3.1288841884542,0.5522553183856,0.3089236149166,0.3912842149275,98900.0000000000000
142,0.2066123378669,3.1289245193511,0.5523021524058,0.3083618990049,0.3911042445043,98900.0000000000000
143,0.2066199671338,3.1290400564993,0.5523021524058,0.3080678634870,0.3910008666623,98900.0000000000000
144,0.2066178350044,3.1290077676622,0.5523021524058,0.3080592845176,0.3909973458597,98900.0000000000000
145,0.2066164634709,3.1289869972436,0.5523021524058,0.3079893040985,0.3909720589529,98900.0000000000000
174111,0.2547584486765,3.8580462561193,0.0071408906602,0.8584084367608,0.3642259195568,0.0000008095381
174190,0.2547572395703,3.8580279454902,0.0071408906602,0.8583846405665,0.3642171618217,0.0000008095381
174199,0.2547553697444,3.8579996289619,0.0071877246804,0.8583165258443,0.3642125061812,0.0000008095381
174510,0.2547576778243,3.8580345823820,0.0071877246804,0.8581698492905,0.3641606162863,0.0000007918262
174584,0.2547518172810,3.8579458306745,0.0071408906602,0.8581810123936,0.3641432755552,0.0000007918262
174623,0.2547500492325,3.8579190554576,0.0071877246804,0.8581126929272,0.3641385686012,0.0000007831161
174685,0.2547492924587,3.8579075949219,0.0070824596970,0.8582274283269,0.3641342697995,0.0000007831161
174735,0.2547439325080,3.8578264241579,0.0070824596970,0.8581757739089,0.3641146732322,0.0000007831161
174753,0.2547428268515,3.8578096801643,0.0070739975096,0.8579924958390,0.3640453532005,0.0000007831161
174773,0.2547516049338,3.8579426149026,0.0070271634893,0.8580145388346,0.3640350349936,0.0000007745019
175015,0.2547578775329,3.8580376067564,0.0070271634893,0.8579757387419,0.3640225219460,0.0000007659823
175052,0.2547465885572,3.8578666472033,0.0070232574406,0.8579845945042,0.3640215916311,0.0000007659823
175126,0.2547366959409,3.8577168340325,0.0070232574406,0.8579791620421,0.3640175316198,0.0000007575565
175296,0.2547324613640,3.8576527058607,0.0069931935365,0.8580129537526,0.3640158081482,0.0000007492234
175298,0.2547370156219,3.8577216752608,0.0070400275568,0.8579329232978,0.3640082734782,0.0000007492234
175403,0.2547305463271,3.8576237046595,0.0070400275568,0.8578662252810,0.3639830664805,0.0000007492234
175417,0.2547385845474,3.8577454349726,0.0070439336055,0.8578557066395,0.3639827063195,0.0000007492234
175601,0.2547380638569,3.8577375496677,0.0070400275568,0.8578447717006,0.3639770153867,0.0000007409820
175642,0.2547352478484,3.8576949042089,0.0070400275568,0.7327402781880,0.3192962357018,0.0000007328312
175718,0.2547359569418,3.8577056426753,0.0069490314960,0.7328354295620,0.3192913719723,0.0000007328312
175754,0.2547311860684,3.8576333928618,0.0069490314960,0.7328234909467,0.3192860858511,0.0000007328312
175918,0.2547226983483,3.8575048553509,0.0069958655163,0.7325525653198,0.3192075796244,0.0000007247700
175946,0.2547213557269,3.8574845227756,0.0069958655163,0.7325369243646,0.3192017058644,0.0000007247700
175974,0.2547193094156,3.8574535335635,0.0070312568521,0.7323888343563,0.3191635457958,0.0000007167975
176005,0.2547119335583,3.8573418340355,0.0070110599908,0.7323554738242,0.3191413949815,0.0000007167975
176118,0.2547072413700,3.8572707758250,0.0070110599908,0.7323542335869,0.3191399465707,0.0000007167975
176167,0.2547074788910,3.8572743728278,0.0070110599908,0.7323369091581,0.3191338101720,0.0000007089128
176224,0.2547096018509,3.8573065228024,0.0070796665140,0.6175027863509,0.2781514811708,0.0000007089128
176509,0.2547061217166,3.8572538198626,0.0071009597134,0.6174768984079,0.2781506153907,0.0000006934025
176550,0.2547031686963,3.8572090995042,0.0071477937337,0.6173917355767,0.2781396390267,0.0000006934025
176555,0.2547022413310,3.8571950555415,0.0071466973956,0.6172944586034,0.2781042286702,0.0000006934025
176685,0.2546999804205,3.8571608164517,0.0071466973956,0.6172832841926,0.2780997533284,0.0000006857750
176713,0.2546967674826,3.8571121599183,0.0071679905950,0.6172406902811,0.2780929783874,0.0000006857750
176752,0.2546940045468,3.8570703181896,0.0070503573754,0.6173394166563,0.2780772315124,0.0000006857750
176787,0.2546975764902,3.8571244114797,0.0070520707479,0.6173032946366,0.2780658305101,0.0000006857750
176921,0.2546923371933,3.8570450678906,0.0070052367277,0.6172158328421,0.2780133997255,0.0000006782315
176942,0.2546921596629,3.8570423793806,0.0070052367277,0.6171509201264,0.2779901785705,0.0000006782315
177000,0.2546997220201,3.8571569032525,0.0070052367277,0.6170823315365,0.2779673031507,0.0000006707710
177048,0.2546994140165,3.8571522388649,0.0070052367277,0.6170279069769,0.2779477998072,0.0000006707710
177097,0.2547109270349,3.8573265913058,0.0070520707479,0.6169497035068,0.2779424087947,0.0000006707710
177230,0.2547066188786,3.8572613488532,0.0069344375283,0.6170553698659,0.2779288093668,0.0000006633925
177303,0.2547089607702,3.8572968143143,0.0070492610373,0.6169021319489,0.2779237934485,0.0000006633925
177334,0.2547096508496,3.8573072648345,0.0070531670860,0.6168909786481,0.2779216320218,0.0000006560952
177435,0.2547107250606,3.8573235326195,0.0070559767967,0.6168584274530,0.2779114409448,0.0000006560952
177453,0.2547158856980,3.8574016849950,0.0070520707479,0.6168006996204,0.2778902556917,0.0000006560952
177528,0.2547216150089,3.8574884493262,0.0070492610373,0.6167680064726,0.2778786031152,0.0000006488781
177654,0.2547208745719,3.8574772361949,0.0070492610373,0.6167527146217,0.2778729830749,0.0000006417405
177826,0.2547265241210,3.8575627926174,0.0070564561003,0.6167204581346,0.2778657571170,0.0000006346813
178267,0.2547186241417,3.8574431558177,0.0070564561003,0.6166510729046,0.2778392838250,0.0000006207951
178358,0.2547148270537,3.8573856529516,0.0070351629009,0.6166575645831,0.2778316629630,0.0000006139664
178455,0.2547118770237,3.8573409778786,0.0070351629009,0.6166540565659,0.2778297779504,0.0000006072127
178571,0.2547040515257,3.8572224690179,0.0070351629009,0.6165843787925,0.2778032161389,0.0000006005334
178895,0.2547045097348,3.8572294081090,0.0070564561003,0.6165448834097,0.2777983344896,0.0000005873943
179031,0.2547018690460,3.8571894176810,0.0070564561003,0.6164791016908,0.2777742751567,0.0000005809330
180185,0.2546909712677,3.8570243823977,0.0070107184181,0.6165337685899,0.2777718619472,0.0000005436305
180287,0.2546938013191,3.8570672405205,0.0070107184181,0.6164464951167,0.2777412992892,0.0000005376505
180732,0.2546925730226,3.8570486392750,0.0069894252187,0.6164313229687,0.2777264918017,0.0000005201025
180837,0.2546872686092,3.8569683095652,0.0070107184181,0.6163881148245,0.2777190493185,0.0000005201025
180993,0.2546868964910,3.8569626742296,0.0070079087075,0.6163662465144,0.2777099553064,0.0000005143814
181316,0.2546922496165,3.8570437416321,0.0069866155080,0.6163227174314,0.2776864306468,0.0000005031272
181779,0.2546954203970,3.8570917597368,0.0069866155080,0.6163187850818,0.2776857056892,0.0000004867060
182324,0.2546978308109,3.8571282628974,0.0069866155080,0.5118229786649,0.2403662913432,0.0000004708207
182431,0.2546976987568,3.8571262630783,0.0069894252187,0.5117899085534,0.2403556564535,0.0000004656417
182950,0.2547012278867,3.8571797080034,0.0069822301557,0.5117905344171,0.2403535526200,0.0000004504439
183070,0.2546892961801,3.8569990149731,0.0069839435283,0.5117884495160,0.2403509855207,0.0000004504439
183105,0.2546833298617,3.8569086614151,0.0069839435283,0.5117886977187,0.2403497956677,0.0000004454891
183127,0.2546819646307,3.8568879864412,0.0069839435283,0.5117734797845,0.2403440681417,0.0000004454891
183137,0.2546713641869,3.8567274539725,0.0069822301557,0.5117751652400,0.2403416642639,0.0000004454891
183329,0.2546715955944,3.8567309583935,0.0069822301557,0.5116803471375,0.2403078502432,0.0000004405887
183396,0.2546698856192,3.8567050626346,0.0070013306790,0.5116103914055,0.2402906855685,0.0000004405887
183418,0.2546719221308,3.8567359034419,0.0070063330658,0.5115663642844,0.2402775418721,0.0000004405887
184096,0.2546815088681,3.8568810844005,0.0070013306790,0.5115613795990,0.2402756720481,0.0000004215203
184450,0.2546799351453,3.8568572520398,0.0069822301557,0.5115352277842,0.2402578089494,0.0000004122979
184749,0.2546804891789,3.8568656422899,0.0069604576527,0.4176065689607,0.2067026470183,0.0000004032772
184767,0.2546705543276,3.8567151895131,0.0069676527157,0.4176011917705,0.2067016812950,0.0000004032772
184805,0.2546769808973,3.8568125130895,0.0069648430050,0.4175684063245,0.2066901451675,0.0000003988412
185176,0.2546844022315,3.8569249013174,0.0070116770253,0.4174682080074,0.2066760220631,0.0000003901149
185235,0.2546771103180,3.8568144730292,0.0070116770253,0.4174528326124,0.2066689682977,0.0000003901149
185316,0.2546817549821,3.8568848115350,0.0070116770253,0.4173189161689,0.2066221362816,0.0000003858236
185769,0.2546781432396,3.8568301155301,0.0070585110455,0.3337321999732,0.1767890354184,0.0000003773822
185799,0.2546827718983,3.8569002116517,0.0070585110455,0.3337058950445,0.1767806326565,0.0000003773822
185853,0.2546878460094,3.8569770536785,0.0070585110455,0.3336428086889,0.1767591891247,0.0000003732310
185870,0.2546907324520,3.8570207657873,0.0070585110455,0.3336361862189,0.1767574424803,0.0000003732310
186661,0.2546968876110,3.8571139791362,0.0070585110455,0.3336031353271,0.1767469575530,0.0000003531500
186894,0.2546975311597,3.8571237249971,0.0070585110455,0.3335807345570,0.1767390951812,0.0000003492653
187568,0.2547009663521,3.8571757473399,0.0070780908723,0.3335486607885,0.1767367677309,0.0000003341494
187729,0.2547007625480,3.8571726609432,0.0070061953349,0.2604679596460,0.1506056612774,0.0000003304737
187786,0.2547109591618,3.8573270778339,0.0070061953349,0.2604254033911,0.1505926476036,0.0000003304737
187800,0.2547106304271,3.8573220994957,0.0069794204451,0.2604029216307,0.1505730730075,0.0000003304737
187950,0.2547135358164,3.8573660985322,0.0069794204451,0.2603936968685,0.1505704010330,0.0000003268385
188336,0.2547136910257,3.8573684490135,0.0069794204451,0.2603075878879,0.1505396810848,0.0000003196876
188547,0.2547086032039,3.8572913993529,0.0070213898094,0.2602418853114,0.1505331125018,0.0000003126932
188572,0.2547119517928,3.8573421101775,0.0070213898094,0.2602023162230,0.1505196982393,0.0000003126932
188661,0.2547117069758,3.8573384026842,0.0069931935365,0.2602358758307,0.1505195472357,0.0000003126932
188668,0.2547094798304,3.8573046749310,0.0069931935365,0.2602070823933,0.1505087866198,0.0000003126932
188736,0.2547093654999,3.8573029435162,0.0070400275568,0.2601416095600,0.1505054506886,0.0000003092535
188786,0.2547042318544,3.8572251999056,0.0069931935365,0.2601678352133,0.1504936452035,0.0000003092535
189499,0.2547031317427,3.8572085398815,0.0069859984735,0.2601276539349,0.1504759754103,0.0000002958693
189638,0.2546995736357,3.8571546561280,0.0069859984735,0.2601222597611,0.1504732864681,0.0000002926147
189728,0.2547039602602,3.8572210868995,0.0069658016122,0.2601426887573,0.1504728667314,0.0000002893959
189863,0.2547088458268,3.8572950736199,0.0070126356324,0.2600762081198,0.1504702422767,0.0000002893959
189905,0.2547054591974,3.8572437867128,0.0070328324938,0.2600179186765,0.1504573547098,0.0000002862126
190033,0.2547081616178,3.8572847120002,0.0070328324938,0.2600131228183,0.1504562209934,0.0000002862126
190183,0.2547144592461,3.8573800828959,0.0069859984735,0.2600462106294,0.1504493158376,0.0000002830642
190690,0.2547144277015,3.8573796051863,0.0069859984735,0.2600137021141,0.1504376988940,0.0000002738255
190891,0.2547080294774,3.8572827108746,0.0069468388199,0.2600465244794,0.1504312674106,0.0000002708134
191275,0.2547115528176,3.8573360681206,0.0069779990620,0.2599915124387,0.1504257296442,0.0000002619745
191476,0.2547078885421,3.8572805765583,0.0069751893514,0.2599846648778,0.1504212947231,0.0000002590928
191969,0.2546979242375,3.8571296777443,0.0069762856894,0.1974316404954,0.1280792635233,0.0000002506364
192082,0.2546931532737,3.8570574265609,0.0069762856894,0.1973292023690,0.1280416561287,0.0000002506364
192204,0.2546988761123,3.8571440928765,0.0069479351580,0.1972961948393,0.1280189438201,0.0000002478794
192350,0.2546936924427,3.8570655917036,0.0069479351580,0.1972352811624,0.1279960781491,0.0000002451528
192387,0.2546926361473,3.8570495952313,0.0069479351580,0.1971792870974,0.1279758539198,0.0000002451528
192713,0.2546972572556,3.8571195770106,0.0069479351580,0.1971180066954,0.1279549582994,0.0000002397891
192912,0.2546946676913,3.8570803608083,0.0069790954001,0.1970772132271,0.1279531886864,0.0000002371514
192923,0.2546944665023,3.8570773140152,0.0069479351580,0.1970906416787,0.1279445870606,0.0000002371514
193034,0.2546986635894,3.8571408744436,0.0069899045223,0.1970246240231,0.1279398955727,0.0000002345427
193242,0.2547008227500,3.8571735726385,0.0070450299436,0.1968791297038,0.1279120211736,0.0000002319627
193259,0.2547088272185,3.8572947918160,0.0071520082996,0.1447892706922,0.1093560632082,0.0000002319627
193323,0.2546999863731,3.8571609065973,0.0071520082996,0.1447870572862,0.1093533782391,0.0000002294112
193330,0.2547043955021,3.8572276781757,0.0071051742794,0.1448211614074,0.1093464313728,0.0000002294112
193400,0.2547065058992,3.8572596379005,0.0071051742794,0.1447644356606,0.1093266244055,0.0000002294112
193461,0.2547119138210,3.8573415351345,0.0070968828783,0.1447235971383,0.1093096446018,0.0000002268876
193469,0.2547108823139,3.8573259140546,0.0071437168986,0.1446576908549,0.1093059573291,0.0000002268876
193600,0.2547173283183,3.8574235319483,0.0071437168986,0.1446146643687,0.1092919720136,0.0000002268876
193614,0.2547169804655,3.8574182640860,0.0071437168986,0.1446138090555,0.1092915920047,0.0000002268876
193693,0.2547126108909,3.8573520915180,0.0071905509188,0.1445465688167,0.1092867130192,0.0000002243919
193733,0.2547131808521,3.8573607229756,0.0071905509188,0.1444941380132,0.1092681098668,0.0000002243919
193827,0.2547117021592,3.8573383297413,0.0072373849390,0.1444273323958,0.1092640055779,0.0000002219236
194035,0.2547047572489,3.8572331564471,0.0072373849390,0.1443385829728,0.1092308211603,0.0000002194824
194128,0.2547001173014,3.8571628893681,0.0072373849390,0.1443197347975,0.1092230953947,0.0000002194824
194167,0.2547045132731,3.8572294616924,0.0072171880777,0.1443393448167,0.1092223851692,0.0000002170681
194185,0.2546981983154,3.8571338283627,0.0072171880777,0.1443259195529,0.1092162372269,0.0000002170681
194297,0.2547017427781,3.8571875054872,0.0072276721549,0.1442706357694,0.1092017457222,0.0000002170681
194335,0.2546903092508,3.8570143568536,0.0072745061752,0.1442036239317,0.1091954346044,0.0000002146803
194428,0.2546803592445,3.8568636745719,0.0072745061752,0.1441985033776,0.1091914736909,0.0000002123189
194657,0.2546723379571,3.8567422006884,0.0072745061752,0.1025080772217,0.0943003169308,0.0000002076735
194696,0.2546684454186,3.8566832523254,0.0072745061752,0.1024505648605,0.0942789426864,0.0000002076735
194828,0.2546717487780,3.8567332781972,0.0072745061752,0.1024036769347,0.0942629048613,0.0000002053891
194851,0.2546700154827,3.8567070292792,0.0072745061752,0.1023975738421,0.0942603537650,0.0000002053891
194948,0.2546679865975,3.8566763039675,0.0071568729555,0.1023721061722,0.0942004091705,0.0000002053891
195043,0.2546714525957,3.8567287928312,0.0071770698169,0.1023194429794,0.0941909993990,0.0000002031298
195209,0.2546689160218,3.8566903791124,0.0071122316115,0.1023811799944,0.0941847169790,0.0000002008954
195318,0.2546655218889,3.8566389785713,0.0071122316115,0.1023141127778,0.0941600370875,0.0000002008954
195333,0.2546690073404,3.8566917620342,0.0071498156235,0.1022418963422,0.0941510998195,0.0000001986856
195401,0.2546671920540,3.8566642714492,0.0071966496437,0.1021848717851,0.0941504166393,0.0000001986856
195455,0.2546688089442,3.8566887575357,0.0071122316115,0.1022610998827,0.0941418082796,0.0000001986856
195768,0.2546777029822,3.8568234482982,0.0071531046377,0.1021938264458,0.0941372049287,0.0000001943385
195826,0.2546882471259,3.8569831281620,0.0071426205605,0.1021882165884,0.0941329676916,0.0000001943385
195924,0.2546920425424,3.8570406057158,0.0071426205605,0.1021311097500,0.0941133856957,0.0000001922008
196144,0.2546934786150,3.8570623535102,0.0071017475343,0.1020655618450,0.0940727664482,0.0000001900866
196236,0.2546912309369,3.8570283148119,0.0071122316115,0.1019376481570,0.0940310945189,0.0000001879956
196290,0.2546934585375,3.8570620494584,0.0071122316115,0.1018802725676,0.0940110805800,0.0000001879956
196561,0.2546914061795,3.8570309686751,0.0071531046377,0.1018123518699,0.0940039004082,0.0000001838825
196641,0.2546943328161,3.8570752894792,0.0071502949271,0.1017725642408,0.0939891135153,0.0000001838825
196760,0.2546961096344,3.8571021975053,0.0071971289473,0.1016997253182,0.0939835520841,0.0000001818598
196805,0.2546948492124,3.8570831097535,0.0071971289473,0.1016643193168,0.0939706369932,0.0000001818598
197171,0.2546989313454,3.8571449293231,0.0071094219008,0.1017605153570,0.0939682787304,0.0000001778809
197371,0.2546979815047,3.8571305449944,0.0071094219008,0.1017239387724,0.0939550121272,0.0000001739890
197484,0.2546988768960,3.8571441047447,0.0071094219008,0.1016540090288,0.0939302290883,0.0000001739890
197502,0.2546925124879,3.8570477225406,0.0071263297479,0.1016212490533,0.0939244115155,0.0000001739890
197892,0.2546929608850,3.8570545130392,0.0070794957277,0.0707388440134,0.0828750055063,0.0000001683103
198143,0.2546939205379,3.8570690459628,0.0071133279496,0.0706912256603,0.0828727041152,0.0000001664589
198519,0.2546995357728,3.8571540827354,0.0070844981145,0.0707114674559,0.0828687809489,0.0000001628169
198578,0.2546917466508,3.8570361247513,0.0071133279496,0.0706179218703,0.0828460583572,0.0000001610260
198886,0.2546792545115,3.8568469445630,0.0071601619698,0.0702090536826,0.0827174288405,0.0000001592547
198901,0.2546779938706,3.8568278534942,0.0071601619698,0.0701939201972,0.0827117538869,0.0000001575029
198937,0.2546769991698,3.8568127898071,0.0071529669068,0.0700496855540,0.0826569447657,0.0000001575029
198999,0.2546720374538,3.8567376498853,0.0071998009270,0.0699812927575,0.0826515272651,0.0000001575029
199379,0.2546684781164,3.8566837474985,0.0070915554466,0.0700995220454,0.0826465983754,0.0000001540569
199469,0.2546650793010,3.8566322760483,0.0070711877989,0.0700705311482,0.0826267871741,0.0000001523622
199495,0.2546694698222,3.8566987658313,0.0070447214263,0.0699938556863,0.0825890011754,0.0000001523622
199587,0.2546664188164,3.8566525615870,0.0070393939946,0.0699133452809,0.0825573104872,0.0000001506862
199766,0.2546714936130,3.8567294139943,0.0070300062554,0.0699136212998,0.0825544732050,0.0000001490287
200692,0.2546725663144,3.8567456589177,0.0070300062554,0.0698780253981,0.0825419902476,0.0000001410105
200744,0.2546673092962,3.8566660469584,0.0070300062554,0.0698297928123,0.0825236378202,0.0000001410105
201292,0.2546653112931,3.8566357893217,0.0070611664975,0.0697558194107,0.0825101449941,0.0000001349076
201686,0.2546676156414,3.8566706862310,0.0070300062554,0.0697709397910,0.0825026845294,0.0000001319560
201696,0.2546662192223,3.8566495389454,0.0070300062554,0.0697642015459,0.0824999787806,0.0000001319560
201726,0.2546685689381,3.8566851228969,0.0070300062554,0.0697143515858,0.0824826787340,0.0000001319560
201818,0.2546686085615,3.8566857229511,0.0070300062554,0.0696991371100,0.0824772534833,0.0000001305045
202003,0.2546770039265,3.8568128618421,0.0070300062554,0.0696563317241,0.0824637648523,0.0000001290689
202106,0.2546699142570,3.8567054963237,0.0069831722352,0.0696471838864,0.0824389068296,0.0000001290689
202175,0.2546739121153,3.8567660396436,0.0069515326895,0.0696530754166,0.0824283078261,0.0000001276492
202310,0.2546716763341,3.8567321811103,0.0069515326895,0.0696096857771,0.0824123324303,0.0000001262450
202447,0.2546705677747,3.8567153931552,0.0069247577996,0.0696058379678,0.0823992457115,0.0000001262450
202518,0.2546688372650,3.8566891864230,0.0069330492007,0.0694752676727,0.0823557960973,0.0000001248563
202741,0.2546662648100,3.8566502293236,0.0069330492007,0.0694163189609,0.0823341917456,0.0000001234829
202837,0.2546566666865,3.8565048759324,0.0069488607097,0.0693477343639,0.0823144168669,0.0000001221246
202849,0.2546584686855,3.8565321652948,0.0069488607097,0.0693059383017,0.0822998758445,0.0000001221246
202958,0.2546606602178,3.8565653537242,0.0069853483836,0.0692415102824,0.0822929730262,0.0000001221246
203017,0.2546606874644,3.8565657663455,0.0069488607097,0.0692190020790,0.0822693026462,0.0000001207812
203098,0.2546603456004,3.8565605891777,0.0069488607097,0.0691695133828,0.0822515548552,0.0000001207812
203269,0.2546652194090,3.8566343978344,0.0069488607097,0.0691045138941,0.0822293851397,0.0000001194526
203305,0.2546675118054,3.8566691137445,0.0069488607097,0.0690450513204,0.0822086397340,0.0000001194526
203387,0.2546605794975,3.8565641313013,0.0069488607097,0.0690440114207,0.0822067828467,0.0000001181387
203535,0.2546630976806,3.8566022665109,0.0069488607097,0.0689840880559,0.0821859212557,0.0000001168391
203583,0.2546600039506,3.8565554152544,0.0069956947299,0.0689140652989,0.0821803219090,0.0000001168391
203748,0.2546656214789,3.8566404867570,0.0069330492007,0.0689823254745,0.0821790562153,0.0000001155539
203792,0.2546703653843,3.8567123281683,0.0069330492007,0.0689168782705,0.0821566987650,0.0000001155539
203863,0.2546661848966,3.8566490191195,0.0069330492007,0.0688466286938,0.0821307138116,0.0000001142828
203977,0.2546713454897,3.8567271708231,0.0069330492007,0.0687877731482,0.0821107998153,0.0000001142828
204335,0.2546693001926,3.8566961969705,0.0069330492007,0.0687859736472,0.0821097188584,0.0000001117824
204567,0.2546807887070,3.8568701783246,0.0069717295508,0.0687173152116,0.0821042371060,0.0000001093367
204585,0.2546857561767,3.8569454053806,0.0070185635710,0.0686466489149,0.0821001353236,0.0000001093367
204653,0.2546876339726,3.8569738426057,0.0070135611842,0.0686422693594,0.0820968297014,0.0000001093367
205086,0.2546894374010,3.8570011536149,0.0070135611842,0.0685764554303,0.0820737111757,0.0000001057682
205340,0.2546827740428,3.8569002441282,0.0069280468139,0.0686471006382,0.0820608647288,0.0000001046047
205506,0.2546729469696,3.8567514235375,0.0069280468139,0.0686400185009,0.0820562295926,0.0000001034541
205651,0.2546788496839,3.8568408138780,0.0069280468139,0.0684933910565,0.0820051275155,0.0000001023161
205727,0.2546739051550,3.8567659342382,0.0069537253656,0.0684574486663,0.0820022364993,0.0000001011906
205815,0.2546724480733,3.8567438682824,0.0069587277524,0.0683681720656,0.0819721836473,0.0000001011906
206528,0.2546674942175,3.8566688473953,0.0069587277524,0.0683089667786,0.0819499773614,0.0000000968111
206645,0.2546714637575,3.8567289618647,0.0069734429234,0.0682833623052,0.0819479900242,0.0000000957462
207000,0.2546653198225,3.8566359184915,0.0069945983919,0.0682505724212,0.0819440294232,0.0000000936514
207227,0.2546674134587,3.8566676243891,0.0070414324121,0.0681814461661,0.0819398618342,0.0000000926212
207232,0.2546683447315,3.8566817275262,0.0070414324121,0.0681759439417,0.0819380963125,0.0000000916024
207260,0.2546656037465,3.8566402182187,0.0070414324121,0.0681251382305,0.0819193640618,0.0000000916024
207428,0.2546572019361,3.8565129817191,0.0070653975912,0.0473576239331,0.0745108650730,0.0000000905948
