0,0.2063240533919,3.124558757017,0.5553584234398,0.3201241934734,0.3965531191558,100000
2,0.206326387692,3.124594107514,0.5553115894196,0.3200329419146,0.3965009577976,100000.0000000000000
3,0.2063239407160,3.1245570506599,0.5553115894196,0.3200263913875,0.3964980939716,100000.0000000000000
8,0.2063426697396,3.1248406818395,0.5551939562000,0.3201461204662,0.3964944534821,100000.0000000000000
9,0.2063437433225,3.1248569401126,0.5551939562000,0.3198533118296,0.3963901090225,100000.0000000000000
10,0.2063477992752,3.1249183632110,0.5551939562000,0.3197567611799,0.3963564957804,100000.0000000000000
11,0.2063504502592,3.1249585095494,0.5551939562000,0.3196446489830,0.3963170237780,100000.0000000000000
13,0.2063527156382,3.1249928163088,0.5551002881595,0.3196927771650,0.3962945544069,100000.0000000000000
14,0.2063578245707,3.1250701856687,0.5551002881595,0.3195965912726,0.3962612970737,100000.0000000000000
15,0.2063714307673,3.1252762370721,0.5551002881595,0.3195812663799,0.3962587395113,100000.0000000000000
16,0.2063637000436,3.1251591634686,0.5551002881595,0.3193796594827,0.3961850804644,100000.0000000000000
17,0.2063617177175,3.1251291432444,0.5551002881595,0.3190502428006,0.3960670068652,100000.0000000000000
18,0.2063614333967,3.1251248375072,0.5551002881595,0.3185658467706,0.3958939473572,100000.0000000000000
19,0.2063624447455,3.1251401533114,0.5551002881595,0.3183325692321,0.3958108506682,100000.0000000000000
20,0.2063621859694,3.1251362344213,0.5551002881595,0.3183050575556,0.3958009696174,100000.0000000000000
21,0.2063651180678,3.1251806379396,0.5551002881595,0.3182969868578,0.3957987155321,100000.0000000000000
22,0.2063738740298,3.1253132376886,0.5551002881595,0.3182551736595,0.3957856585246,100000.0000000000000
23,0.2063834809883,3.1254587248761,0.5551471221798,0.3179681932313,0.3957052958714,100000.0000000000000
24,0.2063814981069,3.1254286962421,0.5551471221798,0.3176306826538,0.3955843314763,100000.0000000000000
26,0.2063897059054,3.1255529946379,0.5551939562000,0.3175533653413,0.3955785486873,100000.0000000000000
27,0.2063876672405,3.1255221212212,0.5551939562000,0.3173970172383,0.3955222732224,100000.0000000000000
28,0.2063847517843,3.1254779697329,0.5551939562000,0.3172298026859,0.3954619289987,100000.0000000000000
29,0.2063868289153,3.1255094256767,0.5551939562000,0.3170175701006,0.3953865767464,100000.0000000000000
30,0.2063973060691,3.1256680910483,0.5551939562000,0.3169958423178,0.3953810619283,100000.0000000000000
33,0.2064114692155,3.1258825768659,0.5551939562000,0.3169260457006,0.3953591695250,100000.0000000000000
35,0.2064194410999,3.1260033025923,0.5551939562000,0.3168893131335,0.3953477590119,100000.0000000000000
39,0.2064235746230,3.1260659004108,0.5551471221798,0.3169359145271,0.3953452163988,100000.0000000000000
40,0.2064288095980,3.1261451785494,0.5550294889601,0.3169102703347,0.3952867653020,100000.0000000000000
42,0.2064420446006,3.1263456086139,0.5550294889601,0.3166104294505,0.3951825153439,100000.0000000000000
43,0.2064457919635,3.1264023584476,0.5549826549399,0.3166355220227,0.3951722082602,100000.0000000000000
44,0.2064443287723,3.1263801999695,0.5549826549399,0.3165914740491,0.3951561633001,100000.0000000000000
45,0.2064469851014,3.1264204272534,0.5548650217203,0.3165699516577,0.3950986317082,100000.0000000000000
47,0.2064402965637,3.1263191364508,0.5548650217203,0.3164780177822,0.3950643649231,100000.0000000000000
48,0.2064394280828,3.1263059842293,0.5548650217203,0.3162246660187,0.3949736960474,100000.0000000000000
49,0.2064367498473,3.1262654251969,0.5548650217203,0.3161626223731,0.3949509636949,100000.0000000000000
50,0.2064404829907,3.1263219596896,0.5548650217203,0.3158110748544,0.3948262109690,100000.0000000000000
51,0.2064432908116,3.1263644811564,0.5547473885007,0.3155915891578,0.3946980106591,100000.0000000000000
52,0.2064416508404,3.1263396455332,0.5546297552810,0.3155731232075,0.3946406500175,100000.0000000000000
53,0.2064391282500,3.1263014435795,0.5546297552810,0.3155319165541,0.3946253928005,100000.0000000000000
58,0.2064571888511,3.1265749522107,0.5544652880412,0.3149762816808,0.3943603359432,100000.0000000000000
59,0.2064571718848,3.1265746952751,0.5543476548216,0.3149091868521,0.3942859556318,100000.0000000000000
60,0.2064588971807,3.1266008230486,0.5543476548216,0.3148752242969,0.3942741958540,100000.0000000000000
61,0.2064646495867,3.1266879371320,0.5543476548216,0.3146447298541,0.3941931090686,100000.0000000000000
62,0.2064582939920,3.1265916883968,0.5543476548216,0.3145466250269,0.3941567097171,100000.0000000000000
63,0.2064653259864,3.1266981804861,0.5542300216019,0.3145398762300,0.3941053920515,100000.0000000000000
65,0.2064635157571,3.1266707664863,0.5541363535615,0.3144928496728,0.3940480655003,100000.0000000000000
66,0.2064663789071,3.1267141258526,0.5541363535615,0.3135412690405,0.3937088288066,100000.0000000000000
68,0.2064680845062,3.1267399553403,0.5541363535615,0.3134927900119,0.3936918803533,100000.0000000000000
69,0.2064665216066,3.1267162868847,0.5541363535615,0.3133666740412,0.3936465040282,100000.0000000000000
70,0.2064682316834,3.1267421841839,0.5541363535615,0.3133537121344,0.3936422412208,100000.0000000000000
71,0.2064748554649,3.1268424943216,0.5540187203419,0.3132903523079,0.3935706178561,100000.0000000000000
72,0.2064855898042,3.1270050544960,0.5540187203419,0.3132360660048,0.3935535301063,100000.0000000000000
73,0.2064933152664,3.1271220484196,0.5540187203419,0.3131892533817,0.3935384667685,100000.0000000000000
74,0.2064926366006,3.1271117707464,0.5540187203419,0.3131418098343,0.3935213772160,100000.0000000000000
75,0.2065022702727,3.1272576624838,0.5540187203419,0.3131129224655,0.3935131246569,100000.0000000000000
76,0.2065132927695,3.1274245864958,0.5540187203419,0.3129512375857,0.3934577420206,100000.0000000000000
77,0.2065156800817,3.1274607398045,0.5540187203419,0.3128393797456,0.3934183043589,100000.0000000000000
78,0.2065237617766,3.1275831284940,0.5539010871222,0.3127046089591,0.3933214894899,100000.0000000000000
82,0.2065248285624,3.1275992838329,0.5539479211425,0.3123565578240,0.3932174858330,100000.0000000000000
83,0.2065265525062,3.1276253911309,0.5539479211425,0.3120484966499,0.3931078334016,100000.0000000000000
84,0.2065248086494,3.1275989822710,0.5539479211425,0.3120274603604,0.3930999467575,100000.0000000000000
86,0.2065435513275,3.1278828202340,0.5539010871222,0.3120147658964,0.3930793575856,98900.0000000000000
87,0.2065458429174,3.1279175239303,0.5537834539026,0.3120304110314,0.3930350219518,98900.0000000000000
88,0.2065504722568,3.1279876303618,0.5537834539026,0.3119872990598,0.3930206168204,98900.0000000000000
89,0.2065531731404,3.1280285323767,0.5536658206830,0.3119504346892,0.3929576154975,98900.0000000000000
90,0.2065526283532,3.1280202821527,0.5535481874634,0.3118855843632,0.3928839236897,98900.0000000000000
92,0.2065611439804,3.1281492422861,0.5533837202235,0.3107885866481,0.3924234776088,98900.0000000000000
94,0.2065544349762,3.1280476415399,0.5535013534431,0.3105819305628,0.3923986484572,98900.0000000000000
95,0.2065539186585,3.1280398224571,0.5533837202235,0.3103901128569,0.3922796172572,98900.0000000000000
96,0.2065529514158,3.1280251745924,0.5533837202235,0.3098394215227,0.3920827345144,98900.0000000000000
97,0.2065541420763,3.1280432058820,0.5533368862033,0.3097776670930,0.3920408627795,98900.0000000000000
99,0.2065573233811,3.1280913833662,0.5532192529837,0.3097236013139,0.3919718210439,98900.0000000000000
101,0.2065677199858,3.1282488289074,0.5530547857438,0.3098575254885,0.3919513929902,98900.0000000000000
102,0.2065663915406,3.1282287110149,0.5530547857438,0.3091741675431,0.3917070519143,98900.0000000000000
106,0.2065731235372,3.1283306599568,0.5531016197640,0.3089873721830,0.3916618535794,98900.0000000000000
107,0.2065699285264,3.1282822749105,0.5529839865444,0.3090176095882,0.3916215537705,98900.0000000000000
108,0.2065733448511,3.1283340115214,0.5529371525242,0.3089947946535,0.3915940659261,98900.0000000000000
109,0.2065780292358,3.1284049515549,0.5528195193046,0.3088392494263,0.3914891036190,98900.0000000000000
111,0.2065789863094,3.1284194454185,0.5527487201052,0.3082575717469,0.3912512241638,98900.0000000000000
112,0.2065744750423,3.1283511270672,0.5527487201052,0.3081925300891,0.3912270283002,98900.0000000000000
113,0.2065746374076,3.1283535859166,0.5527487201052,0.3076713453318,0.3910409256795,98900.0000000000000
117,0.2065903582110,3.1285916607949,0.5525842528653,0.3076408647220,0.3909629225311,98900.0000000000000
123,0.2066175238881,3.1290030561361,0.5523021524058,0.3079403105819,0.3909547885006,98900.0000000000000
124,0.2066139883051,3.1289495134843,0.5523021524058,0.3079146435100,0.3909448640643,98900.0000000000000
125,0.2066222636264,3.1290748344412,0.5521845191862,0.3077718732370,0.3908452337272,98900.0000000000000
126,0.2066165971518,3.1289890216982,0.5521845191862,0.3075704825946,0.3907720942533,98900.0000000000000
127,0.2066219986555,3.1290708217379,0.5521845191862,0.3070221988548,0.3905774360970,98900.0000000000000
128,0.2066290781545,3.1291780332348,0.5520668859666,0.3069751783251,0.3905117458492,98900.0000000000000
130,0.2066294250471,3.1291832865547,0.5520200519464,0.3069597369191,0.3904862336725,98900.0000000000000
131,0.2066288613019,3.1291747492322,0.5519732179261,0.3069842948070,0.3904748118212,98900.0000000000000
133,0.2066261671797,3.1291339496120,0.5519732179261,0.3068452240515,0.3904245663824,98900.0000000000000
134,0.2066186166165,3.1290196043472,0.5519732179261,0.3066365208389,0.3903484115429,98900.0000000000000
138,0.2066339911439,3.1292524352441,0.5518795498857,0.3067207000909,0.3903416266572,98900.0000000000000
140,0.2066442734078,3.1294081492143,0.5518795498857,0.3066773135171,0.3903283347945,98900.0000000000000
142,0.2066471881812,3.1294522903634,0.5519971831053,0.3064202285084,0.3902875575512,98900.0000000000000
143,0.2066492145189,3.1294829770978,0.5518795498857,0.3062134996381,0.3901637457901,98900.0000000000000
156,0.2066610115228,3.1296616301979,0.5519035150648,0.3061201236996,0.3901431959611,98900.0000000000000
171,0.2067367123443,3.1308080387759,0.5511977157471,0.3067861312520,0.3900947919840,97812.1000000000058
172,0.2067405269351,3.1308658067037,0.5511977157471,0.3063928551991,0.3899551536631,97812.1000000000058
173,0.2067535453272,3.1310629564321,0.5511977157471,0.3062584066998,0.3899099259974,97812.1000000000058
174,0.2067642773154,3.1312254810000,0.5511977157471,0.3061622030628,0.3898778672673,97812.1000000000058
175,0.2067652867376,3.1312407676282,0.5511977157471,0.3061570591914,0.3898762464752,97812.1000000000058
176,0.2067861335663,3.1315564707174,0.5511977157471,0.3060129244506,0.3898292369596,97812.1000000000058
177,0.2067882026135,3.1315878042414,0.5511977157471,0.3058591191114,0.3897747498486,97812.1000000000058
178,0.2067896506058,3.1316097325471,0.5510800825275,0.3056780339738,0.3896599726322,97812.1000000000058
183,0.2068000889163,3.1317678096796,0.5511269165477,0.3054203539929,0.3895902525714,97812.1000000000058
184,0.2067967582286,3.1317173699497,0.5511269165477,0.3054138690652,0.3895872228070,97812.1000000000058
188,0.2067963133134,3.1317106321816,0.5512445497673,0.3051905943311,0.3895578007286,97812.1000000000058
189,0.2067907340987,3.1316261408975,0.5512445497673,0.3051802437630,0.3895529085511,97812.1000000000058
190,0.2067861334674,3.1315564692196,0.5511269165477,0.3051445535528,0.3894887619609,97812.1000000000058
192,0.2067904763450,3.1316222374915,0.5511269165477,0.3051269100987,0.3894833913439,97812.1000000000058
193,0.2067896215642,3.1316092927436,0.5511269165477,0.3045750147590,0.3892861026981,97812.1000000000058
194,0.2068015290981,3.1317896197031,0.5510092833281,0.3045007366287,0.3892117121719,97812.1000000000058
195,0.2068064014463,3.1318634062451,0.5510092833281,0.3043249232271,0.3891499657459,97812.1000000000058
196,0.2068088048148,3.1318998027085,0.5510092833281,0.3042220384115,0.3891137361764,97812.1000000000058
197,0.2068209437209,3.1320836335554,0.5510092833281,0.3041742372918,0.3890992655421,97812.1000000000058
198,0.2068152465006,3.1319973552015,0.5508916501085,0.3041740864365,0.3890475765954,97812.1000000000058
199,0.2068183701799,3.1320446600089,0.5508916501085,0.3040959297963,0.3890203328694,97812.1000000000058
200,0.2068155222112,3.1320015305469,0.5508448160882,0.3040699763754,0.3889903817886,97812.1000000000058
201,0.2068185725168,3.1320477241869,0.5507979820680,0.3040488788856,0.3889634288847,97812.1000000000058
207,0.2068541029645,3.1325857950988,0.5506335148282,0.3041484158476,0.3889361055072,97812.1000000000058
169173,0.2551117119645,3.8633960535957,0.0081572456444,0.8567337930838,0.3641391125128,0.0000010099770
169192,0.2551233706899,3.8635726126147,0.0081572456444,0.8566780347531,0.3641216971215,0.0000010099770
169259,0.2551251388890,3.8635993901129,0.0081370487831,0.8566990811004,0.3641209367762,0.0000010099770
169339,0.2551257845827,3.8636091684599,0.0081370487831,0.8566379513165,0.3640992430735,0.0000009988672
169455,0.2551270225271,3.8636279158128,0.0080956964532,0.8566534454977,0.3640873195564,0.0000009988672
169481,0.2551273290681,3.8636325580508,0.0080297619097,0.8567305746758,0.3640866737173,0.0000009988672
169501,0.2551312549069,3.8636920107125,0.0080765959300,0.8565711109611,0.3640506353647,0.0000009878797
169519,0.2551343453505,3.8637388122000,0.0080765959300,0.8565284247355,0.3640360525221,0.0000009878797
169552,0.2551334054331,3.8637245781489,0.0080715770154,0.8564938437603,0.3640213497996,0.0000009878797
169573,0.2551319949552,3.8637032179573,0.0080806562373,0.8563443076755,0.3639715329048,0.0000009878797
169581,0.2551385241682,3.8638020959570,0.0080540190784,0.8563462264859,0.3639622013861,0.0000009878797
169617,0.2551260465607,3.8636131358380,0.0080217624982,0.8562749382297,0.3639202432728,0.0000009878797
169687,0.2551188491736,3.8635041390511,0.0080126832763,0.7309165585556,0.3191439599969,0.0000009770130
169717,0.2551259727821,3.8636120185396,0.0080126832763,0.7308889340427,0.3191356205870,0.0000009770130
169722,0.2551240136920,3.8635823501994,0.0079658492561,0.7309069799960,0.3191215740423,0.0000009770130
169756,0.2551254784361,3.8636045321935,0.0079658492561,0.7308638680679,0.3191064907989,0.0000009770130
169902,0.2551259252890,3.8636112993065,0.0078947250117,0.7308539649001,0.3190725678884,0.0000009662659
169963,0.2551390150997,3.8638095305935,0.0079415590320,0.7306713929362,0.3190302402980,0.0000009662659
169977,0.2551360633203,3.8637648290288,0.0079343639690,0.7305899354686,0.3189974322227,0.0000009662659
170006,0.2551504536022,3.8639827545706,0.0078552568408,0.7306453222988,0.3189863938104,0.0000009556369
170047,0.2551571265873,3.8640838098461,0.0078552568408,0.7306022502342,0.3189724408556,0.0000009556369
170058,0.2551474063628,3.8639366073653,0.0078552568408,0.7305612616550,0.3189557191720,0.0000009556369
170060,0.2551513881781,3.8639969077304,0.0078112325313,0.7305645729838,0.3189388874743,0.0000009556369
170070,0.2551478763216,3.8639437243929,0.0078112325313,0.7305495169095,0.3189327577643,0.0000009556369
170074,0.2551440820526,3.8638862642163,0.0078112325313,0.7304050224250,0.3188803395336,0.0000009556369
170129,0.2551433512291,3.8638751966710,0.0078412964353,0.7303117255182,0.3188597471350,0.0000009556369
170173,0.2551406631510,3.8638344885810,0.0078506841745,0.7302398141055,0.3188375117877,0.0000009451249
170186,0.2551423157464,3.8638595153848,0.0077639192074,0.7302371746583,0.3187997382697,0.0000009451249
170209,0.2551492395400,3.8639643688875,0.0077639192074,0.7301850609797,0.3187826099116,0.0000009451249
170263,0.2551630991176,3.8641742574770,0.0078107532277,0.7299927068014,0.3187369536233,0.0000009451249
170392,0.2551614917582,3.8641499157255,0.0078107532277,0.6151918383571,0.2777362990304,0.0000009347285
170394,0.2551666643543,3.8642282492022,0.0078107532277,0.6150653035484,0.2776922164408,0.0000009347285
170433,0.2551657288824,3.8642140824740,0.0078107532277,0.6150488169810,0.2776861279227,0.0000009347285
170499,0.2551707751681,3.8642905031138,0.0078107532277,0.6148900029868,0.2776304899860,0.0000009347285
170577,0.2551667928493,3.8642301951228,0.0078351977104,0.6146889995146,0.2775683258845,0.0000009244465
170615,0.2551674138628,3.8642395997125,0.0078351977104,0.6146863647345,0.2775675179659,0.0000009244465
170667,0.2551610940889,3.8641438934462,0.0077410503664,0.6147902784557,0.2775629269103,0.0000009244465
170672,0.2551645762940,3.8641966277458,0.0076594420448,0.6148602997568,0.2775537057096,0.0000009244465
170717,0.2551756603898,3.8643644846104,0.0076126080246,0.5105315109496,0.2402757274332,0.0000009142776
170898,0.2551733444968,3.8643294128686,0.0076041458372,0.5104772100148,0.2402522113277,0.0000009042206
170913,0.2551780965367,3.8644013774681,0.0075906812629,0.5104010816298,0.2402202703812,0.0000009042206
170965,0.2551806019739,3.8644393196557,0.0075906812629,0.5103191457999,0.2401915444642,0.0000009042206
170978,0.2551738762942,3.8643374663759,0.0075671953874,0.5103466271808,0.2401898526508,0.0000009042206
171044,0.2551740681924,3.8643403724708,0.0075578076482,0.5103374579269,0.2401825957215,0.0000008942741
171055,0.2551771131962,3.8643864858214,0.0076046416685,0.5102674366258,0.2401783123378,0.0000008942741
171133,0.2551687853358,3.8642603692164,0.0076131038559,0.5101524969022,0.2401391045467,0.0000008942741
171225,0.2551647198828,3.8641988022460,0.0076131038559,0.5101391447382,0.2401334647482,0.0000008747083
171305,0.2551617470242,3.8641537814580,0.0076131038559,0.5101365887857,0.2401319148669,0.0000008747083
171322,0.2551508210938,3.8639883198413,0.0074954706362,0.5101975897998,0.2401009454355,0.0000008747083
171372,0.2551565622036,3.8640752628549,0.0073778374166,0.5102118017374,0.2400568371284,0.0000008650865
171401,0.2551672982223,3.8642378484600,0.0073778374166,0.5102013796459,0.2400554155283,0.0000008650865
171588,0.2551715038144,3.8643015376877,0.0073310033964,0.5102505561983,0.2400538080581,0.0000008555706
171701,0.2551740199969,3.8643396426005,0.0073310033964,0.5102397179729,0.2400504764452,0.0000008461593
171792,0.2551661770233,3.8642208690916,0.0073310033964,0.5102127643870,0.2400391695274,0.0000008461593
171875,0.2551680757774,3.8642496237069,0.0073310033964,0.5101976311084,0.2400341716609,0.0000008368515
172050,0.2551616059927,3.8641516456861,0.0073310033964,0.5101754742896,0.2400248721289,0.0000008276462
172172,0.2551695504444,3.8642719559727,0.0072841693761,0.5100616295791,0.2399658439633,0.0000008276462
172603,0.2551654312209,3.8642095747061,0.0072841693761,0.5100340797504,0.2399551220480,0.0000008006332
172632,0.2551625488306,3.8641659239658,0.0071665361565,0.5100668532233,0.2399157949677,0.0000008006332
172663,0.2551558732359,3.8640648291699,0.0071364722525,0.5100514778283,0.2398959887403,0.0000008006332
172718,0.2551587155381,3.8641078728193,0.0071364722525,0.5100251773400,0.2398872047735,0.0000008006332
172802,0.2551460700195,3.8639163698648,0.0070896382322,0.5100378545547,0.2398689508733,0.0000007918262
172822,0.2551531253926,3.8640232160003,0.0070896382322,0.5099200346413,0.2398283841984,0.0000007918262
172843,0.2551566179768,3.8640761074798,0.0070160293222,0.5099073574266,0.2397930583569,0.0000007918262
173145,0.2551510716629,3.8639921144447,0.0070395151978,0.5098490658111,0.2397811168022,0.0000007745019
173210,0.2551468494432,3.8639281734091,0.0070160293222,0.5098732183384,0.2397787725682,0.0000007745019
174755,0.2551582838266,3.8641013350079,0.0070160293222,0.5098179125318,0.2397614707194,0.0000007011147
175573,0.2551494561571,3.8639676493236,0.0070160293222,0.4161204006349,0.2062961819699,0.0000006633925
175646,0.2551459072290,3.8639139045757,0.0071336625418,0.4156827781818,0.2061895419891,0.0000006560952
175903,0.2551447979379,3.8638971055401,0.0071336625418,0.4156665080216,0.2061834935123,0.0000006488781
176204,0.2551415602003,3.8638480734413,0.0071336625418,0.4156531189384,0.2061780178960,0.0000006346813
176251,0.2551402266185,3.8638278777604,0.0070559602690,0.4157375460995,0.2061745837119,0.0000006346813
176383,0.2551402706479,3.8638285445389,0.0071027942892,0.4156680550320,0.2061698466314,0.0000006276998
176967,0.2551332591879,3.8637223634198,0.0070793084136,0.4156396304051,0.2061481271479,0.0000006072127
177225,0.2551314636566,3.8636951720039,0.0070793084136,0.4156218052468,0.2061413762632,0.0000005939275
177770,0.2551314381772,3.8636947861455,0.0070793084136,0.4156037756050,0.2061349316456,0.0000005745427
177879,0.2551370747905,3.8637801466702,0.0070793084136,0.4155798700637,0.2061276017980,0.0000005682228
177972,0.2551350074021,3.8637488382677,0.0070793084136,0.4155484144194,0.2061159246275,0.0000005682228
178033,0.2551372743334,3.8637831685357,0.0071212777780,0.4154899326734,0.2061135109310,0.0000005619723
178389,0.2551350999603,3.8637502399637,0.0070333999451,0.4155750102945,0.2061057679303,0.0000005496769
178830,0.2551348740556,3.8637468188770,0.0070240122060,0.4155841956891,0.2061049767035,0.0000005376505
178839,0.2551362635935,3.8637678619531,0.0070374767802,0.4155593365106,0.2061021667153,0.0000005376505
178937,0.2551434095670,3.8638760801367,0.0070420163912,0.4155210475951,0.2060919689303,0.0000005317364
179042,0.2551459002137,3.8639137983361,0.0070240122060,0.4155273470503,0.2060870363663,0.0000005258873
179064,0.2551462545788,3.8639191648190,0.0070240122060,0.4155102952405,0.2060810223696,0.0000005258873
179166,0.2551397107024,3.8638200647589,0.0070240122060,0.4154980190271,0.2060752357485,0.0000005258873
179627,0.2551285364763,3.8636508429658,0.0069168630636,0.4156244672119,0.2060720802764,0.0000005087232
179634,0.2551340451159,3.8637342654648,0.0069168630636,0.4155833144485,0.2060585632837,0.0000005087232
179643,0.2551335170752,3.8637262688495,0.0068700290434,0.4154583743002,0.2059937569276,0.0000005087232
179766,0.2551357184424,3.8637596062192,0.0068700290434,0.4154480716938,0.2059905491469,0.0000005031272
179987,0.2551306689274,3.8636831366751,0.0068700290434,0.4153754448264,0.2059635289410,0.0000004975928
180121,0.2551358462183,3.8637615412488,0.0068280596790,0.4153620628950,0.2059418722289,0.0000004921193
180300,0.2551389169397,3.8638080440650,0.0068280596790,0.4152740325767,0.2059110908412,0.0000004867060
180474,0.2551434847756,3.8638772190906,0.0068280596790,0.4152425030938,0.2059008091336,0.0000004813522
180493,0.2551507849586,3.8639877726118,0.0068280596790,0.4152011549180,0.2058876062529,0.0000004813522
180761,0.2551495157597,3.8639685519416,0.0068280596790,0.4151696069755,0.2058760671593,0.0000004708207
180763,0.2551446886642,3.8638954507048,0.0067412947120,0.4152474050386,0.2058656328184,0.0000004708207
181159,0.2551465262922,3.8639232796308,0.0067832640764,0.4151830442858,0.2058610274831,0.0000004605197
181319,0.2551417217994,3.8638505206877,0.0067832640764,0.4151591387445,0.2058514602556,0.0000004554539
181539,0.2551371667872,3.8637815398635,0.0067412947120,0.4152011549180,0.2058475030874,0.0000004504439
181894,0.2551366151826,3.8637731863963,0.0068006512270,0.3316303195591,0.1760260964789,0.0000004405887
182102,0.2551354977508,3.8637562640790,0.0067412947120,0.3316306597294,0.1760005400123,0.0000004309490
183466,0.2551378232491,3.8637914812816,0.0067766860479,0.3314993916789,0.1759693246021,0.0000003944539
183785,0.2551404995852,3.8638320115512,0.0067892085426,0.3314437504345,0.1759553930132,0.0000003858236
183845,0.2551371670809,3.8637815443115,0.0067300062863,0.3315058718896,0.1759514927434,0.0000003858236
184078,0.2551474745131,3.8639376394300,0.0067768403065,0.3314325664868,0.1759475927009,0.0000003815796
184549,0.2551497248242,3.8639717180024,0.0067768403065,0.3313751515641,0.1759275695809,0.0000003691255
184989,0.2551433758235,3.8638755691257,0.0067768403065,0.3313529947454,0.1759182959312,0.0000003570778
185296,0.2551399708284,3.8638240040902,0.0067768403065,0.3313349658736,0.1759111274066,0.0000003531500
185381,0.2551376973391,3.8637895745089,0.0068003261821,0.3312925890620,0.1759055710300,0.0000003492653
185392,0.2551436760941,3.8638801164056,0.0067534921618,0.3313212591009,0.1758970197684,0.0000003492653
185563,0.2551534949375,3.8640288123663,0.0066358589422,0.3314408297933,0.1758914133880,0.0000003454234
185637,0.2551565749521,3.8640754559176,0.0066436875674,0.3313611820451,0.1758669828919,0.0000003454234
186000,0.2551553355662,3.8640566867327,0.0066192596124,0.3313303892330,0.1758452507527,0.0000003341494
186107,0.2551554499964,3.8640584196575,0.0066192596124,0.3313251839837,0.1758434162559,0.0000003341494
186180,0.2551551524596,3.8640539137775,0.0066087755351,0.3313326106667,0.1758415117088,0.0000003304737
186402,0.2551518412275,3.8640037686838,0.0066556095554,0.3312547941440,0.1758330822668,0.0000003268385
187400,0.2551552528699,3.8640554343861,0.0066426077570,0.3312044763315,0.1758102704864,0.0000003058517
187418,0.2551635731226,3.8641814357800,0.0065957737368,0.2581787723412,0.1497113731068,0.0000003058517
187692,0.2551725075263,3.8643167378393,0.0066426077570,0.2580812189341,0.1496985188423,0.0000002991600
187721,0.2551785451125,3.8644081706731,0.0066067371176,0.2580500045516,0.1496732914858,0.0000002991600
187823,0.2551697831525,3.8642754800907,0.0066067371176,0.2580466713196,0.1496702234830,0.0000002991600
188050,0.2551718137886,3.8643062319187,0.0065599030974,0.2580840416701,0.1496639334500,0.0000002926147
188236,0.2551716914688,3.8643043795153,0.0065774445067,0.2579817325826,0.1496348860257,0.0000002893959
188458,0.2551754865753,3.8643618523735,0.0065198013643,0.2580479196504,0.1496346332974,0.0000002862126
188781,0.2551660492019,3.8642189333730,0.0065180879917,0.2580520639767,0.1496333568171,0.0000002799505
189223,0.2551738291713,3.8643367527494,0.0065382848530,0.2579262421796,0.1495987433950,0.0000002708134
189295,0.2551696689318,3.8642737503386,0.0065382848530,0.2578654154847,0.1495761280955,0.0000002708134
189822,0.2551717296910,3.8643049583496,0.0065147989774,0.2578474708483,0.1495600955128,0.0000002619745
189889,0.2551638962401,3.8641863290523,0.0064679649572,0.1957558449316,0.1273627645087,0.0000002619745
189915,0.2551557878981,3.8640635368191,0.0064313064969,0.1952313001302,0.1271579788091,0.0000002562428
190299,0.2551610672826,3.8641434874928,0.0064781405172,0.1951534990948,0.1271513957446,0.0000002506364
190382,0.2551608314914,3.8641399166855,0.0064781405172,0.1951503067452,0.1271502050931,0.0000002506364
190642,0.2551667025174,3.8642288271421,0.0064781405172,0.1951081285909,0.1271363995436,0.0000002451528
190771,0.2551728072785,3.8643212772681,0.0064781405172,0.1949965955701,0.1270978744849,0.0000002424561
191117,0.2551622479497,3.8641613674439,0.0064781405172,0.1949775819845,0.1270888212053,0.0000002371514
191325,0.2551558748786,3.8640648540476,0.0064781405172,0.1949581852259,0.1270805281335,0.0000002345427
191462,0.2551579194990,3.8640958176528,0.0065016263928,0.1949144405275,0.1270754085351,0.0000002319627
191652,0.2551613555931,3.8641478536505,0.0065016263928,0.1948677348451,0.1270594642401,0.0000002294112
191662,0.2551606610968,3.8641373362408,0.0064961447023,0.1948496282278,0.1270504994745,0.0000002294112
192255,0.2551638146286,3.8641850931317,0.0065316902968,0.1948026109383,0.1270496171684,0.0000002219236
192508,0.2551726225589,3.8643184798863,0.0064961447023,0.1948079509427,0.1270381779003,0.0000002170681
192595,0.2551785650606,3.8644084727651,0.0064961447023,0.1947764711144,0.1270282084977,0.0000002170681
193020,0.2551901305100,3.8645836192189,0.0065315360382,0.1947209437921,0.1270260233371,0.0000002099834
193102,0.2551949537037,3.8646566613670,0.0064961447023,0.1947493206261,0.1270220237468,0.0000002099834
193138,0.2552003695233,3.8647386782057,0.0064961447023,0.1947016801226,0.1270061698141,0.0000002076735
193781,0.2552007450152,3.8647443646322,0.0064961447023,0.1946985062893,0.1270051167647,0.0000002008954
194682,0.2552042710976,3.8647977634075,0.0064961447023,0.1946505541788,0.1269887466001,0.0000001879956
194845,0.2552085454988,3.8648624946751,0.0064961447023,0.1946057604991,0.1269736648004,0.0000001859277
195191,0.2552066883228,3.8648343697162,0.0064781405172,0.1946205205716,0.1269708222092,0.0000001818598
195301,0.2551995183348,3.8647257878602,0.0064781405172,0.1945995605137,0.1269618000483,0.0000001818598
195336,0.2552038557824,3.8647914738994,0.0065135318530,0.1945440331915,0.1269580660302,0.0000001798593
195633,0.2552110440749,3.8649003329578,0.0064961447023,0.1945573013691,0.1269568933774,0.0000001778809
195946,0.2552162409479,3.8649790340821,0.0065429787226,0.1944938057638,0.1269554017142,0.0000001739890
196083,0.2552142084977,3.8649482547815,0.0065196305779,0.1945119933715,0.1269514554156,0.0000001720751
196151,0.2552199859642,3.8650357483782,0.0065196305779,0.1944841903441,0.1269427637915,0.0000001720751
196604,0.2552211444584,3.8650532925442,0.0065196305779,0.1944620335253,0.1269350988907,0.0000001664589
197087,0.2552182264339,3.8650091021604,0.0065196305779,0.1944630272221,0.1269348284914,0.0000001610260
197463,0.2552177426659,3.8650017760075,0.0065664645982,0.1943983425077,0.1269316948661,0.0000001575029
197523,0.2552149295522,3.8649591743862,0.0066132986184,0.1943343750872,0.1269283182716,0.0000001575029
197853,0.2552159213667,3.8649741943643,0.0066132986184,0.1942849019183,0.1269108618144,0.0000001540569
197957,0.2552212928049,3.8650555390935,0.0065664645982,0.1422530672220,0.1083091430081,0.0000001523622
198108,0.2552188712206,3.8650188667700,0.0066132986184,0.1421448386013,0.1082900427413,0.0000001506862
198245,0.2552129181697,3.8649287141344,0.0065664645982,0.1421872597268,0.1082838457666,0.0000001490287
198406,0.2552116121090,3.8649089352315,0.0065664645982,0.1421651348463,0.1082756641534,0.0000001473894
198453,0.2552142457213,3.8649488184938,0.0065664645982,0.1421374749509,0.1082663499648,0.0000001473894
198530,0.2552146708894,3.8649552572136,0.0065664645982,0.1421147801606,0.1082583357900,0.0000001473894
198531,0.2552149981385,3.8649602130539,0.0065664645982,0.1420010600410,0.1082177915864,0.0000001473894
198918,0.2552146736274,3.8649552986777,0.0065240159302,0.1419864865716,0.1081943249515,0.0000001425788
199122,0.2552260732903,3.8651279344705,0.0065240159302,0.1419309777089,0.1081769431426,0.0000001410105
199427,0.2552284161404,3.8651634144474,0.0065240159302,0.1418533178544,0.1081497095196,0.0000001379253
199774,0.2552269011624,3.8651404717137,0.0065016263928,0.1418385472000,0.1081345141317,0.0000001349076
200238,0.2552202915788,3.8650403765876,0.0065016263928,0.1418255035339,0.1081284393402,0.0000001319560
200589,0.2552275210032,3.8651498585457,0.0065016263928,0.1418123604178,0.1081252945325,0.0000001290689
200931,0.2552273670151,3.8651475265589,0.0065016263928,0.1417975545591,0.1081199737284,0.0000001262450
201144,0.2552207325940,3.8650470552950,0.0065016263928,0.1417752266145,0.1081105778008,0.0000001234829
201637,0.2552233516147,3.8650867175833,0.0064781405172,0.1417717638751,0.1080998369516,0.0000001194526
201694,0.2552220339504,3.8650667629551,0.0064781405172,0.1417715850974,0.1080994907458,0.0000001194526
201716,0.2552245645656,3.8651050864368,0.0064781405172,0.1417067384022,0.1080768734865,0.0000001194526
202547,0.2552316828176,3.8652128848064,0.0064895666739,0.1416787709678,0.1080733073811,0.0000001130257
202548,0.2552432756892,3.8653884465394,0.0064781405172,0.1416231698069,0.1080510370861,0.0000001130257
203204,0.2552355537206,3.8652715055225,0.0065158787878,0.1415578679313,0.1080422338246,0.0000001081340
203262,0.2552326472630,3.8652274903073,0.0064781405172,0.1415604721621,0.1080263675502,0.0000001081340
203974,0.2552389668177,3.8653231932559,0.0064313064969,0.0998680045322,0.0931174830069,0.0000001034541
204076,0.2552459838296,3.8654294584504,0.0064313064969,0.0998398839839,0.0931089435993,0.0000001023161
204295,0.2552444596531,3.8654063764164,0.0064313064969,0.0997717014746,0.0930842660939,0.0000001011906
204335,0.2552388759225,3.8653218167436,0.0064781405172,0.0997062796854,0.0930797763784,0.0000001011906
204538,0.2552288028846,3.8651692712775,0.0064781405172,0.0997086885038,0.0930784781626,0.0000000989766
204819,0.2552307957692,3.8651994514001,0.0064781405172,0.0995665887605,0.0930281553009,0.0000000978879
204937,0.2552183808044,3.8650114399371,0.0064222107473,0.0996303265600,0.0930242885498,0.0000000968111
205003,0.2552146817890,3.8649554222765,0.0064222107473,0.0995745007192,0.0930035581034,0.0000000968111
205058,0.2552248338514,3.8651091644843,0.0063753767271,0.0994599588410,0.0929447540087,0.0000000957462
205680,0.2552142771012,3.8649492937095,0.0063521993688,0.0682458552544,0.0817846645563,0.0000000926212
205740,0.2552161787673,3.8649780924233,0.0063521993688,0.0682306092395,0.0817796270509,0.0000000916024
205789,0.2552156090248,3.8649694642777,0.0063864943665,0.0681745771785,0.0817741913690,0.0000000916024
205829,0.2552094595488,3.8648763369925,0.0063894748635,0.0680975481523,0.0817466406135,0.0000000916024
206017,0.2552027208909,3.8647742871715,0.0063753767271,0.0680273828950,0.0817140955364,0.0000000905948
