0,0.2063240533919,3.124558757017,0.5553584234398,0.3201241934734,0.3965531191558,100000
1,0.2063246689259,3.124568078626,0.5553584234398,0.3200114110794,0.3965129716296,100000.0000000000000
2,0.2063323117437,3.1246838209873,0.5553584234398,0.3199647927853,0.3964979599855,100000.0000000000000
3,0.2063319079883,3.1246777065404,0.5553584234398,0.3198498722603,0.3964568304218,98000.0000000000000
85077,0.2515135741033,3.8089060754356,0.0226971567359,0.9318463480147,0.3964253859142,0.0000004804383
85100,0.2515279694086,3.8091240770534,0.0226279166505,0.9318696971516,0.3964071352776,0.0000004804383
85121,0.2515311204038,3.8091717955302,0.0226279166505,0.9318231420712,0.3963911836764,0.0000004804383
85129,0.2515340597454,3.8092163087383,0.0226747506707,0.9317480760404,0.3963850759616,0.0000004804383
85130,0.2515390120178,3.8092913056462,0.0225571174511,0.9318017389260,0.3963548882421,0.0000004804383
85135,0.2515334686125,3.8092073566580,0.0226263575365,0.9316823414834,0.3963407327481,0.0000004804383
85143,0.2515266629981,3.8091042928525,0.0226263575365,0.9313121085190,0.3962070483434,0.0000004804383
85144,0.2515438798774,3.8093650242121,0.0225795235163,0.9312583879279,0.3961714800264,0.0000004804383
85156,0.2515491161222,3.8094443215806,0.0225795235163,0.9311756985642,0.3961430701632,0.0000004804383
85167,0.2515453797871,3.8093877387530,0.0225795235163,0.9311295664403,0.3961257937615,0.0000004804383
85188,0.2515441315028,3.8093688348123,0.0225909662007,0.9309885269523,0.3960800590339,0.0000004708296
85189,0.2515414862875,3.8093287758340,0.0226165070215,0.9308655156229,0.3960465056504,0.0000004708296
85227,0.2515417284223,3.8093324427093,0.0227039055507,0.9301781647600,0.3958385315980,0.0000004708296
85244,0.2515426679521,3.8093466708908,0.0228215387703,0.9297883168052,0.3957499157503,0.0000004708296
85253,0.2515418229866,3.8093338747845,0.0228683727906,0.9296419539536,0.3957175339622,0.0000004708296
85269,0.2515393025957,3.8092957061398,0.0229152068108,0.9295074693195,0.3956890353749,0.0000004708296
85283,0.2515496321112,3.8094521356866,0.0228476966256,0.9294467755203,0.3956406395492,0.0000004708296
85288,0.2515412063683,3.8093245367554,0.0228476966256,0.9293906126007,0.3956187758473,0.0000004708296
85299,0.2515500062326,3.8094578013582,0.0228945306459,0.9292382399890,0.3955863144656,0.0000004708296
85331,0.2515444470073,3.8093736127929,0.0227768974263,0.9293599389270,0.3955781728725,0.0000004614130
85357,0.2515448732488,3.8093800677685,0.0227768974263,0.9293492219477,0.3955744367173,0.0000004614130
85361,0.2515522331745,3.8094915260292,0.0228237314465,0.9292685998817,0.3955672919722,0.0000004614130
85369,0.2515469338280,3.8094112730521,0.0227768974263,0.9292672649801,0.3955456079244,0.0000004614130
85391,0.2515450338301,3.8093824996005,0.0227300634060,0.9292136020945,0.3955059637428,0.0000004614130
85395,0.2515355839031,3.8092393904885,0.0227045225852,0.9291977782431,0.3954873413169,0.0000004614130
85398,0.2515390038515,3.8092911819769,0.0226576885650,0.9291421586948,0.3954481383156,0.0000004614130
85415,0.2515390168737,3.8092913791836,0.0226576885650,0.9291382960929,0.3954467616054,0.0000004614130
85421,0.2515390379965,3.8092916990668,0.0226576885650,0.9290653969971,0.3954207307404,0.0000004614130
85435,0.2515503575636,3.8094631218933,0.0225911204593,0.9290858304701,0.3954019248426,0.0000004521847
85443,0.2515486915742,3.8094378922530,0.0226407641902,0.9289377340554,0.3953699521529,0.0000004521847
85444,0.2515467676070,3.8094087558113,0.0225939301699,0.9289634626963,0.3953586569516,0.0000004521847
85458,0.2515515484390,3.8094811564373,0.0226407641902,0.9288035758753,0.3953226507025,0.0000004521847
85471,0.2515458133281,3.8093943042714,0.0226407641902,0.9254821551454,0.3941352000609,0.0000004521847
85485,0.2515495166532,3.8094503871984,0.0226407641902,0.9253561036067,0.3940909752239,0.0000004521847
85517,0.2515545121139,3.8095260381475,0.0226407641902,0.9249129378670,0.3939337722013,0.0000004521847
85551,0.2515598974681,3.8096075936199,0.0226407641902,0.9248704168226,0.3939197401185,0.0000004521847
85564,0.2515632938449,3.8096590281411,0.0225939301699,0.9248954614320,0.3939093406939,0.0000004521847
85573,0.2515658144398,3.8096971998752,0.0225939301699,0.9248868942269,0.3939068211052,0.0000004431410
85608,0.2515559137670,3.8095472646962,0.0226407641902,0.9248337178348,0.3939057796869,0.0000004431410
85631,0.2515567158506,3.8095594113998,0.0226407641902,0.9246875812913,0.3938537599392,0.0000004431410
85644,0.2515537447223,3.8095144168156,0.0226440532044,0.9246805672067,0.3938520278162,0.0000004431410
85652,0.2515578682192,3.8095768627989,0.0226413812247,0.9245493083814,0.3938048881366,0.0000004431410
85658,0.2515520338788,3.8094885079073,0.0226413812247,0.9244504156591,0.3937683190914,0.0000004431410
85711,0.2515480160379,3.8094276619729,0.0225945472044,0.9244778719139,0.3937571922079,0.0000004342782
85714,0.2515512642849,3.8094768532242,0.0225945472044,0.9244593802256,0.3937512840864,0.0000004342782
85732,0.2515560383953,3.8095491520581,0.0226413812247,0.9243126231154,0.3937199655793,0.0000004342782
85743,0.2515733225158,3.8098109017153,0.0226882152449,0.9241393890442,0.3936818717313,0.0000004342782
85747,0.2515747729572,3.8098328671107,0.0226882152449,0.9239802412533,0.3936253440434,0.0000004342782
85749,0.2515779786793,3.8098814143678,0.0226882152449,0.9239039851562,0.3935987966634,0.0000004342782
85794,0.2515842776840,3.8099768061077,0.0226882152449,0.9238007023545,0.3935632597353,0.0000004342782
85801,0.2515861507732,3.8100051720550,0.0226669220455,0.9232425015340,0.3933551780188,0.0000004342782
85808,0.2515907445519,3.8100747399566,0.0226774226504,0.9231965838169,0.3933442634745,0.0000004342782
85834,0.2515754391209,3.8098429554528,0.0226518818296,0.9231368631535,0.3933087088648,0.0000004255926
85842,0.2515734679524,3.8098131041986,0.0225342486100,0.7979542281160,0.3485497882927,0.0000004255926
85846,0.2515745349827,3.8098292632387,0.0225342486100,0.7977892682690,0.3484911027109,0.0000004255926
85849,0.2515726348626,3.8098004879382,0.0225342486100,0.7975581213424,0.3484081430686,0.0000004255926
85850,0.2515722097297,3.8097940497515,0.0224166153904,0.7976242287703,0.3483812475273,0.0000004255926
85869,0.2515741165691,3.8098229268092,0.0222989821707,0.7977035907980,0.3483595854801,0.0000004255926
85881,0.2515731724695,3.8098086294229,0.0223458161910,0.7976001197813,0.3483425009615,0.0000004255926
85884,0.2515670715275,3.8097162371337,0.0223926502112,0.7974269112874,0.3482994051633,0.0000004255926
85887,0.2515625487033,3.8096477437626,0.0223926502112,0.7973268861833,0.3482627127353,0.0000004255926
85896,0.2515664164749,3.8097063170575,0.0223458161910,0.7973280224592,0.3482438756333,0.0000004255926
85912,0.2515745060594,3.8098288252269,0.0223713570118,0.7972026709584,0.3482117867887,0.0000004255926
85946,0.2515807220531,3.8099229598515,0.0224181910320,0.7971104988677,0.3482002719064,0.0000004255926
85953,0.2515719053893,3.8097894408381,0.0223713570118,0.7971546804104,0.3481940900208,0.0000004255926
85965,0.2515754895370,3.8098437189504,0.0223713570118,0.7968303063248,0.3480790101647,0.0000004170808
85987,0.2515715918463,3.8097846925625,0.0223713570118,0.7967881820331,0.3480631305554,0.0000004170808
85996,0.2515653224000,3.8096897484544,0.0222664005456,0.7968060078998,0.3480231721409,0.0000004170808
86003,0.2515737113322,3.8098167899269,0.0223132345658,0.7967253858338,0.3480162478972,0.0000004170808
86004,0.2515734658987,3.8098130730962,0.0222664005456,0.7965972996078,0.3479503785006,0.0000004170808
86019,0.2515814808193,3.8099344505610,0.0222664005456,0.7959237891904,0.3477115565488,0.0000004170808
86021,0.2515864036705,3.8100090019170,0.0222635908349,0.7956759232374,0.3476228837291,0.0000004170808
86027,0.2515827224621,3.8099532539228,0.0222167568147,0.7955130416138,0.3475438511674,0.0000004170808
86052,0.2515808336580,3.8099246499899,0.0222167568147,0.7954895208030,0.3475350461341,0.0000004170808
86073,0.2515871993972,3.8100210523528,0.0221699227944,0.7954903718532,0.3475166424446,0.0000004170808
86084,0.2515868960188,3.8100164580082,0.0221572460411,0.7954952420343,0.3475128838910,0.0000004170808
86102,0.2515835748207,3.8099661619887,0.0221572460411,0.7953668252933,0.3474663090839,0.0000004087392
86104,0.2515742635806,3.8098251531423,0.0221572460411,0.7953676709055,0.3474646158225,0.0000004087392
86134,0.2515793675038,3.8099024466415,0.0221104120208,0.7954014766841,0.3474577112898,0.0000004087392
86153,0.2515780526967,3.8098825352836,0.0221104120208,0.7952308451405,0.3473964897084,0.0000004087392
86162,0.2515767946445,3.8098634834187,0.0220635780006,0.7951638597221,0.3473522250391,0.0000004087392
86200,0.2515794337177,3.8099034493804,0.0220635780006,0.7951608977317,0.3473517327011,0.0000004087392
86242,0.2515832419783,3.8099611214450,0.0221104120208,0.7950887738545,0.3473468619523,0.0000004005644
86245,0.2515910663724,3.8100796135863,0.0221572460411,0.7949395806893,0.3473153270579,0.0000004005644
86262,0.2515921877701,3.8100965959643,0.0221230887742,0.7949557252361,0.3473066944383,0.0000004005644
86290,0.2515937587795,3.8101203872336,0.0221230887742,0.7949518195693,0.3473056362022,0.0000004005644
86336,0.2515970271411,3.8101698831006,0.0220054555546,0.7948767719982,0.3472291196244,0.0000004005644
86359,0.2515967580782,3.8101658084282,0.0219614312450,0.7948882695810,0.3472143006864,0.0000003925531
86365,0.2515904869610,3.8100708390154,0.0219145972248,0.7948646422389,0.3471844468161,0.0000003925531
86404,0.2515909548295,3.8100779243875,0.0217969640052,0.7948828152154,0.3471406231855,0.0000003925531
86414,0.2515892363411,3.8100518997055,0.0217969640052,0.7948807537275,0.3471395186923,0.0000003925531
86456,0.2515890659076,3.8100493186708,0.0217501299849,0.7948874359240,0.3471217969466,0.0000003925531
86468,0.2515902545575,3.8100673195123,0.0217032959647,0.7948798117783,0.3470992570252,0.0000003925531
86474,0.2515945986122,3.8101331056080,0.0217032959647,0.7948294786896,0.3470822117909,0.0000003925531
86544,0.2515906653615,3.8100735407024,0.0217032959647,0.7947857295845,0.3470657442711,0.0000003847020
86654,0.2515918453652,3.8100914106061,0.0218206206671,0.7945635031227,0.3470369125508,0.0000003770080
86659,0.2515893020785,3.8100528952290,0.0218329889032,0.7945486875111,0.3470363769436,0.0000003770080
86716,0.2515843455437,3.8099778337700,0.0217861548830,0.7945588926331,0.3470188877925,0.0000003770080
86761,0.2515832141619,3.8099607001946,0.0217393208627,0.7945791069470,0.3470057930284,0.0000003694678
86784,0.2515881171994,3.8100349514925,0.0216924868425,0.7945939825418,0.3469920846687,0.0000003694678
86792,0.2515801220533,3.8099138734928,0.0217393208627,0.7944375223368,0.3469545645015,0.0000003694678
86795,0.2515830224302,3.8099577966219,0.0217571873170,0.7943932402501,0.3469470280317,0.0000003694678
86796,0.2515833120572,3.8099621827141,0.0217103532968,0.7944322915253,0.3469409652556,0.0000003694678
86827,0.2515830935993,3.8099588744013,0.0217103532968,0.7944293811699,0.3469398790306,0.0000003694678
86871,0.2515942287493,3.8101275044276,0.0217103532968,0.7942185101739,0.3468669540641,0.0000003694678
86894,0.2515917267021,3.8100896135788,0.0217805189339,0.7941300279708,0.3468648881117,0.0000003620785
86898,0.2515941592277,3.8101264515967,0.0216628857143,0.7941865488649,0.3468351811638,0.0000003620785
86917,0.2515951499545,3.8101414551027,0.0216628857143,0.7941790188039,0.3468327041549,0.0000003620785
86957,0.2515948862250,3.8101374611995,0.0216373448935,0.7941843975969,0.3468236225729,0.0000003620785
86971,0.2515949241255,3.8101380351620,0.0216841789137,0.7941130799364,0.3468182318244,0.0000003620785
86976,0.2516019234603,3.8102440326567,0.0216373448935,0.7941466958147,0.3468116656297,0.0000003620785
87034,0.2516015491803,3.8102383645838,0.0216373448935,0.7941351982318,0.3468074791472,0.0000003548369
87046,0.2516053656047,3.8102961602795,0.0215452524947,0.7941627149952,0.3467786561970,0.0000003548369
87120,0.2516026190916,3.8102545672552,0.0215197116739,0.7941589892080,0.3467657909541,0.0000003548369
87237,0.2516047435917,3.8102867405528,0.0215197116739,0.7940709139236,0.3467347907454,0.0000003477402
87308,0.2516010503625,3.8102308105181,0.0215197116739,0.7939906300195,0.3467053265163,0.0000003407854
87315,0.2515983954780,3.8101906051100,0.0215197116739,0.7939510064805,0.3466906063485,0.0000003407854
87354,0.2516016505071,3.8102398990712,0.0214728776537,0.7939766226184,0.3466803807525,0.0000003407854
87440,0.2515956465516,3.8101489755384,0.0214260436334,0.7939599090656,0.3466530533417,0.0000003339697
87464,0.2516017541581,3.8102414687555,0.0213894017009,0.7939669152035,0.3466411606212,0.0000003339697
87545,0.2515969681757,3.8101689901323,0.0213425676806,0.7939984695938,0.3466313327557,0.0000003272903
87571,0.2515981528680,3.8101869310399,0.0212249344610,0.7939650436159,0.3465692345321,0.0000003272903
87637,0.2515903335336,3.8100685155207,0.0211328420622,0.7940278024459,0.3465505046574,0.0000003272903
87774,0.2515847769358,3.8099843667455,0.0211073012414,0.7940123706591,0.3465328565394,0.0000003207445
87792,0.2515841634138,3.8099750756074,0.0210250593576,0.7940049164854,0.3464948163439,0.0000003207445
87802,0.2515903575733,3.8100688795764,0.0209782253374,0.7939814992101,0.3464677086282,0.0000003143296
87835,0.2515999511901,3.8102141647180,0.0208605921178,0.7940995380803,0.3464615069056,0.0000003143296
87844,0.2515997638187,3.8102113271776,0.0208605921178,0.7940565446139,0.3464461119452,0.0000003143296
87863,0.2516122160458,3.8103999029384,0.0209074261380,0.7908332972553,0.3453176922316,0.0000003143296
87865,0.2516086575494,3.8103460132882,0.0209074261380,0.7908293837075,0.3453155320010,0.0000003143296
87874,0.2516142809166,3.8104311732139,0.0208972340503,0.7908123394904,0.3453062817503,0.0000003143296
87886,0.2516108037805,3.8103785156792,0.0208972340503,0.7907400956689,0.3452797352848,0.0000003143296
87889,0.2516182268293,3.8104909298727,0.0209074261380,0.7907215241185,0.3452790612792,0.0000003143296
87981,0.2516186034307,3.8104966331021,0.0209074261380,0.7907174228100,0.3452776772265,0.0000003080430
87985,0.2516156256580,3.8104515378945,0.0208895596837,0.7907305594393,0.3452740737338,0.0000003080430
88026,0.2516218171353,3.8105453012457,0.0208895596837,0.7903369546286,0.3451348273322,0.0000003080430
88030,0.2516096020385,3.8103603165720,0.0208427256635,0.7903110280289,0.3451028785886,0.0000003080430
88088,0.2516063108611,3.8103104751844,0.0207958916433,0.7899020535649,0.3449360393048,0.0000003018821
88097,0.2516049294760,3.8102895555737,0.0207752154784,0.7899152800703,0.3449316058321,0.0000003018821
88116,0.2516061557487,3.8103081261716,0.0207752154784,0.7898751340978,0.3449175307575,0.0000003018821
88160,0.2516100638317,3.8103673099397,0.0207930819326,0.7898238628149,0.3449077140832,0.0000003018821
88235,0.2516075003850,3.8103284892620,0.0207930819326,0.7894158841473,0.3447614581062,0.0000002958445
88256,0.2516027292389,3.8102562353184,0.0207930819326,0.7893223109820,0.3447270167302,0.0000002958445
88364,0.2516049614232,3.8102900393796,0.0208399159528,0.7891824420372,0.3446976135838,0.0000002899276
88395,0.2515920696544,3.8100948072267,0.0208399159528,0.7890502440427,0.3446476374924,0.0000002899276
88456,0.2515827680239,3.8099539439085,0.0208297238652,0.7890003980298,0.3446234741008,0.0000002899276
88512,0.2515875217179,3.8100259335566,0.0207828898449,0.7890429218416,0.3446196081022,0.0000002841290
88525,0.2515885029898,3.8100407938785,0.0207360558247,0.7885632974419,0.3444284522234,0.0000002841290
88593,0.2515964659750,3.8101613848356,0.0206892218045,0.7886010146286,0.3444235572782,0.0000002841290
88600,0.2515925116121,3.8101015002075,0.0207867958937,0.7884706445087,0.3444179666244,0.0000002784465
88614,0.2515936554388,3.8101188222486,0.0207399618734,0.7884818775958,0.3444021518240,0.0000002784465
88658,0.2515892698411,3.8100524070271,0.0207399618734,0.7884713287649,0.3443974446135,0.0000002784465
88667,0.2515924295019,3.8101002567354,0.0207396533562,0.7881663511298,0.3442890688780,0.0000002784465
88688,0.2515890617395,3.8100492555487,0.0206928193360,0.7880992966784,0.3442443274733,0.0000002784465
88719,0.2515820643197,3.8099432870554,0.0206928193360,0.7880948155692,0.3442412276301,0.0000002784465
88736,0.2515784534572,3.8098886043757,0.0206470816538,0.7881214650954,0.3442303696980,0.0000002728775
88751,0.2515754773942,3.8098435350602,0.0206939156740,0.7851849198042,0.3432010375177,0.0000002728775
88787,0.2515727492638,3.8098022204222,0.0207346509694,0.7851283679227,0.3431977138015,0.0000002728775
88798,0.2515701970892,3.8097635704465,0.0208104690833,0.7849670239865,0.3431720375500,0.0000002728775
88806,0.2515637070776,3.8096652861113,0.0207152419289,0.7849991009855,0.3431412912667,0.0000002728775
88827,0.2515701167045,3.8097623531062,0.0206684079086,0.7848254607747,0.3430605786742,0.0000002728775
88873,0.2515634680776,3.8096616667104,0.0206687164259,0.7848117220765,0.3430543795122,0.0000002674200
88916,0.2515643606630,3.8096751839680,0.0207155504461,0.7846892740290,0.3430309110579,0.0000002674200
89017,0.2515633036905,3.8096591772423,0.0206850072385,0.7846824633035,0.3430151622157,0.0000002620716
89073,0.2515546412524,3.8095279938126,0.0206506957130,0.7847227796887,0.3430129997485,0.0000002620716
89099,0.2515492841772,3.8094468665966,0.0206038616928,0.7846926845813,0.3429810318282,0.0000002620716
89124,0.2515518970747,3.8094864361543,0.0205570276725,0.7847339041336,0.3429762412805,0.0000002620716
89148,0.2515549683798,3.8095329478104,0.0206038616928,0.6703546965176,0.3021472541346,0.0000002568301
89160,0.2515600360494,3.8096096922870,0.0205570276725,0.6703313658161,0.3021199359474,0.0000002568301
89201,0.2515660424219,3.8097006524215,0.0205947824709,0.6702793614742,0.3021188306759,0.0000002568301
89227,0.2515597279436,3.8096050263511,0.0205479484506,0.6703332509223,0.3021166520819,0.0000002568301
89363,0.2515558946703,3.8095469754957,0.0205011144304,0.6703641431480,0.3021067918810,0.0000002516935
89383,0.2515612623713,3.8096282636292,0.0205101936523,0.6701892356779,0.3020493662441,0.0000002516935
89395,0.2515551486971,3.8095356785237,0.0204633596321,0.6702196274031,0.3020388386357,0.0000002516935
89401,0.2515624494450,3.8096462406013,0.0203562104897,0.6702321761232,0.3019989637064,0.0000002466597
89429,0.2515653391018,3.8096900013846,0.0202385772701,0.6703184194686,0.3019799698763,0.0000002466597
89430,0.2515730774103,3.8098071898518,0.0202385772701,0.6703112024730,0.3019790505869,0.0000002466597
89449,0.2515829499431,3.8099566988816,0.0202854112903,0.6702252360260,0.3019705355501,0.0000002466597
89482,0.2515783396092,3.8098868802679,0.0202854112903,0.6701588925007,0.3019458535052,0.0000002466597
89485,0.2515843844178,3.8099784224778,0.0203322453105,0.6700943538582,0.3019441710291,0.0000002466597
89510,0.2515912862667,3.8100829436519,0.0203790793308,0.6674150364157,0.3010088226331,0.0000002466597
89527,0.2515954432884,3.8101458973326,0.0204915393772,0.6671862969267,0.3009762179116,0.0000002466597
89544,0.2515912623705,3.8100825817701,0.0204915393772,0.6671521932358,0.3009631421110,0.0000002417265
89638,0.2515825216050,3.8099502121555,0.0204915393772,0.6667517183057,0.3008182423291,0.0000002417265
89682,0.2515856335558,3.8099973393467,0.0204813472895,0.6667337109443,0.3008081099376,0.0000002368919
89683,0.2515881052030,3.8100347698203,0.0204172803773,0.6666597734203,0.3007547760696,0.0000002368919
89714,0.2515865561399,3.8100113109031,0.0203704463570,0.6665101977761,0.3006809525316,0.0000002368919
89761,0.2515911523161,3.8100809151134,0.0203704463570,0.6664377957532,0.3006560795612,0.0000002368919
89920,0.2515884551448,3.8100400693174,0.0202653521599,0.6664469504109,0.3006137307463,0.0000002321541
90026,0.2515870403982,3.8100186444814,0.0202185181396,0.6664914202800,0.3006092379595,0.0000002275110
90032,0.2515866568636,3.8100128362564,0.0202185181396,0.6664792418980,0.3006048063513,0.0000002275110
90069,0.2515815196184,3.8099350381325,0.0202185181396,0.6658850611757,0.3003914981123,0.0000002275110
90098,0.2515832029792,3.8099605308444,0.0202169590257,0.6658492922039,0.3003784160079,0.0000002229608
90136,0.2515818947026,3.8099407183848,0.0202185181396,0.6656552713013,0.3003095106752,0.0000002229608
90231,0.2515860265564,3.8100032909231,0.0201492945819,0.6656788474911,0.3002891489011,0.0000002185016
90277,0.2515785189012,3.8098895954557,0.0201024605617,0.6657090775522,0.3002782648454,0.0000002185016
90299,0.2515769100332,3.8098652308572,0.0201024605617,0.6656777472523,0.3002667306951,0.0000002185016
90346,0.2515826503829,3.8099521623596,0.0199848273421,0.6656852073606,0.3002202108574,0.0000002141316
90390,0.2515924525636,3.8101006059804,0.0199848273421,0.6656696308025,0.3002167482683,0.0000002141316
90426,0.2515891758905,3.8100509842450,0.0200114645010,0.6627706550525,0.2991921135671,0.0000002141316
90452,0.2515826860438,3.8099527024065,0.0200114645010,0.6624634512880,0.2990810072555,0.0000002141316
90477,0.2515814558009,3.8099340716833,0.0201290977206,0.6621896178146,0.2990333602000,0.0000002098489
90506,0.2515802062862,3.8099151491097,0.0201759317408,0.6620413598707,0.2990002149041,0.0000002098489
90557,0.2515815311335,3.8099352125158,0.0201492945819,0.6620432331570,0.2989897519055,0.0000002098489
90597,0.2515865541161,3.8100112802548,0.0201961286022,0.6591508584294,0.2979779090077,0.0000002098489
90614,0.2515863983174,3.8100089208497,0.0201961286022,0.6591064524002,0.2979620163262,0.0000002056519
90661,0.2515885198346,3.8100410489743,0.0201961286022,0.6590950154229,0.2979583863022,0.0000002056519
90666,0.2515881607215,3.8100356105889,0.0201961286022,0.6590751773586,0.2979512243265,0.0000002056519
90714,0.2515856189225,3.8099971177414,0.0202429626224,0.6589793206844,0.2979365168517,0.0000002056519
90763,0.2515865168013,3.8100107151624,0.0202429626224,0.6589409151399,0.2979229929884,0.0000002015389
90808,0.2515835558528,3.8099658747403,0.0202429626224,0.6588479772648,0.2978891664012,0.0000002015389
90816,0.2515767224883,3.8098623906897,0.0202250961681,0.6588316647852,0.2978742191714,0.0000002015389
90869,0.2515743029933,3.8098257500064,0.0202250961681,0.6587812697682,0.2978557024879,0.0000002015389
90877,0.2515704886687,3.8097679861088,0.0201782621479,0.6587075971956,0.2978085017765,0.0000001975081
90899,0.2515579852080,3.8095786344699,0.0201782621479,0.5544759108222,0.2605802201873,0.0000001975081
90990,0.2515493690351,3.8094481516789,0.0201314281277,0.5544684236967,0.2605556281682,0.0000001975081
90994,0.2515539319112,3.8095172515938,0.0201782621479,0.5543418551771,0.2605314746076,0.0000001975081
91007,0.2515577191902,3.8095746059127,0.0201602579627,0.5543409883607,0.2605242605107,0.0000001975081
91020,0.2515547559987,3.8095297315243,0.0200606289283,0.5544009601550,0.2605023458815,0.0000001935580
91107,0.2515571956047,3.8095666767666,0.0199815383278,0.5544915903383,0.2605013406052,0.0000001935580
91156,0.2515510053741,3.8094729322964,0.0199635341427,0.5544685066229,0.2604840538638,0.0000001896868
91215,0.2515416100932,3.8093306507408,0.0199635341427,0.5544592656386,0.2604787402377,0.0000001896868
91232,0.2515425638256,3.8093450940051,0.0199635341427,0.5544560389006,0.2604777922026,0.0000001896868
91291,0.2515325551154,3.8091935227140,0.0198671941224,0.5544883512204,0.2604458990130,0.0000001858931
91321,0.2515377159100,3.8092716774695,0.0198427496397,0.5544292462424,0.2604154197700,0.0000001858931
91357,0.2515292652062,3.8091437005325,0.0198895836599,0.5542254084207,0.2603608814058,0.0000001858931
91394,0.2515318840133,3.8091833595851,0.0198427496397,0.5541750645771,0.2603233909117,0.0000001858931
91430,0.2515301009749,3.8091563573624,0.0198427496397,0.5540777346864,0.2602882481568,0.0000001821752
91474,0.2515376206303,3.8092702345595,0.0198427496397,0.5540705661687,0.2602872993266,0.0000001821752
91525,0.2515329267172,3.8091991502292,0.0198427496397,0.5540662728202,0.2602847601494,0.0000001821752
91533,0.2515401028808,3.8093078256087,0.0197959156195,0.5540960614383,0.2602768649679,0.0000001821752
91633,0.2515438701401,3.8093648767520,0.0197752394546,0.5540446281745,0.2602504420015,0.0000001785317
91649,0.2515435461037,3.8093599695646,0.0197573730003,0.5540594956726,0.2602480253340,0.0000001785317
91662,0.2515384027756,3.8092820793207,0.0197559516173,0.5540043742672,0.2602266278119,0.0000001785317
91664,0.2515406657005,3.8093163489154,0.0197559516173,0.5539470287551,0.2602066321843,0.0000001785317
91681,0.2515274248099,3.8091158296834,0.0197559516173,0.5539416970306,0.2602018906633,0.0000001785317
91761,0.2515310103517,3.8091701289074,0.0197559516173,0.5538739619501,0.2601784678935,0.0000001749611
91774,0.2515282055040,3.8091276524674,0.0197091175970,0.5538935620313,0.2601647951608,0.0000001749611
92002,0.2515277882439,3.8091213335055,0.0197091175970,0.5537506817209,0.2601136770656,0.0000001680326
92060,0.2515305250655,3.8091627797635,0.0197421785258,0.5536930598059,0.2601078532415,0.0000001680326
92067,0.2515252489840,3.8090828791099,0.0197421785258,0.5536881988961,0.2601049866134,0.0000001680326
92068,0.2515215162452,3.8090263507444,0.0197091175970,0.5537031113326,0.2600953436415,0.0000001680326
92126,0.2515188395491,3.8089858150235,0.0197345041592,0.5536140616601,0.2600738465645,0.0000001646720
92157,0.2515153518119,3.8089329969462,0.0197797790655,0.5509453440155,0.2591393892790,0.0000001646720
92181,0.2515098385313,3.8088495041641,0.0197797790655,0.5509370069647,0.2591352303436,0.0000001646720
92192,0.2515093094539,3.8088414918483,0.0197797790655,0.5509052350623,0.2591237698619,0.0000001646720
92267,0.2515042356786,3.8087646549075,0.0197041152102,0.5509319607758,0.2590998001554,0.0000001613785
92302,0.2515018116977,3.8087279462899,0.0196588403039,0.5509040145708,0.2590698964122,0.0000001613785
92328,0.2514905437778,3.8085573056053,0.0196588403039,0.5509105865327,0.2590698289872,0.0000001613785
92389,0.2514876912428,3.8085141069906,0.0196588403039,0.5507737064322,0.2590203319795,0.0000001581510
92412,0.2514845337758,3.8084662905046,0.0196679360535,0.5507225644518,0.2590052885648,0.0000001581510
92509,0.2514832727008,3.8084471928630,0.0196901878601,0.5506900990135,0.2590029600236,0.0000001549879
92529,0.2514832821258,3.8084473355945,0.0196901878601,0.5506825717088,0.2590002737201,0.0000001549879
92571,0.2514817204316,3.8084236853931,0.0196433538399,0.5507135807686,0.2589909420126,0.0000001549879
92608,0.2514769335703,3.8083511934606,0.0196901878601,0.5506487951399,0.2589868502551,0.0000001549879
92627,0.2514760499927,3.8083378126169,0.0196901878601,0.5505964236819,0.2589679568249,0.0000001549879
92641,0.2514794739784,3.8083896652456,0.0196901878601,0.5505437664892,0.2589498843959,0.0000001518882
92835,0.2514816224489,3.8084222015498,0.0196928598399,0.5505096506424,0.2589393056856,0.0000001488504
93089,0.2514751710765,3.8083245023633,0.0196460258196,0.5505286364909,0.2589246321858,0.0000001429559
93105,0.2514794500699,3.8083893031768,0.0196460258196,0.5504825084735,0.2589090748211,0.0000001429559
93130,0.2514797814667,3.8083943218282,0.0196450837402,0.5504586075963,0.2589002060588,0.0000001429559
93156,0.2514835756138,3.8084517801587,0.0196160996465,0.5504342134742,0.2588798851494,0.0000001429559
93200,0.2514861350262,3.8084905397427,0.0194984664269,0.5504845792911,0.2588480071497,0.0000001400968
93207,0.2514874875584,3.8085110224066,0.0194984664269,0.4565654891637,0.2253057647896,0.0000001400968
93489,0.2514907943388,3.8085611000849,0.0195251035858,0.4564483486391,0.2252760534090,0.0000001345490
93573,0.2514903895150,3.8085549694586,0.0195251035858,0.4563959600520,0.2252572564514,0.0000001345490
93592,0.2514892621160,3.8085378961985,0.0195251035858,0.4563780200561,0.2252506077245,0.0000001345490
93633,0.2514946131331,3.8086189316720,0.0195251035858,0.4563245866499,0.2252326710117,0.0000001318580
93650,0.2514955284318,3.8086327928984,0.0195251035858,0.4562795168012,0.2252167707726,0.0000001318580
93745,0.2514969636804,3.8086545282143,0.0195251035858,0.4562724586593,0.2252145575609,0.0000001292208
93756,0.2514931342354,3.8085965353352,0.0194782695655,0.4563015260554,0.2252040464555,0.0000001292208
93764,0.2514986658764,3.8086803061663,0.0194782695655,0.4562856551699,0.2251995636337,0.0000001292208
93813,0.2514932140657,3.8085977442800,0.0194314355453,0.4563134612224,0.2251882543986,0.0000001292208
93904,0.2514974579073,3.8086620127565,0.0194560177590,0.4562718300885,0.2251848307656,0.0000001266364
93905,0.2514924811891,3.8085866456424,0.0194782695655,0.4562160466839,0.2251733781700,0.0000001266364
93996,0.2514952439698,3.8086284850240,0.0194782695655,0.4562142507894,0.2251733288035,0.0000001266364
94010,0.2514951609974,3.8086272284943,0.0194691738159,0.4562188162547,0.2251710433686,0.0000001241037
94016,0.2514936307667,3.8086040547747,0.0194790408587,0.4561470340620,0.2251493076973,0.0000001241037
94108,0.2514812339124,3.8084163175776,0.0194567890521,0.4561741035315,0.2251467824077,0.0000001241037
94116,0.2514754123249,3.8083281558145,0.0194301518932,0.4560297282736,0.2250825564073,0.0000001241037
94192,0.2514780840689,3.8083686165410,0.0193125186736,0.4560702968573,0.2250472034668,0.0000001216216
94231,0.2514821915579,3.8084308201008,0.0193125186736,0.4560550630019,0.2250426429803,0.0000001216216
94306,0.2514777887634,3.8083641444523,0.0193125186736,0.4533278512839,0.2240676953393,0.0000001191892
94431,0.2514813052433,3.8084173978074,0.0192656846533,0.4533596681804,0.2240597403251,0.0000001168054
94671,0.2514792931739,3.8083869271530,0.0192656846533,0.4533505635505,0.2240560575139,0.0000001144693
94858,0.2514676981984,3.8082113335576,0.0192655303947,0.4533001901574,0.2240355162679,0.0000001099363
94884,0.2514608743560,3.8081079937090,0.0192655303947,0.4532823193384,0.2240276715806,0.0000001099363
94911,0.2514604037887,3.8081008674671,0.0192655303947,0.4506685789970,0.2230940920514,0.0000001099363
94917,0.2514640028261,3.8081553710680,0.0192186963745,0.4506971458926,0.2230849940134,0.0000001099363
95038,0.2514701198037,3.8082480061995,0.0192520658205,0.4505924188090,0.2230632034556,0.0000001077376
95040,0.2514716130050,3.8082706191472,0.0191344326009,0.4505988064548,0.2230153904924,0.0000001077376
95057,0.2514654636511,3.8081774937116,0.0190445328782,0.4505999314044,0.2229759460889,0.0000001077376
95124,0.2514661219662,3.8081874631947,0.0190913668985,0.4505353769308,0.2229731037103,0.0000001055828
95149,0.2514716461103,3.8082711204932,0.0190913668985,0.4505255719740,0.2229707856851,0.0000001055828
95208,0.2514706533467,3.8082560861419,0.0190570553730,0.4505649388575,0.2229699276118,0.0000001055828
95231,0.2514672692211,3.8082048371515,0.0191038893932,0.4504987812931,0.2229656464634,0.0000001055828
95234,0.2514702574484,3.8082500906824,0.0191013716721,0.4504393902250,0.2229439966788,0.0000001055828
95244,0.2514794698792,3.8083896031669,0.0190888491773,0.4504319301166,0.2229379396632,0.0000001034712
95250,0.2514727066801,3.8082871816960,0.0189936220229,0.4504534582847,0.2229033674001,0.0000001034712
95364,0.2514767655019,3.8083486482443,0.0189558837523,0.4504671347258,0.2228929480463,0.0000001034712
95391,0.2514728856645,3.8082898922249,0.0190010043999,0.4504105363409,0.2228912403641,0.0000001014018
95393,0.2514723964530,3.8082824836365,0.0190010043999,0.4504083346304,0.2228903492079,0.0000001014018
95408,0.2514721473494,3.8082787112263,0.0189558837523,0.4504196190598,0.2228749885615,0.0000001014018
95411,0.2514643093081,3.8081600124122,0.0189467880027,0.4504235702924,0.2228708219573,0.0000001014018
95468,0.2514680188645,3.8082161897059,0.0189467880027,0.4503902366984,0.2228597120073,0.0000001014018
95476,0.2514724568201,3.8082833978317,0.0189558837523,0.4503391262766,0.2228463074541,0.0000001014018
95489,0.2514706784257,3.8082564659361,0.0189558837523,0.4503267527662,0.2228415072587,0.0000001014018
95499,0.2514705893231,3.8082551165728,0.0188382505327,0.4481767974673,0.2220232327501,0.0000001014018
95529,0.2514681884016,3.8082187571652,0.0187914165124,0.4479485934081,0.2219211450943,0.0000000993737
95595,0.2514632479188,3.8081439387971,0.0187914165124,0.4478805022338,0.2218957681429,0.0000000993737
95600,0.2514605433204,3.8081029805262,0.0188310554697,0.4477924387842,0.2218807254786,0.0000000993737
95625,0.2514643960880,3.8081613266015,0.0187842214495,0.4478313898817,0.2218753904549,0.0000000993737
95648,0.2514625563148,3.8081334651900,0.0187563502216,0.4478522691808,0.2218705082984,0.0000000993737
95711,0.2514592608428,3.8080835587637,0.0187472544719,0.4478634476603,0.2218698962615,0.0000000973862
95739,0.2514587355985,3.8080756044963,0.0187347154495,0.4478368700732,0.2218549178470,0.0000000973862
95868,0.2514656286090,3.8081799918235,0.0187815494697,0.4477504388477,0.2218455983488,0.0000000954385
95873,0.2514595522646,3.8080879720381,0.0187815494697,0.4477525099391,0.2218450359506,0.0000000954385
95905,0.2514539303465,3.8080028340562,0.0186639162501,0.4478181131907,0.2218168467495,0.0000000954385
95906,0.2514449082730,3.8078662043308,0.0186639162501,0.4477676659591,0.2217968965796,0.0000000954385
95939,0.2514364533849,3.8077381640262,0.0186300840282,0.4477774286165,0.2217840719576,0.0000000935298
95988,0.2514356649717,3.8077262243459,0.0186327560079,0.4477320635608,0.2217688463405,0.0000000935298
96009,0.2514346031298,3.8077101438781,0.0186327560079,0.4477234205075,0.2217655319982,0.0000000935298
96020,0.2514263161090,3.8075846457450,0.0186217926271,0.4477408434370,0.2217652800910,0.0000000935298
96051,0.2514277050372,3.8076056795880,0.0185881146639,0.4477476161050,0.2217535631157,0.0000000935298
96064,0.2514278239580,3.8076074805167,0.0185881146639,0.4476767957471,0.2217282956137,0.0000000935298
96104,0.2514303310639,3.8076454479746,0.0186092701324,0.4476357343660,0.2217232347012,0.0000000916592
96110,0.2514323483669,3.8076759978864,0.0186092701324,0.4476301910884,0.2217216872384,0.0000000916592
96117,0.2514279350940,3.8076091635544,0.0186065981526,0.4475797253972,0.2217015729417,0.0000000916592
96148,0.2514310348951,3.8076561067501,0.0186065981526,0.4475279917614,0.2216837608863,0.0000000916592
96172,0.2514404122134,3.8077981162822,0.0186332353115,0.4474396026631,0.2216656187018,0.0000000916592
