0,0.2063240533919,3.124558757017,0.5553584234398,0.3201241934734,0.3965531191558,10
1,0.2063263552564,3.124593616311,0.5553584234398,0.3200928023657,0.3965424013026,10.0000000000000
2,0.2063297275278,3.1246446857819,0.5553584234398,0.3196572968475,0.3963875862471,10.0000000000000
4,0.2063435143761,3.1248534729623,0.5554520914803,0.3192999847865,0.3963030725673,9.8000000000000
5,0.2063500447575,3.1249523686565,0.5554052574601,0.3193014796037,0.3962849340751,9.8000000000000
6,0.2063584860800,3.1250802035247,0.5553584234398,0.3192502207175,0.3962483644619,9.6040000000000
7,0.2063568638767,3.1250556369778,0.5553584234398,0.3191863424064,0.3962252031644,9.6040000000000
8,0.2063609641445,3.1251177311800,0.5552407902202,0.3191664882016,0.3961685767687,9.4119200000000
9,0.2063672662724,3.1252131702169,0.5552407902202,0.3188560812270,0.3960590675909,9.4119200000000
10,0.2063678080800,3.1252213753184,0.5551939562000,0.3187118258116,0.3959875921784,9.2236816000000
11,0.2063769769892,3.1253602287141,0.5551939562000,0.3185441653177,0.3959296781968,9.2236816000000
12,0.2063878505594,3.1255248973920,0.5551939562000,0.3185294527700,0.3959267537663,9.0392079680000
13,0.2063769476948,3.1253597850824,0.5551939562000,0.3185293095160,0.3959243662760,9.0392079680000
15,0.2063776544008,3.1253704873940,0.5550763229804,0.3185106325084,0.3958674331162,8.8584238086400
16,0.2063745923557,3.1253241159715,0.5550763229804,0.3183798144960,0.3958200562449,8.6812553324672
17,0.2063729321105,3.1252989733211,0.5550763229804,0.3182744741572,0.3957820789285,8.6812553324672
19,0.2063755402816,3.1253384713033,0.5549586897607,0.3179621196201,0.3956206683936,8.5076302258179
20,0.2063761646035,3.1253479259959,0.5548410565411,0.3178205275507,0.3955198193436,8.3374776213015
21,0.2063722586125,3.1252887739083,0.5548410565411,0.3178020333675,0.3955123772801,8.3374776213015
23,0.2063866223631,3.1255062976631,0.5548878905614,0.3176786067420,0.3954914460120,8.1707280688755
24,0.2063921284421,3.1255896813838,0.5547702573417,0.3176817830220,0.3954433460347,8.0073135074980
28,0.2064165422825,3.1259594030794,0.5547234233215,0.3176817328160,0.3954284879183,7.6902238926010
31,0.2064240468146,3.1260730512508,0.5546057901019,0.3177183475585,0.3953927584891,7.5364194147490
32,0.2064180328252,3.1259819757658,0.5546057901019,0.3177134481515,0.3953897199889,7.3856910264540
35,0.2064285447569,3.1261411678127,0.5544881568823,0.3176451431297,0.3953171636580,7.2379772059250
36,0.2064353858434,3.1262447688051,0.5544881568823,0.3175530890468,0.3952857531470,7.0932176618065
37,0.2064315979286,3.1261874048568,0.5544413228620,0.3175636643871,0.3952686466352,7.0932176618065
38,0.2064415353119,3.1263378959769,0.5543236896424,0.3174126730433,0.3951664363576,6.9513533085703
39,0.2064418042375,3.1263419685696,0.5542768556222,0.3173963373929,0.3951405881007,6.9513533085703
43,0.2064413476962,3.1263350547367,0.5541123883823,0.3175867067325,0.3951379933603,6.6760797175509
44,0.2064447521397,3.1263866114195,0.5541123883823,0.3175644984444,0.3951307913525,6.5425581231999
45,0.2064471103353,3.1264223237888,0.5540655543621,0.3175489643912,0.3951056770810,6.5425581231999
46,0.2064550374161,3.1265423710116,0.5540655543621,0.3174829091861,0.3950837845965,6.4117069607359
47,0.2064517341535,3.1264923466062,0.5540655543621,0.3172208417239,0.3949894812323,6.4117069607359
49,0.2064516523714,3.1264911081032,0.5540187203419,0.3171870210137,0.3949573131595,6.2834728215212
50,0.2064483918898,3.1264417315707,0.5540187203419,0.3171199034128,0.3949326439132,6.1578033650908
51,0.2064506243737,3.1264755401695,0.5540187203419,0.3170169973108,0.3948963701233,6.1578033650908
