0,0.2063240533919,3.124558757017,0.5553584234398,0.3201241934734,0.3965531191558,1000
1,0.2063205176905,3.124505212572,0.5553115894196,0.3201249885715,0.3965325737462,1000.0000000000000
2,0.2063203551765,3.1245027514698,0.5551939562000,0.3199319195931,0.3964131714782,1000.0000000000000
4,0.2063209006502,3.1245110120901,0.5551939562000,0.3196776485598,0.3963224772821,980.0000000000000
5,0.2063162716329,3.1244409105377,0.5551939562000,0.3183230942380,0.3958377159492,960.4000000000000
6,0.2063126155942,3.1243855437125,0.5551471221797,0.3182940907317,0.3958065023943,960.4000000000000
9,0.2063083617455,3.1243211236895,0.5549826549399,0.3183301565209,0.3957479855343,922.3681600000000
10,0.2063066468307,3.1242951531256,0.5549358209197,0.3183196041551,0.3957237776275,922.3681600000000
12,0.2063094317633,3.1243373279737,0.5549358209197,0.3182890207359,0.3957134517491,903.9207967999999
13,0.2063111232211,3.1243629433068,0.5549358209197,0.3181973077039,0.3956810595501,885.8423808639999
14,0.2063011966553,3.1242126160049,0.5549358209197,0.3180181749445,0.3956149564433,885.8423808639999
15,0.2062883419909,3.1240179457595,0.5549358209197,0.3179914296083,0.3956026499666,868.1255332467199
16,0.2062980943670,3.1241656351426,0.5549358209197,0.3179722854996,0.3955979025798,868.1255332467199
21,0.2063355577002,3.1247329775530,0.5551002881595,0.3173401693212,0.3954506606188,817.0728068875467
22,0.2063419690935,3.1248300712982,0.5549826549399,0.3171725943264,0.3953417720394,817.0728068875467
23,0.2063552748003,3.1250315721028,0.5549826549399,0.3170385610362,0.3952967542301,817.0728068875467
24,0.2063629930629,3.1251484569966,0.5549826549399,0.3167695892154,0.3952023467789,800.7313507497958
25,0.2063739252322,3.1253140130950,0.5549358209197,0.3167904198250,0.3951920571671,800.7313507497958
26,0.2063726042793,3.1252940086651,0.5549358209197,0.3167828590924,0.3951890738441,800.7313507497958
29,0.2063859439835,3.1254960243235,0.5548181877000,0.3168298739281,0.3951583091279,784.7167237347999
30,0.2063712417413,3.1252733744740,0.5548181877000,0.3167554434738,0.3951285763424,769.0223892601039
32,0.2063749485635,3.1253295103603,0.5548889868994,0.3166660579239,0.3951277897647,769.0223892601039
35,0.2063761994434,3.1253484536084,0.5548889868994,0.3166175267931,0.3951107252637,753.6419414749017
36,0.2063796598255,3.1254008574225,0.5547713536798,0.3165626899043,0.3950414679341,738.5691026454036
37,0.2063796206588,3.1254002642838,0.5547713536798,0.3165439027010,0.3950347498257,738.5691026454036
38,0.2063764177438,3.1253517595363,0.5547713536798,0.3161794206889,0.3949038913396,738.5691026454036
39,0.2063753705402,3.1253359007493,0.5547713536798,0.3161591632040,0.3948964321228,723.7977205924956
40,0.2063685419909,3.1252324896194,0.5546537204602,0.3161413256712,0.3948381840778,723.7977205924956
41,0.2063641803614,3.1251664373714,0.5546537204602,0.3161424821287,0.3948376624635,723.7977205924956
43,0.2063566664082,3.1250526465273,0.5546068864400,0.3161893611119,0.3948327231017,709.3217661806457
44,0.2063559258201,3.1250414311055,0.5546068864400,0.3161173230506,0.3948068365252,709.3217661806457
45,0.2063573905106,3.1250636122890,0.5545600524197,0.3160866011446,0.3947761065552,695.1353308570327
46,0.2063538084169,3.1250093652819,0.5545600524197,0.3160770092123,0.3947719132736,695.1353308570327
55,0.2063703479664,3.1252598392010,0.5542779519603,0.3162397475404,0.3947126780973,654.2558123199923
56,0.2063673725516,3.1252147797035,0.5541603187406,0.3159714520321,0.3945658064471,654.2558123199923
57,0.2063731135561,3.1253017211213,0.5541603187406,0.3158310932188,0.3945169085147,654.2558123199923
58,0.2063742890237,3.1253195223307,0.5541603187406,0.3151592045139,0.3942772001489,641.1706960735925
60,0.2063711050590,3.1252713045660,0.5541603187406,0.3151325497104,0.3942669982981,641.1706960735925
61,0.2063718105497,3.1252819884735,0.5541603187406,0.3150639422403,0.3942426468068,641.1706960735925
62,0.2063698560490,3.1252523896347,0.5540426855210,0.3150378894831,0.3941825091920,628.3472821521206
69,0.2063801567154,3.1254083822927,0.5539958515008,0.3141522129222,0.3938483316973,615.7803365090781
71,0.2063972319956,3.1256669692834,0.5539490174805,0.3138387607468,0.3937199717574,603.4647297788965
59042,0.2438924950802,3.6934929240939,0.0908668966677,0.8206764169392,0.3843043535673,0.0000003929643
59055,0.2438842323693,3.6933677941101,0.0908668966677,0.8206440293655,0.3842910159958,0.0000003929643
59072,0.2438773436123,3.6932634711971,0.0908200626475,0.8206322475657,0.3842652603250,0.0000003929643
59078,0.2438774208814,3.6932646413558,0.0907732286273,0.8206215548147,0.3842413863201,0.0000003929643
59080,0.2438861855015,3.6933973722239,0.0907263946070,0.8206093805101,0.3842188447641,0.0000003929643
59082,0.2438983947651,3.6935822685588,0.0907263946070,0.8205898884379,0.3842144995805,0.0000003929643
59095,0.2439098045327,3.6937550573776,0.0907263946070,0.8205465529089,0.3842014675561,0.0000003929643
59100,0.2439023458224,3.6936421031283,0.0906795605868,0.8205878648224,0.3841945517929,0.0000003851051
59122,0.2439109531956,3.6937724526578,0.0906795605868,0.8205473032304,0.3841819099471,0.0000003851051
59143,0.2439091731069,3.6937454951032,0.0906327265666,0.8205382222331,0.3841582135633,0.0000003851051
59146,0.2439105643757,3.6937665643920,0.0905428268439,0.8205393471828,0.3841203850075,0.0000003851051
59162,0.2439162018871,3.6938519385188,0.0905428268439,0.8203698117630,0.3840610446814,0.0000003851051
59196,0.2439202176401,3.6939127528334,0.0904959928237,0.8203363380324,0.3840298785732,0.0000003851051
59204,0.2439212449322,3.6939283100826,0.0904959928237,0.8202957051465,0.3840155869622,0.0000003851051
59218,0.2439188021823,3.6938913172277,0.0903783596041,0.8202903602656,0.3839627403928,0.0000003774030
59224,0.2439158835390,3.6938471174742,0.0903783596041,0.8202521454127,0.3839484668075,0.0000003774030
59244,0.2439161757464,3.6938515426446,0.0903315255839,0.8200356408030,0.3838511346255,0.0000003774030
59274,0.2439261277402,3.6940022550263,0.0902846915636,0.8200124735992,0.3838249214713,0.0000003774030
59318,0.2439322305137,3.6940946750521,0.0902378575434,0.8198128531195,0.3837348644571,0.0000003698549
59324,0.2439346598425,3.6941314646579,0.0902351855636,0.8196852216799,0.3836886572363,0.0000003698549
59346,0.2439316094582,3.6940852698265,0.0902351855636,0.8196330342302,0.3836693652077,0.0000003698549
59376,0.2439385128229,3.6941898139562,0.0901883515434,0.8196730497599,0.3836650640378,0.0000003698549
59378,0.2439363507123,3.6941570710856,0.0901883515434,0.8196204450264,0.3836458133235,0.0000003698549
59380,0.2439447563820,3.6942843660298,0.0900707183238,0.8195804294967,0.3835829090409,0.0000003698549
59408,0.2439450350562,3.6942885862556,0.0900238843036,0.8195417154369,0.3835490705839,0.0000003698549
59443,0.2439501867072,3.6943666025411,0.0899062510839,0.8195488751704,0.3835023173198,0.0000003624578
59458,0.2439453335604,3.6942931067844,0.0899062510839,0.8194782427181,0.3834760514840,0.0000003624578
59461,0.2439420616936,3.6942435578348,0.0897886178643,0.8166081514309,0.3823999035301,0.0000003624578
59463,0.2439387520505,3.6941934368037,0.0896709846447,0.8166801074399,0.3823744786585,0.0000003624578
59506,0.2439365548287,3.6941601622128,0.0896709846447,0.8166092208945,0.3823486912019,0.0000003624578
59509,0.2439329026048,3.6941048531581,0.0897886178643,0.8157256420074,0.3820827589312,0.0000003624578
59511,0.2439348169751,3.6941338442642,0.0898354518846,0.8155301106572,0.3820334082513,0.0000003624578
59529,0.2439388060197,3.6941942541097,0.0898354518846,0.8152478270645,0.3819334474778,0.0000003624578
59537,0.2439396707152,3.6942073490050,0.0898354518846,0.8152132170459,0.3819212720487,0.0000003552086
59580,0.2439272155773,3.6940187291637,0.0898354518846,0.8151945574761,0.3819119389585,0.0000003552086
59636,0.2439254970261,3.6939927035301,0.0898153927541,0.8151957538469,0.3819034012027,0.0000003552086
59637,0.2439268173150,3.6940126979050,0.0896977595345,0.8153167137386,0.3818964698461,0.0000003552086
59642,0.2439238629112,3.6939679565948,0.0898153927541,0.8151675269484,0.3818929700000,0.0000003552086
59661,0.2439213826271,3.6939303953261,0.0897685587339,0.8151778151711,0.3818760411529,0.0000003481045
59674,0.2439243480144,3.6939753029676,0.0897685587339,0.8151109308483,0.3818527893349,0.0000003481045
59712,0.2439311338573,3.6940780673549,0.0897685587339,0.8150537590174,0.3818338249330,0.0000003481045
59716,0.2439319198552,3.6940899704594,0.0897685587339,0.8150250730513,0.3818237483733,0.0000003481045
59735,0.2439416881661,3.6942379011573,0.0897685587339,0.8149810787088,0.3818101293175,0.0000003481045
59750,0.2439415807006,3.6942362737073,0.0897217247137,0.8148260456080,0.3817346656017,0.0000003481045
59761,0.2439378618855,3.6941799562000,0.0897217247137,0.8148278160102,0.3817345009993,0.0000003411424
59815,0.2439273945424,3.6940214394005,0.0897217247137,0.8148206199853,0.3817296879883,0.0000003411424
59829,0.2439295207856,3.6940536390970,0.0897217247137,0.8147620537502,0.3817092270993,0.0000003411424
59853,0.2439284346247,3.6940371903431,0.0896040914941,0.8148281460563,0.3816821845086,0.0000003411424
59890,0.2439386675149,3.6941921566011,0.0896034744596,0.8148103387800,0.3816777530858,0.0000003343195
59898,0.2439381799101,3.6941847723454,0.0896034744596,0.8147820141370,0.3816675326552,0.0000003343195
59949,0.2439306847919,3.6940712667364,0.0894858412399,0.8148669801725,0.3816458573341,0.0000003343195
59966,0.2439259797865,3.6940000144245,0.0894819351912,0.8148398096081,0.3816334713248,0.0000003343195
59971,0.2439302548219,3.6940647552978,0.0894542016942,0.8148339133473,0.3816203958120,0.0000003343195
60008,0.2439364101088,3.6941579705826,0.0894073676740,0.8148548570818,0.3816091229842,0.0000003276331
60015,0.2439348200474,3.6941338907907,0.0893605336537,0.8147055332371,0.3815353805893,0.0000003276331
60024,0.2439359616887,3.6941511797372,0.0893371855091,0.8147173501284,0.3815298391974,0.0000003276331
60026,0.2439349731395,3.6941362092082,0.0894548187287,0.8144913047541,0.3814993111115,0.0000003276331
60028,0.2439378830529,3.6941802767571,0.0894079847085,0.8145419453784,0.3814979488787,0.0000003276331
60046,0.2439320963122,3.6940926427131,0.0893611506882,0.8133362808209,0.3810460426550,0.0000003276331
60051,0.2439329009503,3.6941048281029,0.0893143166680,0.8132564870633,0.3809976455839,0.0000003276331
60095,0.2439268268421,3.6940128421817,0.0893143166680,0.8124496179571,0.3807081764514,0.0000003210805
60112,0.2439274149250,3.6940217480738,0.0893143166680,0.8123727319346,0.3806808431754,0.0000003210805
60127,0.2439345360219,3.6941295895261,0.0892680996823,0.8123911344144,0.3806691341594,0.0000003210805
60135,0.2439376709105,3.6941770640859,0.0891781999596,0.8124768244328,0.3806618810467,0.0000003210805
60144,0.2439427760558,3.6942543760927,0.0890605667400,0.8125489112770,0.3806383060709,0.0000003210805
60171,0.2439528116224,3.6944063540942,0.0890605667400,0.8124504229280,0.3806052821391,0.0000003210805
60173,0.2439431300772,3.6942597373708,0.0890337918502,0.8122496170854,0.3805200161971,0.0000003210805
60184,0.2439451808698,3.6942907944479,0.0890004389319,0.8122205087086,0.3804957656960,0.0000003210805
60190,0.2439563593867,3.6944600812190,0.0888828057123,0.8122337309367,0.3804524690798,0.0000003210805
60195,0.2439504248729,3.6943702093070,0.0889296397325,0.6971776379810,0.3393798073513,0.0000003146589
60208,0.2439519742776,3.6943936733964,0.0889095806021,0.6971703122312,0.3393689262572,0.0000003146589
60209,0.2439573838207,3.6944755951836,0.0888627465819,0.6971974490445,0.3393597054411,0.0000003146589
60219,0.2439571455074,3.6944719861824,0.0888627465819,0.6971629574828,0.3393473359591,0.0000003146589
60233,0.2439540344161,3.6944248720076,0.0888627465819,0.6970772859240,0.3393160723114,0.0000003146589
60250,0.2439526816127,3.6944043852360,0.0888752690766,0.6970595149966,0.3393148024486,0.0000003146589
60258,0.2439556436271,3.6944492417993,0.0888284350564,0.6970919116712,0.3393069356840,0.0000003146589
60268,0.2439512800535,3.6943831601101,0.0887816010362,0.6970130663809,0.3392577698773,0.0000003146589
60276,0.2439546608634,3.6944343588860,0.0886639678165,0.6970789379656,0.3392316056655,0.0000003146589
60317,0.2439568667846,3.6944677652218,0.0886639678165,0.6970710900750,0.3392292755449,0.0000003083657
60322,0.2439597926001,3.6945120735907,0.0887108018368,0.6944732650969,0.3383221795933,0.0000003083657
60326,0.2439652125683,3.6945941532554,0.0887108018368,0.6944458868506,0.3383135630699,0.0000003083657
60335,0.2439714686739,3.6946888953334,0.0885931686171,0.6944817352138,0.3382772924138,0.0000003083657
60360,0.2439728678697,3.6947100846679,0.0885806461224,0.6944168085041,0.3382490373474,0.0000003083657
60376,0.2439628327095,3.6945581128202,0.0885338121022,0.6944381970247,0.3382344539904,0.0000003083657
60391,0.2439572552123,3.6944736475458,0.0885338121022,0.6943949938774,0.3382178291169,0.0000003083657
60409,0.2439566945267,3.6944651565586,0.0884908841307,0.6944179406400,0.3382075065403,0.0000003083657
60427,0.2439602984325,3.6945197338852,0.0884440501104,0.6944516253145,0.3382002373237,0.0000003021984
60443,0.2439617542437,3.6945417806014,0.0883972160902,0.6943954274096,0.3381604068800,0.0000003021984
60454,0.2439647565486,3.6945872473212,0.0883972160902,0.6942894476984,0.3381232003342,0.0000003021984
60467,0.2439617494584,3.6945417081325,0.0882795828706,0.6943104865867,0.3380796556094,0.0000003021984
60497,0.2439621200285,3.6945473200238,0.0882795828706,0.6942446825413,0.3380562335726,0.0000003021984
60511,0.2439553550700,3.6944448719083,0.0882550006569,0.6942101302091,0.3380319085855,0.0000003021984
60528,0.2439520023667,3.6943940987763,0.0882424616344,0.6942089372977,0.3380253902425,0.0000002961544
60540,0.2439643276385,3.6945807519332,0.0881956276142,0.6942093417526,0.3380081040974,0.0000002961544
60562,0.2439678456450,3.6946340284074,0.0880779943946,0.6941462868774,0.3379359241207,0.0000002961544
60566,0.2439637822374,3.6945724924127,0.0880311603744,0.6941745619208,0.3379250798973,0.0000002961544
60600,0.2439643947264,3.6945817679083,0.0879161991345,0.6941182527724,0.3378558316320,0.0000002961544
60611,0.2439620942256,3.6945469292655,0.0879161991345,0.6938675019979,0.3377657848195,0.0000002961544
60633,0.2439602400024,3.6945188490246,0.0878693651143,0.6939175092839,0.3377631755080,0.0000002902313
60637,0.2439663273916,3.6946110360716,0.0877642709171,0.6939051357735,0.3377150204675,0.0000002902313
60712,0.2439649412494,3.6945900444192,0.0877642709171,0.6938382821252,0.3376908471341,0.0000002902313
60727,0.2439584347842,3.6944915109101,0.0877615989374,0.6938165571345,0.3376805488321,0.0000002902313
60799,0.2439571880727,3.6944726307878,0.0877615989374,0.6937956526002,0.3376728157745,0.0000002844267
60818,0.2439497041560,3.6943592948143,0.0877609819029,0.6937237496826,0.3376452680213,0.0000002844267
60825,0.2439448517114,3.6942858096922,0.0877141478826,0.6925554711813,0.3372069141669,0.0000002844267
60879,0.2439440854016,3.6942742047447,0.0876673138624,0.6925611089273,0.3371886917154,0.0000002787382
60887,0.2439550735119,3.6944406080097,0.0876673138624,0.6925246680631,0.3371780317161,0.0000002787382
60919,0.2439563265855,3.6944595844794,0.0876204798422,0.6925667632020,0.3371732624871,0.0000002787382
60920,0.2439593677456,3.6945056396206,0.0875028466225,0.6926599812327,0.3371567920811,0.0000002787382
60941,0.2439666633471,3.6946161237597,0.0873852134029,0.6926812759214,0.3371155464333,0.0000002787382
60947,0.2439759852970,3.6947572947962,0.0873383793827,0.6927062352302,0.3371063863099,0.0000002787382
60962,0.2439662111075,3.6946092750720,0.0872915453625,0.6926930541881,0.3370795126027,0.0000002731634
60966,0.2439722980230,3.6947014549446,0.0872915453625,0.6926301228854,0.3370583414765,0.0000002731634
60967,0.2439661256193,3.6946079804433,0.0872447113422,0.6926026130367,0.3370271221496,0.0000002731634
60986,0.2439646620732,3.6945858165923,0.0871978773220,0.6926529990872,0.3370247318277,0.0000002731634
61005,0.2439652007096,3.6945939736676,0.0871843962201,0.6926636244368,0.3370228644024,0.0000002731634
61011,0.2439537054041,3.6944198894691,0.0871500846946,0.6926631253735,0.3370055179462,0.0000002731634
61014,0.2439458420596,3.6943008074646,0.0871278328880,0.6926458303952,0.3369881196773,0.0000002731634
61020,0.2439504192600,3.6943701243063,0.0871032506744,0.6926356709590,0.3369749369015,0.0000002731634
61038,0.2439522270746,3.6943975017389,0.0870564166541,0.6926411423724,0.3369572066436,0.0000002731634
61067,0.2439525894415,3.6944029894015,0.0870564166541,0.6926043639101,0.3369441491286,0.0000002731634
61086,0.2439562821052,3.6944589108721,0.0870564166541,0.6903820190392,0.3361512458169,0.0000002677001
61089,0.2439597299613,3.6945111249929,0.0870095826339,0.6904083097625,0.3361413024643,0.0000002677001
61095,0.2439621999678,3.6945485306187,0.0869359737239,0.6903954762227,0.3361057016686,0.0000002677001
61105,0.2439624643087,3.6945525337812,0.0868891397036,0.6904095741497,0.3360907215640,0.0000002677001
61107,0.2439685350806,3.6946444691766,0.0868766006811,0.6903717356299,0.3360731348199,0.0000002677001
61117,0.2439723428484,3.6947021337790,0.0868214752598,0.6902765084394,0.3360163158787,0.0000002677001
61121,0.2439741177099,3.6947290121708,0.0867746412396,0.6903154581294,0.3360105350867,0.0000002677001
61122,0.2439566976274,3.6944652035153,0.0867746412396,0.6903048342037,0.3360030079527,0.0000002677001
61139,0.2439560269120,3.6944550462423,0.0868214752598,0.6901126796084,0.3359543093098,0.0000002677001
61140,0.2439495199003,3.6943565044585,0.0868214752598,0.6900230101926,0.3359208901588,0.0000002677001
61154,0.2439514922959,3.6943863742951,0.0867746412396,0.6900685566593,0.3359175076873,0.0000002677001
61168,0.2439553754939,3.6944451812068,0.0867746412396,0.6900058823864,0.3358959561322,0.0000002677001
61176,0.2439563453647,3.6944598688705,0.0867278072194,0.6899766348686,0.3358656466967,0.0000002677001
61188,0.2439494868277,3.6943560036087,0.0866809731992,0.6900343423759,0.3358647151113,0.0000002623461
61190,0.2439476729375,3.6943285341666,0.0866809731992,0.6900338044669,0.3358641343101,0.0000002623461
61193,0.2439461119173,3.6943048941727,0.0866809731992,0.6899960581987,0.3358503189957,0.0000002623461
61203,0.2439458765784,3.6943013302152,0.0866341391789,0.6900390647629,0.3358455563302,0.0000002623461
61212,0.2439469764408,3.6943179864646,0.0866341391789,0.6898024408105,0.3357612834606,0.0000002623461
61234,0.2439498294492,3.6943611922476,0.0865873051587,0.6898444123037,0.3357568129156,0.0000002623461
61236,0.2439437051242,3.6942684458462,0.0865404711385,0.6898748604458,0.3357463031737,0.0000002623461
61247,0.2439414073187,3.6942336480221,0.0865127376415,0.6898795710112,0.3357356073472,0.0000002623461
61255,0.2439352067066,3.6941397463335,0.0865127376415,0.6898665184586,0.3357296170187,0.0000002623461
61274,0.2439460824522,3.6943044479562,0.0864685756010,0.6898592714094,0.3357104327150,0.0000002623461
61278,0.2439431362917,3.6942598314824,0.0863509423814,0.6898988916907,0.3356735372584,0.0000002623461
61318,0.2439359540559,3.6941510641456,0.0863041083611,0.6899491228265,0.3356698661762,0.0000002570992
61330,0.2439284259269,3.6940370586245,0.0864217415808,0.6888179636472,0.3353146818215,0.0000002570992
61363,0.2439345662163,3.6941300467890,0.0864560531062,0.6887530947013,0.3353075350566,0.0000002570992
61391,0.2439412078987,3.6942306280173,0.0864588628169,0.6887189494295,0.3352979676961,0.0000002570992
61404,0.2439394221052,3.6942035840716,0.0864120287966,0.6886622681977,0.3352572700060,0.0000002570992
61438,0.2439375279020,3.6941748983744,0.0863651947764,0.6886053637619,0.3352164693696,0.0000002519572
61459,0.2439287914137,3.6940425935333,0.0863189777907,0.6886095635241,0.3351962899004,0.0000002519572
61481,0.2439385134671,3.6941898237113,0.0863189777907,0.6885797290292,0.3351877180208,0.0000002519572
61482,0.2439390247817,3.6941975670289,0.0863658118109,0.6885004446808,0.3351795834725,0.0000002519572
61491,0.2439295836832,3.6940545916135,0.0863189777907,0.6884999822668,0.3351573235091,0.0000002519572
61493,0.2439203635493,3.6939149624741,0.0862998772674,0.6884568237915,0.3351317480864,0.0000002519572
61534,0.2439296489698,3.6940555803103,0.0862998772674,0.6877970300337,0.3348980971916,0.0000002469181
61570,0.2439395308166,3.6942052303892,0.0862655657420,0.6878225805191,0.3348946349641,0.0000002469181
61595,0.2439381183428,3.6941838399732,0.0862655657420,0.6877623730906,0.3348728296381,0.0000002469181
61615,0.2439368112564,3.6941640455371,0.0862193487562,0.6877532443032,0.3348494819873,0.0000002469181
61617,0.2439409691426,3.6942270123095,0.0861725147360,0.6878040551461,0.3348484479696,0.0000002469181
61619,0.2439412446348,3.6942311843463,0.0862193487562,0.6876991706156,0.3348311199657,0.0000002469181
61636,0.2439447793631,3.6942847140548,0.0862187317217,0.6876542550044,0.3348155716744,0.0000002419797
61647,0.2439355247191,3.6941445622963,0.0861718977015,0.6876608647921,0.3347958774519,0.0000002419797
61649,0.2439348498661,3.6941343423640,0.0861441642045,0.6876792939597,0.3347904289017,0.0000002419797
61693,0.2439357315047,3.6941476938448,0.0861441642045,0.6876638453484,0.3347851004631,0.0000002419797
61699,0.2439383959295,3.6941880437287,0.0861718977015,0.6876055065196,0.3347767218997,0.0000002419797
61705,0.2439339584902,3.6941208434224,0.0861250636813,0.6876446836216,0.3347696911190,0.0000002419797
61708,0.2439295367812,3.6940538813330,0.0861250636813,0.6876021022994,0.3347535359949,0.0000002419797
61718,0.2439417375601,3.6942386491770,0.0860074304616,0.6875885358776,0.3347008910598,0.0000002419797
61728,0.2439395348427,3.6942052913606,0.0859605964414,0.6870495106824,0.3344878383278,0.0000002419797
61733,0.2439459064015,3.6943017818542,0.0859605964414,0.5825639828141,0.2971729437088,0.0000002419797
61744,0.2439514403834,3.6943855881359,0.0858429632218,0.5826312082974,0.2971477244263,0.0000002371401
61773,0.2439516802283,3.6943892203315,0.0858429632218,0.5823968187223,0.2970640652591,0.0000002371401
61778,0.2439546860109,3.6944347397189,0.0858429632218,0.5823386549532,0.2970439365807,0.0000002371401
61803,0.2439584301145,3.6944914401924,0.0858897972420,0.5822775663118,0.2970429932396,0.0000002371401
61813,0.2439572557246,3.6944736553046,0.0858429632218,0.5822367145605,0.2970080799505,0.0000002371401
61834,0.2439514224369,3.6943853163543,0.0858304407270,0.5822510064700,0.2970065674302,0.0000002371401
61865,0.2439484202968,3.6943398521309,0.0858304407270,0.5822053904468,0.2969896326776,0.0000002323973
61872,0.2439507585645,3.6943752627126,0.0857836067068,0.5821365004081,0.2969454584268,0.0000002323973
61890,0.2439552813097,3.6944437548871,0.0857367726866,0.5820861274592,0.2969083655246,0.0000002323973
61909,0.2439467640607,3.6943147701932,0.0858544059062,0.5811429660586,0.2966201112794,0.0000002323973
61931,0.2439462773484,3.6943073994515,0.0858544059062,0.5811376165121,0.2966180964316,0.0000002323973
61965,0.2439488785029,3.6943467911754,0.0858451558980,0.5811470675092,0.2966180648887,0.0000002277494
61992,0.2439502648950,3.6943677866124,0.0858451558980,0.5811362053706,0.2966144826376,0.0000002277494
61996,0.2439465118232,3.6943109503238,0.0858891802075,0.5809889142656,0.2965799420030,0.0000002277494
62003,0.2439414090822,3.6942336747280,0.0859360142278,0.5809212545915,0.2965747561122,0.0000002277494
62046,0.2439430296643,3.6942582167237,0.0859360142278,0.5808488203148,0.2965492339953,0.0000002277494
62048,0.2439439812138,3.6942726269300,0.0858984302158,0.5806106832231,0.2964482815037,0.0000002277494
62068,0.2439534973903,3.6944167393214,0.0858984302158,0.5805827495306,0.2964403443656,0.0000002277494
62073,0.2439547205386,3.6944352626038,0.0858984302158,0.5805479356229,0.2964281729303,0.0000002231944
62106,0.2439595620138,3.6945085816058,0.0858984302158,0.5805409215383,0.2964267053591,0.0000002231944
62115,0.2439575141074,3.6944775682386,0.0858984302158,0.5805261940895,0.2964210067189,0.0000002231944
62137,0.2439527818315,3.6944059029426,0.0858641186903,0.5805360611707,0.2964088116778,0.0000002231944
62166,0.2439621435369,3.6945476760335,0.0858536346131,0.5805362706483,0.2964063993950,0.0000002231944
62167,0.2439606160186,3.6945245433897,0.0858536346131,0.5796837876035,0.2961016138394,0.0000002231944
62170,0.2439574980681,3.6944773253395,0.0858536346131,0.5796118200492,0.2960752430092,0.0000002231944
62176,0.2439628021561,3.6945576501210,0.0858068005928,0.5796271095434,0.2960617684102,0.0000002231944
62205,0.2439605778654,3.6945239655999,0.0858068005928,0.5796206610796,0.2960589887537,0.0000002187305
62211,0.2439559989676,3.6944546230542,0.0857599665726,0.5795529606650,0.2960137571188,0.0000002187305
62244,0.2439572920441,3.6944742053243,0.0857599665726,0.5794936031413,0.2959928350910,0.0000002187305
62285,0.2439516799263,3.6943892157590,0.0857137495869,0.5795084522579,0.2959771284707,0.0000002187305
62311,0.2439533847358,3.6944150332890,0.0857137495869,0.5794949990272,0.2959726890618,0.0000002143559
62373,0.2439661212833,3.6946079147792,0.0856669155666,0.5794872919507,0.2959525940716,0.0000002143559
62390,0.2439544803165,3.6944316246958,0.0857137495869,0.5793390097907,0.2959172133875,0.0000002143559
62419,0.2439516312998,3.6943884793616,0.0856669155666,0.5793628864669,0.2959050585453,0.0000002100688
62460,0.2439495278269,3.6943566244975,0.0856200815464,0.5791771847080,0.2958182140214,0.0000002100688
62491,0.2439487107071,3.6943442500859,0.0856277559130,0.5791342054286,0.2958059781959,0.0000002100688
62506,0.2439516465222,3.6943887098894,0.0855101226933,0.5765398739873,0.2948296461188,0.0000002100688
62520,0.2439562436880,3.6944583290841,0.0854632886731,0.5763094229821,0.2947282555724,0.0000002058674
62521,0.2439600165217,3.6945154646460,0.0854164546529,0.5763363938557,0.2947186247686,0.0000002058674
62541,0.2439566681958,3.6944647578043,0.0853696206326,0.5762929376445,0.2946823154718,0.0000002058674
62572,0.2439563726261,3.6944602817155,0.0853494237713,0.5762859013112,0.2946710833616,0.0000002058674
62590,0.2439660563927,3.6946069320800,0.0853494237713,0.5762394597931,0.2946565721980,0.0000002058674
62623,0.2439662077083,3.6946092235947,0.0853025897511,0.5762687472915,0.2946469927206,0.0000002058674
62642,0.2439634166080,3.6945669553433,0.0853019727166,0.5762231345125,0.2946298399061,0.0000002017500
62659,0.2439622678813,3.6945495590974,0.0851843394970,0.5762898829898,0.2946030182553,0.0000002017500
62683,0.2439631591105,3.6945630558178,0.0851375054767,0.5763353395960,0.2945993720123,0.0000002017500
62702,0.2439599685288,3.6945147378442,0.0850198722571,0.5763309656450,0.2945467119538,0.0000002017500
62711,0.2439593087321,3.6945047459232,0.0850198722571,0.5758445471248,0.2943728496688,0.0000002017500
62732,0.2439506840627,3.6943741344620,0.0849730382369,0.5758869491115,0.2943660733691,0.0000002017500
62750,0.2439515877404,3.6943878197016,0.0849262042166,0.5759393949247,0.2943649259389,0.0000001977150
62755,0.2439533286699,3.6944141842306,0.0848793701964,0.5753854624226,0.2941473942358,0.0000001977150
62765,0.2439475371732,3.6943264781612,0.0849262042166,0.5753143570396,0.2941408301441,0.0000001977150
62767,0.2439407458042,3.6942236300867,0.0848793701964,0.5752531673524,0.2940974496681,0.0000001977150
62768,0.2439370548026,3.6941677337865,0.0848793701964,0.5752003474205,0.2940777944778,0.0000001977150
62837,0.2439437886856,3.6942697112953,0.0849262042166,0.5724654648759,0.2931225654097,0.0000001977150
62862,0.2439510400977,3.6943795262334,0.0848793701964,0.5714342431412,0.2927357540841,0.0000001937607
62877,0.2439501296916,3.6943657391001,0.0848793701964,0.5708471135489,0.2925258698570,0.0000001937607
62909,0.2439448249318,3.6942854041445,0.0848793701964,0.5708129993553,0.2925125494822,0.0000001937607
62942,0.2439394124464,3.6942034377982,0.0848793701964,0.5707968535762,0.2925056233142,0.0000001937607
62976,0.2439373713890,3.6941725281516,0.0849262042166,0.5687249060528,0.2917852764093,0.0000001898855
62980,0.2439360202379,3.6941520664018,0.0849262042166,0.5686839900123,0.2917703740054,0.0000001898855
63070,0.2439395570121,3.6942056270921,0.0849262042166,0.5686770909371,0.2917686679301,0.0000001898855
63113,0.2439439220204,3.6942717305099,0.0848085709970,0.5686752575340,0.2917185342652,0.0000001860878
63116,0.2439417461041,3.6942387785676,0.0847617369768,0.5686791974698,0.2916994033945,0.0000001860878
63117,0.2439369996289,3.6941668982396,0.0847617369768,0.5681080574769,0.2914944077237,0.0000001860878
63152,0.2439383948763,3.6941880277798,0.0847617369768,0.5680973521506,0.2914908833745,0.0000001860878
63190,0.2439325685704,3.6940997945613,0.0847617369768,0.5680898000792,0.2914869377120,0.0000001823661
63193,0.2439323427553,3.6940963748324,0.0847149029566,0.5680798506371,0.2914632642279,0.0000001823661
63242,0.2439208852288,3.6939228627564,0.0847149029566,0.5680371770167,0.2914455684650,0.0000001823661
63298,0.2439286603035,3.6940406080091,0.0846882657977,0.5680450888375,0.2914386442774,0.0000001823661
63304,0.2439212073345,3.6939277407049,0.0846414317774,0.5681030037493,0.2914376593867,0.0000001787187
63306,0.2439107440728,3.6937692857144,0.0846420488119,0.5680341862509,0.2914111040246,0.0000001787187
63314,0.2439114609483,3.6937801420335,0.0846420488119,0.5680202398555,0.2914062767853,0.0000001787187
63334,0.2439155929436,3.6938427167151,0.0846420488119,0.5679938813151,0.2913977484484,0.0000001787187
63370,0.2439142015050,3.6938216448542,0.0846888828322,0.5679350098416,0.2913964964797,0.0000001787187
63409,0.2439075492083,3.6937209028834,0.0846888828322,0.5678921115413,0.2913797501660,0.0000001787187
63450,0.2439055463162,3.6936905712085,0.0846263750338,0.5679476715298,0.2913723747715,0.0000001751444
63470,0.2439049629785,3.6936817371787,0.0845795410136,0.5679469530903,0.2913519214621,0.0000001751444
63493,0.2438986373692,3.6935859425401,0.0845327069934,0.5679072962695,0.2913163311011,0.0000001751444
63517,0.2439021295139,3.6936388273652,0.0845327069934,0.5671144445319,0.2910339180830,0.0000001751444
63543,0.2438964710090,3.6935531353152,0.0844858729731,0.5663058175464,0.2907238384713,0.0000001716415
63544,0.2438986120787,3.6935855595435,0.0844858729731,0.5662935647930,0.2907199212886,0.0000001716415
63573,0.2439038135976,3.6936643310241,0.0844390389529,0.5663287365982,0.2907135255358,0.0000001716415
63611,0.2439105595503,3.6937664913173,0.0843922049327,0.5663314011601,0.2906958510034,0.0000001716415
63617,0.2439056529912,3.6936921866880,0.0843922049327,0.5663184851545,0.2906901867387,0.0000001716415
63641,0.2439025146755,3.6936446602280,0.0843922049327,0.5662619844521,0.2906693354202,0.0000001682086
63665,0.2438996465215,3.6936012250803,0.0843922049327,0.5655841324043,0.2904266307987,0.0000001682086
63712,0.2439069405443,3.6937116853138,0.0843453709124,0.5655951755406,0.2904120660579,0.0000001682086
63720,0.2438984694392,3.6935833994197,0.0843453709124,0.5634144663430,0.2896314261077,0.0000001682086
63721,0.2438947331401,3.6935268171351,0.0842985368922,0.5634293932242,0.2896158847782,0.0000001682086
63723,0.2438951167485,3.6935326264782,0.0842985368922,0.5632994193696,0.2895695477462,0.0000001682086
63763,0.2438998583875,3.6936044335660,0.0842517028720,0.5632838493310,0.2895449313607,0.0000001648445
63774,0.2438944569474,3.6935226344899,0.0841340696524,0.5634264523319,0.2895442893154,0.0000001648445
63777,0.2438924351423,3.6934920163984,0.0841340696524,0.5634257783640,0.2895436153686,0.0000001648445
63808,0.2438997344448,3.6936025565868,0.0841340696524,0.5634111388153,0.2895399510947,0.0000001648445
63813,0.2438986554275,3.6935862160140,0.0840872356321,0.5634453005903,0.2895318487876,0.0000001648445
63822,0.2439061863340,3.6937002635988,0.0840872356321,0.5633035170995,0.2894828255923,0.0000001648445
63873,0.2439039734118,3.6936667512412,0.0840872356321,0.5630867731447,0.2894049428394,0.0000001615476
63874,0.2439153901573,3.6938396457322,0.0840866185976,0.5628456215084,0.2893209992571,0.0000001615476
63904,0.2439157310799,3.6938448086431,0.0840866185976,0.5626046686685,0.2892350177263,0.0000001615476
63909,0.2439125864285,3.6937971862356,0.0840397845774,0.5625788027922,0.2892050343365,0.0000001615476
63925,0.2439084561783,3.6937346379813,0.0840397845774,0.5625551376691,0.2891956974532,0.0000001615476
63943,0.2439074917918,3.6937200333707,0.0840397845774,0.5625516081115,0.2891942302426,0.0000001615476
63946,0.2439005175703,3.6936144161899,0.0839221513578,0.5603876551703,0.2883694811935,0.0000001615476
63952,0.2438934049029,3.6935067023940,0.0838458704680,0.5582789283608,0.2875821485229,0.0000001615476
63962,0.2439067894382,3.6937093969716,0.0837990364477,0.5583011007569,0.2875728636276,0.0000001615476
64025,0.2439025299968,3.6936448922531,0.0837522024275,0.5582575522475,0.2875363261281,0.0000001583166
64041,0.2439101693208,3.6937605817062,0.0836345692079,0.5583428320969,0.2875180059782,0.0000001583166
64045,0.2439097820734,3.6937547172547,0.0836210881060,0.5583137715316,0.2875017666081,0.0000001583166
64048,0.2439137973590,3.6938155244924,0.0835742540857,0.5582646297322,0.2874650046609,0.0000001583166
64062,0.2439137703310,3.6938151151823,0.0835742540857,0.5581950476880,0.2874401481391,0.0000001583166
64077,0.2439091249024,3.6937447650976,0.0835742540857,0.5581781419928,0.2874331149418,0.0000001583166
64081,0.2439172611758,3.6938679803208,0.0834566208661,0.5581148322318,0.2873618335631,0.0000001583166
64084,0.2439204532718,3.6939163212257,0.0834592928459,0.5577920054692,0.2872483674454,0.0000001583166
64096,0.2439165186857,3.6938567360959,0.0834124588256,0.5577917514719,0.2872273618836,0.0000001551503
64115,0.2439167675787,3.6938605053172,0.0834124588256,0.5577790861405,0.2872228918852,0.0000001551503
64120,0.2439176332896,3.6938736155887,0.0833656248054,0.5577631235970,0.2871973047633,0.0000001551503
64126,0.2439268902953,3.6940138031141,0.0833313132799,0.5577873497532,0.2871932356665,0.0000001551503
64128,0.2439240852177,3.6939713231906,0.0834489464995,0.5576203748808,0.2871834149325,0.0000001551503
64132,0.2439181054110,3.6938807653661,0.0834021124793,0.5576193697498,0.2871617028470,0.0000001551503
64191,0.2439170359526,3.6938645695550,0.0832844792597,0.5577454146473,0.2871560754752,0.0000001551503
64195,0.2439232568601,3.6939587785952,0.0832844792597,0.5575102113793,0.2870734073596,0.0000001551503
64230,0.2439192015686,3.6938973655093,0.0834021124793,0.5573260733323,0.2870571890173,0.0000001520473
64310,0.2439188157732,3.6938915230480,0.0833552784591,0.5572936440710,0.2870254527449,0.0000001520473
64321,0.2439152473276,3.6938374827278,0.0833112541495,0.5572969067859,0.2870069857721,0.0000001490063
64332,0.2439159008512,3.6938473796493,0.0831936209299,0.5573657039234,0.2869812819822,0.0000001490063
64346,0.2439089932469,3.6937427713148,0.0832404549501,0.5573063150476,0.2869786631914,0.0000001490063
64351,0.2439104713054,3.6937651549416,0.0832279324553,0.5572137331969,0.2869405481881,0.0000001490063
64380,0.2439098460820,3.6937556865974,0.0831784264554,0.5572460162158,0.2869307270041,0.0000001490063
64405,0.2439073834442,3.6937183925626,0.0831315924351,0.5572675310893,0.2869178114564,0.0000001490063
64449,0.2439027720371,3.6936485576974,0.0831315924351,0.5565355450405,0.2866553997089,0.0000001460262
64467,0.2439039395144,3.6936662379010,0.0831784264554,0.5564720114298,0.2866530310303,0.0000001460262
64473,0.2439006159301,3.6936159057456,0.0831315924351,0.5564125033631,0.2866109942298,0.0000001460262
64497,0.2439043962189,3.6936731542054,0.0830847584149,0.5564606821983,0.2866089392955,0.0000001460262
64506,0.2439104873466,3.6937653978692,0.0831466326510,0.5563705546789,0.2866045736672,0.0000001460262
64531,0.2439107714969,3.6937697010236,0.0831460156165,0.5563405959630,0.2865936705718,0.0000001460262
64536,0.2439203637940,3.6939149661799,0.0830991815963,0.5563644266802,0.2865841653115,0.0000001460262
64565,0.2439163367141,3.6938539803302,0.0830523475761,0.5564137543196,0.2865808476569,0.0000001431057
64567,0.2439089460765,3.6937420569699,0.0830495378654,0.5563416760075,0.2865523175328,0.0000001431057
64594,0.2439152184417,3.6938370452819,0.0830550195558,0.5543268124790,0.2858364167896,0.0000001431057
64596,0.2439158109734,3.6938460185444,0.0830550195558,0.5542791609499,0.2858195253575,0.0000001431057
64601,0.2439197088672,3.6939050480090,0.0830088025701,0.5542923721126,0.2858052716132,0.0000001431057
64639,0.2439285024597,3.6940382176320,0.0830081855356,0.5542458969544,0.2857902932403,0.0000001431057
64644,0.2439269326907,3.6940144451469,0.0830550195558,0.5540872370769,0.2857533643423,0.0000001431057
64689,0.2439272995734,3.6940200011962,0.0830495378654,0.5521856191203,0.2850719443939,0.0000001402436
64692,0.2439340129962,3.6941216688567,0.0830495378654,0.5521649361229,0.2850659961997,0.0000001402436
64722,0.2439300676693,3.6940619210697,0.0830495378654,0.5521612001834,0.2850638165084,0.0000001402436
64728,0.2439249262684,3.6939840600105,0.0830027038452,0.5514351188020,0.2847833282776,0.0000001402436
64734,0.2439288243199,3.6940430918634,0.0830027038452,0.5513789553897,0.2847641052128,0.0000001402436
64738,0.2439308088613,3.6940731456357,0.0829558698249,0.5513281868837,0.2847263271394,0.0000001402436
64764,0.2439416221478,3.6942369013807,0.0829558698249,0.5512973484099,0.2847176305316,0.0000001402436
64770,0.2439358926672,3.6941501344797,0.0829247095828,0.5512842178627,0.2846983589151,0.0000001402436
64790,0.2439249462548,3.6939843626838,0.0829247095828,0.5506804671274,0.2844803879927,0.0000001374387
64793,0.2439208516186,3.6939223537660,0.0829247095828,0.5506698418533,0.2844757158299,0.0000001374387
64819,0.2439139695305,3.6938181318478,0.0829247095828,0.5506210340418,0.2844568097355,0.0000001374387
64846,0.2439023961660,3.6936428655277,0.0829247095828,0.5505364252317,0.2844241122967,0.0000001374387
64855,0.2438996380607,3.6936010969513,0.0829247095828,0.5505280572633,0.2844205327140,0.0000001374387
64878,0.2438970337022,3.6935616567069,0.0829247095828,0.5504420349714,0.2843892523900,0.0000001374387
64901,0.2438930821553,3.6935018147243,0.0829090358047,0.5503433690115,0.2843464504537,0.0000001346899
64906,0.2438963277894,3.6935509664058,0.0828622017845,0.5503801148336,0.2843401977316,0.0000001346899
64931,0.2438935175098,3.6935084077049,0.0828153677642,0.5504162833277,0.2843324411252,0.0000001346899
64936,0.2438960155538,3.6935462379299,0.0828153677642,0.5502704835800,0.2842809050819,0.0000001346899
64979,0.2438932282959,3.6935040278686,0.0827685337440,0.5503182799440,0.2842773062194,0.0000001346899
64996,0.2438981340703,3.6935783206134,0.0827685337440,0.5501680789736,0.2842247142531,0.0000001346899
65000,0.2438992044798,3.6935945308286,0.0827216997238,0.5501081609215,0.2841834725993,0.0000001346899
65002,0.2438998445980,3.6936042247397,0.0826748657035,0.5500610656945,0.2841467183206,0.0000001319961
65011,0.2438886435769,3.6934345971651,0.0826748657035,0.5500144868110,0.2841276827862,0.0000001319961
65042,0.2438987661297,3.6935878924815,0.0826280316833,0.5498722995259,0.2840589990085,0.0000001319961
65047,0.2438949002518,3.6935293478653,0.0826187816751,0.5498800882160,0.2840569879918,0.0000001319961
65108,0.2439009854493,3.6936215017216,0.0826187816751,0.5498461712942,0.2840461787764,0.0000001319961
65140,0.2439018280799,3.6936342624665,0.0825636562538,0.5498334962217,0.2840182073479,0.0000001293562
65147,0.2438985311413,3.6935843338321,0.0825531721766,0.5497602065180,0.2839868327909,0.0000001293562
65153,0.2438965535919,3.6935543859454,0.0825531721766,0.5497245024332,0.2839736575715,0.0000001293562
65154,0.2439017359808,3.6936328677247,0.0825559818872,0.5497091444033,0.2839704872344,0.0000001293562
65158,0.2439052023471,3.6936853621617,0.0824410206473,0.5497173379074,0.2839248871759,0.0000001293562
65165,0.2439090913436,3.6937442568858,0.0824410206473,0.5497136230507,0.2839243937978,0.0000001293562
65198,0.2439016744315,3.6936319356245,0.0823941866271,0.5497491493560,0.2839154207026,0.0000001293562
65226,0.2439012825706,3.6936260013081,0.0823941866271,0.5497364145356,0.2839107885823,0.0000001293562
65233,0.2439013763055,3.6936274208227,0.0822765534075,0.5497932053127,0.2838806768518,0.0000001267691
65246,0.2439002952632,3.6936110495853,0.0821681701961,0.5498573726316,0.2838569121517,0.0000001267691
65261,0.2439041543028,3.6936694906439,0.0821213361759,0.5498849062164,0.2838475007890,0.0000001267691
65271,0.2439004636108,3.6936135990306,0.0820037029562,0.5498820773161,0.2837952853679,0.0000001267691
65281,0.2438953772947,3.6935365721737,0.0819568689360,0.5498384549682,0.2837585443101,0.0000001267691
65323,0.2438990299496,3.6935918877542,0.0818392357164,0.5498813813395,0.2837242436318,0.0000001267691
65326,0.2438926600702,3.6934954226933,0.0818392357164,0.5498316389683,0.2837051135250,0.0000001267691
65360,0.2439033611767,3.6936574795913,0.0818392357164,0.5497709178037,0.2836857204891,0.0000001242337
65385,0.2438943122483,3.6935204431769,0.0818392357164,0.5489791378926,0.2834010028933,0.0000001242337
65438,0.2438914651999,3.6934773276507,0.0818392357164,0.5489361565646,0.2833850423372,0.0000001242337
65451,0.2438918519051,3.6934831838898,0.0818392357164,0.5489350204852,0.2833847194600,0.0000001242337
65476,0.2438856599997,3.6933894140565,0.0818392357164,0.5489086304623,0.2833739676149,0.0000001217490
65485,0.2438878527547,3.6934226210038,0.0818392357164,0.5488824686277,0.2833650939786,0.0000001217490
65504,0.2438790901028,3.6932899199422,0.0817924016962,0.5489313305282,0.2833605952233,0.0000001217490
65522,0.2438807448917,3.6933149799632,0.0817924016962,0.5488854853600,0.2833445765466,0.0000001217490
65534,0.2438831351277,3.6933511775499,0.0817455676759,0.5486791985433,0.2832513431539,0.0000001217490
65562,0.2438879758702,3.6934244854563,0.0817455676759,0.5486468199578,0.2832408166754,0.0000001217490
65640,0.2438936223065,3.6935099947399,0.0816279344563,0.5486370573004,0.2831881257257,0.0000001193141
65687,0.2438920696306,3.6934864811121,0.0815103012367,0.5486698960501,0.2831491068973,0.0000001169278
65713,0.2438925489772,3.6934937403074,0.0815103012367,0.5486238686531,0.2831327712584,0.0000001169278
65734,0.2438912642115,3.6934742838943,0.0815103012367,0.5486063132837,0.2831262261766,0.0000001169278
65741,0.2439008300062,3.6936191477000,0.0815103012367,0.5485586481778,0.2831112527377,0.0000001169278
65748,0.2439032015841,3.6936550627300,0.0814634672165,0.5485846703649,0.2831009828483,0.0000001169278
65758,0.2438971257051,3.6935630499921,0.0814166331962,0.5485017034946,0.2830499781261,0.0000001169278
65766,0.2438959918067,3.6935458783059,0.0814166331962,0.5484552153583,0.2830331322421,0.0000001169278
65840,0.2438981243906,3.6935781740248,0.0812989999766,0.5484419733064,0.2829784456831,0.0000001145892
65862,0.2438969183030,3.6935599091082,0.0813458339968,0.5483830825521,0.2829772265465,0.0000001145892
65895,0.2439010927066,3.6936231260187,0.0812989999766,0.5483696789933,0.2829532623533,0.0000001145892
65913,0.2439027506153,3.6936482332858,0.0811813667570,0.5483801500556,0.2829069430475,0.0000001145892
65945,0.2439117207791,3.6937840768941,0.0811813667570,0.5483192435611,0.2828871129061,0.0000001122974
65989,0.2439141177375,3.6938203762854,0.0811345327367,0.5483044635367,0.2828622762369,0.0000001122974
66081,0.2439144089467,3.6938247863387,0.0811252827285,0.5483121974022,0.2828611364444,0.0000001100515
66168,0.2439190110114,3.6938944797229,0.0810076495089,0.5483528905878,0.2828262416447,0.0000001078505
66170,0.2439246283624,3.6939795485404,0.0810076495089,0.5482919024911,0.2828056638997,0.0000001078505
66171,0.2439173357110,3.6938691090777,0.0810245573560,0.5482614520178,0.2828004722398,0.0000001078505
66201,0.2439134076372,3.6938096225696,0.0809783403702,0.5482638779677,0.2827806896408,0.0000001078505
66216,0.2439110558599,3.6937740073990,0.0809783403702,0.5482557473308,0.2827772818896,0.0000001078505
66227,0.2439083969285,3.6937337407061,0.0808607071506,0.5482523355389,0.2827250793846,0.0000001078505
66240,0.2439036209678,3.6936614138514,0.0808138731304,0.5482753246985,0.2827121946556,0.0000001078505
66243,0.2439033292105,3.6936569954964,0.0808138731304,0.5477842886132,0.2825367621057,0.0000001078505
66256,0.2439107921166,3.6937700132874,0.0808138731304,0.5477039957105,0.2825096852632,0.0000001078505
66309,0.2439096056334,3.6937520452578,0.0808138731304,0.5476929897762,0.2825055003260,0.0000001056934
66328,0.2439202259025,3.6939128779600,0.0808138731304,0.5476794961466,0.2825029569445,0.0000001056934
66371,0.2439209441888,3.6939237556436,0.0807670391102,0.5477162484400,0.2824961649591,0.0000001056934
66423,0.2439164958325,3.6938563900085,0.0807643671304,0.5477074989786,0.2824909417981,0.0000001035796
66424,0.2439122045784,3.6937914035216,0.0806974739798,0.5477044188429,0.2824602537020,0.0000001035796
66457,0.2439164389601,3.6938555287364,0.0806506399595,0.5473936980139,0.2823301176219,0.0000001035796
66470,0.2439140179712,3.6938188654295,0.0806038059393,0.5474325098244,0.2823233884765,0.0000001035796
66479,0.2439083231871,3.6937326239707,0.0804861727197,0.5474865022388,0.2822910369338,0.0000001035796
66498,0.2439120050846,3.6937883823994,0.0804393386994,0.5475345055489,0.2822888982282,0.0000001015080
66548,0.2439160552436,3.6938497177586,0.0804393386994,0.5454856452568,0.2815580303008,0.0000001015080
66549,0.2439206391009,3.6939191354105,0.0803925046792,0.5454728257112,0.2815343624238,0.0000001015080
66562,0.2439219154098,3.6939384637547,0.0802748714596,0.5454229919891,0.2814664239238,0.0000001015080
66572,0.2439239235793,3.6939688753490,0.0802775434393,0.5453989541345,0.2814594144319,0.0000001015080
66594,0.2439227123160,3.6939505320518,0.0802775434393,0.5453808383856,0.2814526849651,0.0000001015080
66620,0.2439312347689,3.6940795955544,0.0802307094191,0.5454169253862,0.2814473276966,0.0000000994778
66635,0.2439295891070,3.6940546737523,0.0801838753989,0.5453576412347,0.2814057304206,0.0000000994778
66645,0.2439194766530,3.6939015313715,0.0801838753989,0.4513533882761,0.2478306159809,0.0000000994778
66702,0.2439141618981,3.6938210450507,0.0801370413786,0.4513569202343,0.2478106667956,0.0000000994778
66706,0.2439173714104,3.6938696497062,0.0801370413786,0.4513334646683,0.2478029775603,0.0000000994778
66715,0.2439125892504,3.6937972289709,0.0802128594926,0.4511799066461,0.2477796041384,0.0000000994778
66716,0.2439081959397,3.6937306969433,0.0802128594926,0.4511334317397,0.2477620645338,0.0000000994778
66737,0.2439120170594,3.6937885637459,0.0801660254723,0.4510887491322,0.2477268535481,0.0000000974883
66755,0.2439060442180,3.6936981114035,0.0801191914521,0.4511121350632,0.2477138540488,0.0000000974883
66757,0.2439066568826,3.6937073895572,0.0800723574319,0.4510581426488,0.2476746306059,0.0000000974883
66810,0.2439060546562,3.6936982694780,0.0799547242122,0.4511030140586,0.2476401128239,0.0000000974883
66815,0.2439102898882,3.6937624075702,0.0798597890474,0.4511884785044,0.2476308568908,0.0000000974883
66817,0.2439055130105,3.6936900668287,0.0799066230676,0.4511081338890,0.2476212104916,0.0000000974883
66856,0.2439029813563,3.6936517276139,0.0797889898480,0.4511755265596,0.2475943225682,0.0000000955385
66975,0.2439075705328,3.6937212258196,0.0796713566284,0.4511520926139,0.2475365224598,0.0000000936277
66989,0.2439142315457,3.6938220997887,0.0796713566284,0.4511133562006,0.2475241153865,0.0000000936277
67024,0.2439113665950,3.6937787131530,0.0796713566284,0.4510683095850,0.2475074133915,0.0000000936277
67060,0.2439161457784,3.6938510888121,0.0796713566284,0.4510339391475,0.2474961623459,0.0000000936277
67087,0.2439174003515,3.6938700879886,0.0796713566284,0.4510218296055,0.2474921063466,0.0000000917552
67113,0.2439177833436,3.6938758879985,0.0796713566284,0.4510029635767,0.2474854505489,0.0000000917552
