0,0.2063240533919,3.124558757017,0.5553584234398,0.3201241934734,0.3965531191558,1000
1,0.2063239664024,3.124557439653,0.5553584234398,0.3199901944446,0.3965052437192,1000.0000000000000
2,0.2063233347304,3.1245478736504,0.5552407902202,0.3199702123186,0.3964475576504,1000.0000000000000
3,0.2063163678049,3.1244423669602,0.5552407902202,0.3198376034357,0.3963987044224,980.0000000000000
4,0.2063113998912,3.1243671331808,0.5551231570006,0.3198554606170,0.3963536031973,980.0000000000000
5,0.2063132737980,3.1243955115106,0.5550055237810,0.3197650923300,0.3962713161236,960.4000000000000
6,0.2063186914816,3.1244775565774,0.5550523578012,0.3196167168641,0.3962395575409,960.4000000000000
8,0.2063309422366,3.1246630812559,0.5550055237810,0.3184597025172,0.3958088915701,941.1920000000000
9,0.2063195759773,3.1244909513262,0.5550523578012,0.3180585951045,0.3956832750187,922.3681600000000
11,0.2063236307505,3.1245523565606,0.5550523578012,0.3178970552153,0.3956264510811,903.9207967999999
12,0.2063294994387,3.1246412316144,0.5550055237810,0.3177377435815,0.3955507399221,903.9207967999999
13,0.2063167765129,3.1244485564087,0.5550055237810,0.3176664730067,0.3955225598042,885.8423808639999
14,0.2063190215564,3.1244825552101,0.5549586897607,0.3176522694581,0.3954978964660,885.8423808639999
24,0.2063733352851,3.1253050789714,0.5548410565411,0.3175699162922,0.3954297090402,800.7313507497958
25,0.2063724228212,3.1252912606750,0.5547942225209,0.3174863983092,0.3953796139382,800.7313507497958
26,0.2063815814238,3.1254299579892,0.5547942225209,0.3174714927397,0.3953762530782,800.7313507497958
27,0.2063844435522,3.1254733018851,0.5546765893013,0.3172983292890,0.3952646080649,784.7167237347999
28,0.2063943474988,3.1256232866418,0.5546765893013,0.3169745890952,0.3951511088414,784.7167237347999
29,0.2063964378951,3.1256549434746,0.5546765893013,0.3169619715183,0.3951470505060,784.7167237347999
30,0.2063976615147,3.1256734738952,0.5545589560816,0.3167643763387,0.3950263287663,769.0223892601039
33,0.2064032726201,3.1257584481289,0.5546057901019,0.3165550464265,0.3949728421860,753.6419414749017
34,0.2064013066706,3.1257286759113,0.5544881568823,0.3165078176525,0.3949051392549,753.6419414749017
35,0.2064075885879,3.1258238088805,0.5544881568823,0.3164165111081,0.3948738758998,753.6419414749017
36,0.2064086804960,3.1258403446691,0.5544881568823,0.3164019100269,0.3948688952083,738.5691026454036
37,0.2064068751224,3.1258130042016,0.5544881568823,0.3163906403925,0.3948644834731,738.5691026454036
38,0.2064061081159,3.1258013887025,0.5544881568823,0.3163794341372,0.3948603168805,738.5691026454036
41,0.2064037183061,3.1257651975711,0.5544881568823,0.3162570752536,0.3948161051771,723.7977205924956
42,0.2064112187336,3.1258787835835,0.5543705236626,0.3159827164537,0.3946693128890,709.3217661806457
44,0.2064211635221,3.1260293868468,0.5542997244632,0.3158950175811,0.3946097803751,709.3217661806457
45,0.2064290791872,3.1261492611915,0.5541820912436,0.3158327157671,0.3945388117042,695.1353308570327
49,0.2064288513249,3.1261458104595,0.5542757592841,0.3155701689934,0.3944851396176,681.2326242398921
50,0.2064341821102,3.1262265395439,0.5542757592841,0.3154547987595,0.3944450782738,681.2326242398921
53,0.2064386688836,3.1262944869642,0.5542289252639,0.3152406879280,0.3943494998482,667.6079717550942
78,0.2064761590053,3.1268622350580,0.5541352572234,0.3150094411333,0.3942348018588,579.5675264796522
79,0.2064735654676,3.1268229586819,0.5540176240038,0.3149137449056,0.3941496546395,579.5675264796522
80,0.2064764043302,3.1268659502433,0.5538999907841,0.3147570649107,0.3940438915892,579.5675264796522
81,0.2064747381444,3.1268407176274,0.5538999907841,0.3144753887258,0.3939429359119,579.5675264796522
92,0.2064846935304,3.1269914813803,0.5537823575645,0.3143676881900,0.3938561904949,545.4843193824369
59698,0.2436800564531,3.6902757666105,0.0864599260995,0.8528211270399,0.3938503829397,0.0000003481045
59714,0.2436800083147,3.6902750376053,0.0864130920793,0.8523336359783,0.3936561969508,0.0000003481045
59715,0.2436811491345,3.6902923141097,0.0864080896925,0.8522763975545,0.3936338552379,0.0000003481045
59719,0.2436917741128,3.6904532181263,0.0864080896925,0.8522282382662,0.3936189322732,0.0000003481045
59742,0.2436945324728,3.6904949905611,0.0864080896925,0.8522143248846,0.3936145542855,0.0000003481045
59761,0.2436934769806,3.6904790062516,0.0864080896925,0.8521961704437,0.3936078443796,0.0000003411424
59768,0.2436975595568,3.6905408325337,0.0862904564729,0.8521539032402,0.3935432095506,0.0000003411424
59769,0.2436998538655,3.6905755774042,0.0862436224526,0.8521774281776,0.3935320312286,0.0000003411424
59776,0.2436961825874,3.6905199797951,0.0862016530883,0.8521951390223,0.3935195829574,0.0000003411424
59801,0.2436963868759,3.6905230735264,0.0860840198687,0.8521788265150,0.3934633866011,0.0000003411424
59803,0.2436947482522,3.6904982583103,0.0860840198687,0.8521603233479,0.3934564271934,0.0000003411424
59819,0.2436936918660,3.6904822604633,0.0860371858485,0.8520824454157,0.3934083155548,0.0000003411424
59831,0.2437027137079,3.6906188866804,0.0860371858485,0.8516065653290,0.3932402916328,0.0000003411424
59851,0.2437038249149,3.6906357147316,0.0860371858485,0.8516032442229,0.3932393436393,0.0000003411424
59867,0.2437102011234,3.6907322756397,0.0860371858485,0.8508630986131,0.3929763722519,0.0000003343195
59870,0.2437060728102,3.6906697567200,0.0860812101580,0.8505359587776,0.3928775195191,0.0000003343195
59872,0.2437121719624,3.6907621219053,0.0860671120216,0.8505079381246,0.3928627770457,0.0000003343195
59876,0.2436984610645,3.6905544849108,0.0860671120216,0.8505092146858,0.3928602949108,0.0000003343195
59879,0.2436920981075,3.6904581246831,0.0860671120216,0.8504879236121,0.3928513274652,0.0000003343195
59887,0.2436970356873,3.6905328990871,0.0860371858485,0.8504858725835,0.3928388275050,0.0000003343195
59901,0.2436949378863,3.6905011301175,0.0859953542150,0.8503660033718,0.3927776397006,0.0000003343195
59903,0.2436894371069,3.6904178266537,0.0859953542150,0.8503472108027,0.3927697493303,0.0000003343195
59904,0.2437039538248,3.6906376669347,0.0859485201948,0.8503667390816,0.3927597627179,0.0000003343195
59905,0.2437048969017,3.6906519488339,0.0859016861746,0.8503432873645,0.3927315174696,0.0000003343195
59915,0.2437030088827,3.6906233567899,0.0859016861746,0.8503441266006,0.3927314126213,0.0000003343195
59916,0.2437017386129,3.6906041199024,0.0858853953620,0.8503636231869,0.3927311217104,0.0000003343195
59937,0.2437088703314,3.6907121222078,0.0858531387818,0.8503512548009,0.3927144084064,0.0000003343195
59945,0.2437147088870,3.6908005409346,0.0858503290711,0.8502952158752,0.3926944414617,0.0000003343195
59951,0.2437146845736,3.6908001727346,0.0858971630913,0.8501951982422,0.3926787873914,0.0000003343195
59952,0.2437174143972,3.6908415130138,0.0858971630913,0.8500252722765,0.3926186845087,0.0000003343195
59953,0.2437155419669,3.6908131570446,0.0858846240689,0.8500181175080,0.3926103541324,0.0000003343195
59954,0.2437133067048,3.6907793063741,0.0857669908492,0.8500006474872,0.3925532216176,0.0000003343195
59957,0.2437229083702,3.6909247134030,0.0857201568290,0.8497533877559,0.3924469003474,0.0000003343195
59958,0.2437339792863,3.6910923706753,0.0857201568290,0.8495239709093,0.3923673380985,0.0000003343195
59962,0.2437327365704,3.6910735510614,0.0857201568290,0.8495030959410,0.3923596164564,0.0000003343195
59978,0.2437441711191,3.6912467151632,0.0857201568290,0.8494546334467,0.3923447586832,0.0000003276331
59983,0.2437487281995,3.6913157273072,0.0857455268635,0.8494180973949,0.3923435594824,0.0000003276331
60014,0.2437368722346,3.6911361813057,0.0857455268635,0.7344993556132,0.3512986111393,0.0000003276331
60053,0.2437294934519,3.6910244374754,0.0857455268635,0.6298792235423,0.3139326970892,0.0000003276331
60069,0.2437302177579,3.6910354063202,0.0857455268635,0.6298535847975,0.3139236956030,0.0000003276331
60074,0.2437153635113,3.6908104545251,0.0857455268635,0.6293882932029,0.3137543369807,0.0000003276331
60076,0.2437148328858,3.6908024187645,0.0856307033545,0.6294182763348,0.3137157214613,0.0000003276331
60080,0.2437132494291,3.6907784389935,0.0855256091574,0.6294411401622,0.3136785074316,0.0000003276331
60090,0.2437089211202,3.6907128913502,0.0854815848478,0.6294330139452,0.3136558101552,0.0000003210805
60110,0.2437077822474,3.6906956443317,0.0854815848478,0.6285124979086,0.3133268103837,0.0000003210805
60124,0.2437043981937,3.6906443964306,0.0854765659333,0.6284806867942,0.3133125731537,0.0000003210805
60134,0.2436942920121,3.6904913490383,0.0854765659333,0.6284701875815,0.3133066578245,0.0000003210805
60144,0.2437036337458,3.6906328196783,0.0853589327137,0.6284728736471,0.3132592046968,0.0000003210805
60148,0.2437042111015,3.6906415631180,0.0853561230030,0.6284646264268,0.3132551788183,0.0000003210805
60153,0.2437085249115,3.6907068911908,0.0853092889828,0.6283830624890,0.3132069015054,0.0000003210805
60175,0.2437119199344,3.6907583052075,0.0852652646732,0.6283525748134,0.3131778729935,0.0000003210805
60177,0.2437142632446,3.6907937921529,0.0851476314536,0.6284447406447,0.3131608772628,0.0000003210805
60179,0.2437088607849,3.6907119776370,0.0851007974333,0.6284377521407,0.3131371519756,0.0000003210805
60181,0.2437138347046,3.6907873023709,0.0851007974333,0.6284344255709,0.3131370297549,0.0000003210805
60203,0.2437098209296,3.6907265180089,0.0851007974333,0.6280008006127,0.3129813036037,0.0000003146589
60209,0.2437227886438,3.6909229002739,0.0849831642137,0.6279812723338,0.3129266937773,0.0000003146589
60213,0.2437215412671,3.6909040100774,0.0849363301935,0.6279631495772,0.3128998823463,0.0000003146589
60219,0.2437161832159,3.6908228680802,0.0848894961733,0.6279826778561,0.3128856368548,0.0000003146589
60222,0.2437137873506,3.6907865852444,0.0848894961733,0.6278896700467,0.3128519063804,0.0000003146589
60223,0.2437066679552,3.6906787695586,0.0849966287879,0.6272534192696,0.3126690623529,0.0000003146589
60237,0.2437052649109,3.6906575219415,0.0849497947677,0.6273087810858,0.3126684620548,0.0000003146589
60238,0.2437010637506,3.6905938998293,0.0849029607475,0.6272674056780,0.3126327131519,0.0000003146589
60264,0.2437064052470,3.6906747911218,0.0849029607475,0.6272372178019,0.3126230763739,0.0000003146589
60268,0.2437111413139,3.6907465138278,0.0848561267273,0.6271930788771,0.3125882556208,0.0000003146589
60274,0.2437124357378,3.6907661165024,0.0848561267273,0.6266481488799,0.3123939151412,0.0000003146589
60278,0.2437139500155,3.6907890486307,0.0848092927070,0.6266556077685,0.3123768317951,0.0000003146589
60280,0.2437170896652,3.6908365952936,0.0847839226725,0.6264634437338,0.3122980016929,0.0000003146589
60281,0.2437143794878,3.6907955525338,0.0847370886523,0.6265057109373,0.3122924446474,0.0000003146589
60283,0.2437209704511,3.6908953656761,0.0846299560376,0.6263730047677,0.3122005479584,0.0000003146589
60295,0.2437210287363,3.6908962483426,0.0846299560376,0.6263284005812,0.3121846303815,0.0000003146589
60307,0.2437282915264,3.6910062355890,0.0845563471276,0.6263994150686,0.3121800023348,0.0000003083657
60309,0.2437273177829,3.6909914892782,0.0846031811478,0.6262903667378,0.3121609195660,0.0000003083657
60320,0.2437330114369,3.6910777136237,0.0845591568382,0.6262718547405,0.3121366606459,0.0000003083657
60322,0.2437346542267,3.6911025919301,0.0845591568382,0.6262683446165,0.3121357590566,0.0000003083657
60328,0.2437294870989,3.6910243412652,0.0845591568382,0.6262485275800,0.3121275743018,0.0000003083657
60369,0.2437264871375,3.6909789100354,0.0845123228180,0.6262475424034,0.3121065078813,0.0000003083657
60382,0.2437270185922,3.6909869583527,0.0844654887978,0.6263000847549,0.3121053151670,0.0000003083657
60397,0.2437276755149,3.6909969067493,0.0844509113577,0.6262412103035,0.3120781818721,0.0000003083657
60403,0.2437248366679,3.6909539154253,0.0844040773375,0.6262850712146,0.3120731664359,0.0000003083657
60429,0.2437175746317,3.6908439395952,0.0843572433173,0.6263110932206,0.3120608321358,0.0000003021984
60442,0.2437107340299,3.6907403459428,0.0843572433173,0.6262630847737,0.3120422204187,0.0000003021984
60448,0.2437006912371,3.6905882585085,0.0843572433173,0.6262521188088,0.3120361519757,0.0000003021984
60450,0.2437053361789,3.6906586012204,0.0843403354702,0.6262314408498,0.3120225161148,0.0000003021984
60451,0.2437035565829,3.6906316511285,0.0842935014500,0.6262071997056,0.3119934054983,0.0000003021984
60462,0.2437008675191,3.6905909281112,0.0843403354702,0.6258445682314,0.3118833897525,0.0000003021984
60465,0.2436996233647,3.6905720867135,0.0842935014500,0.6256471946288,0.3117925608527,0.0000003021984
60478,0.2436935686259,3.6904803941220,0.0844111346696,0.6249547880605,0.3115943895855,0.0000003021984
60491,0.2436980065969,3.6905476024814,0.0842935014500,0.6249924397694,0.3115583733812,0.0000003021984
60509,0.2436981366992,3.6905495727436,0.0841758682303,0.6250122660513,0.3115150678383,0.0000003021984
60513,0.2436936540260,3.6904816874165,0.0841758682303,0.6249564919823,0.3114941879551,0.0000003021984
60554,0.2436888533287,3.6904089859527,0.0841290342101,0.6250088350240,0.3114917814548,0.0000002961544
60561,0.2436818577196,3.6903030448795,0.0841290342101,0.6249901766567,0.3114836186931,0.0000002961544
60576,0.2436929783349,3.6904714547914,0.0841290342101,0.6249417742289,0.3114687151007,0.0000002961544
60588,0.2436945607057,3.6904954181175,0.0840822001899,0.6242472683185,0.3112009446320,0.0000002961544
60592,0.2436903831740,3.6904321538346,0.0840822001899,0.6239117857521,0.3110802342444,0.0000002961544
60607,0.2436970870541,3.6905336769818,0.0840822001899,0.6237695301552,0.3110308652198,0.0000002961544
60647,0.2437060402497,3.6906692636255,0.0840353661696,0.6237913418008,0.3110205019122,0.0000002902313
60648,0.2437009345668,3.6905919434786,0.0840353661696,0.6237126984055,0.3109913209104,0.0000002902313
60653,0.2436973902596,3.6905382687075,0.0840353661696,0.6236863734724,0.3109811596542,0.0000002902313
60655,0.2437018281410,3.6906054757099,0.0840822001899,0.6234972249102,0.3109346292938,0.0000002902313
60664,0.2437014346646,3.6905995169275,0.0840522740167,0.6229492669914,0.3107260202179,0.0000002902313
60665,0.2436894451319,3.6904179481832,0.0840054399965,0.6229232799707,0.3106940982306,0.0000002902313
60681,0.2436946684828,3.6904970502877,0.0839318310865,0.6229230514791,0.3106635892402,0.0000002902313
60706,0.2436894127292,3.6904174574796,0.0838849970662,0.6229229124013,0.3106423416137,0.0000002902313
60717,0.2436922346083,3.6904601918417,0.0838849970662,0.6228848321387,0.3106293462083,0.0000002902313
60718,0.2436916425793,3.6904512261907,0.0838381630460,0.6228821537784,0.3106081910647,0.0000002902313
60736,0.2436773190072,3.6902343108973,0.0838381630460,0.6218852657930,0.3102490903045,0.0000002902313
60745,0.2436732630485,3.6901728877088,0.0837913290258,0.6218364974678,0.3102107321885,0.0000002844267
60748,0.2436828599998,3.6903182233482,0.0837504559995,0.6216650735633,0.3101340488438,0.0000002844267
60821,0.2436895062549,3.6904188738265,0.0837504559995,0.6215954204252,0.3101105969205,0.0000002844267
60840,0.2436837705143,3.6903320121237,0.0837972900197,0.6213304331747,0.3100348012525,0.0000002844267
60860,0.2436788759303,3.6902578888455,0.0837972900197,0.6213076069715,0.3100256001976,0.0000002787382
60918,0.2436720410693,3.6901543821308,0.0837972900197,0.6177018974750,0.3087363821930,0.0000002787382
60921,0.2436789768326,3.6902594169034,0.0837504559995,0.6170849419009,0.3084974554285,0.0000002787382
60930,0.2436813223640,3.6902949374863,0.0836328227799,0.6170894529277,0.3084491548864,0.0000002787382
60943,0.2436729982008,3.6901688768725,0.0837504559995,0.6164002509469,0.3082516418096,0.0000002787382
60952,0.2436659633115,3.6900623409410,0.0837454536127,0.6163983329591,0.3082473054576,0.0000002787382
60980,0.2436669456846,3.6900772179392,0.0837454536127,0.6163948228352,0.3082462623504,0.0000002731634
60987,0.2436614286866,3.6899936688614,0.0837454536127,0.6163760498776,0.3082383755088,0.0000002731634
60990,0.2436514275130,3.6898422117049,0.0837922876329,0.6162205790702,0.3082007788348,0.0000002731634
61012,0.2436602949600,3.6899764997749,0.0837089659388,0.6162343133375,0.3081718748000,0.0000002731634
61014,0.2436623908442,3.6900082397162,0.0837089659388,0.6161546028176,0.3081438558752,0.0000002731634
61024,0.2436582310488,3.6899452440320,0.0836621319185,0.6161675696673,0.3081275237853,0.0000002731634
61032,0.2436627724002,3.6900140179773,0.0837089659388,0.6161012261420,0.3081248745388,0.0000002731634
61043,0.2436457961472,3.6897569306467,0.0837557999590,0.6160486876879,0.3081225447596,0.0000002731634
61044,0.2436412293905,3.6896877719657,0.0837557999590,0.6160294101458,0.3081146813325,0.0000002731634
61105,0.2436335868827,3.6895720342977,0.0838076363661,0.6159523406602,0.3081077344390,0.0000002677001
61108,0.2436434500352,3.6897214012724,0.0836900031464,0.6159442753977,0.3080565532838,0.0000002677001
61110,0.2436479795654,3.6897899961987,0.0836431691262,0.6159841528198,0.3080516941109,0.0000002677001
61134,0.2436497821556,3.6898172945128,0.0837559376899,0.6158322888401,0.3080461726291,0.0000002677001
61155,0.2436560034970,3.6899115101239,0.0837559376899,0.6157810735018,0.3080292145814,0.0000002677001
61175,0.2436729994837,3.6901688962993,0.0837091036697,0.6158087510147,0.3080226696816,0.0000002677001
61193,0.2436776749281,3.6902397009422,0.0836237270303,0.6158503931686,0.3080019537721,0.0000002623461
61236,0.2436679841789,3.6900929448325,0.0835768930101,0.6158812984441,0.3079908430584,0.0000002623461
61248,0.2436636257540,3.6900269411152,0.0835768930101,0.6158584882054,0.3079817625964,0.0000002623461
61250,0.2436608890439,3.6899854965454,0.0834592597904,0.6159643396318,0.3079685660024,0.0000002623461
61282,0.2436602035502,3.6899751154703,0.0834592597904,0.6159266331338,0.3079549525044,0.0000002623461
61330,0.2436560520349,3.6899122451796,0.0834124257702,0.6159141980610,0.3079295500737,0.0000002570992
61374,0.2436548380341,3.6898938604250,0.0833655917500,0.6159286163824,0.3079143676081,0.0000002570992
61389,0.2436513165058,3.6898405306178,0.0833187577297,0.6159697831064,0.3079082436734,0.0000002570992
61404,0.2436539370309,3.6898802156893,0.0832719237095,0.6159912466418,0.3078963990399,0.0000002570992
61405,0.2436641949394,3.6900355608237,0.0831542904899,0.6159674159246,0.3078396719557,0.0000002519572
61408,0.2436696844347,3.6901186934019,0.0831492881031,0.6159394697196,0.3078287236086,0.0000002519572
61416,0.2436725146242,3.6901615536168,0.0831101284494,0.6122855757498,0.3065075852370,0.0000002519572
61417,0.2436728764564,3.6901670331814,0.0831101284494,0.6122067786922,0.3064795209662,0.0000002519572
61431,0.2436748548469,3.6901969938055,0.0830632944292,0.6122447290771,0.3064734268929,0.0000002519572
61433,0.2436730965931,3.6901703669180,0.0830632944292,0.6122181292791,0.3064635501964,0.0000002519572
61441,0.2436766242983,3.6902237902690,0.0829842038287,0.6121582266666,0.3064090163714,0.0000002519572
61453,0.2436689411310,3.6901074368564,0.0829842038287,0.6116647839275,0.3062311404288,0.0000002519572
61461,0.2436687460367,3.6901044823605,0.0829842038287,0.6116053717857,0.3062098800008,0.0000002519572
61482,0.2436696113978,3.6901175873351,0.0829423721953,0.6114617179319,0.3061408326446,0.0000002519572
61497,0.2436733312355,3.6901739203283,0.0829423721953,0.6114552346572,0.3061393142974,0.0000002519572
61501,0.2436809424080,3.6902891834565,0.0829657203400,0.6114150520047,0.3061366006634,0.0000002519572
61504,0.2436797012282,3.6902703871059,0.0829597593460,0.6113943322299,0.3061263800650,0.0000002519572
61539,0.2436850283944,3.6903510613833,0.0829597593460,0.6111181252575,0.3060288762533,0.0000002469181
61546,0.2436853545249,3.6903560002831,0.0829597593460,0.6110580944349,0.3060075065589,0.0000002469181
61547,0.2436872405171,3.6903845616323,0.0829129253257,0.6110720713132,0.3059928307194,0.0000002469181
61575,0.2436840282967,3.6903359159649,0.0829129253257,0.6109285419666,0.3059408819055,0.0000002469181
61576,0.2436942182517,3.6904902320160,0.0829129253257,0.6108761075134,0.3059243388769,0.0000002469181
61577,0.2436985260691,3.6905554693364,0.0829129253257,0.6108273511883,0.3059078490073,0.0000002469181
61579,0.2436932583011,3.6904756945822,0.0827952921061,0.6108430602472,0.3058619163411,0.0000002469181
61585,0.2436901350764,3.6904283966602,0.0827484580859,0.6108316536266,0.3058371015627,0.0000002469181
61595,0.2436896817501,3.6904215315152,0.0827484580859,0.6104085649424,0.3056859013198,0.0000002469181
61597,0.2436900567124,3.6904272099206,0.0827952921061,0.6103252795112,0.3056763085950,0.0000002469181
61623,0.2436988287412,3.6905600529852,0.0827484580859,0.6103443630040,0.3056649321256,0.0000002469181
61665,0.2436989759056,3.6905622816331,0.0827016240656,0.6102880134935,0.3056247671127,0.0000002419797
61687,0.2437004542425,3.6905846694761,0.0827016240656,0.6102614681622,0.3056156034238,0.0000002419797
61703,0.2437040582373,3.6906392481520,0.0826630814465,0.6102382061931,0.3055915495969,0.0000002419797
61713,0.2437003710105,3.6905834090167,0.0826630814465,0.6094049886847,0.3052931817953,0.0000002419797
61716,0.2436980762731,3.6905486576545,0.0826630814465,0.6087328400108,0.3050526369680,0.0000002419797
61747,0.2437041364483,3.6906404325736,0.0826630814465,0.6085992856089,0.3050062375763,0.0000002371401
61764,0.2436922416138,3.6904602979329,0.0826287699210,0.6086372722775,0.3050025504111,0.0000002371401
61836,0.2436953739790,3.6905077342787,0.0825111367014,0.6087021109165,0.3049759640520,0.0000002371401
61844,0.2436998519161,3.6905755478816,0.0825111367014,0.6080320268836,0.3047376078839,0.0000002371401
61857,0.2437070835324,3.6906850630341,0.0825454482269,0.6079629171673,0.3047291804139,0.0000002323973
61890,0.2437154455293,3.6908116966005,0.0825454482269,0.6077541249903,0.3046564036358,0.0000002323973
61903,0.2437036174021,3.6906325721710,0.0824517801864,0.6077404345673,0.3046088361544,0.0000002323973
61940,0.2437042087721,3.6906415278413,0.0824947081579,0.6076800944043,0.3046058105204,0.0000002323973
61997,0.2437005155677,3.6905855981814,0.0823770749383,0.6076915010249,0.3045586786755,0.0000002277494
62005,0.2436942972361,3.6904914281508,0.0822594417186,0.6077240229416,0.3045185469092,0.0000002277494
62009,0.2437039514277,3.6906376306339,0.0822185686924,0.6077510780556,0.3045127611940,0.0000002277494
62024,0.2437036945351,3.6906337402673,0.0821952205477,0.6077311277253,0.3044955746799,0.0000002277494
62026,0.2436926789162,3.6904669204137,0.0822420545680,0.6076810360199,0.3044953960183,0.0000002277494
62028,0.2436912403250,3.6904451344772,0.0822420545680,0.6075723464133,0.3044562700321,0.0000002277494
62057,0.2436913876624,3.6904473657453,0.0822420545680,0.6074644837952,0.3044177792408,0.0000002277494
62077,0.2436915745094,3.6904501953454,0.0821244213484,0.6076054116194,0.3044177364083,0.0000002231944
62107,0.2436893231956,3.6904161015878,0.0821244213484,0.6075967850128,0.3044141730529,0.0000002231944
62117,0.2436837371261,3.6903315064943,0.0820775873281,0.6074038410950,0.3043239957730,0.0000002231944
62125,0.2436834496884,3.6903271535567,0.0820775873281,0.6071175199082,0.3042216766125,0.0000002231944
62132,0.2436824578366,3.6903121330138,0.0820775873281,0.6070656415254,0.3042029360790,0.0000002231944
62142,0.2436849514120,3.6903498955661,0.0820775873281,0.6070362896926,0.3041929876191,0.0000002231944
62165,0.2436867723917,3.6903774723710,0.0820775873281,0.6067118046027,0.3040774902970,0.0000002231944
62171,0.2436950080672,3.6905021929330,0.0819756278866,0.6066612129747,0.3040174897425,0.0000002231944
62214,0.2436979758167,3.6905471363487,0.0819287938664,0.6066606898169,0.3039978671238,0.0000002187305
62230,0.2436997435268,3.6905739064418,0.0818819598461,0.6066573273987,0.3039769733322,0.0000002187305
62234,0.2437123335470,3.6907645689317,0.0818351258259,0.6064402491361,0.3038820715198,0.0000002187305
62239,0.2437181526680,3.6908526933420,0.0818819598461,0.6063739903448,0.3038797263432,0.0000002187305
62279,0.2437139408268,3.6907889094782,0.0817643266265,0.6064305886148,0.3038486232367,0.0000002187305
62300,0.2437177128803,3.6908460332247,0.0817643266265,0.6062634506453,0.3037897394019,0.0000002143559
62312,0.2437198542817,3.6908784624749,0.0817300151010,0.6063012325697,0.3037889868785,0.0000002143559
62316,0.2437184483165,3.6908571706251,0.0817300151010,0.6062226249761,0.3037606114597,0.0000002143559
62345,0.2437174535673,3.6908421062046,0.0817174760786,0.6062154702077,0.3037524691580,0.0000002143559
62351,0.2437176523259,3.6908451161916,0.0817174760786,0.6061880798847,0.3037427294909,0.0000002143559
62357,0.2437216022820,3.6909049340831,0.0816706420583,0.6062333087023,0.3037396573363,0.0000002143559
62363,0.2437258708461,3.6909695769556,0.0816706420583,0.6061719705291,0.3037186655381,0.0000002143559
62364,0.2437325292349,3.6910704111863,0.0815530088387,0.6062936087305,0.3037131203136,0.0000002143559
62391,0.2437399498955,3.6911827892131,0.0815443923927,0.6062746851823,0.3037042592824,0.0000002143559
62394,0.2437382384167,3.6911568706839,0.0815187138410,0.6060717504201,0.3036204107426,0.0000002143559
62407,0.2437394738605,3.6911755801673,0.0814996133177,0.6060679918246,0.3036111471865,0.0000002100688
62414,0.2437357531661,3.6911192342014,0.0814527792975,0.6058086594415,0.3034976594636,0.0000002100688
62419,0.2437364893366,3.6911303827213,0.0814087549879,0.6058136391467,0.3034807281193,0.0000002100688
62431,0.2437361409772,3.6911251071882,0.0813810214909,0.6058161192624,0.3034696534421,0.0000002100688
62440,0.2437435956697,3.6912380005922,0.0812165542511,0.6059600670054,0.3034521748245,0.0000002100688
62444,0.2437395658578,3.6911769733689,0.0811697202308,0.6059634242319,0.3034324385798,0.0000002100688
62455,0.2437291113886,3.6910186515322,0.0811697202308,0.6058812463066,0.3034008490774,0.0000002100688
62466,0.2437269693178,3.6909862121434,0.0811228862106,0.6056549942866,0.3032995140464,0.0000002100688
62477,0.2437279404423,3.6910009187928,0.0811228862106,0.6056295175976,0.3032906233270,0.0000002100688
62520,0.2437320070035,3.6910625025452,0.0810760521904,0.6056262631153,0.3032702606949,0.0000002058674
62533,0.2437281871151,3.6910046543910,0.0810760521904,0.6052657085643,0.3031406726649,0.0000002058674
62547,0.2437229724332,3.6909256835699,0.0811228862106,0.6052069294003,0.3031386343975,0.0000002058674
62550,0.2437180529212,3.6908511827822,0.0810760521904,0.6050678552912,0.3030678391687,0.0000002058674
62564,0.2437184526771,3.6908572366614,0.0811936854100,0.6048894360792,0.3030546179205,0.0000002058674
62612,0.2437183493280,3.6908556715492,0.0811936854100,0.6047569462141,0.3030072779653,0.0000002058674
62630,0.2437099163737,3.6907279634077,0.0811468513898,0.6047402676575,0.3029794425533,0.0000002017500
62638,0.2437101559887,3.6907315921233,0.0811468513898,0.6043704631449,0.3028474208592,0.0000002017500
62698,0.2437026829341,3.6906184206439,0.0811000173695,0.6043531553846,0.3028195664245,0.0000002017500
62722,0.2437044838751,3.6906456939847,0.0810843435914,0.6043706719494,0.3028194909229,0.0000002017500
62764,0.2437014698914,3.6906000504013,0.0810843435914,0.6043341675648,0.3028058077891,0.0000001977150
62772,0.2437052083447,3.6906566653071,0.0810631881229,0.6042821937299,0.3027789801730,0.0000001977150
62809,0.2437141345172,3.6907918427138,0.0810397022474,0.6042776253585,0.3027691959877,0.0000001977150
62854,0.2437139901650,3.6907896566526,0.0810163541027,0.6042558078051,0.3027513667240,0.0000001937607
62861,0.2437221577216,3.6909133456271,0.0808987208831,0.6042615133301,0.3027047403653,0.0000001937607
62904,0.2437206705529,3.6908908240363,0.0808518868628,0.6040873678014,0.3026221551317,0.0000001937607
62951,0.2437205764438,3.6908893988540,0.0808948148343,0.6040266226865,0.3026188379836,0.0000001937607
62986,0.2437253175073,3.6909611972267,0.0808479808141,0.6040454108286,0.3026064922535,0.0000001898855
62992,0.2437162936468,3.6908245404400,0.0808479808141,0.6040196819417,0.3025953696810,0.0000001898855
63003,0.2437146015787,3.6907989158636,0.0808479808141,0.6040037766398,0.3025893266300,0.0000001898855
63033,0.2437103619064,3.6907347105284,0.0809656140337,0.6034398052917,0.3024374140272,0.0000001898855
63044,0.2437129133182,3.6907733489516,0.0809656140337,0.6033145531141,0.3023932278377,0.0000001898855
63098,0.2437229973164,3.6909260603991,0.0809454171724,0.6033186696305,0.3023882030812,0.0000001860878
63139,0.2437275993619,3.6909957534919,0.0809363379505,0.6024237480670,0.3020656832945,0.0000001860878
63158,0.2437311845426,3.6910500472484,0.0810539711701,0.6022728176467,0.3020629620630,0.0000001860878
63195,0.2437329935440,3.6910774426537,0.0810539711701,0.6022410527212,0.3020520050899,0.0000001823661
63218,0.2437460635342,3.6912753737810,0.0810773193148,0.6020666920857,0.3020025404943,0.0000001823661
63232,0.2437488995226,3.6913183218137,0.0810773193148,0.6020646905329,0.3020024333658,0.0000001823661
63251,0.2437593337225,3.6914763366945,0.0810773193148,0.6010240971646,0.3016330287771,0.0000001823661
63269,0.2437552533773,3.6914145441990,0.0811008051904,0.6009924985476,0.3016309345723,0.0000001823661
63282,0.2437500250353,3.6913353665097,0.0810539711701,0.6009403244253,0.3015911088752,0.0000001823661
63289,0.2437480271277,3.6913051103201,0.0810196596447,0.6009817802126,0.3015907814510,0.0000001823661
63296,0.2437492664456,3.6913238784739,0.0809020264250,0.6011101969536,0.3015864959039,0.0000001823661
63311,0.2437479255111,3.6913035714434,0.0808551924048,0.6011586495600,0.3015834413402,0.0000001787187
63331,0.2437467553836,3.6912858511051,0.0807375591852,0.6011740788400,0.3015382868187,0.0000001787187
63338,0.2437471160167,3.6912913125108,0.0806199259656,0.6013080349456,0.3015357913265,0.0000001787187
63343,0.2437528686179,3.6913784295494,0.0805730919453,0.6013017151879,0.3015146952475,0.0000001787187
63367,0.2437531547463,3.6913827626592,0.0806199259656,0.6012406607326,0.3015130231211,0.0000001787187
63384,0.2437571601614,3.6914434204194,0.0806199259656,0.6012042853638,0.3015008902212,0.0000001787187
63394,0.2437544346359,3.6914021452286,0.0806286966702,0.6011833782234,0.3014965982175,0.0000001787187
63404,0.2437552206127,3.6914140480133,0.0805818626500,0.6012339644444,0.3014947614257,0.0000001787187
63424,0.2437539620394,3.6913949882567,0.0805790529393,0.6011553199315,0.3014652002437,0.0000001751444
63467,0.2437436368945,3.6912386248983,0.0805790529393,0.6011208071588,0.3014506617224,0.0000001751444
63475,0.2437418933562,3.6912122208619,0.0805713785727,0.5980788567123,0.3003605882190,0.0000001751444
63509,0.2437420137175,3.6912140436064,0.0804537453531,0.5981002478493,0.3003178394656,0.0000001751444
63511,0.2437469154437,3.6912882750459,0.0804069113329,0.5981306464599,0.3003096747591,0.0000001751444
63514,0.2437499151742,3.6913337027799,0.0803790401050,0.5981279954590,0.3002974259605,0.0000001751444
63518,0.2437447826763,3.6912559765480,0.0804133516305,0.5980861598711,0.3002960897977,0.0000001751444
63525,0.2437518761406,3.6913633995343,0.0803665176102,0.5980638007518,0.3002695527030,0.0000001751444
63556,0.2437580817463,3.6914573768439,0.0803224933007,0.5980623641921,0.3002515018574,0.0000001716415
63574,0.2437507364000,3.6913461393720,0.0802756592804,0.5981219242991,0.3002511275984,0.0000001716415
63598,0.2437520858110,3.6913665747690,0.0802756592804,0.5979873287345,0.3002033469134,0.0000001716415
63678,0.2437453031781,3.6912638589950,0.0802913330585,0.5977401439559,0.3001203305475,0.0000001682086
63691,0.2437441689197,3.6912466818551,0.0802913330585,0.5976855620853,0.3001005939669,0.0000001682086
63697,0.2437472561713,3.6912934350038,0.0802913330585,0.5976121962240,0.3000750534275,0.0000001682086
63709,0.2437467943351,3.6912864409849,0.0802646958996,0.5974564374701,0.3000079104110,0.0000001682086
63735,0.2437427429782,3.6912250874851,0.0802178618794,0.5973643138827,0.2999540692589,0.0000001682086
63764,0.2437363579514,3.6911283930320,0.0802178618794,0.5970757475302,0.2998496416273,0.0000001648445
63768,0.2437476308221,3.6912991086927,0.0801710278592,0.5971178124640,0.2998470087101,0.0000001648445
63805,0.2437443438651,3.6912493312174,0.0801241938389,0.5971440608925,0.2998356070780,0.0000001648445
63838,0.2437400928739,3.6911849544695,0.0801052310466,0.5971367412770,0.2998239550919,0.0000001648445
63878,0.2437451675733,3.6912618054045,0.0801008456943,0.5971370007753,0.2998232557687,0.0000001615476
63889,0.2437415614873,3.6912071950603,0.0799832124746,0.5971935990452,0.2997922824669,0.0000001615476
63901,0.2437316097640,3.6910564867748,0.0799363784544,0.5971910473457,0.2997691669105,0.0000001615476
63915,0.2437360063438,3.6911230683093,0.0798187452348,0.5972182335091,0.2997294041418,0.0000001615476
63975,0.2437362466633,3.6911267076927,0.0798187452348,0.5971472028201,0.2997040875357,0.0000001615476
63979,0.2437317512186,3.6910586289553,0.0798355153510,0.5970315014245,0.2996689894917,0.0000001615476
63985,0.2437411797273,3.6912014137102,0.0797368449237,0.5969877276285,0.2996130890619,0.0000001583166
64002,0.2437445329902,3.6912521953167,0.0796403671725,0.5970941035109,0.2996104513972,0.0000001583166
64009,0.2437443048786,3.6912487408085,0.0796469452010,0.5970639269773,0.2996024443377,0.0000001583166
64034,0.2437402745812,3.6911877062322,0.0796937792213,0.5969241053609,0.2995717161340,0.0000001583166
64047,0.2437294303578,3.6910234819813,0.0796937792213,0.5969304255953,0.2995716495984,0.0000001583166
64053,0.2437248399161,3.6909539646149,0.0796051300953,0.5969751496586,0.2995486463295,0.0000001583166
64055,0.2437265477030,3.6909798272355,0.0794874968757,0.5969696493355,0.2994966336458,0.0000001583166
64056,0.2437165832446,3.6908289260901,0.0793698636561,0.5970558295255,0.2994748628070,0.0000001583166
64076,0.2437152002787,3.6908079825403,0.0793040668435,0.5970678573138,0.2994506634619,0.0000001583166
64080,0.2437189118937,3.6908641910090,0.0793040668435,0.5969541606328,0.2994108528504,0.0000001583166
64081,0.2437214016460,3.6909018956643,0.0793040668435,0.5969281344901,0.2994020913178,0.0000001583166
64092,0.2437170597208,3.6908361418172,0.0793040668435,0.5968754512363,0.2993823454575,0.0000001583166
64124,0.2437160495957,3.6908208445439,0.0793040668435,0.5968522948626,0.2993738588686,0.0000001551503
64141,0.2437225048188,3.6909186020462,0.0791864336239,0.5968725668837,0.2993320679013,0.0000001551503
64164,0.2437189733935,3.6908651223578,0.0791864336239,0.5968362954054,0.2993183570679,0.0000001551503
64175,0.2437236308523,3.6909356546282,0.0791864336239,0.5967757123945,0.2992977183052,0.0000001551503
64220,0.2437207850501,3.6908925579749,0.0791395996037,0.5968263339131,0.2992951158813,0.0000001520473
64223,0.2437218899167,3.6909092900056,0.0790927655834,0.5967927120721,0.2992632731151,0.0000001520473
64227,0.2437205154539,3.6908884752255,0.0790459315632,0.5968325544669,0.2992571362911,0.0000001520473
64242,0.2437211052323,3.6908974067940,0.0790459315632,0.5968214466539,0.2992532955961,0.0000001520473
64250,0.2437289155518,3.6910156857913,0.0789990975430,0.5968345643922,0.2992395824196,0.0000001520473
64257,0.2437223701613,3.6909165628009,0.0789931365490,0.5968363678658,0.2992362692219,0.0000001520473
64292,0.2437259662954,3.6909710224338,0.0789931365490,0.5968173678551,0.2992302541040,0.0000001520473
64296,0.2437192502761,3.6908693154517,0.0788755033294,0.5968186420555,0.2991788557916,0.0000001520473
64300,0.2437293662315,3.6910225108568,0.0788498247776,0.5967608736692,0.2991493868362,0.0000001520473
64302,0.2437381484508,3.6911555082456,0.0787321915580,0.5968356793000,0.2991275708000,0.0000001520473
64316,0.2437499818367,3.6913347123121,0.0787321915580,0.5968025693195,0.2991182815325,0.0000001520473
64334,0.2437481371285,3.6913067761653,0.0786848782342,0.5967996638335,0.2990965714256,0.0000001490063
64347,0.2437434815517,3.6912362723965,0.0786848782342,0.5968020201207,0.2990964153331,0.0000001490063
64357,0.2437427367752,3.6912249935475,0.0786380442140,0.5967568262937,0.2990600433627,0.0000001490063
64360,0.2437458917132,3.6912727717346,0.0785912101937,0.5967300946371,0.2990311006777,0.0000001490063
64384,0.2437401625408,3.6911860094997,0.0785912101937,0.5967185278432,0.2990257420001,0.0000001490063
64385,0.2437448287838,3.6912566747965,0.0786223704359,0.5966420838353,0.2990127948674,0.0000001490063
64397,0.2437487201579,3.6913156055256,0.0786223704359,0.5966165664470,0.2990045153803,0.0000001490063
64407,0.2437533270209,3.6913853715758,0.0787400036555,0.5937080176164,0.2980171493627,0.0000001490063
64451,0.2437508643962,3.6913480777396,0.0787400036555,0.5936579337258,0.2979987345536,0.0000001460262
64469,0.2437516823447,3.6913604647006,0.0787400036555,0.5936377500299,0.2979917013655,0.0000001460262
64490,0.2437631135541,3.6915335782320,0.0786223704359,0.5935866644297,0.2979254918162,0.0000001460262
64499,0.2437636976072,3.6915424230960,0.0786173680490,0.5935844989237,0.2979226996953,0.0000001460262
64501,0.2437678908065,3.6916059246483,0.0784997348294,0.5935448803787,0.2978590345207,0.0000001460262
64506,0.2437701204937,3.6916396908941,0.0784997348294,0.5935184893780,0.2978500869534,0.0000001460262
64517,0.2437699328099,3.6916368486214,0.0784098351068,0.5935135064608,0.2978097386696,0.0000001460262
64519,0.2437752972110,3.6917180867815,0.0784098351068,0.5934676404049,0.2977945074499,0.0000001460262
64544,0.2437768838369,3.6917421145462,0.0783630010866,0.5934295922780,0.2977611871014,0.0000001460262
64593,0.2437746470772,3.6917082411956,0.0782453678669,0.5935491916734,0.2977530076286,0.0000001431057
64603,0.2437764640519,3.6917357573481,0.0782453678669,0.5935387277572,0.2977496598674,0.0000001431057
64609,0.2437724021191,3.6916742436877,0.0781985338467,0.5935969147717,0.2977494988068,0.0000001431057
64652,0.2437739787592,3.6916981202289,0.0781516998265,0.5936468593791,0.2977476022952,0.0000001431057
64668,0.2437766241667,3.6917381821171,0.0781516998265,0.5936288759321,0.2977417465085,0.0000001402436
64674,0.2437727256658,3.6916791434597,0.0780641305109,0.5937098697738,0.2977323077808,0.0000001402436
64680,0.2437696153226,3.6916320406137,0.0780641305109,0.5937033864991,0.2977293258235,0.0000001402436
64681,0.2437686673481,3.6916176845461,0.0780641305109,0.5936769967777,0.2977196977856,0.0000001402436
64718,0.2437663687474,3.6915828746787,0.0780641305109,0.5934395789275,0.2976344131389,0.0000001402436
64725,0.2437688939852,3.6916211167238,0.0780641305109,0.5933495520793,0.2976028018155,0.0000001402436
64728,0.2437671701159,3.6915950105546,0.0780172964907,0.5933363538261,0.2975776470302,0.0000001402436
64756,0.2437705550573,3.6916462718979,0.0780222988775,0.5933256436655,0.2975766911974,0.0000001402436
64769,0.2437827769007,3.6918313587415,0.0779814258513,0.5932741883518,0.2975434162549,0.0000001402436
64803,0.2437825586938,3.6918280542291,0.0780282598715,0.5929216421017,0.2974375318442,0.0000001374387
64804,0.2437886073357,3.6919196544908,0.0779992757778,0.5928874853221,0.2974142073774,0.0000001374387
64838,0.2437910626593,3.6919568377603,0.0779524417576,0.5928906330419,0.2973957859809,0.0000001374387
64857,0.2437879065696,3.6919090421317,0.0778778742403,0.5929302210165,0.2973772907309,0.0000001374387
64906,0.2437840141783,3.6918500959975,0.0778778742403,0.5929118283321,0.2973698878313,0.0000001346899
64957,0.2437829643096,3.6918341968511,0.0778543883648,0.5929156380093,0.2973609580831,0.0000001346899
64959,0.2437922172469,3.6919743227635,0.0777367551452,0.5930395306234,0.2973567739806,0.0000001346899
64987,0.2438060475936,3.6921837686817,0.0776899211249,0.5929912282538,0.2973224150571,0.0000001346899
65039,0.2438041525115,3.6921550696748,0.0775722879053,0.5930115580941,0.2972788553883,0.0000001319961
65042,0.2438157428837,3.6923305935584,0.0775254538851,0.5924485833757,0.2970602049171,0.0000001319961
65043,0.2438091267323,3.6922303989682,0.0775254538851,0.5917370691438,0.2968046749447,0.0000001319961
65049,0.2438061186922,3.6921848453943,0.0774786198648,0.5917876906625,0.2968020377556,0.0000001319961
65050,0.2438036211178,3.6921470222811,0.0773609866452,0.5919212669674,0.2967987941473,0.0000001319961
65055,0.2438030910868,3.6921389955242,0.0773609866452,0.5919132699303,0.2967958244845,0.0000001319961
65076,0.2438018992278,3.6921209460856,0.0773609866452,0.5917866562186,0.2967503499034,0.0000001319961
65083,0.2438061135719,3.6921847678534,0.0773407897839,0.5917809269537,0.2967405510134,0.0000001319961
65086,0.2438062694331,3.6921871282050,0.0772231565643,0.5918391499760,0.2967109641118,0.0000001319961
65127,0.2438065076604,3.6921907359043,0.0772171955703,0.5918244784466,0.2967032206168,0.0000001293562
65131,0.2438159336573,3.6923334826215,0.0772171955703,0.5916077147681,0.2966278248738,0.0000001293562
65145,0.2438165606609,3.6923429779258,0.0771703615500,0.5916052435115,0.2966070049172,0.0000001293562
65150,0.2438273286694,3.6925060479826,0.0771121013731,0.5915920181879,0.2965796203705,0.0000001293562
65190,0.2438212907410,3.6924146099673,0.0771121013731,0.5914862543401,0.2965405537259,0.0000001293562
65201,0.2438218653438,3.6924233117161,0.0770843678761,0.5914874090587,0.2965292034701,0.0000001293562
65202,0.2438261938128,3.6924888617840,0.0770843678761,0.5888467635342,0.2955870433119,0.0000001293562
65203,0.2438243320716,3.6924606676909,0.0770375338559,0.5888516182960,0.2955683064879,0.0000001293562
65205,0.2438254264813,3.6924772413639,0.0769906998357,0.5888786426091,0.2955581208217,0.0000001293562
65224,0.2438239440963,3.6924547922159,0.0769906998357,0.5888545103273,0.2955491844957,0.0000001293562
65225,0.2438224821551,3.6924326526689,0.0770303387929,0.5887464499410,0.2955272663520,0.0000001293562
65230,0.2438194103026,3.6923861327233,0.0769835047727,0.5887964219293,0.2955243835136,0.0000001267691
65244,0.2438160904291,3.6923358567636,0.0768936050501,0.5888593814864,0.2955076292157,0.0000001267691
65263,0.2438103899330,3.6922495288021,0.0768936050501,0.5888370593123,0.2954984354758,0.0000001267691
65274,0.2438143632353,3.6923097002473,0.0767759718304,0.5888740417092,0.2954620806596,0.0000001267691
65279,0.2438169182030,3.6923483925206,0.0767493346715,0.5887446027487,0.2954049840273,0.0000001267691
65287,0.2438184707556,3.6923719042823,0.0767493346715,0.5885510238052,0.2953361813801,0.0000001267691
65295,0.2438143870685,3.6923100611760,0.0767493346715,0.5885510238052,0.2953353063043,0.0000001267691
65323,0.2438180061784,3.6923648687534,0.0767192707675,0.5883119662805,0.2952378196102,0.0000001267691
65330,0.2438193563770,3.6923853160785,0.0766724367472,0.5883461566597,0.2952302480652,0.0000001267691
65349,0.2438158080347,3.6923315802005,0.0766256027270,0.5883285292952,0.2952031204959,0.0000001242337
65378,0.2438148967264,3.6923177794038,0.0766130637045,0.5883207869451,0.2951947862237,0.0000001242337
65381,0.2438192887081,3.6923842913048,0.0766130637045,0.5882636151142,0.2951753088516,0.0000001242337
65394,0.2438211789091,3.6924129163918,0.0766130637045,0.5882477166786,0.2951700358820,0.0000001242337
65399,0.2438228678448,3.6924384935299,0.0766130637045,0.5882208785907,0.2951608127654,0.0000001242337
65402,0.2438263251371,3.6924908505510,0.0765662296843,0.5849589145254,0.2939764947246,0.0000001242337
65410,0.2438302712506,3.6925506102514,0.0766838629039,0.5847544097932,0.2939547171530,0.0000001242337
65414,0.2438142702157,3.6923082915638,0.0766370288837,0.5848034496688,0.2939487308781,0.0000001242337
65464,0.2438176083582,3.6923588441890,0.0765973899264,0.5847564281388,0.2939156646662,0.0000001217490
65486,0.2438241353288,3.6924576882301,0.0764797567068,0.5848860123704,0.2939129291485,0.0000001217490
65498,0.2438190954411,3.6923813644808,0.0764797567068,0.5848761376295,0.2939083224794,0.0000001217490
65521,0.2438150502001,3.6923201035999,0.0764797567068,0.5848496355293,0.2938979906063,0.0000001217490
65529,0.2438124447739,3.6922806471861,0.0764797567068,0.5848241695167,0.2938883372962,0.0000001217490
65532,0.2438132652187,3.6922930719522,0.0764797567068,0.5847463710635,0.2938607279439,0.0000001217490
65608,0.2438196895162,3.6923903611178,0.0764797567068,0.5847240350676,0.2938541274377,0.0000001193141
65621,0.2438164127745,3.6923407383433,0.0764329226866,0.5847530277862,0.2938437080982,0.0000001193141
65656,0.2438140918898,3.6923055910075,0.0763898569842,0.5847218774187,0.2938136289048,0.0000001193141
65672,0.2438083453025,3.6922185650433,0.0763898569842,0.5847216535689,0.2938123175469,0.0000001193141
65697,0.2438031214898,3.6921394559463,0.0763430229640,0.5846472644195,0.2937645588822,0.0000001169278
65706,0.2438129940125,3.6922889648216,0.0763430229640,0.5845944507901,0.2937478124123,0.0000001169278
65718,0.2438126614346,3.6922839282829,0.0762961889437,0.5845770657483,0.2937214604791,0.0000001169278
65719,0.2438165431358,3.6923427125260,0.0762961889437,0.5837211926126,0.2934166232952,0.0000001169278
65726,0.2438159834380,3.6923342364980,0.0762961889437,0.5836908026521,0.2934056498026,0.0000001169278
65733,0.2438140978590,3.6923056814054,0.0762961889437,0.5836648031472,0.2933959602125,0.0000001169278
65735,0.2438134260961,3.6922955082687,0.0761785557241,0.5836304080237,0.2933331180537,0.0000001169278
65744,0.2438025467256,3.6921307517525,0.0761442441986,0.5836667567384,0.2933290635043,0.0000001169278
65747,0.2438034284945,3.6921441052068,0.0760974101784,0.5836644538994,0.2933083582894,0.0000001169278
65757,0.2438003058270,3.6920968157221,0.0760974101784,0.5805297541232,0.2921881535119,0.0000001169278
65763,0.2438039522359,3.6921520367131,0.0760974101784,0.5804724447786,0.2921684672622,0.0000001169278
65776,0.2438121610808,3.6922763509548,0.0760505761582,0.5804846585041,0.2921545166223,0.0000001169278
65778,0.2438123601048,3.6922793649630,0.0760505761582,0.5804356437440,0.2921370539988,0.0000001169278
65792,0.2438067053846,3.6921937302287,0.0760505761582,0.5804123069244,0.2921275076947,0.0000001169278
65800,0.2438009710289,3.6921068894984,0.0760037421379,0.5802883512742,0.2920619373061,0.0000001169278
65805,0.2437999973919,3.6920921448000,0.0759835452766,0.5802999618597,0.2920572195095,0.0000001145892
65839,0.2438015904576,3.6921162700886,0.0759835452766,0.5802638403905,0.2920446603561,0.0000001145892
65847,0.2438091188752,3.6922302799812,0.0759710227818,0.5801836047946,0.2920122512350,0.0000001145892
65851,0.2438070414471,3.6921988195383,0.0759241887616,0.5796061564218,0.2917855027871,0.0000001145892
65885,0.2438074466598,3.6922049560538,0.0758065555420,0.5795717612983,0.2917228914088,0.0000001145892
65894,0.2438047743260,3.6921644863960,0.0758065555420,0.5795632999327,0.2917192968496,0.0000001145892
65896,0.2437984453281,3.6920686404420,0.0757597215218,0.5795756633826,0.2917022844306,0.0000001145892
65899,0.2437910948751,3.6919573256341,0.0758065555420,0.5793835036710,0.2916521525880,0.0000001145892
65930,0.2437900105283,3.6919409043519,0.0757091191837,0.5794441101610,0.2916318069637,0.0000001122974
65987,0.2437950577171,3.6920173386695,0.0757152179086,0.5794065299814,0.2916220807507,0.0000001122974
65988,0.2437979092280,3.6920605217746,0.0757152179086,0.5793477837331,0.2916017109858,0.0000001122974
65999,0.2438063717982,3.6921886784163,0.0757152179086,0.5793251308448,0.2915954340764,0.0000001122974
66014,0.2438103992222,3.6922496694769,0.0755975846890,0.5793216336096,0.2915446338463,0.0000001122974
66029,0.2438050202894,3.6921682112503,0.0755975846890,0.5792681958882,0.2915243963174,0.0000001122974
66031,0.2437982499820,3.6920656821316,0.0755507506687,0.5793226975157,0.2915223386812,0.0000001122974
66033,0.2437948381692,3.6920140138483,0.0755164391433,0.5793363313402,0.2915117718620,0.0000001100515
66049,0.2438007433879,3.6921034421179,0.0754696051230,0.5793759530135,0.2915071161407,0.0000001100515
66074,0.2438098911536,3.6922419753178,0.0754635063981,0.5792814873770,0.2914727249096,0.0000001100515
66086,0.2437959474088,3.6920308121055,0.0753584122010,0.5792401898514,0.2914099474778,0.0000001100515
66088,0.2437931421672,3.6919883296985,0.0753986681927,0.5791138334686,0.2913814716429,0.0000001100515
66092,0.2437930664094,3.6919871824282,0.0753100190668,0.5791568788581,0.2913588362800,0.0000001100515
66100,0.2437921117592,3.6919727252635,0.0752490869101,0.5791991529464,0.2913476158193,0.0000001100515
66105,0.2437871669758,3.6918978417694,0.0751488408412,0.5791745927303,0.2912948221162,0.0000001100515
66120,0.2437903988319,3.6919467847985,0.0751956748614,0.5791097650404,0.2912924336333,0.0000001100515
66132,0.2437867453745,3.6918914570647,0.0751956748614,0.5790583296447,0.2912732809654,0.0000001100515
66145,0.2437804726911,3.6917964639337,0.0751450725234,0.5790828193087,0.2912589964112,0.0000001100515
66153,0.2437765770626,3.6917374687752,0.0751450725234,0.5790257909924,0.2912377943778,0.0000001078505
66181,0.2437745761231,3.6917071666711,0.0750274393037,0.5790381286918,0.2911913576893,0.0000001078505
66204,0.2437737549204,3.6916947304271,0.0749806052835,0.5790740901723,0.2911839533803,0.0000001078505
66239,0.2437829148992,3.6918334485826,0.0749516377175,0.5790792932432,0.2911753598013,0.0000001078505
66315,0.2437896234030,3.6919350417508,0.0749516377175,0.5783088247667,0.2909016300248,0.0000001056934
66351,0.2437889233585,3.6919244403198,0.0749984717378,0.5782448388882,0.2908986996388,0.0000001056934
66368,0.2437908870573,3.6919541784541,0.0749516377175,0.5782671807466,0.2908870279436,0.0000001056934
66378,0.2437964285351,3.6920380982529,0.0749516377175,0.5782588712596,0.2908852477292,0.0000001035796
66383,0.2437958509393,3.6920293511768,0.0749348676014,0.5782094885342,0.2908603000784,0.0000001035796
66385,0.2437956286167,3.6920259843376,0.0749348676014,0.5782054798867,0.2908588207780,0.0000001035796
66388,0.2437902501524,3.6919445332045,0.0749348676014,0.5781957435641,0.2908541909919,0.0000001035796
66394,0.2437940182195,3.6920015965810,0.0749348676014,0.5780182074451,0.2907915926780,0.0000001035796
66398,0.2437890098403,3.6919257499948,0.0749348676014,0.5779962262429,0.2907826690246,0.0000001035796
66418,0.2437872349075,3.6918988705218,0.0748880335811,0.5779515284012,0.2907462534439,0.0000001035796
66419,0.2437815289523,3.6918124598874,0.0748678367198,0.5779772922060,0.2907455763004,0.0000001035796
66433,0.2437751434396,3.6917157580777,0.0748210026996,0.5780333857540,0.2907441696633,0.0000001035796
66441,0.2437812179799,3.6918077505410,0.0747741686793,0.5780675425336,0.2907375984774,0.0000001035796
66444,0.2437841882358,3.6918527319138,0.0747273346591,0.5780006243085,0.2906942638718,0.0000001035796
66466,0.2437861884705,3.6918830233450,0.0746972707550,0.5780292908115,0.2906920459999,0.0000001035796
66486,0.2437865498355,3.6918884958345,0.0746972707550,0.5780119329224,0.2906859241892,0.0000001035796
66509,0.2437865893030,3.6918890935277,0.0746972707550,0.5779576246149,0.2906665368224,0.0000001015080
66531,0.2437941628164,3.6920037863485,0.0747315822805,0.5778771460477,0.2906541223122,0.0000001015080
66539,0.2437896461448,3.6919353861506,0.0746847482603,0.5779008000476,0.2906415305882,0.0000001015080
66556,0.2437877712623,3.6919069930468,0.0746379142400,0.5779180150788,0.2906272053301,0.0000001015080
66564,0.2437943583469,3.6920067474494,0.0746379142400,0.5779056415684,0.2906241977374,0.0000001015080
66573,0.2437824780125,3.6918268323968,0.0746379142400,0.5778989331513,0.2906192560882,0.0000001015080
66599,0.2437892819366,3.6919298706051,0.0746379142400,0.5778876326304,0.2906166781716,0.0000001015080
66624,0.2437921864866,3.6919738569318,0.0745910802198,0.5779130565201,0.2906063088128,0.0000000994778
66630,0.2438039593162,3.6921521439381,0.0745442461996,0.5750219597232,0.2895562252687,0.0000000994778
66684,0.2438043335504,3.6921578113170,0.0744974121794,0.5750261071725,0.2895377149707,0.0000000994778
66696,0.2438063001855,3.6921875939177,0.0744974121794,0.5749702962045,0.2895182039039,0.0000000994778
66731,0.2438134457394,3.6922958057459,0.0744505781591,0.5750211415730,0.2895178224313,0.0000000974883
66746,0.2438179349235,3.6923637896736,0.0744505781591,0.5749718652137,0.2895011856995,0.0000000974883
66758,0.2438110703188,3.6922598325233,0.0744974121794,0.5749029955699,0.2894951901344,0.0000000974883
66760,0.2438041954108,3.6921557193393,0.0744505781591,0.5749410064813,0.2894872205424,0.0000000974883
66777,0.2437971397606,3.6920488690080,0.0744499611246,0.5749092208310,0.2894740921560,0.0000000974883
66779,0.2438015670921,3.6921159162424,0.0744499611246,0.5749017267620,0.2894723644167,0.0000000974883
66818,0.2438001007356,3.6920937098303,0.0744031271044,0.5749052333899,0.2894532308416,0.0000000974883
66831,0.2437980512987,3.6920626732846,0.0743981247176,0.5748768277060,0.2894405029094,0.0000000974883
66832,0.2437954918235,3.6920239127488,0.0743981247176,0.5748771678764,0.2894400759398,0.0000000974883
66842,0.2437881060518,3.6919120630775,0.0743981247176,0.5748537147496,0.2894301171578,0.0000000955385
66843,0.2437907178444,3.6919516159035,0.0743981247176,0.5748179616857,0.2894179078762,0.0000000955385
66869,0.2437972233425,3.6920501347671,0.0743697741861,0.5747753441441,0.2893919311332,0.0000000955385
66887,0.2437974070267,3.6920529164682,0.0742571433533,0.5747899595564,0.2893489199273,0.0000000955385
66893,0.2437992063371,3.6920801651154,0.0742103093331,0.5747327538691,0.2893088031682,0.0000000955385
66904,0.2438029222059,3.6921364380030,0.0742571433533,0.5746464872227,0.2892988616322,0.0000000955385
66917,0.2438047898150,3.6921647209602,0.0742571433533,0.5746020562666,0.2892833936355,0.0000000955385
66955,0.2438063590405,3.6921884852144,0.0742571433533,0.5736180344138,0.2889322935222,0.0000000936277
66967,0.2438142815338,3.6923084629650,0.0741395101337,0.5737421169282,0.2889278921460,0.0000000936277
66970,0.2438076214701,3.6922076033713,0.0741395101337,0.5737308514803,0.2889224416153,0.0000000936277
66985,0.2438065531021,3.6921914240709,0.0741640923473,0.5736771077107,0.2889135537103,0.0000000936277
67001,0.2438029232310,3.6921364535267,0.0741701910722,0.5736153527021,0.2888933342598,0.0000000936277
67025,0.2437925758216,3.6919797529968,0.0741701910722,0.5736018575639,0.2888862972656,0.0000000936277
67028,0.2437945881380,3.6920102273917,0.0741233570520,0.5736134065054,0.2888707813752,0.0000000936277
67045,0.2438037665428,3.6921492245895,0.0740824840257,0.5736519964996,0.2888690133058,0.0000000936277
67061,0.2438086758002,3.6922235700808,0.0740356500055,0.5737042304250,0.2888686485399,0.0000000936277
67090,0.2438249530990,3.6924700724918,0.0739888159853,0.5735762488264,0.2888063570958,0.0000000917552
67091,0.2438222407593,3.6924289969862,0.0739419819651,0.5736166056876,0.2888001173219,0.0000000917552
