0,0.2063240533919,3.124558757017,0.5553584234398,0.3201241934734,0.3965531191558,1000
1,0.2063340605561,3.124710304895,0.5553584234398,0.3201118228918,0.3965508454833,1000.0000000000000
2,0.2063394217701,3.1247914947892,0.5553584234398,0.3200238840274,0.3965205875776,1000.0000000000000
3,0.2063321689258,3.1246816581626,0.5553584234398,0.3198549542285,0.3964587013256,980.0000000000000
5,0.2063471767044,3.1249089350367,0.5552407902202,0.3198329513750,0.3964036448793,960.4000000000000
300,0.2067328174797,3.1307490551857,0.5509167116257,0.3246554546996,0.3963554282637,274.4535447271485
301,0.2067342372050,3.1307705554186,0.5509167116257,0.3246424686505,0.3963510946158,274.4535447271485
302,0.2067416492393,3.1308828028098,0.5509167116257,0.3245192800413,0.3963086869770,274.4535447271485
303,0.2067275914468,3.1306699124657,0.5509167116257,0.3243849764935,0.3962577090402,274.4535447271485
304,0.2067173055411,3.1305141433433,0.5509635456459,0.3243307111457,0.3962561961591,274.4535447271485
305,0.2067241236238,3.1306173959687,0.5509635456459,0.3243166382618,0.3962526311469,274.4535447271485
311,0.2067356286959,3.1307916280712,0.5510811788656,0.3240044731374,0.3961940232120,268.9644738326056
312,0.2067459971606,3.1309486474630,0.5510343448453,0.3240278721616,0.3961845300973,268.9644738326056
313,0.2067506774492,3.1310195254647,0.5509167116257,0.3234964304826,0.3959453181796,268.9644738326056
314,0.2067526851860,3.1310499305067,0.5509167116257,0.3231828994577,0.3958337730429,263.5851843559535
315,0.2067527188253,3.1310504399382,0.5509167116257,0.3231442213227,0.3958199666317,263.5851843559535
316,0.2067599780843,3.1311603737090,0.5509167116257,0.3229855097683,0.3957648394892,263.5851843559535
317,0.2067528851635,3.1310529589534,0.5508698776055,0.3229838988413,0.3957426725236,263.5851843559535
320,0.2067759955442,3.1314029411356,0.5507522443859,0.3228809122786,0.3956604295958,263.5851843559535
326,0.2067841834657,3.1315269385147,0.5505877771460,0.3227797155534,0.3955555565029,258.3134806688344
327,0.2067914394745,3.1316368230656,0.5505877771460,0.3220683493406,0.3953030520002,258.3134806688344
328,0.2067855585146,3.1315477621700,0.5506346111662,0.3219339990004,0.3952738812531,258.3134806688344
329,0.2067823842780,3.1314996917264,0.5506814451865,0.3218047042016,0.3952470960686,258.3134806688344
330,0.2067845460218,3.1315324290427,0.5506814451865,0.3217912642846,0.3952427593291,253.1472110554577
331,0.2067985355382,3.1317442854169,0.5506814451865,0.3213426711662,0.3950855452546,253.1472110554577
332,0.2067959310861,3.1317048437542,0.5506814451865,0.3211589621425,0.3950193767921,253.1472110554577
333,0.2068029402529,3.1318109901442,0.5505638119668,0.3212553858372,0.3950049015532,253.1472110554577
334,0.2068046303554,3.1318365849534,0.5505638119668,0.3212273431981,0.3949952484899,253.1472110554577
335,0.2067956531724,3.1317006350459,0.5505169779466,0.3212826021080,0.3949929884098,253.1472110554577
336,0.2067990506002,3.1317520854842,0.5504701439264,0.3211249386787,0.3949173363394,253.1472110554577
57427,0.2440768000009,3.6962840264618,0.0977948883893,0.8419008044824,0.3948931251965,0.0000005320617
57429,0.2440745007047,3.6962492060618,0.0977724988518,0.8418962986243,0.3948814277390,0.0000005320617
57438,0.2440722015109,3.6962143872134,0.0977724988518,0.8417126167143,0.3948153343725,0.0000005320617
57458,0.2440814117541,3.6963538665680,0.0977724988518,0.8412723840470,0.3946600820434,0.0000005320617
57464,0.2440896446303,3.6964785447382,0.0977306672184,0.8411466102163,0.3945989991630,0.0000005320617
57466,0.2440826954221,3.6963733063570,0.0977306672184,0.8411470588955,0.3945976702896,0.0000005320617
57475,0.2440795485695,3.6963256506164,0.0977621525055,0.8410536721954,0.3945771372656,0.0000005320617
57478,0.2440817157700,3.6963584705669,0.0977377080227,0.8410556715282,0.3945678395062,0.0000005320617
57479,0.2440859047100,3.6964219076167,0.0976200748031,0.8411642621044,0.3945571052479,0.0000005320617
57480,0.2440866124245,3.6964326252007,0.0975024415835,0.8412814291348,0.3945486880320,0.0000005320617
57484,0.2440769195641,3.6962858371205,0.0975024415835,0.8412856468296,0.3945481173101,0.0000005214205
57485,0.2440749255645,3.6962556401131,0.0973848083638,0.8413400384519,0.3945167013669,0.0000005214205
57488,0.2440659254750,3.6961193433111,0.0973848083638,0.8412065042062,0.3944670819742,0.0000005214205
57504,0.2440657444504,3.6961166018859,0.0972671751442,0.8412662843608,0.3944379790015,0.0000005214205
57510,0.2440709733167,3.6961957875159,0.0972203411240,0.8412058433627,0.3943974416791,0.0000005214205
57513,0.2440671818808,3.6961383702443,0.0972203411240,0.8412013203221,0.3943950138569,0.0000005214205
57520,0.2440667963041,3.6961325310940,0.0972203411240,0.8411934191444,0.3943921093842,0.0000005214205
57537,0.2440732814341,3.6962307415031,0.0973027207387,0.8410348455725,0.3943721711855,0.0000005214205
57538,0.2440678801426,3.6961489446782,0.0972558867185,0.8410859746472,0.3943692024268,0.0000005214205
57549,0.2440645568307,3.6960986166470,0.0971382534988,0.8410452493662,0.3943035313083,0.0000005214205
57555,0.2440649779549,3.6961049941251,0.0971382534988,0.8401677205253,0.3939902183917,0.0000005214205
57562,0.2440578532703,3.6959970983409,0.0971382534988,0.8401460162177,0.3939809401352,0.0000005214205
57563,0.2440560849622,3.6959703191914,0.0971382534988,0.8400090656966,0.3939316503116,0.0000005214205
57564,0.2440505006544,3.6958857507788,0.0971382534988,0.8398324115952,0.3938673629237,0.0000005214205
57577,0.2440456270641,3.6958119454280,0.0971382534988,0.8397926739576,0.3938521265695,0.0000005214205
57584,0.2440546177450,3.6959480997449,0.0971382534988,0.8395892602014,0.3937814053739,0.0000005214205
57595,0.2440508320604,3.6958907695712,0.0971382534988,0.8394591616095,0.3937341303730,0.0000005109921
57605,0.2440410369504,3.6957424330284,0.0970914194786,0.8393883681285,0.3936866763118,0.0000005109921
57620,0.2440406143216,3.6957360327633,0.0970445854584,0.8392109475853,0.3936031495458,0.0000005109921
57631,0.2440398987478,3.6957251961582,0.0969977514381,0.8391573402996,0.3935637790264,0.0000005109921
57646,0.2440462325778,3.6958211152901,0.0969977514381,0.8388834289848,0.3934673108062,0.0000005109921
57650,0.2440480737573,3.6958489979984,0.0969753619006,0.8388599584412,0.3934497274916,0.0000005109921
57651,0.2440458572467,3.6958154312980,0.0969509174179,0.8388294341340,0.3934278747798,0.0000005109921
57680,0.2440387664315,3.6957080484298,0.0968332841983,0.8388996264613,0.3934010097708,0.0000005109921
57697,0.2440419009028,3.6957555166694,0.0967864501781,0.8387461951689,0.3933268128301,0.0000005007722
57704,0.2440459273679,3.6958164932095,0.0966688169584,0.8388197664895,0.3933035368787,0.0000005007722
57719,0.2440415084138,3.6957495728407,0.0966464274209,0.8386427131023,0.3932297610913,0.0000005007722
57726,0.2440483564624,3.6958532792670,0.0966464274209,0.8384875976788,0.3931758301648,0.0000005007722
57736,0.2440472574413,3.6958366357591,0.0965287942013,0.8385374361838,0.3931429798894,0.0000005007722
57741,0.2440519453119,3.6959076285823,0.0964819601811,0.8385528302890,0.3931294106048,0.0000005007722
57750,0.2440537099754,3.6959343525380,0.0964819601811,0.8378482680958,0.3928781593923,0.0000005007722
57755,0.2440490331895,3.6958635275799,0.0964819601811,0.8377893503680,0.3928561151782,0.0000005007722
57759,0.2440462614318,3.6958215522524,0.0964819601811,0.8377890117883,0.3928554003088,0.0000005007722
57763,0.2440521761169,3.6959111238801,0.0964819601811,0.8375329568606,0.3927652195529,0.0000005007722
57773,0.2440585970408,3.6960083619553,0.0964819601811,0.8372723029184,0.3926735047715,0.0000005007722
57788,0.2440597408727,3.6960256840757,0.0964819601811,0.8372530396343,0.3926668701340,0.0000005007722
57803,0.2440690313556,3.6961663785770,0.0965287942013,0.8370915935605,0.3926312733627,0.0000004907568
57809,0.2440721086936,3.6962129815927,0.0965287942013,0.8370623013416,0.3926214712855,0.0000004907568
57813,0.2440755294809,3.6962647857863,0.0965287942013,0.8368967248063,0.3925630698345,0.0000004907568
57814,0.2440731353387,3.6962285290431,0.0964819601811,0.8367321778708,0.3924837183183,0.0000004907568
57818,0.2440766781938,3.6962821818227,0.0964351261609,0.8364454974237,0.3923620199046,0.0000004907568
57820,0.2440781161599,3.6963039582925,0.0963882921406,0.8364078290723,0.3923288033346,0.0000004907568
57838,0.2440833645189,3.6963834391187,0.0962706589210,0.8364607923584,0.3922984292053,0.0000004907568
57846,0.2440890615935,3.6964697152660,0.0962238249008,0.8335184262321,0.3912287332390,0.0000004907568
57848,0.2440787809020,3.6963140251072,0.0962238249008,0.8335113216081,0.3912239928679,0.0000004907568
57853,0.2440811107495,3.6963493081727,0.0961769908805,0.8335153814357,0.3912058703364,0.0000004907568
57870,0.2440830181797,3.6963781941787,0.0961769908805,0.8334645321503,0.3911881186124,0.0000004907568
57879,0.2440802411088,3.6963361383889,0.0961769908805,0.8332475175122,0.3911100182979,0.0000004907568
57911,0.2440816189045,3.6963570036421,0.0961769908805,0.8331204918704,0.3910649472392,0.0000004809416
57920,0.2440850833364,3.6964094687848,0.0960593576609,0.8331857904121,0.3910385962882,0.0000004809416
57921,0.2440884031249,3.6964597434573,0.0960125236407,0.8330370254937,0.3909661056205,0.0000004809416
57923,0.2440833444686,3.6963831354773,0.0960125236407,0.8329856220600,0.3909466632536,0.0000004809416
57939,0.2440819628285,3.6963622120058,0.0959656896205,0.8329711569204,0.3909211293436,0.0000004809416
57954,0.2440800363791,3.6963330379745,0.0959450134555,0.8329912294308,0.3909190240732,0.0000004809416
57956,0.2440816365986,3.6963572715995,0.0959450134555,0.8329750059706,0.3909135728844,0.0000004809416
57963,0.2440868063159,3.6964355614805,0.0959450134555,0.8328287926885,0.3908624616517,0.0000004809416
57965,0.2440865712338,3.6964320014114,0.0959450134555,0.8326772486583,0.3908082884090,0.0000004809416
57982,0.2440868774440,3.6964366386393,0.0958981794353,0.8317413160771,0.3904540206664,0.0000004809416
57983,0.2440814746770,3.6963548194695,0.0958981794353,0.8312042417692,0.3902610506778,0.0000004809416
57995,0.2440828284712,3.6963753212444,0.0958981794353,0.8310060005837,0.3901905403531,0.0000004809416
57999,0.2440858665641,3.6964213299368,0.0958981794353,0.8309763460862,0.3901806004811,0.0000004809416
58016,0.2440934480481,3.6965361434629,0.0958513454151,0.8310140883022,0.3901756327247,0.0000004809416
58040,0.2440867238582,3.6964343127459,0.0958045113948,0.8308296592733,0.3900882525936,0.0000004713228
58043,0.2440966426431,3.6965845222128,0.0957576773746,0.8307489540687,0.3900414830372,0.0000004713228
58057,0.2441018691248,3.6966636717302,0.0957576773746,0.8306744259963,0.3900159858288,0.0000004713228
58066,0.2441071419449,3.6967435229930,0.0957576773746,0.8304853942530,0.3899496043819,0.0000004713228
58070,0.2441068944528,3.6967397749882,0.0957576773746,0.8298403718182,0.3897191861926,0.0000004713228
58081,0.2441147225449,3.6968583231328,0.0956400441550,0.8298384150065,0.3896697505427,0.0000004713228
58082,0.2441131644348,3.6968347272101,0.0956400441550,0.8297923044799,0.3896529486167,0.0000004713228
58092,0.2441130398703,3.6968328408123,0.0955932101348,0.8298318613699,0.3896469776621,0.0000004713228
58094,0.2441161478889,3.6968799084540,0.0955932101348,0.8295609564261,0.3895508919004,0.0000004713228
58108,0.2441067280877,3.6967372555649,0.0955708205973,0.8295701855952,0.3895425739873,0.0000004713228
58113,0.2441060064832,3.6967263276311,0.0955708205973,0.8294622860578,0.3895038838087,0.0000004713228
58157,0.2441098419851,3.6967844122356,0.0955708205973,0.8282851709961,0.3890843074657,0.0000004618964
58166,0.2441130316478,3.6968327162919,0.0955708205973,0.8254616398530,0.3880765869851,0.0000004618964
58180,0.2441149227673,3.6968613552883,0.0955708205973,0.8252561330228,0.3880035969285,0.0000004618964
58184,0.2441142935462,3.6968518264027,0.0956176546175,0.8251558349893,0.3879877130921,0.0000004618964
58193,0.2441044873945,3.6967033226449,0.0956176546175,0.8251032620734,0.3879668357325,0.0000004618964
58195,0.2441014866327,3.6966578792937,0.0955708205973,0.8250645873428,0.3879323085854,0.0000004618964
58196,0.2441036190948,3.6966901731687,0.0955239865770,0.8250094348312,0.3878929964930,0.0000004618964
58201,0.2441027198036,3.6966765543586,0.0954771525568,0.8247964209478,0.3877966556779,0.0000004618964
58206,0.2441101494539,3.6967890685237,0.0954303185366,0.8247384469461,0.3877574710222,0.0000004618964
58222,0.2441218081783,3.6969656275282,0.0953126853169,0.8247964209478,0.3877302600840,0.0000004618964
58223,0.2441166097712,3.6968869031720,0.0953126853169,0.8247492119071,0.3877122857679,0.0000004618964
58250,0.2441186901927,3.6969184089465,0.0951950520973,0.8248211679161,0.3876880159102,0.0000004526584
58265,0.2441229864981,3.6969834719314,0.0951482180771,0.8218991101897,0.3866252727790,0.0000004526584
58271,0.2441285641734,3.6970679399019,0.0951013840569,0.8217401477699,0.3865496239793,0.0000004526584
58298,0.2441326388038,3.6971296458547,0.0951013840569,0.8217092588444,0.3865394653553,0.0000004526584
58301,0.2441281957204,3.6970623600733,0.0951013840569,0.8215993120301,0.3864992465466,0.0000004526584
58315,0.2441237573348,3.6969951454351,0.0951013840569,0.8212609394162,0.3863774481019,0.0000004526584
58334,0.2441230478550,3.6969844011166,0.0949837508372,0.8212827285220,0.3863346636570,0.0000004526584
58352,0.2441220050952,3.6969686096257,0.0948661176176,0.8213171334373,0.3862963134413,0.0000004436053
58363,0.2441212302530,3.6969568754628,0.0948661176176,0.8212925075925,0.3862873524591,0.0000004436053
58393,0.2441200370987,3.6969388064088,0.0948661176176,0.8210328985477,0.3861943792672,0.0000004436053
58399,0.2441195465564,3.6969313776660,0.0948661176176,0.8202319219735,0.3859082110888,0.0000004436053
58401,0.2441152885742,3.6968668950452,0.0947832586993,0.8192659718943,0.3855268055279,0.0000004436053
58412,0.2441178057724,3.6969050153400,0.0947832586993,0.8190900837834,0.3854645277450,0.0000004436053
58418,0.2441232086311,3.6969868358998,0.0947832586993,0.8189362494620,0.3854107446714,0.0000004436053
58426,0.2441273530013,3.6970495979871,0.0947832586993,0.8163539958672,0.3844893993240,0.0000004436053
58437,0.2441246931445,3.6970093172798,0.0947364246791,0.8162946526284,0.3844475636179,0.0000004436053
58457,0.2441236585116,3.6969936488622,0.0947716782840,0.8162270143539,0.3844382940720,0.0000004347332
58473,0.2441235008098,3.6969912606360,0.0948185123043,0.8160217862546,0.3843850362520,0.0000004347332
58474,0.2441218134366,3.6969657071598,0.0948185123043,0.8158571878600,0.3843258895311,0.0000004347332
58475,0.2441101921825,3.6967897156039,0.0947716782840,0.8159139957002,0.3843236160538,0.0000004347332
58491,0.2441108042280,3.6967989843825,0.0947716782840,0.8158847873879,0.3843133156663,0.0000004347332
58501,0.2441112792037,3.6968061773853,0.0946540450644,0.8158829927994,0.3842623622853,0.0000004347332
58502,0.2441062804828,3.6967304770644,0.0945364118448,0.8159531851268,0.3842359455822,0.0000004347332
58521,0.2441097861874,3.6967835672385,0.0944187786252,0.8159117726032,0.3841714923806,0.0000004347332
58524,0.2441094564581,3.6967785738392,0.0944187786252,0.8158883483120,0.3841630559061,0.0000004347332
58526,0.2441184257537,3.6969144042987,0.0944187786252,0.8156621210254,0.3840841824385,0.0000004347332
58533,0.2441186418924,3.6969176774901,0.0944187786252,0.8156423056625,0.3840771518386,0.0000004347332
58535,0.2441237168837,3.6969945328452,0.0943719446049,0.8156444842019,0.3840589456636,0.0000004347332
58548,0.2441215938569,3.6969623818589,0.0942543113853,0.8154569775461,0.3839411098295,0.0000004347332
58558,0.2441223124443,3.6969732641025,0.0942543113853,0.8153865509001,0.3839161114389,0.0000004260385
58561,0.2441248040861,3.6970109973720,0.0942074773651,0.8154374235901,0.3839147424571,0.0000004260385
58568,0.2441186099188,3.6969171932842,0.0941830328823,0.8154409550537,0.3839042001656,0.0000004260385
58588,0.2441217958939,3.6969654414946,0.0941830328823,0.8153898916471,0.3838866459437,0.0000004260385
58599,0.2441151588141,3.6968649299672,0.0941830328823,0.8145429522550,0.3835827453579,0.0000004260385
58605,0.2441199588684,3.6969376216941,0.0941361988621,0.8145253972258,0.3835574325648,0.0000004260385
58609,0.2441186130550,3.6969172407787,0.0942538320817,0.8142805995615,0.3835201306759,0.0000004260385
58613,0.2441159587293,3.6968770438332,0.0942538320817,0.8142597574281,0.3835121182728,0.0000004260385
58614,0.2441103620007,3.6967922873207,0.0941361988621,0.8142242311228,0.3834478167706,0.0000004260385
58620,0.2441068240452,3.6967387087406,0.0941361988621,0.8142112780028,0.3834424325230,0.0000004260385
58631,0.2441057098576,3.6967218355515,0.0940893648419,0.8142081086964,0.3834209901504,0.0000004260385
58640,0.2441059942791,3.6967261428139,0.0940893648419,0.8139676006470,0.3833351553660,0.0000004260385
58648,0.2441151221110,3.6968643741372,0.0940425308216,0.8139416811431,0.3833077826413,0.0000004260385
58656,0.2441193463986,3.6969283464883,0.0939248976020,0.8140411474221,0.3832937972799,0.0000004260385
58665,0.2441223377534,3.6969736473812,0.0938780635818,0.8138057285536,0.3831902883942,0.0000004260385
58667,0.2441292600188,3.6970784777427,0.0938312295616,0.8137398991119,0.3831481894989,0.0000004175177
58674,0.2441359534376,3.6971798424636,0.0938312295616,0.8136883687147,0.3831312200897,0.0000004175177
58682,0.2441375811623,3.6972044926271,0.0937843955413,0.8136895544997,0.3831119206595,0.0000004175177
58691,0.2441361696789,3.6971831172093,0.0938470410706,0.8135383487301,0.3830844642222,0.0000004175177
58695,0.2441360782556,3.6971817326999,0.0938470410706,0.8135198951429,0.3830778540646,0.0000004175177
58711,0.2441315015730,3.6971124237003,0.0938002070503,0.8135351508120,0.3830622500772,0.0000004175177
58716,0.2441322742814,3.6971241255498,0.0937533730301,0.8135703714623,0.3830549227383,0.0000004175177
58731,0.2441308798975,3.6971030090861,0.0937181194252,0.8134799592911,0.3830072251928,0.0000004175177
58754,0.2441315903867,3.6971137686898,0.0937181194252,0.8107314553295,0.3820257688828,0.0000004175177
58763,0.2441236172244,3.6969930236117,0.0936712854049,0.8107829930253,0.3820223949450,0.0000004175177
58771,0.2441237214814,3.6969946024734,0.0936712854049,0.8101029056948,0.3817795289534,0.0000004175177
58772,0.2441218934618,3.6969669190566,0.0936712854049,0.8100838348595,0.3817723262223,0.0000004175177
58781,0.2441269074918,3.6970428512189,0.0936244513847,0.8101259591512,0.3817683733243,0.0000004091674
58793,0.2441320545216,3.6971207975201,0.0935776173645,0.8101619501039,0.3817622584479,0.0000004091674
58794,0.2441323591056,3.6971254101214,0.0935776173645,0.8096203011526,0.3815688776619,0.0000004091674
58795,0.2441225571842,3.6969769704279,0.0935776173645,0.8096199017740,0.3815666346150,0.0000004091674
58803,0.2441246726550,3.6970090069877,0.0935307833442,0.8096093994814,0.3815432653884,0.0000004091674
58807,0.2441291363012,3.6970766041705,0.0934131501246,0.8096223927541,0.3814984481015,0.0000004091674
58811,0.2441246518392,3.6970086917537,0.0932955169050,0.8095802684624,0.3814320285185,0.0000004091674
58824,0.2441210817803,3.6969546270025,0.0932955169050,0.8094501698705,0.3813847997231,0.0000004091674
58828,0.2441300609897,3.6970906075963,0.0932486828848,0.8093917937489,0.3813458035016,0.0000004091674
58835,0.2441352168303,3.6971686873282,0.0932955169050,0.8093218529252,0.3813420011819,0.0000004091674
58839,0.2441364559518,3.6971874525087,0.0932955169050,0.8093010107918,0.3813348230889,0.0000004091674
58842,0.2441395896120,3.6972349084655,0.0932486828848,0.8092559877016,0.3812993431895,0.0000004091674
58845,0.2441442799888,3.6973059392430,0.0932486828848,0.8090601982595,0.3812304234695,0.0000004091674
58864,0.2441383472571,3.6972160943191,0.0932486828848,0.8087055895364,0.3811025061973,0.0000004091674
58873,0.2441429303699,3.6972855006977,0.0931310496652,0.8087124664201,0.3810555300858,0.0000004091674
58876,0.2441383944955,3.6972168096943,0.0930846949485,0.8087305520098,0.3810411509447,0.0000004091674
58879,0.2441371618051,3.6971981419074,0.0930846949485,0.8087044545653,0.3810315662809,0.0000004091674
58881,0.2441361457841,3.6971827553482,0.0930378609283,0.8086914574037,0.3810066349958,0.0000004091674
58905,0.2441367362906,3.6971916979427,0.0929202277086,0.8085204856874,0.3808952859686,0.0000004009840
58916,0.2441375603304,3.6972041771493,0.0929202277086,0.8085102902675,0.3808918213272,0.0000004009840
58928,0.2441446854407,3.6973120793809,0.0928733936884,0.8085467893152,0.3808863117877,0.0000004009840
58941,0.2441465439112,3.6973402239436,0.0928265596682,0.8085190639843,0.3808567364046,0.0000004009840
58989,0.2441525841865,3.6974316975013,0.0927797256480,0.8083498801170,0.3807775362166,0.0000004009840
58990,0.2441691112157,3.6976819818142,0.0927797256480,0.8074837016269,0.3804717282621,0.0000004009840
59003,0.2441780694620,3.6978176449432,0.0927797256480,0.8064210224123,0.3800941195954,0.0000003929643
59023,0.2441816469899,3.6978718228057,0.0927797256480,0.8062424291225,0.3800311028907,0.0000003929643
59029,0.2441852678996,3.6979266576396,0.0926620924283,0.8062661764903,0.3799899457657,0.0000003929643
59032,0.2441934257063,3.6980501989621,0.0926152584081,0.8062842912781,0.3799780917113,0.0000003929643
59036,0.2441948476585,3.6980717329179,0.0924976251885,0.8063534422931,0.3799526789694,0.0000003929643
59058,0.2441972697225,3.6981084125067,0.0923799919689,0.8063535819405,0.3799028336202,0.0000003929643
59059,0.2441929974020,3.6980437127474,0.0923331579486,0.8063527114701,0.3798815355177,0.0000003929643
59070,0.2441944134680,3.6980651575636,0.0922155247290,0.8064024793720,0.3798491989741,0.0000003929643
59072,0.2441860139755,3.6979379561667,0.0921686907088,0.8064044188200,0.3798280200199,0.0000003929643
59089,0.2441875582284,3.6979613422372,0.0921218566885,0.8063587218975,0.3797919588789,0.0000003929643
59101,0.2441884829807,3.6979753466296,0.0920042234689,0.8064210437691,0.3797640006144,0.0000003851051
59122,0.2441869969084,3.6979528416426,0.0920042234689,0.8062695148116,0.3797095646855,0.0000003851051
59149,0.2441941479729,3.6980611369223,0.0919992210821,0.8062415686067,0.3796989723889,0.0000003851051
59160,0.2441951764816,3.6980767125953,0.0918941268849,0.8063130700400,0.3796796886396,0.0000003851051
59168,0.2442049464328,3.6982246681350,0.0918941268849,0.8059562904142,0.3795543609057,0.0000003851051
59181,0.2441996420205,3.6981443384418,0.0918941268849,0.8058812263141,0.3795264156387,0.0000003851051
59187,0.2442002372176,3.6981533520694,0.0918991292718,0.8057164976628,0.3794698553998,0.0000003851051
59191,0.2441981109548,3.6981211520758,0.0918522952515,0.8057302645796,0.3794542448051,0.0000003851051
59202,0.2442012410240,3.6981685536511,0.0918522952515,0.8054052968344,0.3793388556252,0.0000003851051
59215,0.2441992977306,3.6981391245367,0.0917346620319,0.8054610488963,0.3793079364189,0.0000003774030
59221,0.2442002844026,3.6981540666367,0.0917346620319,0.8054461886261,0.3793028406093,0.0000003774030
59229,0.2442039799097,3.6982100311686,0.0916170288123,0.8054863909915,0.3792675762543,0.0000003774030
59254,0.2442134914610,3.6983540735157,0.0916077788041,0.8054842573331,0.3792648881338,0.0000003774030
59259,0.2442252259580,3.6985317800154,0.0916077788041,0.8054327616012,0.3792490113360,0.0000003774030
59288,0.2442286820521,3.6985841188916,0.0914901455844,0.8054999182133,0.3792233221950,0.0000003774030
59293,0.2442309319413,3.6986181910739,0.0915369796047,0.8053026283330,0.3791734153655,0.0000003774030
59342,0.2442252332925,3.6985318910881,0.0915369796047,0.8052684287332,0.3791599800837,0.0000003698549
59348,0.2442165028486,3.6983996777828,0.0914901455844,0.8053069436706,0.3791517928861,0.0000003698549
59350,0.2442123648212,3.6983370117521,0.0914433115642,0.8052926601224,0.3791257331758,0.0000003698549
59387,0.2442162861613,3.6983963962848,0.0913256783446,0.8052558762851,0.3790630221412,0.0000003698549
59413,0.2442156928942,3.6983874118841,0.0913256783446,0.8052321622672,0.3790544257205,0.0000003698549
59421,0.2442160267925,3.6983924684185,0.0913256783446,0.8050723498168,0.3789974213949,0.0000003698549
59424,0.2442123999186,3.6983375432645,0.0913256783446,0.8050552234000,0.3789905276302,0.0000003698549
59426,0.2442094702153,3.6982931760180,0.0912788443244,0.8050632429679,0.3789726922451,0.0000003698549
59429,0.2442085522531,3.6982792744543,0.0912788443244,0.8050628282857,0.3789723474381,0.0000003624578
59472,0.2442162343251,3.6983956112808,0.0911612111047,0.8051068137720,0.3789392884617,0.0000003624578
59489,0.2442151197432,3.6983787321203,0.0911143770845,0.8051409993512,0.3789311870352,0.0000003624578
59499,0.2442104714875,3.6983083392217,0.0911236270927,0.8051285175973,0.3789296975004,0.0000003624578
59516,0.2442019790759,3.6981797306648,0.0910767930725,0.8051128567171,0.3789022128034,0.0000003624578
59537,0.2442109618504,3.6983157652481,0.0910767930725,0.8046322478214,0.3787324916495,0.0000003552086
59558,0.2442122226770,3.6983348591276,0.0910299590523,0.8046670886710,0.3787251332643,0.0000003552086
59562,0.2442059574165,3.6982399784098,0.0909831250320,0.8047069660932,0.3787179609220,0.0000003552086
59571,0.2441958277882,3.6980865759422,0.0909831250320,0.8044531071203,0.3786251263685,0.0000003552086
59577,0.2441882987234,3.6979725562492,0.0909831250320,0.8043896834088,0.3786008616719,0.0000003552086
59614,0.2441862509309,3.6979415446050,0.0909831250320,0.8039340869690,0.3784377098450,0.0000003552086
59619,0.2441831780606,3.6978950092465,0.0908654918124,0.8040046168945,0.3784118263949,0.0000003552086
59630,0.2441856004174,3.6979316932693,0.0908186577922,0.8040034438617,0.3783918548081,0.0000003552086
59636,0.2441857925362,3.6979346027044,0.0907831121977,0.8040109921235,0.3783793579580,0.0000003552086
59649,0.2441770800503,3.6978026613539,0.0907362781775,0.8040492863394,0.3783710957795,0.0000003481045
59651,0.2441762399038,3.6977899382265,0.0907362781775,0.8040312007497,0.3783644566089,0.0000003481045
59659,0.2441664054359,3.6976410056510,0.0907362781775,0.8038307415402,0.3782907566481,0.0000003481045
59661,0.2441776830541,3.6978117932063,0.0906894441573,0.8038596203436,0.3782834154160,0.0000003481045
59669,0.2441759447234,3.6977854680334,0.0906426101370,0.8039067302432,0.3782797961578,0.0000003481045
59683,0.2441864586782,3.6979446907170,0.0905957761168,0.8038889056592,0.3782556115022,0.0000003481045
59687,0.2441845867249,3.6979163419723,0.0904781428972,0.8039488336911,0.3782261990010,0.0000003481045
59717,0.2441821788900,3.6978798778689,0.0904781428972,0.8039267862364,0.3782178089454,0.0000003481045
59739,0.2441788399968,3.6978293138762,0.0903605096775,0.8039108761472,0.3781609970566,0.0000003481045
59780,0.2441762385948,3.6977899184031,0.0903605096775,0.8039079870641,0.3781594077978,0.0000003411424
59790,0.2441729417141,3.6977399906455,0.0904776635936,0.8037159209694,0.3781403151108,0.0000003411424
59792,0.2441808673742,3.6978600163545,0.0904308295734,0.8036876078146,0.3781118299026,0.0000003411424
59821,0.2441909733868,3.6980130611856,0.0903131963537,0.8036616990238,0.3780543281001,0.0000003411424
59839,0.2441957795389,3.6980858452576,0.0902663623335,0.8037135280208,0.3780537966230,0.0000003411424
59855,0.2441953871033,3.6980799022372,0.0902195283133,0.8037165044155,0.3780347038048,0.0000003411424
59880,0.2441816542227,3.6978719323394,0.0902663623335,0.8036567539999,0.3780304933335,0.0000003343195
59898,0.2441790141926,3.6978319518864,0.0902663623335,0.8031765773385,0.3778584359480,0.0000003343195
59902,0.2441839877098,3.6979072705244,0.0902663623335,0.8025233730845,0.3776262144681,0.0000003343195
59910,0.2441847518495,3.6979188426088,0.0902663623335,0.8001087999636,0.3767640306691,0.0000003343195
59916,0.2441800961655,3.6978483372164,0.0902663623335,0.7994550824386,0.3765295624779,0.0000003343195
59978,0.2441864340340,3.6979443175071,0.0902195283133,0.7994963770452,0.3765255969434,0.0000003276331
59996,0.2441937598089,3.6980552585912,0.0902195283133,0.7988314746730,0.3762897016194,0.0000003276331
60010,0.2441928679614,3.6980417525080,0.0902195283133,0.7982157843663,0.3760696211139,0.0000003276331
60011,0.2441986869278,3.6981298745762,0.0902195283133,0.7981589898791,0.3760505842899,0.0000003276331
60030,0.2442028063892,3.6981922594454,0.0901023743972,0.7981336725310,0.3759922163004,0.0000003276331
60075,0.2442023367788,3.6981851476950,0.0901023743972,0.7981320557778,0.3759915382578,0.0000003276331
60084,0.2442038272309,3.6982077190090,0.0900555403770,0.7980632458751,0.3759472109521,0.0000003210805
60092,0.2441975529728,3.6981127020322,0.0901618851708,0.7979044293321,0.3759347226146,0.0000003210805
60099,0.2442003877547,3.6981556317941,0.0901150511506,0.7978877307659,0.3759092945713,0.0000003210805
60114,0.2442035738503,3.6982038818301,0.0901618851708,0.6833163685547,0.3350117053821,0.0000003210805
60116,0.2442027683931,3.6981916840354,0.0901614058673,0.6833005855141,0.3350056905681,0.0000003210805
60128,0.2442129262675,3.6983455142598,0.0901145718470,0.6832704811070,0.3349770439586,0.0000003210805
60159,0.2442143579716,3.6983671958983,0.0901614058673,0.6831392185715,0.3349505429983,0.0000003210805
60193,0.2442230141733,3.6984982848833,0.0901614058673,0.6830904451010,0.3349349788020,0.0000003146589
60200,0.2442232289453,3.6985015373776,0.0901145718470,0.6831065489842,0.3349207044885,0.0000003146589
60208,0.2442285110551,3.6985815293233,0.0901145718470,0.6828937365667,0.3348458319344,0.0000003146589
60210,0.2442352165089,3.6986830763018,0.0900677378268,0.6828791731280,0.3348219958663,0.0000003146589
60240,0.2442347873273,3.6986765768020,0.0900209038066,0.6828516801865,0.3347920132681,0.0000003146589
60244,0.2442310719588,3.6986203114904,0.0900209038066,0.6828492494084,0.3347903489827,0.0000003146589
60247,0.2442267572813,3.6985549702805,0.0899740697863,0.6828269982299,0.3347614058365,0.0000003146589
60250,0.2442099964603,3.6983011454391,0.0899272357661,0.6828471234995,0.3347449301053,0.0000003146589
60290,0.2442113990766,3.6983223865753,0.0899272357661,0.6825240331221,0.3346298412455,0.0000003146589
60293,0.2442151479280,3.6983791589494,0.0899272357661,0.6819068446423,0.3344102201137,0.0000003146589
60303,0.2442114613061,3.6983233289743,0.0899272357661,0.6818826410129,0.3344007859699,0.0000003083657
60322,0.2442225543066,3.6984913206913,0.0898804017459,0.6819314090268,0.3344005084664,0.0000003083657
60331,0.2442279294891,3.6985727221240,0.0898804017459,0.6819153062659,0.3343959093051,0.0000003083657
60351,0.2442235965152,3.6985071038334,0.0898804017459,0.6818932218919,0.3343870935343,0.0000003083657
60401,0.2442199097252,3.6984512713126,0.0898804017459,0.6812471983740,0.3341555808229,0.0000003083657
60432,0.2442312267657,3.6986226558776,0.0898335677256,0.6812131612555,0.3341257780663,0.0000003021984
60433,0.2442423570423,3.6987912121004,0.0898335677256,0.6811519748061,0.3341063108222,0.0000003021984
60461,0.2442381990591,3.6987282438585,0.0898335677256,0.6811304501582,0.3340977324516,0.0000003021984
60474,0.2442419686674,3.6987853305754,0.0897867337054,0.6811543638358,0.3340870091010,0.0000003021984
60481,0.2442357822158,3.6986916433336,0.0898330884221,0.6810968921809,0.3340850241489,0.0000003021984
60504,0.2442264318432,3.6985500418667,0.0897862544018,0.6808390574479,0.3339708649414,0.0000003021984
60507,0.2442333077118,3.6986541695965,0.0897862544018,0.6808168384197,0.3339644029746,0.0000003021984
60519,0.2442394567351,3.6987472900275,0.0898330884221,0.6807262191661,0.3339534283263,0.0000003021984
60539,0.2442333650183,3.6986550374423,0.0897394203816,0.6808106355060,0.3339421282053,0.0000002961544
60547,0.2442326506465,3.6986442190399,0.0897394203816,0.6807025882915,0.3339033868347,0.0000002961544
60548,0.2442289387393,3.6985880061459,0.0896925863614,0.6806562525398,0.3338659712204,0.0000002961544
60553,0.2442374482182,3.6987168731712,0.0896925863614,0.5760341003401,0.2965027403231,0.0000002961544
60561,0.2442363634038,3.6987004448081,0.0896925863614,0.5758779899368,0.2964467541474,0.0000002961544
60577,0.2442241409072,3.6985153480722,0.0896925863614,0.5758598302024,0.2964376494215,0.0000002961544
60589,0.2442293137030,3.6985936845729,0.0896457523411,0.5758609926108,0.2964191013007,0.0000002961544
60594,0.2442363439678,3.6987001504712,0.0896457523411,0.5757773500563,0.2963907354451,0.0000002961544
60601,0.2442393631172,3.6987458722828,0.0895989183209,0.5757595808434,0.2963649645353,0.0000002961544
60608,0.2442409806467,3.6987703680509,0.0894812851013,0.5758098093109,0.2963328356502,0.0000002961544
60611,0.2442379015303,3.6987237381017,0.0894344510810,0.5758459464905,0.2963250102521,0.0000002961544
60616,0.2442502974345,3.6989114609113,0.0893168178614,0.5758559702316,0.2962808321879,0.0000002961544
60642,0.2442434373487,3.6988075721948,0.0893168178614,0.5751239205454,0.2960179158530,0.0000002902313
60660,0.2442446967311,3.6988266442037,0.0892699838412,0.5748783748130,0.2959104190932,0.0000002902313
60701,0.2442497068228,3.6989025167231,0.0892231498210,0.5748119963730,0.2958677143757,0.0000002902313
60707,0.2442514436051,3.6989288184477,0.0892231498210,0.5747576814985,0.2958486883738,0.0000002902313
60719,0.2442581871812,3.6990309427494,0.0891636390473,0.5747723003161,0.2958298498149,0.0000002902313
60748,0.2442642761091,3.6991231530976,0.0891636390473,0.5747447325155,0.2958213089421,0.0000002844267
60750,0.2442688089987,3.6991917988985,0.0891168050271,0.5747812609592,0.2958152544253,0.0000002844267
60763,0.2442701591305,3.6992122452122,0.0890699710069,0.5748153372806,0.2958076421311,0.0000002844267
60766,0.2442595610620,3.6990517487152,0.0890699710069,0.5747315785315,0.2957754572775,0.0000002844267
60770,0.2442598947585,3.6990568021948,0.0890699710069,0.5747264201664,0.2957736865106,0.0000002844267
60792,0.2442635836183,3.6991126660597,0.0890231369866,0.5746980690696,0.2957442798659,0.0000002844267
60824,0.2442608442842,3.6990711817534,0.0889055037670,0.5747271403768,0.2957036612385,0.0000002844267
60841,0.2442620105868,3.6990888441684,0.0889055037670,0.5747184868215,0.2957008206050,0.0000002844267
60857,0.2442581516596,3.6990304048125,0.0888810592843,0.5747442687481,0.2956987253161,0.0000002787382
60870,0.2442632073885,3.6991069684585,0.0888342252640,0.5747778664718,0.2956917361506,0.0000002787382
60898,0.2442580126211,3.6990282992209,0.0888342252640,0.5747509224142,0.2956810001085,0.0000002787382
60907,0.2442519083244,3.6989358561281,0.0888342252640,0.5746268600503,0.2956353840578,0.0000002787382
60926,0.2442450289436,3.6988316752090,0.0888342252640,0.5743130609054,0.2955218387816,0.0000002787382
60932,0.2442473542640,3.6988668897176,0.0887873912438,0.5742712960734,0.2954873493301,0.0000002787382
60945,0.2442400361123,3.6987560640788,0.0887650017063,0.5742884745830,0.2954823208207,0.0000002787382
61007,0.2442450412410,3.6988318614405,0.0886473684867,0.5743301726195,0.2954478712672,0.0000002731634
61010,0.2442378908733,3.6987235767121,0.0886473684867,0.5738082465089,0.2952599368632,0.0000002731634
61023,0.2442282220752,3.6985771530299,0.0886473684867,0.5737899784850,0.2952513406836,0.0000002731634
61102,0.2442255018220,3.6985359576827,0.0886473684867,0.5737622687317,0.2952408614318,0.0000002677001
61117,0.2442295238469,3.6985968669790,0.0886005344665,0.5732872708084,0.2950520094558,0.0000002677001
61126,0.2442313222522,3.6986241019194,0.0886005344665,0.5732422766115,0.2950363254724,0.0000002677001
61134,0.2442219565550,3.6984822683776,0.0886005344665,0.5732428520664,0.2950345240569,0.0000002677001
61159,0.2442201374010,3.6984547192205,0.0885537004462,0.5731860525464,0.2949937769723,0.0000002677001
61164,0.2442182388576,3.6984259677969,0.0885411614238,0.5731788977779,0.2949854410004,0.0000002677001
61191,0.2442149610152,3.6983763283528,0.0884943274035,0.5732250901194,0.2949811641474,0.0000002623461
61216,0.2442099077402,3.6982998018687,0.0884474933833,0.5708489901863,0.2941114024609,0.0000002623461
61252,0.2442052020532,3.6982285392342,0.0884474933833,0.5708131845186,0.2940976063609,0.0000002623461
61265,0.2442142813353,3.6983660353221,0.0884006593631,0.5708070473522,0.2940772883532,0.0000002623461
61273,0.2442045717208,3.6982189935190,0.0885182925827,0.5703787319590,0.2939726521753,0.0000002623461
61276,0.2442035492643,3.6982035095007,0.0884006593631,0.5702497182311,0.2938759425091,0.0000002623461
61293,0.2442079355077,3.6982699345001,0.0883538253428,0.5702970593767,0.2938737182474,0.0000002623461
61295,0.2442098003658,3.6982981757961,0.0883538253428,0.5697107578332,0.2936647244515,0.0000002570992
61322,0.2442173961974,3.6984132066028,0.0883069913226,0.5696753448356,0.2936336329076,0.0000002570992
61325,0.2442186801458,3.6984326506380,0.0883069913226,0.5696185265960,0.2936136158109,0.0000002570992
61328,0.2442203131632,3.6984573809533,0.0883069913226,0.5695560306291,0.2935916457550,0.0000002570992
61333,0.2442181473194,3.6984245815487,0.0882601573024,0.5694856362384,0.2935459690689,0.0000002570992
61336,0.2442131615082,3.6983490767308,0.0882601573024,0.5694637896905,0.2935370983422,0.0000002570992
61359,0.2442133041294,3.6983512365765,0.0881425240827,0.5694493335105,0.2934815517455,0.0000002570992
61360,0.2441987737283,3.6981311890781,0.0881550465775,0.5694249393883,0.2934750926851,0.0000002570992
61364,0.2442051182826,3.6982272706175,0.0881550465775,0.5694029581862,0.2934686018031,0.0000002570992
61371,0.2442060000873,3.6982406246139,0.0881550465775,0.5688821782007,0.2932827979093,0.0000002570992
61384,0.2442112628465,3.6983203235151,0.0882018805977,0.5688126638135,0.2932791707996,0.0000002570992
61434,0.2442091661941,3.6982885719403,0.0882018805977,0.5687339842570,0.2932506216753,0.0000002519572
61436,0.2442096395495,3.6982957404043,0.0881550465775,0.5686892663711,0.2932146807121,0.0000002519572
61455,0.2442090923126,3.6982874530832,0.0881550465775,0.5686762363977,0.2932099098851,0.0000002519572
61458,0.2442103727908,3.6983068445657,0.0880374133579,0.5686828909627,0.2931621466666,0.0000002519572
61497,0.2442072997016,3.6982603058921,0.0879197801383,0.5687535370828,0.2931363046677,0.0000002519572
61518,0.2442106876564,3.6983116128716,0.0878021469186,0.5687468834167,0.2930842401118,0.0000002469181
61521,0.2442074326291,3.6982623189374,0.0878021469186,0.5687206349882,0.2930741681672,0.0000002469181
61530,0.2442089003650,3.6982845462405,0.0878021469186,0.5687005359772,0.2930673044638,0.0000002469181
61540,0.2442103417188,3.6983063740126,0.0878021469186,0.5686993997013,0.2930672075125,0.0000002469181
61541,0.2442061855831,3.6982434337500,0.0879197801383,0.5685048809847,0.2930472601787,0.0000002469181
61559,0.2442053599716,3.6982309307408,0.0879197801383,0.5684882858455,0.2930411564266,0.0000002469181
61561,0.2442071874553,3.6982586060412,0.0878729461180,0.5683535371401,0.2929733517696,0.0000002469181
61562,0.2442020865842,3.6981813587632,0.0877553128984,0.5684180432724,0.2929448823932,0.0000002469181
61566,0.2441981748633,3.6981221199034,0.0877553128984,0.5683967948790,0.2929364554554,0.0000002469181
61570,0.2441989668927,3.6981341143472,0.0877275794014,0.5683890550467,0.2929219751657,0.0000002469181
61647,0.2441929870860,3.6980435565226,0.0876807453812,0.5683896520335,0.2929008352652,0.0000002419797
61655,0.2441951941332,3.6980769799098,0.0875631121616,0.5684495800654,0.2928722968354,0.0000002419797
61697,0.2441925637956,3.6980371462394,0.0875162781413,0.5683789095743,0.2928264220076,0.0000002419797
61722,0.2441911984964,3.6980164702315,0.0875162781413,0.5683449570828,0.2928140035536,0.0000002419797
61738,0.2441954321080,3.6980805837859,0.0875162781413,0.5683355911968,0.2928115657969,0.0000002371401
61744,0.2441917371849,3.6980246280969,0.0875162781413,0.5660893588246,0.2920085481804,0.0000002371401
61751,0.2441885251283,3.6979759849099,0.0876339113610,0.5659405422441,0.2920051253408,0.0000002371401
61761,0.2441898122680,3.6979954772742,0.0875870773407,0.5659950186055,0.2920047852769,0.0000002371401
61764,0.2441894029656,3.6979892788251,0.0875870773407,0.5659838659298,0.2920007144707,0.0000002371401
61774,0.2441899247262,3.6979971803348,0.0875418189622,0.5659771178966,0.2919790198168,0.0000002371401
61792,0.2441917116332,3.6980242411439,0.0875305305364,0.5659405272890,0.2919614967545,0.0000002371401
61797,0.2441964535858,3.6980960529817,0.0875305305364,0.5659151650030,0.2919534549279,0.0000002371401
61803,0.2442009372314,3.6981639530358,0.0874836965162,0.5636196087553,0.2911145024691,0.0000002371401
61820,0.2442051370622,3.6982275550140,0.0874836965162,0.5635516546997,0.2910911331273,0.0000002371401
61875,0.2441994040340,3.6981407343877,0.0874368624959,0.5636066620955,0.2910894783968,0.0000002323973
61914,0.2441969725751,3.6981039125244,0.0873900284757,0.5628116468906,0.2907849516452,0.0000002323973
61930,0.2442029026930,3.6981937178648,0.0873431944555,0.5628580304268,0.2907827162104,0.0000002323973
61941,0.2442012646698,3.6981689117415,0.0873431944555,0.5628473524325,0.2907785516360,0.0000002323973
61946,0.2442092967593,3.6982905492104,0.0872963604352,0.5628613838866,0.2907652123087,0.0000002323973
61962,0.2442099784582,3.6983008728170,0.0871787272156,0.5628272918239,0.2907027684134,0.0000002277494
61983,0.2442086266761,3.6982804015123,0.0871787272156,0.5607866996545,0.2899736958282,0.0000002277494
61990,0.2442171819812,3.6984099625260,0.0871787272156,0.5606360914139,0.2899217404505,0.0000002277494
61996,0.2442175338980,3.6984152919314,0.0871318931954,0.5605870953361,0.2898842455391,0.0000002277494
62040,0.2442173709054,3.6984128235825,0.0871318931954,0.5604337954530,0.2898294606538,0.0000002277494
62043,0.2442143702781,3.6983673822668,0.0871318931954,0.5604329731654,0.2898285239881,0.0000002277494
62044,0.2442201691319,3.6984551997512,0.0870850591752,0.5604167872524,0.2898039141934,0.0000002277494
62055,0.2442229329203,3.6984970543937,0.0870615732996,0.5604336796631,0.2898004740624,0.0000002277494
62066,0.2442215803682,3.6984765714269,0.0870147392793,0.5603820935128,0.2897616888817,0.0000002277494
62071,0.2442149555711,3.6983762459081,0.0869902947966,0.5604103602918,0.2897598883537,0.0000002231944
62077,0.2442202797984,3.6984568756793,0.0868726615770,0.5604519084908,0.2897254536651,0.0000002231944
62082,0.2442209503519,3.6984670305000,0.0868726615770,0.5602437078193,0.2896512399724,0.0000002231944
62089,0.2442228711599,3.6984961190979,0.0867550283574,0.5603608748497,0.2896430827052,0.0000002231944
62091,0.2442162628047,3.6983960425730,0.0867550283574,0.5595034145647,0.2893354308130,0.0000002231944
62099,0.2442102865082,3.6983055379076,0.0867550283574,0.5588533113261,0.2891019704499,0.0000002231944
62177,0.2442125454619,3.6983397473623,0.0867550283574,0.5587945650778,0.2890814737085,0.0000002231944
62185,0.2442062458759,3.6982443468201,0.0867550283574,0.5587793306853,0.2890746829427,0.0000002187305
62186,0.2442016007219,3.6981740008951,0.0867550283574,0.5581474345198,0.2888480103506,0.0000002187305
62197,0.2442029312168,3.6981941498272,0.0867081943371,0.5581925232536,0.2888443268529,0.0000002187305
62213,0.2442074755304,3.6982629686320,0.0866613603169,0.5581691041426,0.2888168649432,0.0000002187305
62214,0.2442119087057,3.6983301043657,0.0867081943371,0.5579729642058,0.2887678366549,0.0000002187305
62223,0.2442196959329,3.6984480336558,0.0866858047996,0.5579187574767,0.2887405502843,0.0000002187305
62232,0.2442237118840,3.6985088509708,0.0866858047996,0.5578725344600,0.2887249026250,0.0000002187305
62257,0.2442337965274,3.6986615721904,0.0867196370215,0.5570610300574,0.2884517401427,0.0000002187305
62259,0.2442303542358,3.6986094423374,0.0866728030013,0.5570096874290,0.2884125941329,0.0000002187305
62267,0.2442336790234,3.6986597927166,0.0866728030013,0.5569477366269,0.2883911813009,0.0000002187305
62272,0.2442334717785,3.6986566542132,0.0866728030013,0.4629133792612,0.2548074378321,0.0000002187305
62289,0.2442363873686,3.6987008077293,0.0867196370215,0.4628333718077,0.2547995602338,0.0000002187305
62293,0.2442332403291,3.6986531491574,0.0867664710418,0.4626860299411,0.2547663354960,0.0000002187305
62330,0.2442408171581,3.6987678921895,0.0867664710418,0.4625583277875,0.2547223511902,0.0000002143559
62336,0.2442455673494,3.6988398287928,0.0866488378221,0.4625898207020,0.2546842023208,0.0000002143559
62339,0.2442511821987,3.6989248597250,0.0866488378221,0.4604773799181,0.2539309623657,0.0000002143559
62393,0.2442562991041,3.6990023498261,0.0866330263131,0.4604200059052,0.2539047917655,0.0000002143559
62398,0.2442647839149,3.6991308432774,0.0865861922929,0.4604193859598,0.2538863168072,0.0000002143559
62415,0.2442642046197,3.6991220704671,0.0865861922929,0.4604080572341,0.2538821466991,0.0000002100688
62416,0.2442654683996,3.6991412090714,0.0865393582727,0.4603853447976,0.2538542342016,0.0000002100688
62470,0.2442759536016,3.6992999963248,0.0865169687352,0.4603337882972,0.2538284724787,0.0000002100688
62542,0.2442851566593,3.6994393668639,0.0865169687352,0.4603266717216,0.2538279029283,0.0000002058674
62556,0.2442919857995,3.6995427869427,0.0865169687352,0.4601703085598,0.2537735223292,0.0000002058674
62561,0.2442864606192,3.6994591139523,0.0863993355155,0.4602134774390,0.2537373415818,0.0000002058674
62578,0.2442889155790,3.6994962917131,0.0863993355155,0.4601708680719,0.2537226500136,0.0000002058674
62608,0.2442784308186,3.6993375111470,0.0864026245298,0.4601374817035,0.2537098891537,0.0000002058674
62632,0.2442767529623,3.6993121017938,0.0863557905096,0.4600856538896,0.2536709479566,0.0000002017500
62657,0.2442646652733,3.6991290465767,0.0863432680148,0.4599937735052,0.2536301765311,0.0000002017500
62676,0.2442650337046,3.6991346260777,0.0863432680148,0.4580625572452,0.2529405353878,0.0000002017500
62699,0.2442596291296,3.6990527795263,0.0863432680148,0.4580627830608,0.2529394579130,0.0000002017500
62707,0.2442582780083,3.6990323182292,0.0862964339946,0.4581189638539,0.2529391612330,0.0000002017500
62715,0.2442610969785,3.6990750085401,0.0861788007749,0.4580816970942,0.2528760415040,0.0000002017500
62773,0.2442625455720,3.6990969459510,0.0861788007749,0.4580611566401,0.2528690160405,0.0000001977150
62815,0.2442709197068,3.6992237633328,0.0862256347952,0.4574232120151,0.2526630448548,0.0000001977150
62824,0.2442738762377,3.6992685368545,0.0861080015756,0.4574874711613,0.2526362138552,0.0000001977150
62842,0.2442694294681,3.6992011952497,0.0860611675553,0.4575225410975,0.2526277142303,0.0000001977150
62862,0.2442668496127,3.6991621260775,0.0860143335351,0.4575547056116,0.2526185770076,0.0000001937607
62873,0.2442709459662,3.6992241610033,0.0859674995149,0.4560151158838,0.2520495296005,0.0000001937607
62874,0.2442716435908,3.6992347257870,0.0859206654946,0.4560680318773,0.2520485059376,0.0000001937607
62904,0.2442798259324,3.6993586386639,0.0859674995149,0.4554725617798,0.2518576631275,0.0000001937607
62922,0.2442794750989,3.6993533256630,0.0859206654946,0.4552729838656,0.2517662383995,0.0000001937607
62962,0.2442732022369,3.6992583298279,0.0859206654946,0.4552328576053,0.2517505634075,0.0000001937607
62978,0.2442777916133,3.6993278310610,0.0859206654946,0.4551951622861,0.2517380842313,0.0000001898855
62983,0.2442831962731,3.6994096788963,0.0859206654946,0.4551467956984,0.2517219685914,0.0000001898855
62997,0.2442861811507,3.6994548816983,0.0859206654946,0.4551244898088,0.2517146418188,0.0000001898855
63025,0.2442912321874,3.6995313742875,0.0858030322750,0.4551747245056,0.2516832509100,0.0000001898855
63029,0.2442875172871,3.6994751160658,0.0857561982548,0.4552282124435,0.2516814859720,0.0000001898855
63037,0.2442774536629,3.6993227131609,0.0857093642345,0.4552353480501,0.2516618061890,0.0000001898855
63050,0.2442793935974,3.6993520914103,0.0857093642345,0.4550680971964,0.2516024894415,0.0000001898855
63055,0.2442799127783,3.6993599538538,0.0856625302143,0.4550189965918,0.2515649930414,0.0000001898855
63077,0.2442796442969,3.6993558879883,0.0856075425239,0.4550213100602,0.2515421955954,0.0000001898855
63100,0.2442822417426,3.6993952235449,0.0856075425239,0.4549877236074,0.2515307570292,0.0000001860878
63113,0.2442780746269,3.6993321170017,0.0855607085037,0.4550457207216,0.2515305056079,0.0000001860878
63157,0.2442799063324,3.6993598562367,0.0855329750067,0.4550595771589,0.2515239610594,0.0000001860878
63158,0.2442779052762,3.6993295523653,0.0854861409865,0.4551042244496,0.2515194059997,0.0000001860878
63174,0.2442730769978,3.6992564332151,0.0854393069662,0.4551090258728,0.2515000144396,0.0000001860878
63199,0.2442708543949,3.6992227742524,0.0854393069662,0.4550771716423,0.2514881616567,0.0000001823661
63214,0.2442654829235,3.6991414290208,0.0853216737466,0.4550854709867,0.2514395604417,0.0000001823661
63241,0.2442571996548,3.6990159877104,0.0853216737466,0.4550717557257,0.2514328871480,0.0000001823661
63245,0.2442541969337,3.6989705146871,0.0853216737466,0.4535031265434,0.2508720189998,0.0000001823661
63278,0.2442527452142,3.6989485299360,0.0853216737466,0.4534671813986,0.2508588703654,0.0000001823661
63281,0.2442626542844,3.6990985922842,0.0853685077669,0.4533656940022,0.2508448199618,0.0000001823661
63286,0.2442701166149,3.6992116013576,0.0854861409865,0.4531274647794,0.2508117514043,0.0000001823661
63289,0.2442737158085,3.6992661073250,0.0853685077669,0.4531587486830,0.2507732812458,0.0000001823661
63295,0.2442724901926,3.6992475466725,0.0853685077669,0.4531245521844,0.2507608055786,0.0000001823661
63306,0.2442758922645,3.6992990674405,0.0853216737466,0.4530540222589,0.2507162736120,0.0000001787187
63328,0.2442725092639,3.6992478354867,0.0852040405270,0.4531245521844,0.2506903237054,0.0000001787187
63371,0.2442830457542,3.6994073994470,0.0851572065068,0.4530663114365,0.2506517095347,0.0000001787187
63383,0.2442734364334,3.6992618764852,0.0851572065068,0.4529375087230,0.2506036494254,0.0000001787187
63400,0.2442714775250,3.6992322108970,0.0851572065068,0.4529379884665,0.2506034009963,0.0000001787187
63407,0.2442713956564,3.6992309710841,0.0851572065068,0.4529165651263,0.2505957322601,0.0000001787187
63434,0.2442721771256,3.6992428056051,0.0851103724865,0.4529242753689,0.2505785816529,0.0000001751444
63435,0.2442727035707,3.6992507780577,0.0850635384663,0.4528526623320,0.2505330466550,0.0000001751444
63452,0.2442714617009,3.6992319712577,0.0850635384663,0.4528205525386,0.2505213127567,0.0000001751444
63487,0.2442734523045,3.6992621168362,0.0849911636253,0.4528350301725,0.2504958921091,0.0000001751444
63504,0.2442734351776,3.6992618574681,0.0849927392669,0.4528288463233,0.2504943551965,0.0000001751444
63524,0.2442680491334,3.6991802915456,0.0849927392669,0.4528005814945,0.2504831064624,0.0000001751444
63528,0.2442706967908,3.6992203875060,0.0850008929371,0.4527555746857,0.2504710943874,0.0000001716415
63549,0.2442678547498,3.6991773478125,0.0849540589168,0.4527914896217,0.2504632404185,0.0000001716415
63556,0.2442730625991,3.6992562151622,0.0848364256972,0.4528736258083,0.2504432765016,0.0000001716415
63571,0.2442698096084,3.6992069520700,0.0847662435323,0.4528923411872,0.2504191854254,0.0000001716415
63619,0.2442712836513,3.6992292748853,0.0847646678907,0.4528847824744,0.2504161264764,0.0000001716415
63620,0.2442740469828,3.6992711226079,0.0847646678907,0.4528668941346,0.2504103299261,0.0000001716415
63668,0.2442732459942,3.6992589924856,0.0847646678907,0.4528625430176,0.2504086043153,0.0000001682086
63679,0.2442890584054,3.6994984546662,0.0847402234079,0.4528809344791,0.2504080848613,0.0000001682086
63725,0.2442806642535,3.6993713341477,0.0847059118824,0.4529237379651,0.2504068681343,0.0000001682086
63748,0.2442820074047,3.6993916747465,0.0846590778622,0.4529303916312,0.2503894605388,0.0000001682086
63749,0.2442726713663,3.6992502903562,0.0846590778622,0.4529053470218,0.2503785154558,0.0000001682086
63756,0.2442704954493,3.6992173384025,0.0846122438420,0.4512732958092,0.2497751020318,0.0000001648445
63768,0.2442739751756,3.6992700351640,0.0847298770616,0.4510596382210,0.2497499556430,0.0000001648445
63780,0.2442837064654,3.6994174052172,0.0846122438420,0.4510988561904,0.2497156331000,0.0000001648445
63783,0.2442667103128,3.6991600165286,0.0845898543045,0.4510732935896,0.2496932660510,0.0000001648445
63784,0.2442740177133,3.6992706793514,0.0846241658300,0.4509959736480,0.2496819225971,0.0000001648445
63831,0.2442758348262,3.6992981975972,0.0846241658300,0.4509102842751,0.2496517086310,0.0000001648445
63834,0.2442776023945,3.6993249655437,0.0845773318097,0.4509432221772,0.2496437792092,0.0000001648445
63844,0.2442765064831,3.6993083691280,0.0845304977895,0.4509424702326,0.2496232040964,0.0000001648445
63868,0.2442716738622,3.6992351842154,0.0845304977895,0.4508583112759,0.2495921117645,0.0000001615476
63886,0.2442685838945,3.6991883899342,0.0845304977895,0.4508221258074,0.2495785262470,0.0000001615476
63890,0.2442616876266,3.6990839532782,0.0845413069117,0.4507599558993,0.2495594774176,0.0000001615476
63904,0.2442672796780,3.6991686389612,0.0845413069117,0.4507375562059,0.2495526758238,0.0000001615476
63928,0.2442641952095,3.6991219279596,0.0845413069117,0.4507347310076,0.2495510058669,0.0000001615476
63941,0.2442648329847,3.6991315863879,0.0845522702925,0.4506809679833,0.2495366400447,0.0000001615476
63947,0.2442617890233,3.6990854888241,0.0844346370729,0.4507117644776,0.2494965722782,0.0000001615476
63962,0.2442638316352,3.6991164220122,0.0843170038532,0.4507197262239,0.2494494392246,0.0000001615476
63999,0.2442710718083,3.6992260667477,0.0842701698330,0.4507320778411,0.2494353302592,0.0000001583166
64022,0.2442717114169,3.6992357529415,0.0842620161629,0.4506872002137,0.2494159451640,0.0000001583166
64042,0.2442619761463,3.6990883226032,0.0842396266254,0.4506637296702,0.2493958811816,0.0000001583166
64071,0.2442579036507,3.6990266489803,0.0842009462753,0.4506161883559,0.2493614521703,0.0000001583166
64086,0.2442509452409,3.6989212712506,0.0843185794949,0.4504709665635,0.2493585103935,0.0000001583166
64090,0.2442555323714,3.6989907384735,0.0842009462753,0.4505065529055,0.2493217885210,0.0000001583166
64097,0.2442609394785,3.6990726233692,0.0841541122551,0.4504295767700,0.2492753839868,0.0000001551503
64105,0.2442751626585,3.6992880183313,0.0841541122551,0.4504200589017,0.2492750325724,0.0000001551503
64110,0.2442853683313,3.6994425724119,0.0841541122551,0.4503681777714,0.2492586905272,0.0000001551503
64121,0.2442825212296,3.6993994560799,0.0841078952693,0.4503850533818,0.2492443001581,0.0000001551503
64141,0.2442819189780,3.6993903356178,0.0841078952693,0.4502767108131,0.2492054773297,0.0000001551503
64144,0.2442773267046,3.6993207905128,0.0841078952693,0.4502692119764,0.2492018151151,0.0000001551503
64151,0.2442782070723,3.6993341227464,0.0841078952693,0.4502639227163,0.2492001147439,0.0000001551503
64182,0.2442786870271,3.6993413911531,0.0841078952693,0.4502442092877,0.2491931770811,0.0000001551503
64216,0.2442694959310,3.6992022017601,0.0840610612491,0.4502234300741,0.2491637146899,0.0000001520473
64218,0.2442615929337,3.6990825192544,0.0840142272289,0.4502607603320,0.2491552817024,0.0000001520473
64220,0.2442721333890,3.6992421432603,0.0840142272289,0.4502389523849,0.2491497518189,0.0000001520473
64233,0.2442742645551,3.6992744175092,0.0839429487259,0.4502796877609,0.2491342089161,0.0000001520473
64239,0.2442865441326,3.6994603786737,0.0838965940092,0.4502863932456,0.2491193687629,0.0000001520473
64250,0.2442856030643,3.6994461271943,0.0838497599890,0.4501935444077,0.2490659350832,0.0000001520473
64296,0.2442944891950,3.6995806982103,0.0838497599890,0.4501851827880,0.2490648529614,0.0000001520473
64345,0.2442857366816,3.6994481506857,0.0837321267694,0.4502059620016,0.2490199843335,0.0000001490063
64350,0.2442868717462,3.6994653400344,0.0837205463541,0.4501922800901,0.2490103781295,0.0000001490063
64358,0.2442866829271,3.6994624805701,0.0836737123338,0.4501479900928,0.2489744480892,0.0000001490063
64360,0.2442848246720,3.6994343392683,0.0836187246435,0.4501723582448,0.2489591866500,0.0000001490063
64369,0.2442914812881,3.6995351466535,0.0836187246435,0.4501163734167,0.2489406184863,0.0000001490063
64407,0.2442882222061,3.6994857913161,0.0835718906232,0.4501190775950,0.2489208141666,0.0000001490063
64423,0.2442819659841,3.6993910474756,0.0835718906232,0.4500910540278,0.2489094651308,0.0000001490063
64486,0.2442719731156,3.6992397160907,0.0835723699268,0.4500915396214,0.2489077026439,0.0000001460262
64492,0.2442655850764,3.6991429760186,0.0834547367072,0.4501001187448,0.2488589835140,0.0000001460262
64496,0.2442595607119,3.6990517434139,0.0834547367072,0.4500937203286,0.2488554074302,0.0000001460262
64532,0.2442609651007,3.6990730113908,0.0834547367072,0.4500891847233,0.2488540885115,0.0000001460262
64575,0.2442607091082,3.6990691346567,0.0833371034876,0.4501491127552,0.2488250222876,0.0000001431057
64611,0.2442637094513,3.6991145716670,0.0832902694673,0.4501046992648,0.2487897315344,0.0000001431057
64622,0.2442683638089,3.6991850569723,0.0832656872537,0.4500864987912,0.2487736934932,0.0000001431057
64631,0.2442692812566,3.6991989507442,0.0832656872537,0.4500636536851,0.2487657311227,0.0000001431057
64640,0.2442778958149,3.6993294090833,0.0832188532335,0.4500413811636,0.2487395509045,0.0000001431057
64648,0.2442784589700,3.6993379374699,0.0831128004291,0.4501134838573,0.2487199713408,0.0000001431057
64727,0.2442812949407,3.6993808852350,0.0831128004291,0.4500413811636,0.2486948280868,0.0000001402436
64733,0.2442807263704,3.6993722748413,0.0829951672095,0.4500833048839,0.2486592647706,0.0000001402436
64734,0.2442954418182,3.6995951246775,0.0829727776720,0.4500247106783,0.2486318960627,0.0000001402436
64741,0.2442879280261,3.6994813362731,0.0829259436518,0.4500577075775,0.2486219988483,0.0000001402436
64766,0.2442905806460,3.6995215073843,0.0829259436518,0.4500005758648,0.2486021630838,0.0000001402436
64769,0.2442956363258,3.6995980702878,0.0828083104322,0.4500853019251,0.2485830915140,0.0000001402436
64770,0.2442951325045,3.6995904404488,0.0828083104322,0.4500384167338,0.2485662388411,0.0000001402436
64805,0.2442898990801,3.6995111857921,0.0827614764119,0.4500546216254,0.2485508331313,0.0000001374387
64808,0.2442858539273,3.6994499262477,0.0827392246054,0.4500779261868,0.2485487528820,0.0000001374387
64809,0.2442836753479,3.6994169339753,0.0827387453018,0.4500750262129,0.2485470449228,0.0000001374387
64821,0.2442765647356,3.6993092513008,0.0827387453018,0.4500526703812,0.2485375369945,0.0000001374387
64838,0.2442817514605,3.6993877987440,0.0826919112815,0.4500657906941,0.2485232625387,0.0000001374387
64839,0.2442856398614,3.6994466844476,0.0826450772613,0.4501102624598,0.2485199068179,0.0000001374387
64849,0.2442953515362,3.6995937574516,0.0826206327786,0.4501192154333,0.2485147091747,0.0000001374387
64884,0.2443052669546,3.6997439159383,0.0825029995590,0.4502401624779,0.2485096150434,0.0000001374387
64898,0.2442943334781,3.6995783400428,0.0825029995590,0.4501893318188,0.2484891183487,0.0000001346899
64978,0.2442787956622,3.6993430363160,0.0825498335792,0.4501299043024,0.2484846364267,0.0000001346899
64997,0.2442799307768,3.6993602264220,0.0825498335792,0.4501011110917,0.2484745963760,0.0000001346899
65022,0.2442792445134,3.6993498336911,0.0824322003596,0.4501954436819,0.2484577252934,0.0000001319961
65033,0.2442728808127,3.6992534621991,0.0823145671399,0.4502103328702,0.2484112649735,0.0000001319961
65034,0.2442684505469,3.6991863705264,0.0822677331197,0.4500935373768,0.2483485312316,0.0000001319961
65044,0.2442562700423,3.6990019097156,0.0822677331197,0.4500928377071,0.2483456712415,0.0000001319961
65055,0.2442581912661,3.6990310046100,0.0822677331197,0.4500739655519,0.2483393428769,0.0000001319961
65071,0.2442639532009,3.6991182629965,0.0822677331197,0.4500506963650,0.2483322671533,0.0000001319961
65083,0.2442587270511,3.6990391185053,0.0822208990995,0.4501072036631,0.2483312567190,0.0000001319961
65107,0.2442635893461,3.6991127528009,0.0821740650792,0.4500889220108,0.2483056977548,0.0000001319961
65119,0.2442647155654,3.6991298081972,0.0822208990995,0.4500186572255,0.2483009162443,0.0000001293562
65129,0.2442601340621,3.6990604261938,0.0821740650792,0.4499849311253,0.2482678177349,0.0000001293562
65132,0.2442656540630,3.6991440207465,0.0821272310590,0.4499769693790,0.2482460853884,0.0000001293562
65144,0.2442569767821,3.6990126125402,0.0820803970388,0.4499813712248,0.2482257263359,0.0000001293562
65201,0.2442556330434,3.6989922630433,0.0820362349983,0.4500066935667,0.2482155554967,0.0000001293562
65210,0.2442479349460,3.6988756835305,0.0820362349983,0.4499476883176,0.2481928326011,0.0000001293562
65217,0.2442514751372,3.6989292959678,0.0820362349983,0.4499242719334,0.2481852282192,0.0000001293562
65220,0.2442472648143,3.6988655350969,0.0820362349983,0.4499265966942,0.2481851562788,0.0000001293562
65253,0.2442410655121,3.6987716532461,0.0819894009781,0.4499632419021,0.2481768437082,0.0000001267691
65285,0.2442388725936,3.6987384438232,0.0819425669578,0.4499373019520,0.2481470378063,0.0000001267691
65287,0.2442385792638,3.6987340016548,0.0818733434001,0.4498457386554,0.2480846065335,0.0000001267691
65307,0.2442398019942,3.6987525186091,0.0818733434001,0.4498237068586,0.2480770000483,0.0000001267691
65324,0.2442332022718,3.6986525728194,0.0818733434001,0.4497935733761,0.2480648238640,0.0000001267691
65350,0.2442224841371,3.6984902580487,0.0818733434001,0.4497982920468,0.2480642123604,0.0000001242337
65406,0.2442255074097,3.6985360423015,0.0818265093799,0.4497249167243,0.2480185830093,0.0000001242337
65409,0.2442254736448,3.6985355309688,0.0818265093799,0.4496979668565,0.2480089508212,0.0000001242337
65463,0.2442280247194,3.6985741642844,0.0817779619871,0.4497139906096,0.2479944142235,0.0000001217490
65520,0.2442222477326,3.6984866779536,0.0817779619871,0.4496858932040,0.2479831415100,0.0000001217490
65533,0.2442267556450,3.6985549455003,0.0817779619871,0.4496575084023,0.2479739700621,0.0000001217490
65542,0.2442334124517,3.6986557557709,0.0816603287674,0.4496597880705,0.2479257964509,0.0000001217490
65594,0.2442270791875,3.6985598452080,0.0816130154436,0.4496534951581,0.2479019147153,0.0000001193141
65637,0.2442291293200,3.6985908922891,0.0816130154436,0.4496512255209,0.2479015434447,0.0000001193141
65674,0.2442345763642,3.6986733819907,0.0814953822240,0.4497717238820,0.2478953315605,0.0000001193141
65720,0.2442421752009,3.6987884583050,0.0814953822240,0.4497358877782,0.2478841612741,0.0000001169278
65730,0.2442428020605,3.6987979514293,0.0814953822240,0.4496763485690,0.2478630315979,0.0000001169278
65748,0.2442487164546,3.6988875186486,0.0814953822240,0.4496720482359,0.2478627631348,0.0000001169278
65774,0.2442445629235,3.6988246178288,0.0814953822240,0.4496211621979,0.2478436995074,0.0000001169278
65786,0.2442483318116,3.6988816936384,0.0814485482038,0.4496592697254,0.2478380452346,0.0000001169278
65801,0.2442533625423,3.6989578787142,0.0814001385419,0.4496152582727,0.2478026578744,0.0000001169278
65820,0.2442585212404,3.6990360017211,0.0813711544482,0.4495045421174,0.2477518000712,0.0000001145892
65845,0.2442490908018,3.6988931877401,0.0813243204280,0.4494840648292,0.2477223942228,0.0000001145892
65849,0.2442530133516,3.6989525905919,0.0813243204280,0.4494612946565,0.2477151025647,0.0000001145892
65868,0.2442514168905,3.6989284138838,0.0812900089025,0.4494667548757,0.2477020056046,0.0000001145892
65891,0.2442472193424,3.6988648464734,0.0812431748823,0.4495059789923,0.2476950430202,0.0000001145892
65946,0.2442486123685,3.6988859423746,0.0812431748823,0.4494585168672,0.2476783907668,0.0000001122974
65966,0.2442534961582,3.6989599021854,0.0812431748823,0.4494354354408,0.2476711939266,0.0000001122974
66033,0.2442471281567,3.6988634655634,0.0811272550352,0.4494934930098,0.2476408842664,0.0000001100515
66072,0.2442518373293,3.6989347809826,0.0810373553126,0.4494611144243,0.2475918011418,0.0000001100515
66073,0.2442531781420,3.6989550861684,0.0810373553126,0.4493984190647,0.2475696972589,0.0000001100515
66093,0.2442574827484,3.6990202748624,0.0810373553126,0.4493908695636,0.2475679234242,0.0000001100515
66123,0.2442574028342,3.6990190646467,0.0809905212923,0.4493687840664,0.2475399468992,0.0000001100515
66192,0.2442584880085,3.6990354984593,0.0808973325555,0.4493928205015,0.2475088258476,0.0000001078505
66214,0.2442633575184,3.6991092420177,0.0808956191829,0.4493228021304,0.2474841284503,0.0000001078505
66229,0.2442628077519,3.6991009163871,0.0808487851626,0.4492947101652,0.2474539060756,0.0000001078505
66250,0.2442639989637,3.6991189560250,0.0808036645150,0.4492908563919,0.2474334475672,0.0000001078505
66301,0.2442631509742,3.6991061141241,0.0808036645150,0.4492547241151,0.2474203614706,0.0000001056934
66336,0.2442646848449,3.6991293429677,0.0806860312954,0.4493093627235,0.2473897897089,0.0000001056934
66349,0.2442658641533,3.6991472023409,0.0805683980758,0.4493636110927,0.2473590025984,0.0000001056934
66390,0.2442717706709,3.6992366502799,0.0805683980758,0.4492861068178,0.2473325881826,0.0000001035796
66408,0.2442731902824,3.6992581487889,0.0805657260960,0.4492655518699,0.2473244061980,0.0000001035796
66438,0.2442787992595,3.6993430907929,0.0805657260960,0.4492211668833,0.2473097563408,0.0000001035796
66453,0.2442788150376,3.6993433297360,0.0805188920758,0.4492352112441,0.2472947038420,0.0000001035796
66496,0.2442873176691,3.6994720930636,0.0805182750413,0.4491776412411,0.2472757006758,0.0000001015080
66536,0.2442952109010,3.6995916276812,0.0805182750413,0.4491692279199,0.2472743873250,0.0000001015080
66591,0.2442979576799,3.6996332247320,0.0804714410210,0.4492042768630,0.2472674216772,0.0000001015080
66597,0.2443003182492,3.6996689730485,0.0804246070008,0.4492505527013,0.2472643828757,0.0000001015080
66600,0.2442988563362,3.6996468339275,0.0803777729806,0.4491957905998,0.2472244399922,0.0000001015080
66620,0.2443023811945,3.6997002141638,0.0803500394836,0.4491950850766,0.2472130575620,0.0000000994778
66633,0.2443005568208,3.6996725859618,0.0803032054634,0.4492026650842,0.2471953020474,0.0000000994778
66693,0.2443008957381,3.6996777185041,0.0803032054634,0.4491788754496,0.2471868783745,0.0000000994778
66703,0.2442974587681,3.6996256692422,0.0803038224979,0.4491404101422,0.2471726687145,0.0000000994778
66734,0.2442896757116,3.6995078031137,0.0802859725713,0.4491326874534,0.2471605928450,0.0000000974883
66749,0.2442929220580,3.6995569655846,0.0801683393517,0.4491742356524,0.2471257128962,0.0000000974883
66773,0.2442954969896,3.6995959601894,0.0800507061321,0.4493019420778,0.2471214598679,0.0000000974883
66803,0.2443070222177,3.6997704975335,0.0800507061321,0.4491181421044,0.2470582867120,0.0000000974883
66829,0.2443057658068,3.6997514705241,0.0799330729125,0.4491400547032,0.2470154291722,0.0000000974883
66830,0.2443117837572,3.6998426059952,0.0799106833750,0.4490813497398,0.2469861571586,0.0000000974883
66870,0.2443111279003,3.6998326737379,0.0798862388922,0.4491033953388,0.2469834138392,0.0000000955385
66954,0.2443055236160,3.6997478028019,0.0797686056726,0.4492307219634,0.2469772724786,0.0000000936277
67036,0.2443008222309,3.6996766053152,0.0797217716524,0.4491033953388,0.2469107195215,0.0000000936277
67076,0.2442974022936,3.6996248139957,0.0797217716524,0.4490604884119,0.2468946627753,0.0000000917552
67078,0.2442983350078,3.6996389389626,0.0797686056726,0.3654040588504,0.2170376380937,0.0000000917552
67086,0.2443023954297,3.6997004297421,0.0797217716524,0.3653543068604,0.2170006678933,0.0000000917552
67096,0.2443020909360,3.6996958185069,0.0797217716524,0.3652457796953,0.2169618429428,0.0000000917552
67106,0.2443031196947,3.6997113979663,0.0796041384327,0.3652737622635,0.2169216429284,0.0000000917552
67112,0.2443019797622,3.6996941348979,0.0795573044125,0.3652520395650,0.2168935688276,0.0000000917552
67131,0.2443045384674,3.6997328837720,0.0794396711929,0.3652934000034,0.2168584744697,0.0000000917552
67169,0.2443083195512,3.6997901442728,0.0794238596839,0.3652960835256,0.2168534667418,0.0000000917552
67181,0.2443076089605,3.6997793831312,0.0793796976434,0.3653214058675,0.2168434315771,0.0000000917552
