0,0.2063240533919,3.124558757017,0.5553584234398,0.3201241934734,0.3965531191558,100000
1,0.2063225900763,3.124536596656,0.5553584234398,0.3197970760681,0.3964359779435,100000.0000000000000
2,0.2063343221107,3.1247142658619,0.5552407902202,0.3194516415383,0.3962647082389,100000.0000000000000
3,0.2063356132691,3.1247338190843,0.5551231570006,0.3193351328625,0.3961729604374,100000.0000000000000
4,0.2063348167144,3.1247217561102,0.5550055237810,0.3192812558295,0.3961031337126,100000.0000000000000
5,0.2063429917546,3.1248455584151,0.5548878905614,0.3192958517423,0.3960596840959,100000.0000000000000
9,0.2063502639129,3.1249556875322,0.5548410565411,0.3192726346977,0.3960328788910,100000.0000000000000
10,0.2063472388725,3.1249098765076,0.5548410565411,0.3188447864244,0.3958794277133,100000.0000000000000
12,0.2063350279763,3.1247249554475,0.5548410565411,0.3186972946652,0.3958241354644,100000.0000000000000
14,0.2063266199235,3.1245976244136,0.5548410565411,0.3185716643975,0.3957774657861,100000.0000000000000
16,0.2063323478584,3.1246843679068,0.5547234233215,0.3185189188151,0.3957094412557,100000.0000000000000
17,0.2063339799852,3.1247090847337,0.5547234233215,0.3183503338618,0.3956495820853,100000.0000000000000
18,0.2063419618992,3.1248299623487,0.5546057901019,0.3182568949522,0.3955675072193,100000.0000000000000
19,0.2063448450235,3.1248736242046,0.5546057901019,0.3181099322053,0.3955156383363,100000.0000000000000
20,0.2063407319288,3.1248113357523,0.5544881568823,0.3180982570235,0.3954601730141,100000.0000000000000
22,0.2063454575132,3.1248828997114,0.5544413228620,0.3181418956546,0.3954566991418,100000.0000000000000
23,0.2063374175669,3.1247611432599,0.5543236896424,0.3181992534655,0.3954250469916,100000.0000000000000
24,0.2063429106676,3.1248443304377,0.5542768556222,0.3182192233639,0.3954132844682,100000.0000000000000
36,0.2063768104632,3.1253577068544,0.5543236896424,0.3178224098664,0.3952989013268,100000.0000000000000
37,0.2063777114699,3.1253713516456,0.5543236896424,0.3171238705516,0.3950496160730,100000.0000000000000
39,0.2063879825506,3.1255268962587,0.5542060564228,0.3168730687708,0.3949118307173,100000.0000000000000
40,0.2064017159048,3.1257348733295,0.5542528904430,0.3167253343734,0.3948820830171,100000.0000000000000
47,0.2064214687229,3.1260340087898,0.5542060564228,0.3166505420874,0.3948395325102,100000.0000000000000
48,0.2064193163575,3.1260014135008,0.5542528904430,0.3165907866510,0.3948378017847,100000.0000000000000
49,0.2064283837600,3.1261387296851,0.5541352572234,0.3164493005905,0.3947387998266,100000.0000000000000
50,0.2064302490185,3.1261669770457,0.5540176240038,0.3164888464348,0.3947029088037,100000.0000000000000
51,0.2064371963835,3.1262721875124,0.5540176240038,0.3158998869667,0.3944940548576,100000.0000000000000
52,0.2064510403461,3.1264818396302,0.5540176240038,0.3155847980332,0.3943844896591,100000.0000000000000
53,0.2064590321605,3.1266028671751,0.5540176240038,0.3155152869323,0.3943613767975,100000.0000000000000
54,0.2064567650405,3.1265685340497,0.5540176240038,0.3152766767534,0.3942756730651,100000.0000000000000
55,0.2064617876859,3.1266445966811,0.5540176240038,0.3152425553131,0.3942645631176,100000.0000000000000
56,0.2064670306931,3.1267239964603,0.5539707899835,0.3152683447252,0.3942548254005,100000.0000000000000
58,0.2064611735123,3.1266352956744,0.5539707899835,0.3152598608416,0.3942505403319,100000.0000000000000
59,0.2064636887260,3.1266733859156,0.5539707899835,0.3151289470000,0.3942043243628,100000.0000000000000
61,0.2064707468584,3.1267802738378,0.5539707899835,0.3148131936071,0.3940930677508,100000.0000000000000
62,0.2064671768383,3.1267262096745,0.5540176240038,0.3146221032216,0.3940441279032,100000.0000000000000
63,0.2064741322282,3.1268315416705,0.5538999907841,0.3146427514916,0.3940025784891,100000.0000000000000
64,0.2064692664667,3.1267578548782,0.5538999907841,0.3142808000096,0.3938722674395,100000.0000000000000
73,0.2064945804646,3.1271412085033,0.5537823575645,0.3142679266741,0.3938226800108,100000.0000000000000
74,0.2064904048099,3.1270779726456,0.5537823575645,0.3142677573394,0.3938217247510,100000.0000000000000
75,0.2064927263848,3.1271131304326,0.5536647243449,0.3143233970636,0.3937916793244,100000.0000000000000
76,0.2064889083100,3.1270553097433,0.5536178903247,0.3143299286513,0.3937731221525,100000.0000000000000
79,0.2064726947644,3.1268097728067,0.5536886895241,0.3139260270060,0.3936557397477,100000.0000000000000
80,0.2064763367377,3.1268649266258,0.5536886895241,0.3133151192141,0.3934383388163,100000.0000000000000
82,0.2064927855849,3.1271140269558,0.5536418555038,0.3133072006197,0.3934189637769,100000.0000000000000
83,0.2064946431048,3.1271421571222,0.5536418555038,0.3131999741565,0.3933810666514,100000.0000000000000
84,0.2065034269632,3.1272751793332,0.5536418555038,0.3128888776504,0.3932718430118,100000.0000000000000
90,0.2065478141923,3.1279473767959,0.5534773882640,0.3129068798370,0.3932172979533,98000.0000000000000
91,0.2065489028038,3.1279638626626,0.5534773882640,0.3124970930342,0.3930711787976,98000.0000000000000
92,0.2065604316171,3.1281384543004,0.5534773882640,0.3124702485281,0.3930640619340,98000.0000000000000
93,0.2065669292973,3.1282368547693,0.5534773882640,0.3123781469200,0.3930325608626,98000.0000000000000
95,0.2065660911405,3.1282241617746,0.5534773882640,0.3123137718956,0.3930093901774,98000.0000000000000
97,0.2065612783678,3.1281512774409,0.5534065890646,0.3123398105150,0.3929873158619,98000.0000000000000
98,0.2065565817220,3.1280801517260,0.5533597550444,0.3123879553434,0.3929834322964,98000.0000000000000
99,0.2065566346447,3.1280809531838,0.5532421218247,0.3123191613902,0.3929084601310,98000.0000000000000
101,0.2065542334171,3.1280445891415,0.5531713226253,0.3122973983565,0.3928698305562,98000.0000000000000
102,0.2065602257785,3.1281353370933,0.5531713226253,0.3121982404382,0.3928357010913,98000.0000000000000
103,0.2065579974648,3.1281015916480,0.5531244886051,0.3121736693671,0.3928063764901,98000.0000000000000
104,0.2065569824108,3.1280862197329,0.5531244886051,0.3119347466864,0.3927208294497,98000.0000000000000
105,0.2065652838219,3.1282119357910,0.5531244886051,0.3117757384043,0.3926658196513,98000.0000000000000
106,0.2065665453008,3.1282310395506,0.5530068553855,0.3114675684029,0.3925056150164,98000.0000000000000
107,0.2065773074977,3.1283940215970,0.5530068553855,0.3112139823274,0.3924173547459,98000.0000000000000
108,0.2065803445266,3.1284400141751,0.5530536894057,0.3111548531771,0.3924169597071,98000.0000000000000
109,0.2065787111490,3.1284152784050,0.5529360561861,0.3110905116640,0.3923432163488,98000.0000000000000
110,0.2065766193610,3.1283836004976,0.5528892221659,0.3111327982659,0.3923377987434,98000.0000000000000
111,0.2065726182322,3.1283230076488,0.5528892221659,0.3111345412254,0.3923375638442,98000.0000000000000
113,0.2065824380083,3.1284717177332,0.5528892221659,0.3111058851441,0.3923294337672,98000.0000000000000
114,0.2065805659263,3.1284433670393,0.5528892221659,0.3110925197812,0.3923242592629,98000.0000000000000
115,0.2065770466712,3.1283900716572,0.5528892221659,0.3110536349491,0.3923096176967,98000.0000000000000
116,0.2065793058385,3.1284242843471,0.5528892221659,0.3110450421105,0.3923070329331,98000.0000000000000
117,0.2065752913162,3.1283634886688,0.5528892221659,0.3107174302554,0.3921891684444,98000.0000000000000
118,0.2065670293574,3.1282383700729,0.5527715889463,0.3103612122747,0.3920097630802,98000.0000000000000
119,0.2065669116753,3.1282365879021,0.5527715889463,0.3102835224579,0.3919819914995,98000.0000000000000
120,0.2065703586181,3.1282887881921,0.5527715889463,0.3102522855913,0.3919715741063,98000.0000000000000
121,0.2065728817170,3.1283269978463,0.5527715889463,0.3102409143652,0.3919680536182,98000.0000000000000
122,0.2065779203914,3.1284033032210,0.5527247549260,0.3102038377057,0.3919358199470,98000.0000000000000
124,0.2065836114650,3.1284894884902,0.5527715889463,0.3101260805956,0.3919293407893,98000.0000000000000
125,0.2065904667972,3.1285933052186,0.5527715889463,0.3099913070636,0.3918826763848,98000.0000000000000
126,0.2065916776074,3.1286116416528,0.5527247549260,0.3099893640776,0.3918621701976,98000.0000000000000
127,0.2065855019692,3.1285181181680,0.5527247549260,0.3099843693308,0.3918590630084,98000.0000000000000
128,0.2065834248208,3.1284866619617,0.5526071217064,0.3099504536095,0.3917960909106,98000.0000000000000
135,0.2066263302299,3.1291364188334,0.5523958204463,0.3101510204171,0.3917863582467,98000.0000000000000
136,0.2066229370306,3.1290850324331,0.5523958204463,0.3098848588327,0.3916905734238,98000.0000000000000
137,0.2066244696397,3.1291082421704,0.5522781872267,0.3097815129811,0.3916035783703,98000.0000000000000
138,0.2066269824524,3.1291462960511,0.5521605540071,0.3096935164889,0.3915222752746,98000.0000000000000
140,0.2066443733088,3.1294096621103,0.5520429207874,0.3094612642066,0.3913926404060,98000.0000000000000
141,0.2066466910234,3.1294447614362,0.5519960867672,0.3094056905902,0.3913532176160,98000.0000000000000
142,0.2066524109018,3.1295313829233,0.5519492527470,0.3094007061634,0.3913325914289,98000.0000000000000
143,0.2066616596737,3.1296714457545,0.5519492527470,0.3091806799981,0.3912559925353,98000.0000000000000
144,0.2066643659157,3.1297124289170,0.5519492527470,0.3091374055659,0.3912411172899,98000.0000000000000
145,0.2066598646229,3.1296442616156,0.5519492527470,0.3091244337649,0.3912355199411,98000.0000000000000
149,0.2066658883937,3.1297354852306,0.5519024187268,0.3087650512481,0.3910883881273,98000.0000000000000
150,0.2066686688552,3.1297775923684,0.5517847855071,0.3087096644419,0.3910187887013,98000.0000000000000
151,0.2066731460240,3.1298453943358,0.5517847855071,0.3086731231478,0.3910066976324,98000.0000000000000
152,0.2066726469867,3.1298378369469,0.5517847855071,0.3086667483348,0.3910043139769,98000.0000000000000
153,0.2066755074379,3.1298811554437,0.5517847855071,0.3086176215546,0.3909873816521,98000.0000000000000
156,0.2066840040719,3.1300098279455,0.5516671522875,0.3084789544899,0.3908892641708,98000.0000000000000
157,0.2066920214199,3.1301312421698,0.5515495190679,0.3083247431873,0.3907854924717,98000.0000000000000
158,0.2066993552211,3.1302423048038,0.5515495190679,0.3082798544634,0.3907710323134,98000.0000000000000
162,0.2067188323206,3.1305372647988,0.5514787198685,0.3082913462013,0.3907489676557,98000.0000000000000
163,0.2067134121007,3.1304551813221,0.5514787198685,0.3077269170294,0.3905462243329,98000.0000000000000
164,0.2067040849559,3.1303139316154,0.5513610866489,0.3076740321578,0.3904749239679,98000.0000000000000
165,0.2067116100227,3.1304278907630,0.5513610866489,0.3076007036443,0.3904503477273,98000.0000000000000
166,0.2067056137198,3.1303370831226,0.5513610866489,0.3075331189004,0.3904249253968,98000.0000000000000
167,0.2067098757747,3.1304016274187,0.5513610866489,0.3074582870651,0.3903991130388,98000.0000000000000
171,0.2067190267914,3.1305402098528,0.5512674186084,0.3075061502389,0.3903780245157,96040.0000000000000
172,0.2067219679598,3.1305847507251,0.5512674186084,0.3073098566756,0.3903085499220,96040.0000000000000
175,0.2067058528224,3.1303407040770,0.5512674186084,0.3072912690395,0.3902984582368,96040.0000000000000
176,0.2066990229414,3.1302372727792,0.5512205845882,0.3073337574659,0.3902920974059,96040.0000000000000
177,0.2067008063245,3.1302642802241,0.5511737505679,0.3073479201586,0.3902774659410,96040.0000000000000
178,0.2067002895732,3.1302564545731,0.5511269165477,0.3074003621058,0.3902760127525,96040.0000000000000
179,0.2067037591774,3.1303089980458,0.5510092833281,0.3068249406434,0.3900208343370,96040.0000000000000
180,0.2066996569273,3.1302468738228,0.5510092833281,0.3066035771798,0.3899408969035,96040.0000000000000
181,0.2067115763454,3.1304273807565,0.5510092833281,0.3060028416845,0.3897289026734,96040.0000000000000
182,0.2067063510501,3.1303482492063,0.5510092833281,0.3059403052936,0.3897054485419,96040.0000000000000
183,0.2067080791399,3.1303744192916,0.5510092833281,0.3059355583710,0.3897041235174,96040.0000000000000
184,0.2067044415528,3.1303193318970,0.5511269165477,0.3057794654248,0.3896980107906,96040.0000000000000
185,0.2067091804517,3.1303910974899,0.5510092833281,0.3044810944395,0.3891849081086,96040.0000000000000
189,0.2067065831604,3.1303517642703,0.5509156152876,0.3045899860611,0.3891830979652,96040.0000000000000
190,0.2067251903120,3.1306335498288,0.5509156152876,0.3044864643445,0.3891501131703,96040.0000000000000
191,0.2067294176188,3.1306975679021,0.5509156152876,0.3039295759205,0.3889521302989,96040.0000000000000
195,0.2067408434149,3.1308705994549,0.5508687812674,0.3039487818540,0.3889413662228,96040.0000000000000
196,0.2067410292607,3.1308734138927,0.5508219472472,0.3039174785411,0.3889101545694,96040.0000000000000
197,0.2067447365211,3.1309295564152,0.5507751132269,0.3039200238501,0.3888917862983,96040.0000000000000
198,0.2067488471513,3.1309918075465,0.5507751132269,0.3038201809550,0.3888570089708,96040.0000000000000
