0,0.2063240533919,3.124558757017,0.5553584234398,0.3201241934734,0.3965531191558,100000
1,0.2063261351332,3.124590282778,0.5553584234398,0.3201217685529,0.3965526992002,100000.0000000000000
2,0.2063298288760,3.1246462205924,0.5552407902202,0.3197071784591,0.3963550085889,100000.0000000000000
3,0.2063322250910,3.1246825087242,0.5551231570006,0.3195992262397,0.3962665534625,100000.0000000000000
4,0.2063300763872,3.1246499688864,0.5550055237810,0.3196150042525,0.3962213137936,100000.0000000000000
5,0.2063402795631,3.1248044851538,0.5550055237810,0.3193722027778,0.3961367853760,100000.0000000000000
7,0.2063437851538,3.1248575736036,0.5548410565411,0.3191890796643,0.3960016495021,100000.0000000000000
8,0.2063464626923,3.1248981220818,0.5548410565411,0.3190831688311,0.3959643979628,100000.0000000000000
9,0.2063474334692,3.1249128234675,0.5547234233215,0.3189586027182,0.3958697038520,100000.0000000000000
11,0.2063478058276,3.1249184624404,0.5547234233215,0.3188719165933,0.3958388243127,100000.0000000000000
14,0.2063512193546,3.1249701566827,0.5547234233215,0.3187715802217,0.3958037213644,100000.0000000000000
15,0.2063496180310,3.1249459063371,0.5547234233215,0.3187616952047,0.3957998478604,100000.0000000000000
16,0.2063604428435,3.1251098366303,0.5547234233215,0.3187132184109,0.3957848543224,100000.0000000000000
17,0.2063660494325,3.1251947424689,0.5547234233215,0.3183574546419,0.3956589972454,100000.0000000000000
18,0.2063686901336,3.1252347330843,0.5547702573417,0.3180359224063,0.3955648018916,100000.0000000000000
19,0.2063810034284,3.1254212048623,0.5546526241221,0.3180405744009,0.3955186876445,100000.0000000000000
20,0.2063766884142,3.1253558585533,0.5546057901019,0.3180674765458,0.3955072991845,100000.0000000000000
21,0.2063847988379,3.1254786823091,0.5546057901019,0.3180189374932,0.3954917017565,100000.0000000000000
22,0.2063841643647,3.1254690738868,0.5544881568823,0.3166692404864,0.3949591169157,100000.0000000000000
23,0.2063865625511,3.1255053918741,0.5544881568823,0.3163124776518,0.3948322155147,100000.0000000000000
26,0.2064007521858,3.1257202788279,0.5543705236626,0.3158358599347,0.3946146213005,100000.0000000000000
28,0.2064204583463,3.1260187077088,0.5542528904430,0.3155616127470,0.3944704843880,100000.0000000000000
30,0.2064229502878,3.1260564455175,0.5542060564228,0.3155127752199,0.3944335046786,100000.0000000000000
31,0.2064273614290,3.1261232475675,0.5540884232032,0.3154684958484,0.3943682216248,100000.0000000000000
