0,0.2063240533919,3.124558757017,0.5553584234398,0.3201241934734,0.3965531191558,100000
1,0.2063288593848,3.124631538677,0.5553584234398,0.3195943479168,0.3963649184555,100000.0000000000000
2,0.2063398658313,3.1247982196256,0.5552407902202,0.3195554039814,0.3963029541945,100000.0000000000000
3,0.2063417033530,3.1248260469410,0.5551231570006,0.3194967680642,0.3962319923131,100000.0000000000000
8,0.2063538208428,3.1250095534593,0.5550523578012,0.3194530895089,0.3961886469200,100000.0000000000000
10,0.2063582238414,3.1250762321988,0.5548878905614,0.3194551335216,0.3961198344643,100000.0000000000000
11,0.2063614599406,3.1251252394865,0.5548878905614,0.3193342871597,0.3960773684992,100000.0000000000000
12,0.2063679677369,3.1252237931534,0.5548878905614,0.3193236442674,0.3960749619940,100000.0000000000000
13,0.2063725859860,3.1252937316329,0.5547702573417,0.3192620081190,0.3960035244717,100000.0000000000000
19,0.2063817998318,3.1254332655461,0.5546765893013,0.3190582116671,0.3958925709742,100000.0000000000000
22,0.2063881499924,3.1255294319872,0.5546297552810,0.3190792700382,0.3958813808467,100000.0000000000000
28,0.2064081516815,3.1258323363350,0.5544652880412,0.3184686098865,0.3955970880517,100000.0000000000000
30,0.2064266964019,3.1261131764389,0.5543716200007,0.3184868403647,0.3955674293595,100000.0000000000000
32,0.2064360164762,3.1262543190691,0.5543008208013,0.3184497299611,0.3955258302887,100000.0000000000000
33,0.2064348384569,3.1262364792174,0.5542539867811,0.3184044464353,0.3954893334453,100000.0000000000000
34,0.2064399863858,3.1263144391354,0.5542539867811,0.3183680910679,0.3954774525131,100000.0000000000000
35,0.2064453742760,3.1263960330135,0.5543008208013,0.3178935544612,0.3953292014244,100000.0000000000000
36,0.2064366848072,3.1262644402326,0.5543008208013,0.3178624348942,0.3953162252643,100000.0000000000000
38,0.2064400866407,3.1263159573892,0.5543008208013,0.3176706617439,0.3952484638178,100000.0000000000000
39,0.2064386073009,3.1262935543594,0.5543008208013,0.3174002135892,0.3951515581898,100000.0000000000000
40,0.2064449413519,3.1263894768380,0.5543008208013,0.3173560433887,0.3951371404148,100000.0000000000000
41,0.2064445768575,3.1263839569564,0.5543008208013,0.3159465519141,0.3946336724965,100000.0000000000000
42,0.2064450585101,3.1263912510739,0.5543008208013,0.3158169988383,0.3945875067521,100000.0000000000000
43,0.2064414503099,3.1263366087129,0.5543008208013,0.3158134198416,0.3945854553533,100000.0000000000000
44,0.2064463225434,3.1264103935168,0.5541831875817,0.3157508702932,0.3945137460419,100000.0000000000000
45,0.2064407188508,3.1263255315403,0.5541831875817,0.3157462982932,0.3945109123935,100000.0000000000000
48,0.2064300885559,3.1261645470090,0.5542300216019,0.3156907821608,0.3945088790059,100000.0000000000000
49,0.2064321767236,3.1261961700930,0.5541123883823,0.3154369293139,0.3943682505025,100000.0000000000000
50,0.2064282128390,3.1261361412684,0.5541123883823,0.3154018739366,0.3943548813210,100000.0000000000000
51,0.2064245835991,3.1260811802834,0.5541123883823,0.3153470698203,0.3943345307281,100000.0000000000000
52,0.2064274776037,3.1261250069100,0.5541123883823,0.3152104988280,0.3942863755175,100000.0000000000000
