0,0.2063240533919,3.124558757017,0.5553584234398,0.3201241934734,0.3965531191558,100000
1,0.2063257476372,3.124584414563,0.5552407902202,0.3201972304096,0.3965291525915,100000.0000000000000
2,0.2063249466535,3.1245722845147,0.5552407902202,0.3200329219428,0.3964702993568,100000.0000000000000
3,0.2063261794770,3.1245909543192,0.5551231570006,0.3200251273060,0.3964173654975,100000.0000000000000
4,0.2063237476232,3.1245541264750,0.5550055237810,0.3200573826160,0.3963779499026,100000.0000000000000
5,0.2063182803930,3.1244713310765,0.5550055237810,0.3197766418311,0.3962765137872,100000.0000000000000
13,0.2063276362158,3.1246130150808,0.5547942225209,0.3199027157799,0.3962329873337,100000.0000000000000
14,0.2063319255988,3.1246779732337,0.5547942225209,0.3192581776641,0.3960037143030,100000.0000000000000
15,0.2063311965499,3.1246669325614,0.5547942225209,0.3189748580656,0.3959023725074,100000.0000000000000
16,0.2063420105239,3.1248306987170,0.5547942225209,0.3189558374500,0.3958978967105,100000.0000000000000
17,0.2063428137841,3.1248428632400,0.5547942225209,0.3188362201345,0.3958553483679,100000.0000000000000
19,0.2063695113498,3.1252471695311,0.5546765893013,0.3188761554356,0.3958249176454,100000.0000000000000
20,0.2063720417360,3.1252854895440,0.5546765893013,0.3186234943444,0.3957352237670,100000.0000000000000
21,0.2063754091335,3.1253364852047,0.5546765893013,0.3185211432517,0.3956993913905,100000.0000000000000
22,0.2063774664502,3.1253676410818,0.5545589560816,0.3185256872180,0.3956510408522,100000.0000000000000
23,0.2063826758302,3.1254465316124,0.5545589560816,0.3184351334865,0.3956198165295,100000.0000000000000
24,0.2063820938506,3.1254377181488,0.5545589560816,0.3182625159250,0.3955580426905,100000.0000000000000
25,0.2063864580094,3.1255038087012,0.5545121220614,0.3182753954833,0.3955435059867,100000.0000000000000
26,0.2063897097319,3.1255530525865,0.5545121220614,0.3176564511644,0.3953231512419,100000.0000000000000
27,0.2063909827334,3.1255723308428,0.5545589560816,0.3174343472238,0.3952641729150,100000.0000000000000
28,0.2063936736027,3.1256130812010,0.5545589560816,0.3173510308071,0.3952349936667,100000.0000000000000
29,0.2063986342091,3.1256882043187,0.5546057901019,0.3172628260717,0.3952246266855,100000.0000000000000
30,0.2063994182677,3.1257000780540,0.5544881568823,0.3172340994075,0.3951641209382,100000.0000000000000
31,0.2063967638694,3.1256598800089,0.5544881568823,0.3171020426334,0.3951163890049,100000.0000000000000
32,0.2063922666888,3.1255917749834,0.5544881568823,0.3169866723995,0.3950742216684,100000.0000000000000
34,0.2063996679934,3.1257038598839,0.5544413228620,0.3166523991305,0.3949363526289,100000.0000000000000
35,0.2063936058942,3.1256120558274,0.5544413228620,0.3165680495580,0.3949049287604,100000.0000000000000
37,0.2063887632463,3.1255387190656,0.5544413228620,0.3165238973088,0.3948881223896,100000.0000000000000
