0,0.2063240533919,3.124558757017,0.5553584234398,0.3201241934734,0.3965531191558,100000
1,0.2063254990313,3.124580649691,0.5553584234398,0.3201189885763,0.3965515700439,100000.0000000000000
5,0.2063299324816,3.1246477895893,0.5553584234398,0.3190849863946,0.3961832335755,100000.0000000000000
6,0.2063349952883,3.1247244604218,0.5552407902202,0.3190802312886,0.3961322059735,100000.0000000000000
7,0.2063355317973,3.1247325852815,0.5551231570006,0.3188179298296,0.3959882276103,100000.0000000000000
8,0.2063392258552,3.1247885278664,0.5551231570006,0.3187683725319,0.3959713201592,100000.0000000000000
11,0.2063367027135,3.1247503175632,0.5551231570006,0.3175424027538,0.3955329331366,100000.0000000000000
13,0.2063458118824,3.1248882662572,0.5550763229804,0.3175326261092,0.3955113217197,100000.0000000000000
14,0.2063582496799,3.1250766234965,0.5550763229804,0.3173424127444,0.3954460536174,100000.0000000000000
15,0.2063642468091,3.1251674436509,0.5550763229804,0.3172748464601,0.3954232079007,100000.0000000000000
23,0.2063961138745,3.1256500365268,0.5550763229804,0.3172483174239,0.3954205619018,100000.0000000000000
24,0.2064053425291,3.1257897947031,0.5550763229804,0.3170677246170,0.3953580420396,100000.0000000000000
25,0.2064085795525,3.1258388159867,0.5550763229804,0.3164589677612,0.3951413225247,100000.0000000000000
26,0.2064131231752,3.1259076243293,0.5550763229804,0.3164411883202,0.3951359463578,100000.0000000000000
159268,0.2549880217952,3.8615228972898,0.0133914886878,0.9372755700412,0.3951207748370,0.0000017754179
159278,0.2549771145843,3.8613577191596,0.0133914886878,0.9372521884517,0.3951100870099,0.0000017754179
159280,0.2549733921097,3.8613013462337,0.0134383227081,0.9371427698289,0.3950902829801,0.0000017754179
159281,0.2549835088779,3.8614545539488,0.0134383227081,0.9371358383846,0.3950899753432,0.0000017754179
159283,0.2549853812098,3.8614829084276,0.0133914886878,0.9371718823295,0.3950831776717,0.0000017754179
159294,0.2549862697012,3.8614963636872,0.0133914886878,0.9370792095936,0.3950502706571,0.0000017558883
159327,0.2549792029159,3.8613893447255,0.0133914886878,0.9370256302914,0.3950296208808,0.0000017558883
159328,0.2549801510337,3.8614037029634,0.0132738554682,0.9369600174731,0.3949559766626,0.0000017558883
159330,0.2549762401391,3.8613444766157,0.0132993962890,0.9368783958394,0.3949369340963,0.0000017558883
159333,0.2549808512690,3.8614143072826,0.0132748140754,0.9367497791402,0.3948814524257,0.0000017558883
159341,0.2549830114367,3.8614470207299,0.0132720043647,0.9366164725400,0.3948331016570,0.0000017558883
159347,0.2549871222363,3.8615092744255,0.0133031646069,0.9364764187903,0.3947973177358,0.0000017558883
159349,0.2549821330882,3.8614337190734,0.0132168624157,0.9362767067925,0.3946879362658,0.0000017558883
159350,0.2549840239783,3.8614623545970,0.0130992291961,0.9361692072314,0.3945995345192,0.0000017558883
159371,0.2549849667751,3.8614766322538,0.0131460632163,0.9361063300665,0.3945973521397,0.0000017558883
159391,0.2549833909311,3.8614527677690,0.0131460632163,0.9361037208399,0.3945960825922,0.0000017558883
159392,0.2549792286261,3.8613897340793,0.0131460632163,0.9360950181795,0.3945920825767,0.0000017558883
159396,0.2549885165409,3.8615303896886,0.0131928972366,0.9359960307915,0.3945787919286,0.0000017558883
159399,0.2549833642102,3.8614523631094,0.0131460632163,0.9359990058682,0.3945586786621,0.0000017558883
159404,0.2549806028979,3.8614105459668,0.0131423114262,0.9360005834527,0.3945570424653,0.0000017365735
159407,0.2549681887590,3.8612225470122,0.0131891454464,0.9359448591587,0.3945545524821,0.0000017365735
159428,0.2549689123329,3.8612335047708,0.0131891454464,0.9359314497971,0.3945499184759,0.0000017365735
159429,0.2549662500582,3.8611931874463,0.0131460632163,0.9357990382735,0.3944835943457,0.0000017365735
159436,0.2549621583241,3.8611312224766,0.0131170956504,0.9357961115231,0.3944692576064,0.0000017365735
159443,0.2549676342816,3.8612141500392,0.0130697988542,0.9357610587021,0.3944376421058,0.0000017365735
159464,0.2549648944843,3.8611726587180,0.0130697988542,0.9330366942052,0.3934640676860,0.0000017174712
159466,0.2549745890608,3.8613194727876,0.0131092670252,0.9328014615137,0.3933990483501,0.0000017174712
159472,0.2549787183745,3.8613820068600,0.0130781067830,0.9326457390157,0.3933309636357,0.0000017174712
159474,0.2549797488546,3.8613976123876,0.0130781067830,0.9326399700085,0.3933291240932,0.0000017174712
159480,0.2549784950163,3.8613786243369,0.0130781067830,0.9326280830558,0.3933246100733,0.0000017174712
159482,0.2549748175116,3.8613229324322,0.0130781067830,0.9326290521853,0.3933241681542,0.0000017174712
159489,0.2549780482647,3.8613718587593,0.0130679312230,0.9326324688652,0.3933217197470,0.0000017174712
159492,0.2549743387177,3.8613156816069,0.0129502980034,0.9324493356090,0.3932051058728,0.0000017174712
159496,0.2549720080997,3.8612803868715,0.0129502980034,0.9323984499309,0.3931864329981,0.0000017174712
159498,0.2549771456095,3.8613581890032,0.0129346242253,0.9322227811268,0.3931180777010,0.0000017174712
159500,0.2549761055615,3.8613424385814,0.0128877902051,0.9322677753237,0.3931138524667,0.0000017174712
159504,0.2549688366692,3.8612323589242,0.0128877902051,0.9316131438397,0.3928784978883,0.0000017174712
159509,0.2549658882130,3.8611877076841,0.0128877902051,0.9316133448767,0.3928779378752,0.0000017174712
159518,0.2549619269760,3.8611277189559,0.0128409561849,0.9316331625049,0.3928640950401,0.0000017174712
159519,0.2549645102533,3.8611668399473,0.0128409561849,0.9316265115677,0.3928622732648,0.0000017174712
159520,0.2549738653826,3.8613085134495,0.0128877902051,0.9315391688722,0.3928531558385,0.0000017174712
159527,0.2549733608216,3.8613008724087,0.0128877902051,0.9314008988740,0.3928036655761,0.0000017174712
159532,0.2549835882820,3.8614557564398,0.0128409561849,0.9314239996426,0.3927940357263,0.0000017174712
159534,0.2549879877761,3.8615223821070,0.0128877902051,0.9313601436370,0.3927922444817,0.0000017174712
159535,0.2549925152085,3.8615909452648,0.0128513025312,0.9312040301375,0.3927218222500,0.0000017174712
159536,0.2549948753274,3.8616266867598,0.0128981365514,0.9311224925953,0.3927132791619,0.0000017174712
159554,0.2549940004395,3.8616134375107,0.0128981365514,0.9309126175155,0.3926381363003,0.0000017174712
159557,0.2549990665207,3.8616901579331,0.0128981365514,0.9308084649911,0.3926020245590,0.0000017174712
159558,0.2550028736674,3.8617478131274,0.0128981365514,0.9307687268963,0.3925886481994,0.0000017174712
159562,0.2550106339008,3.8618653336247,0.0128981365514,0.9307350285581,0.3925782759858,0.0000017174712
159568,0.2550140289699,3.8619167483423,0.0128981365514,0.9306861938981,0.3925615625506,0.0000017174712
159570,0.2550238062818,3.8620648153512,0.0128981365514,0.9306796378091,0.3925613162285,0.0000017174712
159577,0.2550314964911,3.8621812754077,0.0129449705716,0.9306125891324,0.3925590898975,0.0000017174712
159581,0.2550307754577,3.8621703561216,0.0129918045919,0.9305056404805,0.3925408111662,0.0000017174712
159582,0.2550310580099,3.8621746350747,0.0129918045919,0.9303608390733,0.3924891569248,0.0000017174712
159583,0.2550360031842,3.8622495244907,0.0129918045919,0.9301721207627,0.3924228172084,0.0000017174712
159590,0.2550385752416,3.8622884755682,0.0130386386121,0.9301026958975,0.3924186454918,0.0000017174712
159592,0.2550417539045,3.8623366130435,0.0129918045919,0.9300251591856,0.3923715632280,0.0000017174712
159593,0.2550399274800,3.8623089537837,0.0129918045919,0.9299597061385,0.3923477957631,0.0000017174712
159596,0.2550415210777,3.8623330871299,0.0129918045919,0.9298333142649,0.3923029972935,0.0000017174712
159601,0.2550388955906,3.8622933269143,0.0129946143025,0.9298283346469,0.3923018604158,0.0000017174712
159604,0.2550368420675,3.8622622284872,0.0130414483228,0.9297069907347,0.3922781549866,0.0000017174712
159618,0.2550447649208,3.8623822116893,0.0130882823430,0.9296384098537,0.3922754312920,0.0000017174712
159619,0.2550513998507,3.8624826906588,0.0130882823430,0.9295969469683,0.3922620448894,0.0000017174712
159625,0.2550525684378,3.8625003876697,0.0130882823430,0.9295873265767,0.3922588594468,0.0000017174712
159630,0.2550561704231,3.8625549359140,0.0130882823430,0.9293901085664,0.3921891962971,0.0000017174712
159640,0.2550653595996,3.8626940962371,0.0130882823430,0.9292747091035,0.3921499513125,0.0000016985790
159645,0.2550656760658,3.8626988887816,0.0130898414570,0.9291334309798,0.3921002308456,0.0000016985790
159676,0.2550635673852,3.8626669550526,0.0130898414570,0.9291338144774,0.3920999159489,0.0000016985790
159687,0.2550567144709,3.8625631749406,0.0131366754772,0.9290493150965,0.3920883408399,0.0000016985790
159690,0.2550680533708,3.8627348905421,0.0130898414570,0.9290482164848,0.3920703065199,0.0000016985790
159713,0.2550557962363,3.8625492692515,0.0131131730739,0.9289664134580,0.3920484638887,0.0000016985790
159715,0.2550542374359,3.8625256628740,0.0131137901084,0.9288829716828,0.3920185936694,0.0000016985790
159722,0.2550633937893,3.8626643261269,0.0131137901084,0.9287447103649,0.3919711767031,0.0000016985790
159732,0.2550597446529,3.8626090638294,0.0131137901084,0.9285603462840,0.3919045504306,0.0000016985790
159746,0.2550647018372,3.8626841351234,0.0131054987073,0.9284099746050,0.3918483550558,0.0000016985790
159753,0.2550593537680,3.8626031442931,0.0131054987073,0.9283288911055,0.3918182506483,0.0000016985790
159754,0.2550607164547,3.8626237807362,0.0131523327276,0.9281963525567,0.3917912791795,0.0000016985790
159756,0.2550644323388,3.8626800538563,0.0131054987073,0.9281450918891,0.3917536963361,0.0000016985790
159757,0.2550569050472,3.8625660610158,0.0130586646871,0.9281973671351,0.3917506813528,0.0000016985790
159758,0.2550636280230,3.8626678733478,0.0130118306669,0.9281909047991,0.3917297422904,0.0000016985790
159761,0.2550663970803,3.8627098077802,0.0129002961722,0.9282840861631,0.3917158142207,0.0000016985790
159766,0.2550611527656,3.8626303882021,0.0128562883903,0.9283348806426,0.3917139708465,0.0000016985790
159770,0.2550563649891,3.8625578824101,0.0129031224105,0.9282593230717,0.3917060317706,0.0000016985790
159773,0.2550582814127,3.8625869046110,0.0129031224105,0.9280747249205,0.3916405145217,0.0000016985790
159783,0.2550617430789,3.8626393278702,0.0129031224105,0.9279344275021,0.3915911500865,0.0000016985790
159784,0.2550663872830,3.8627096594103,0.0129499564308,0.9270598464995,0.3912998666379,0.0000016985790
159795,0.2550574562605,3.8625744085566,0.0129499564308,0.9270608911655,0.3912983259424,0.0000016985790
159796,0.2550626943139,3.8626537333142,0.0129939807403,0.9268726849952,0.3912510994543,0.0000016985790
159817,0.2550685229613,3.8627420019908,0.0130408147606,0.9268004450788,0.3912466202029,0.0000016798947
159829,0.2550661304250,3.8627057695693,0.0130848225424,0.9266228955825,0.3912015574601,0.0000016798947
159832,0.2550633904740,3.8626642759205,0.0131147487156,0.9264536158692,0.3911533387901,0.0000016798947
159834,0.2550627006729,3.8626538296144,0.0131615827358,0.9262374635300,0.3910960654345,0.0000016798947
159835,0.2550702299215,3.8627678520919,0.0131600236218,0.9262074369579,0.3910862868775,0.0000016798947
159866,0.2550620295666,3.8626436664223,0.0132068576421,0.9261265847616,0.3910757255971,0.0000016798947
159877,0.2550623212041,3.8626480829621,0.0131600236218,0.9261349976204,0.3910587209604,0.0000016614158
159894,0.2550638500128,3.8626712351478,0.0132068576421,0.9260748314072,0.3910576323519,0.0000016614158
159901,0.2550670378156,3.8627195110369,0.0132068576421,0.9260016537765,0.3910321805844,0.0000016614158
159903,0.2550687977434,3.8627461632740,0.0132068576421,0.9259887474995,0.3910279483272,0.0000016614158
159908,0.2550687290061,3.8627451223217,0.0132068576421,0.9259829107251,0.3910258490354,0.0000016614158
159909,0.2550627768782,3.8626549836634,0.0131600236218,0.9260223856331,0.3910186000379,0.0000016614158
159911,0.2550578184944,3.8625798942035,0.0131600236218,0.9260194764052,0.3910164985171,0.0000016614158
159917,0.2550628164285,3.8626555826096,0.0131600236218,0.9258752837677,0.3909660721325,0.0000016614158
159923,0.2550495839046,3.8624551900833,0.0131738132410,0.9258427330256,0.3909575211634,0.0000016614158
159924,0.2550500962112,3.8624629484232,0.0131453084509,0.9257675455612,0.3909185619389,0.0000016614158
159925,0.2550475290150,3.8624240709623,0.0131921424712,0.9256309352842,0.3908892941638,0.0000016614158
159927,0.2550512520205,3.8624804519278,0.0131186878197,0.9256115329875,0.3908516819941,0.0000016614158
159928,0.2550492108284,3.8624495402396,0.0131186878197,0.9254266339591,0.3907852092285,0.0000016614158
159936,0.2550456584452,3.8623957431686,0.0130718537995,0.9254803820664,0.3907835720332,0.0000016614158
159941,0.2550515313738,3.8624846824376,0.0130718537995,0.9252978561440,0.3907196426885,0.0000016614158
159942,0.2550510317832,3.8624771166673,0.0131186878197,0.9251594246651,0.3906901675424,0.0000016614158
159952,0.2550506957167,3.8624720272978,0.0131186878197,0.9250206977562,0.3906405502035,0.0000016614158
159955,0.2550520519942,3.8624925666804,0.0130010546001,0.9249590302758,0.3905684024973,0.0000016614158
159962,0.2550483965947,3.8624372095356,0.0130010546001,0.9248322081850,0.3905223255936,0.0000016614158
159965,0.2550472285655,3.8624195209736,0.0130010546001,0.9248227485183,0.3905186968492,0.0000016614158
159970,0.2550485442316,3.8624394453390,0.0130010546001,0.9246771784688,0.3904669894742,0.0000016614158
159972,0.2550547910710,3.8625340470911,0.0130010546001,0.9245524023152,0.3904237651707,0.0000016431403
159979,0.2550561216693,3.8625541975898,0.0129199090544,0.9244917990355,0.3903676296080,0.0000016431403
159983,0.2550572740212,3.8625716487357,0.0129199090544,0.9243526509247,0.3903181807867,0.0000016431403
159986,0.2550513459620,3.8624818745727,0.0129529534555,0.9242996372057,0.3903121389034,0.0000016431403
159992,0.2550575473114,3.8625757874258,0.0129529534555,0.9242953816114,0.3903119479089,0.0000016431403
160001,0.2550620054001,3.8626433004467,0.0129529534555,0.9242831770712,0.3903085444492,0.0000016431403
160010,0.2550625780223,3.8626519722017,0.0129529534555,0.9242079548852,0.3902818020876,0.0000016431403
160028,0.2550728801966,3.8628079876943,0.0129529534555,0.9241467848098,0.3902621632408,0.0000016431403
160031,0.2550724277169,3.8628011353698,0.0129195840094,0.9214974562163,0.3893015763063,0.0000016431403
160042,0.2550674906613,3.8627263689043,0.0129664180297,0.9213849310290,0.3892804025219,0.0000016431403
160043,0.2550752518182,3.8628439033852,0.0130132520499,0.9212736899906,0.3892624084076,0.0000016431403
160045,0.2550758733390,3.8628533156583,0.0130132520499,0.9211384511124,0.3892142419913,0.0000016431403
160052,0.2550720180083,3.8627949307675,0.0130398726811,0.9209728680331,0.3891656878769,0.0000016431403
160055,0.2550693310655,3.8627542398715,0.0130398726811,0.9208887823062,0.3891350814867,0.0000016431403
160060,0.2550768062524,3.8628674436410,0.0130398726811,0.9207559587147,0.3890892463155,0.0000016431403
160064,0.2550665422423,3.8627120061051,0.0130867067013,0.9207019690093,0.3890878365701,0.0000016431403
160067,0.2550599998694,3.8626129288124,0.0131335407216,0.9205261520809,0.3890437145959,0.0000016431403
160070,0.2550565577247,3.8625608011859,0.0131335407216,0.9205270090108,0.3890432830398,0.0000016431403
160071,0.2550532249190,3.8625103293818,0.0131335407216,0.9203725488674,0.3889874045302,0.0000016431403
160086,0.2550484695763,3.8624383147648,0.0131335407216,0.9203251836479,0.3889694693784,0.0000016431403
160087,0.2550480019028,3.8624312323455,0.0131335407216,0.9202875421802,0.3889559257813,0.0000016431403
160095,0.2550404158093,3.8623163490123,0.0131102091046,0.9203058291833,0.3889508319980,0.0000016431403
160097,0.2550366245626,3.8622589346067,0.0131102091046,0.9202459397318,0.3889286304982,0.0000016431403
160102,0.2550408273264,3.8623225810019,0.0131102091046,0.9201915573052,0.3889101087952,0.0000016431403
160103,0.2550403920507,3.8623159892136,0.0132278423242,0.9199713151674,0.3888817718525,0.0000016431403
160104,0.2550333863332,3.8622098950592,0.0132684068332,0.9198613431684,0.3888583797029,0.0000016431403
160117,0.2550324840464,3.8621962308835,0.0132684068332,0.9198317546346,0.3888476190223,0.0000016431403
160158,0.2550352242802,3.8622377288151,0.0132684068332,0.9198205423439,0.3888442018257,0.0000016250657
160162,0.2550321117981,3.8621905935784,0.0132917384502,0.9197904750767,0.3888427958199,0.0000016250657
160168,0.2550366859567,3.8622598643544,0.0133385724704,0.9196551511581,0.3888155177488,0.0000016250657
160186,0.2550314609911,3.8621807377979,0.0132917384502,0.9196066003453,0.3887769868144,0.0000016250657
160193,0.2550264146037,3.8621043156176,0.0133385724704,0.9194734746061,0.3887484322617,0.0000016250657
160200,0.2550251704586,3.8620854743614,0.0133385724704,0.9194614820407,0.3887438826002,0.0000016250657
160209,0.2550261324663,3.8621000429454,0.0133324737455,0.9193242140027,0.3886924507061,0.0000016250657
160215,0.2550250256222,3.8620832809672,0.0133324737455,0.9191590780731,0.3886332364075,0.0000016250657
160220,0.2550228114345,3.8620497494453,0.0133793077657,0.9189780414098,0.3885881777105,0.0000016250657
160225,0.2550208272755,3.8620197014632,0.0133324737455,0.9189915655711,0.3885725108682,0.0000016250657
160228,0.2550151906103,3.8619343401534,0.0133324737455,0.9189799522597,0.3885671554002,0.0000016250657
160243,0.2550166878978,3.8619570149826,0.0133324737455,0.9189720909907,0.3885646686514,0.0000016250657
160245,0.2550107914677,3.8618677198086,0.0133324737455,0.9188384015481,0.3885156589012,0.0000016250657
160250,0.2550093166428,3.8618453851509,0.0132705995094,0.9189024172095,0.3885116880737,0.0000016250657
160251,0.2550052990866,3.8617845435266,0.0132705995094,0.9187691554289,0.3884632336757,0.0000016250657
160253,0.2549956932847,3.8616390738548,0.0132705995094,0.9187721612445,0.3884622487952,0.0000016250657
160260,0.2550111762504,3.8618735469342,0.0132705995094,0.9187449315504,0.3884558416828,0.0000016250657
160276,0.2550182074339,3.8619800267431,0.0132705995094,0.9186668829016,0.3884294738476,0.0000016250657
160277,0.2550107789419,3.8618675301180,0.0132732549614,0.9186352014785,0.3884177052848,0.0000016250657
160285,0.2550155396112,3.8619396254014,0.0133097426354,0.9184760980173,0.3883775403380,0.0000016250657
160302,0.2550176725751,3.8619719268752,0.0133565766556,0.9182975011008,0.3883342845116,0.0000016250657
160303,0.2550090175321,3.8618408554365,0.0133626753805,0.9182873182399,0.3883314068628,0.0000016250657
160305,0.2550035006741,3.8617573084792,0.0133393437635,0.9182482679567,0.3883062788848,0.0000016250657
160307,0.2550010739705,3.8617205586295,0.0133393437635,0.9180875924335,0.3882483747614,0.0000016250657
160314,0.2550061074345,3.8617967850976,0.0133393437635,0.9180602200589,0.3882396775128,0.0000016071900
160322,0.2550104762792,3.8618629466132,0.0133835223317,0.9179879315608,0.3882337300452,0.0000016071900
160341,0.2550242092879,3.8620709184510,0.0133835223317,0.9178179561712,0.3881759673365,0.0000016071900
160344,0.2550177494891,3.8619730916561,0.0134303563520,0.9177349346219,0.3881650042635,0.0000016071900
160350,0.2550126512316,3.8618958839585,0.0134303563520,0.9175874302868,0.3881112316600,0.0000016071900
160352,0.2550117558419,3.8618823242320,0.0134771903722,0.9174539247469,0.3880834309638,0.0000016071900
160354,0.2550126291723,3.8618955498929,0.0134798458242,0.9174298819508,0.3880761694440,0.0000016071900
160355,0.2550251085744,3.8620845371907,0.0134798458242,0.9173732419315,0.3880586150233,0.0000016071900
160362,0.2550258517930,3.8620957924462,0.0133456132748,0.9173498289858,0.3879928842826,0.0000016071900
160373,0.2550268190042,3.8621104398341,0.0133456132748,0.9173375675847,0.3879887124704,0.0000015895109
160388,0.2550292350120,3.8621470277075,0.0133456132748,0.9173323155424,0.3879873544569,0.0000015895109
160392,0.2550432986894,3.8623600071715,0.0133924472950,0.9167474498905,0.3878015592351,0.0000015895109
160396,0.2550330283806,3.8622044742473,0.0133456132748,0.9165785511316,0.3877189657463,0.0000015895109
160398,0.2550363250776,3.8622543992239,0.0132987792545,0.9166208148907,0.3877146946581,0.0000015895109
160407,0.2550397565655,3.8623063654654,0.0133456132748,0.9164451014871,0.3876727469129,0.0000015895109
160408,0.2550355178165,3.8622421741115,0.0133456132748,0.9163735532790,0.3876462856781,0.0000015895109
160411,0.2550425274428,3.8623483274606,0.0133456132748,0.9163069243303,0.3876239916878,0.0000015895109
160413,0.2550414026526,3.8623312937074,0.0132279800552,0.9161260990316,0.3875087559605,0.0000015895109
160416,0.2550447560128,3.8623820767878,0.0131430827193,0.9161939888002,0.3874973363111,0.0000015895109
160422,0.2550524260510,3.8624982313739,0.0130962486991,0.9162237923830,0.3874895523045,0.0000015895109
160456,0.2550552619370,3.8625411778568,0.0131643759187,0.9161176326291,0.3874814431764,0.0000015895109
160460,0.2550538859431,3.8625203398896,0.0131643759187,0.9161152460446,0.3874802959689,0.0000015895109
160470,0.2550542458538,3.8625257903552,0.0132112099390,0.9159593395121,0.3874447639111,0.0000015895109
160478,0.2550530926386,3.8625083261354,0.0130935767194,0.9157179784365,0.3873079021725,0.0000015895109
160488,0.2550461505728,3.8624031959184,0.0130467426991,0.9157589842510,0.3873009877977,0.0000015720263
160489,0.2550455993042,3.8623948475408,0.0130467426991,0.9157551694028,0.3872995072230,0.0000015720263
160499,0.2550418028152,3.8623373537447,0.0130467426991,0.9157122772249,0.3872833750546,0.0000015720263
160501,0.2550318820617,3.8621871144646,0.0130100842389,0.9150025096932,0.3870120500060,0.0000015720263
160506,0.2550410405501,3.8623258100494,0.0129632502186,0.9150454215947,0.3870092664954,0.0000015720263
160526,0.2550335204962,3.8622119268160,0.0130100842389,0.9149234369640,0.3869841608387,0.0000015720263
160555,0.2550339711484,3.8622187514650,0.0130100842389,0.9149136982067,0.3869807792794,0.0000015720263
160564,0.2550353720977,3.8622399673545,0.0129291094795,0.9148614695669,0.3869277229289,0.0000015720263
160565,0.2550321375230,3.8621909831547,0.0129291094795,0.9148559948701,0.3869250745569,0.0000015720263
160570,0.2550351003383,3.8622358518479,0.0129291094795,0.9147331025411,0.3868818193284,0.0000015720263
160572,0.2550397064850,3.8623056070498,0.0129230107546,0.9146089478268,0.3868358516512,0.0000015720263
160581,0.2550431012572,3.8623570172711,0.0128761767344,0.9146098036806,0.3868168130415,0.0000015720263
160588,0.2550509983968,3.8624766110664,0.0128293427141,0.9146609445829,0.3868166981707,0.0000015720263
160591,0.2550541364668,3.8625241338051,0.0128761767344,0.9145998989600,0.3868156403291,0.0000015720263
160593,0.2550539622093,3.8625214948594,0.0128293427141,0.9146267102652,0.3868051067313,0.0000015720263
160597,0.2550486182933,3.8624405669248,0.0128293427141,0.9146111323087,0.3867983980506,0.0000015720263
160613,0.2550499292360,3.8624604197612,0.0127825086939,0.9146479834753,0.3867917683749,0.0000015720263
160616,0.2550590149297,3.8625980129472,0.0127825086939,0.9146045632324,0.3867782080796,0.0000015720263
160618,0.2550579006123,3.8625811377931,0.0128293427141,0.9144307742432,0.3867359735241,0.0000015720263
160630,0.2550657159530,3.8626994928302,0.0128761767344,0.9142957233902,0.3867094875154,0.0000015720263
160631,0.2550666868856,3.8627141965735,0.0128761767344,0.9142005199189,0.3866756943327,0.0000015720263
160638,0.2550628741146,3.8626564562044,0.0128459420440,0.9135686237534,0.3864362423839,0.0000015720263
160649,0.2550578594246,3.8625805140487,0.0128927760642,0.9134728989607,0.3864210521045,0.0000015720263
160653,0.2550622242057,3.8626466140253,0.0128927760642,0.9134334581896,0.3864079014250,0.0000015547340
160684,0.2550504155223,3.8624677840508,0.0129696739885,0.9132619198146,0.3863770635408,0.0000015547340
160707,0.2550515065700,3.8624843068099,0.0129682691332,0.9130473108387,0.3863000491930,0.0000015547340
160716,0.2550527809883,3.8625036065219,0.0129682691332,0.9130048430863,0.3862851552282,0.0000015547340
160725,0.2550490551644,3.8624471828736,0.0129214351129,0.9130096353559,0.3862659966393,0.0000015547340
160737,0.2550360325944,3.8622499698758,0.0128038018933,0.9131168938666,0.3862510984626,0.0000015547340
160738,0.2550351418255,3.8622364801267,0.0128038018933,0.9130079627221,0.3862120036033,0.0000015547340
160746,0.2550306390826,3.8621682908659,0.0127696611542,0.9130299215623,0.3862042494275,0.0000015547340
160748,0.2550166416309,3.8619563143199,0.0127748343273,0.9127636856379,0.3861083827890,0.0000015547340
160751,0.2550122514138,3.8618898291420,0.0127280003071,0.9126214203184,0.3860365612626,0.0000015547340
160756,0.2550224648244,3.8620445004031,0.0127280003071,0.7873641388216,0.3413040064589,0.0000015547340
160758,0.2550189506354,3.8619912817407,0.0127280003071,0.7869148768764,0.3411428027236,0.0000015547340
160762,0.2550230238507,3.8620529662629,0.0127280003071,0.7867763418733,0.3410941987686,0.0000015547340
160767,0.2550299515504,3.8621578789208,0.0127447704233,0.7866153690557,0.3410453801764,0.0000015547340
160778,0.2550314174359,3.8621800782002,0.0126979364030,0.7866515921188,0.3410385593800,0.0000015547340
160786,0.2550301701139,3.8621611888326,0.0127447704233,0.7865308888574,0.3410152555120,0.0000015547340
160791,0.2550397737244,3.8623066253192,0.0127447704233,0.7864996443528,0.3410061546769,0.0000015547340
160806,0.2550409892401,3.8623250330134,0.0126614487291,0.7864853599408,0.3409656042713,0.0000015547340
160816,0.2550463607075,3.8624063781855,0.0126614487291,0.7863422944253,0.3409156604731,0.0000015547340
160817,0.2550398496969,3.8623077758419,0.0126487554480,0.7863599955024,0.3409151470922,0.0000015547340
160818,0.2550427291695,3.8623513823966,0.0126487554480,0.7863338742344,0.3409064350977,0.0000015547340
160823,0.2550505989299,3.8624705615633,0.0126487554480,0.7862973990491,0.3408950946231,0.0000015376319
160826,0.2550576920536,3.8625779793917,0.0126019214278,0.7863269708425,0.3408871042100,0.0000015376319
160834,0.2550585655353,3.8625912073462,0.0126019214278,0.7861918044533,0.3408390176743,0.0000015376319
160845,0.2550529616838,3.8625063429629,0.0126019214278,0.7861812313420,0.3408340407377,0.0000015376319
160855,0.2550557963739,3.8625492713357,0.0126487554480,0.7859124696419,0.3407587335728,0.0000015376319
160877,0.2550562647635,3.8625563645991,0.0126019214278,0.7859384863385,0.3407480538964,0.0000015376319
160879,0.2550652354159,3.8626922156069,0.0126487554480,0.7857501836893,0.3407027969559,0.0000015376319
160904,0.2550484274953,3.8624376774915,0.0126019214278,0.7857973225174,0.3406959588314,0.0000015376319
160905,0.2550470630149,3.8624170138853,0.0126019214278,0.7856719702511,0.3406508977762,0.0000015376319
160907,0.2550416741560,3.8623354053375,0.0126019214278,0.7856192738504,0.3406309228776,0.0000015376319
160912,0.2550470372868,3.8624166242605,0.0126019214278,0.7850643888540,0.3404338989070,0.0000015376319
160914,0.2550503659953,3.8624670340171,0.0126487554480,0.7850022318634,0.3404324849994,0.0000015376319
160920,0.2550389282272,3.8622938211605,0.0126487554480,0.7849742334699,0.3404200346228,0.0000015376319
160926,0.2550383058303,3.8622843956213,0.0126122677741,0.7849835520502,0.3404075917419,0.0000015376319
160934,0.2550517974210,3.8624887114389,0.0126591017943,0.7847305339265,0.3403401909044,0.0000015376319
160941,0.2550478741072,3.8624292970164,0.0126591017943,0.7846754124327,0.3403196639465,0.0000015376319
160946,0.2550481920943,3.8624341125932,0.0126591017943,0.7846591259049,0.3403139154695,0.0000015376319
160956,0.2550347142393,3.8622300047884,0.0125414685747,0.7840076493100,0.3400279429083,0.0000015376319
160960,0.2550361070688,3.8622510977125,0.0125414685747,0.7838754313282,0.3399810206640,0.0000015376319
160977,0.2550439357090,3.8623696541566,0.0125883025950,0.7836638638237,0.3399272101297,0.0000015376319
160978,0.2550272803003,3.8621174256732,0.0126351366152,0.7835032917984,0.3398863656846,0.0000015207180
160989,0.2550329837529,3.8622037984084,0.0126351366152,0.7833784066976,0.3398429860313,0.0000015207180
161009,0.2550246772898,3.8620780058429,0.0126351366152,0.7833820394352,0.3398425034812,0.0000015039901
161010,0.2550226792304,3.8620477473548,0.0125981696377,0.7833685068318,0.3398213992626,0.0000015039901
161011,0.2550110767513,3.8618720401258,0.0124805364181,0.7833160699146,0.3397497713097,0.0000015039901
161013,0.2550064638443,3.8618021825463,0.0124337023978,0.7833659175703,0.3397465138408,0.0000015039901
161014,0.2550081440205,3.8618276270304,0.0124805364181,0.7832355271741,0.3397203776029,0.0000015039901
161017,0.2550184795755,3.8619841480387,0.0124337023978,0.7832826660022,0.3397193559374,0.0000015039901
161023,0.2550127166927,3.8618968752966,0.0124639370882,0.7831924632602,0.3396988634935,0.0000015039901
161036,0.2550137271225,3.8619121771842,0.0124426438888,0.7831636095643,0.3396796494659,0.0000015039901
161046,0.2550195200727,3.8619999052645,0.0124426438888,0.7830224663731,0.3396304825297,0.0000015039901
161047,0.2550174474515,3.8619685176169,0.0124426438888,0.7828771623264,0.3395781440942,0.0000015039901
161056,0.2550253457377,3.8620881287764,0.0124426438888,0.7828477731863,0.3395693404627,0.0000015039901
161069,0.2550180464016,3.8619775880796,0.0124426438888,0.7828279050947,0.3395606805722,0.0000015039901
161071,0.2550222135531,3.8620406951666,0.0124426438888,0.7827973878946,0.3395506745332,0.0000015039901
161086,0.2550229804450,3.8620523089295,0.0124894779090,0.7826997129580,0.3395360266842,0.0000015039901
161093,0.2550305594909,3.8621670855336,0.0123790397524,0.7827059312347,0.3394925409400,0.0000015039901
161096,0.2550243664013,3.8620732977665,0.0123256277037,0.7801159632494,0.3385433344052,0.0000015039901
161097,0.2550129894933,3.8619010065721,0.0122787936835,0.7801668741267,0.3385390072296,0.0000015039901
161103,0.2550116792053,3.8618811636516,0.0122335187772,0.7802118683235,0.3385353922783,0.0000015039901
161107,0.2550122849484,3.8618903369874,0.0122101871602,0.7801835447795,0.3385154072646,0.0000015039901
161113,0.2549953991594,3.8616346196390,0.0122104956775,0.7799823917996,0.3384400807529,0.0000015039901
161134,0.2549985811120,3.8616828069333,0.0122104956775,0.7799706802234,0.3384365798941,0.0000015039901
161151,0.2550053195178,3.8617848529356,0.0122307090665,0.7798896281350,0.3384177395448,0.0000015039901
161155,0.2550127665661,3.8618976305764,0.0122443278994,0.7798628859402,0.3384156211997,0.0000015039901
161165,0.2550168063308,3.8619588085242,0.0122307090665,0.7798370213987,0.3384014128846,0.0000014874462
161170,0.2550119091149,3.8618846453880,0.0122775430867,0.7797725172976,0.3383973980252,0.0000014874462
161184,0.2550234484868,3.8620593969258,0.0122703480238,0.7797075275792,0.3383735765356,0.0000014874462
161194,0.2550229595333,3.8620519922441,0.0122703480238,0.7796964846330,0.3383695278505,0.0000014874462
161197,0.2550158161134,3.8619438127326,0.0122319761909,0.7794005143020,0.3382458483568,0.0000014874462
161217,0.2550110832779,3.8618721389645,0.0121510014316,0.7793511072086,0.3381924853190,0.0000014874462
161222,0.2550106355857,3.8618653591414,0.0121978354518,0.7790867752612,0.3381180568410,0.0000014874462
161229,0.2550156643551,3.8619415145147,0.0121510014316,0.7791026313223,0.3381047255904,0.0000014874462
161231,0.2550252107519,3.8620860845598,0.0121041674113,0.7791446874413,0.3381017195664,0.0000014874462
161237,0.2550223571983,3.8620428705199,0.0121041674113,0.7791170060128,0.3380912218662,0.0000014874462
161249,0.2550257998354,3.8620950056035,0.0121041674113,0.7790893896996,0.3380820966051,0.0000014874462
161253,0.2550237972700,3.8620646788778,0.0121041674113,0.7790501746226,0.3380676620994,0.0000014874462
161266,0.2550319572734,3.8621882534655,0.0121019747352,0.7790359167447,0.3380633788539,0.0000014874462
161270,0.2550329241864,3.8622028963366,0.0121821616737,0.7788765567667,0.3380410376025,0.0000014874462
161279,0.2550250376504,3.8620834631214,0.0121544447044,0.7789071483052,0.3380383944788,0.0000014874462
161312,0.2550180539482,3.8619777023661,0.0121076106842,0.7789460015207,0.3380307023967,0.0000014874462
161334,0.2550206551068,3.8620170941507,0.0122252439038,0.7787879685961,0.3380252336945,0.0000014710843
161350,0.2550104628490,3.8618627432263,0.0122720779241,0.7787212735919,0.3380193017179,0.0000014710843
161352,0.2550082857614,3.8618297735465,0.0122720779241,0.7787061932941,0.3380134493785,0.0000014710843
161366,0.2550072421141,3.8618139686160,0.0122720779241,0.7786678981048,0.3379995488865,0.0000014710843
161368,0.2550131463181,3.8619033815181,0.0122720779241,0.7786624720258,0.3379988761877,0.0000014710843
161372,0.2550127517841,3.8618974067183,0.0122955637996,0.7785682560427,0.3379752084545,0.0000014710843
161378,0.2550168556654,3.8619595556444,0.0122720779241,0.7784309301174,0.3379169775091,0.0000014710843
161385,0.2550138511350,3.8619140552214,0.0123129509503,0.7783803710131,0.3379157938694,0.0000014710843
161388,0.2550160428161,3.8619472459053,0.0122661169301,0.7782351798863,0.3378443378186,0.0000014710843
161398,0.2550248067020,3.8620799656528,0.0122661169301,0.7780895730944,0.3377942133685,0.0000014710843
161411,0.2550347448526,3.8622304683944,0.0122661169301,0.7779601733704,0.3377501287850,0.0000014710843
161415,0.2550400613236,3.8623109807033,0.0122661169301,0.7779080109611,0.3377326385969,0.0000014710843
161433,0.2550387206289,3.8622906773050,0.0122938338993,0.7777678093859,0.3376941580151,0.0000014710843
161447,0.2550468101405,3.8624131843712,0.0122938338993,0.7776351424862,0.3376485104463,0.0000014710843
161454,0.2550455969423,3.8623948117721,0.0122938338993,0.7774729335144,0.3375903186997,0.0000014710843
161456,0.2550525723520,3.8625004469465,0.0123914079885,0.7773067344548,0.3375742740901,0.0000014710843
161459,0.2550472009759,3.8624191031572,0.0124156816849,0.7771454764391,0.3375259339452,0.0000014710843
161462,0.2550384407105,3.8622864382389,0.0124156816849,0.7771262703572,0.3375171974305,0.0000014710843
161463,0.2550436637999,3.8623655363826,0.0124625157052,0.7770604871771,0.3375148943940,0.0000014710843
161468,0.2550492817824,3.8624506147634,0.0124156816849,0.7770663415308,0.3374981173651,0.0000014710843
161469,0.2550485554192,3.8624396147632,0.0124156816849,0.7770299226533,0.3374849549739,0.0000014710843
161475,0.2550433218359,3.8623603577003,0.0124625157052,0.7768706475403,0.3374470212457,0.0000014710843
161486,0.2550400383333,3.8623106325393,0.0123448824856,0.7767871723245,0.3373660908240,0.0000014710843
161496,0.2550355565853,3.8622427612234,0.0122980484653,0.7767788719673,0.3373420943131,0.0000014710843
161500,0.2550248665185,3.8620808715113,0.0123433233716,0.7767250562605,0.3373399872206,0.0000014710843
161505,0.2550230183647,3.8620528831828,0.0122964893514,0.7767364733214,0.3373235969864,0.0000014549023
161513,0.2550176582259,3.8619717095709,0.0123433233716,0.7766400170041,0.3373080714234,0.0000014549023
161521,0.2550210004956,3.8620223246986,0.0123433233716,0.7766059875624,0.3372966342520,0.0000014549023
161531,0.2550210920869,3.8620237117503,0.0123433233716,0.7764482468796,0.3372403179206,0.0000014549023
161541,0.2550229665752,3.8620520988856,0.0122964893514,0.7764662897578,0.3372270917588,0.0000014549023
161545,0.2550270023479,3.8621132163795,0.0122496553311,0.7765017003923,0.3372205314994,0.0000014549023
161551,0.2550290861585,3.8621447734790,0.0122043804249,0.7765471470031,0.3372178054315,0.0000014549023
161562,0.2550260830242,3.8620992941981,0.0122512144451,0.7763383293500,0.3371626558924,0.0000014549023
161563,0.2550243760131,3.8620734433272,0.0122512144451,0.7762017599498,0.3371135153185,0.0000014549023
161565,0.2550299559532,3.8621579455958,0.0122512144451,0.7761634341676,0.3371010232406,0.0000014549023
161567,0.2550276615608,3.8621231994585,0.0122512144451,0.7760651468334,0.3370654289657,0.0000014549023
161580,0.2550198856903,3.8620054421543,0.0122980484653,0.7759963976452,0.3370592811492,0.0000014549023
161584,0.2550253768308,3.8620885996484,0.0122512144451,0.7758494392543,0.3369879009596,0.0000014549023
161589,0.2550320551533,3.8621897357527,0.0122512144451,0.7758121059685,0.3369759987123,0.0000014549023
161592,0.2550372221468,3.8622679843839,0.0122512144451,0.7757526741085,0.3369558802610,0.0000014549023
161596,0.2550381074534,3.8622813914131,0.0122512144451,0.7756959372649,0.3369358068111,0.0000014388984
161600,0.2550364680435,3.8622565642908,0.0122512144451,0.7756720376875,0.3369269199456,0.0000014388984
161604,0.2550356461522,3.8622441176189,0.0122980484653,0.7756149782068,0.3369264371630,0.0000014388984
161607,0.2550359008777,3.8622479751660,0.0122980484653,0.7755167817615,0.3368914215880,0.0000014388984
161608,0.2550270185107,3.8621134611478,0.0122980484653,0.7755160639377,0.3368892618580,0.0000014388984
161623,0.2550185817931,3.8619856960164,0.0122980484653,0.7755041437406,0.3368831967767,0.0000014388984
161627,0.2550153329414,3.8619364956055,0.0122980484653,0.7754449241629,0.3368613507450,0.0000014388984
161638,0.2550186047411,3.8619860435386,0.0122980484653,0.7754327891750,0.3368577179207,0.0000014388984
161643,0.2550202488864,3.8620109423750,0.0122980484653,0.7754215590106,0.3368540594646,0.0000014388984
161646,0.2550069353562,3.8618093230927,0.0122980484653,0.7754097040034,0.3368469726341,0.0000014388984
161649,0.2550030868609,3.8617510417174,0.0123411141677,0.7753123604930,0.3368298391467,0.0000014388984
161693,0.2550005705809,3.8617129353281,0.0123411141677,0.7753110959753,0.3368288483304,0.0000014230705
161696,0.2550021056354,3.8617361820984,0.0123411141677,0.7751613371889,0.3367756919898,0.0000014230705
161720,0.2550033177965,3.8617545389925,0.0123411141677,0.7749597047479,0.3367039401525,0.0000014230705
161722,0.2550004913115,3.8617117348776,0.0123411141677,0.7748670996008,0.3366702612103,0.0000014230705
161732,0.2549993471260,3.8616944074019,0.0123411141677,0.7747899120632,0.3366424490500,0.0000014230705
161741,0.2550088696951,3.8618386166021,0.0123356324773,0.7746574670604,0.3365948385179,0.0000014230705
161742,0.2550048216998,3.8617773140106,0.0123356324773,0.7745219452461,0.3365455704424,0.0000014230705
161745,0.2550127956824,3.8618980715122,0.0123356324773,0.7744773598259,0.3365313557886,0.0000014230705
161746,0.2550069862880,3.8618100944012,0.0123356324773,0.7743730172618,0.3364928457169,0.0000014230705
161755,0.2550094345765,3.8618471711310,0.0123356324773,0.7743701898035,0.3364923605437,0.0000014230705
161759,0.2550053796223,3.8617857631550,0.0123415934713,0.7742732622193,0.3364594293422,0.0000014230705
161760,0.2550059467128,3.8617943511383,0.0122908534023,0.7742791944093,0.3364399237571,0.0000014230705
161791,0.2550021451790,3.8617367809453,0.0122440193821,0.7743233168404,0.3364347954308,0.0000014230705
161798,0.2550081605332,3.8618278770978,0.0121971853619,0.7741792099881,0.3363645459794,0.0000014230705
161814,0.2550067811317,3.8618069875269,0.0121971853619,0.7740300271254,0.3363109707995,0.0000014230705
161830,0.2550019373218,3.8617336331675,0.0122811406182,0.7739042527382,0.3363009942404,0.0000014230705
161836,0.2550038377819,3.8617624136187,0.0122811406182,0.7738358963526,0.3362769884870,0.0000014230705
161843,0.2549996079317,3.8616983570280,0.0122811406182,0.7737389885284,0.3362414721533,0.0000014074168
161845,0.2549984117936,3.8616802427855,0.0122811406182,0.7737233898944,0.3362356448973,0.0000014074168
161854,0.2549994042283,3.8616952721561,0.0122811406182,0.7736346957779,0.3362041810917,0.0000014074168
161861,0.2550004600705,3.8617112617652,0.0122343065980,0.7736677604707,0.3361961444395,0.0000014074168
161862,0.2550065680642,3.8618037608458,0.0121874725778,0.7735208502405,0.3361249136330,0.0000014074168
161863,0.2549971021210,3.8616604091841,0.0122343065980,0.7733286164076,0.3360743019992,0.0000014074168
161870,0.2550010143170,3.8617196552408,0.0122343065980,0.7707140174603,0.3351413549886,0.0000014074168
161880,0.2550034162368,3.8617560297661,0.0122811406182,0.7706298126412,0.3351318682590,0.0000014074168
161907,0.2550041890481,3.8617677331726,0.0122811406182,0.7705243313069,0.3350943619563,0.0000014074168
161915,0.2549984907312,3.8616814382125,0.0122811406182,0.7704870038266,0.3350798096454,0.0000014074168
161929,0.2549952850827,3.8616328920694,0.0122343065980,0.7705418162074,0.3350786268481,0.0000014074168
161940,0.2549938389894,3.8616109925213,0.0122343065980,0.7703683360594,0.3350163597752,0.0000014074168
161942,0.2549933700210,3.8616038904930,0.0122343065980,0.7701823536042,0.3349498369766,0.0000014074168
161947,0.2549873553411,3.8615128045505,0.0122343065980,0.7701526999409,0.3349379575226,0.0000014074168
161962,0.2549997835869,3.8617010171392,0.0121874725778,0.7701537446069,0.3349209220901,0.0000014074168
161979,0.2550000957405,3.8617057443738,0.0121041508836,0.7701397936934,0.3348802972136,0.0000014074168
161983,0.2549994739633,3.8616963282189,0.0120573168634,0.7700538543614,0.3348293996341,0.0000014074168
161986,0.2550033388066,3.8617548571672,0.0121041508836,0.7699695002830,0.3348201730812,0.0000014074168
162005,0.2550102763212,3.8618599184608,0.0121509849039,0.7698369688217,0.3347943987497,0.0000014074168
162028,0.2550191458652,3.8619942382898,0.0121978189241,0.6548944141881,0.2937654587200,0.0000013919352
162034,0.2550192976779,3.8619965373318,0.0122343065980,0.6547495102034,0.2937293774028,0.0000013919352
162041,0.2550249401573,3.8620819866927,0.0122343065980,0.6546194868935,0.2936841496091,0.0000013919352
162071,0.2550329359079,3.8622030738464,0.0122343065980,0.6546065716192,0.2936812503863,0.0000013919352
162074,0.2550290455840,3.8621441590206,0.0122380583881,0.6545722036409,0.2936697503775,0.0000013919352
162076,0.2550278730051,3.8621264015591,0.0122035926040,0.6545946921455,0.2936627596691,0.0000013919352
162078,0.2550201297391,3.8620091380150,0.0122035926040,0.6545695056921,0.2936521052359,0.0000013919352
162095,0.2550203509430,3.8620124879136,0.0121818201010,0.6545656179382,0.2936414330805,0.0000013919352
162101,0.2550162550665,3.8619504602113,0.0122286541213,0.6544372714948,0.2936147891001,0.0000013919352
162112,0.2550173571723,3.8619671504337,0.0122286541213,0.6544306721938,0.2936126683724,0.0000013919352
162116,0.2550103790463,3.8618614741245,0.0122411766160,0.6544140573113,0.2936106059565,0.0000013919352
162128,0.2550048125766,3.8617771758496,0.0122411766160,0.6543742291582,0.2935951888012,0.0000013919352
162129,0.2550106925854,3.8618662223404,0.0122411766160,0.6542032597619,0.2935353883044,0.0000013919352
162147,0.2550143878812,3.8619221836720,0.0121943425958,0.6542096304566,0.2935183836787,0.0000013919352
162176,0.2550161863518,3.8619494196005,0.0121943425958,0.6540810327972,0.2934728413297,0.0000013919352
162184,0.2550114581565,3.8618778161019,0.0121501640276,0.6541166229749,0.2934656052507,0.0000013766239
162186,0.2550213549151,3.8620276920057,0.0121501640276,0.6540730235877,0.2934521547750,0.0000013766239
162203,0.2550292994308,3.8621480032619,0.0121255652862,0.6540911383755,0.2934497844205,0.0000013766239
162210,0.2550256722614,3.8620930736316,0.0121255652862,0.6539501830640,0.2933986659873,0.0000013766239
162215,0.2550310218321,3.8621740872013,0.0121255652862,0.6538055921969,0.2933481727285,0.0000013766239
162231,0.2550331129174,3.8622057544679,0.0121255652862,0.6537545523875,0.2933303923148,0.0000013766239
162237,0.2550287091147,3.8621390635506,0.0120787312660,0.6537447069441,0.2933058606900,0.0000013766239
162238,0.2550322033008,3.8621919792906,0.0120912537608,0.6536637435360,0.2932830607248,0.0000013766239
162249,0.2550295124536,3.8621512292649,0.0120912537608,0.6536488739223,0.2932771735383,0.0000013766239
162253,0.2550200830196,3.8620084304976,0.0121380877810,0.6535867967069,0.2932730542342,0.0000013766239
162274,0.2550174771161,3.8619689668553,0.0121380877810,0.6535853449680,0.2932719773482,0.0000013766239
162280,0.2550189808459,3.8619917392476,0.0121799028867,0.6534814213649,0.2932531047630,0.0000013766239
162283,0.2550172469322,3.8619654809647,0.0122267369069,0.6533859228580,0.2932386983234,0.0000013766239
162288,0.2550105741911,3.8618644293851,0.0122735709272,0.6532070677372,0.2931934633445,0.0000013766239
162290,0.2550021596584,3.8617370002196,0.0122513356483,0.6532236514365,0.2931880535748,0.0000013766239
162300,0.2550005347984,3.8617123934401,0.0122563545628,0.6531896185970,0.2931777017684,0.0000013766239
162324,0.2549996948659,3.8616996735542,0.0122563545628,0.6530441562604,0.2931255709483,0.0000013766239
162330,0.2550055772232,3.8617887556105,0.0122785898417,0.6528696859464,0.2930740500323,0.0000013766239
162343,0.2550121952969,3.8618889793111,0.0123254238619,0.6527365550769,0.2930479931748,0.0000013766239
162362,0.2549989968334,3.8616891025931,0.0123254238619,0.6525720220571,0.2929864031398,0.0000013614810
162364,0.2549979763202,3.8616736480043,0.0123254238619,0.6524127768272,0.2929293111620,0.0000013614810
162368,0.2549944581073,3.8616203684046,0.0123542536970,0.6523147193793,0.2929058923857,0.0000013465047
162370,0.2550048760228,3.8617781366756,0.0124010877172,0.6521928774532,0.2928846815456,0.0000013465047
162380,0.2550026849056,3.8617449545314,0.0123973359271,0.6520604817402,0.2928353199272,0.0000013465047
162411,0.2549993657683,3.8616946897201,0.0122797027075,0.6521660054795,0.2928218814962,0.0000013465047
162421,0.2549991462671,3.8616913656071,0.0122797027075,0.6521466801875,0.2928149325703,0.0000013465047
162435,0.2549983852321,3.8616798405399,0.0122463332615,0.6521089843203,0.2927870054905,0.0000013465047
162442,0.2549985684862,3.8616826157296,0.0122240979826,0.6520978514804,0.2927735393398,0.0000013465047
162444,0.2550100216550,3.8618560618113,0.0122240979826,0.6520840961903,0.2927710809866,0.0000013465047
162455,0.2550042405677,3.8617685133814,0.0122240979826,0.6520855787978,0.2927703716848,0.0000013465047
162463,0.2550031663829,3.8617522459943,0.0123417312022,0.6518508998797,0.2927367418401,0.0000013465047
162475,0.2550075527173,3.8618186723722,0.0123858932427,0.6517064874628,0.2927050324945,0.0000013465047
162477,0.2550059619700,3.8617945821919,0.0123265367277,0.6516872057984,0.2926723668049,0.0000013465047
162481,0.2550106873086,3.8618661424298,0.0123265367277,0.6515380181626,0.2926200980789,0.0000013465047
162507,0.2550037884150,3.8617616660095,0.0122194041130,0.6515481134757,0.2925763112358,0.0000013465047
162524,0.2550060273525,3.8617955723415,0.0121725700928,0.6515601080985,0.2925610030791,0.0000013316932
162541,0.2550046309379,3.8617744251241,0.0121725700928,0.6514100697956,0.2925071187392,0.0000013316932
162550,0.2549962247117,3.8616471217523,0.0121257360726,0.6514642858947,0.2925046085746,0.0000013316932
162565,0.2549979979348,3.8616739753344,0.0121725700928,0.6513178378593,0.2924727574041,0.0000013316932
162567,0.2550033906564,3.8617556423779,0.0121725700928,0.6512356026826,0.2924445432813,0.0000013316932
162572,0.2550050506642,3.8617807814340,0.0121257360726,0.6512780302390,0.2924399799731,0.0000013316932
162573,0.2550063028970,3.8617997451699,0.0121295043904,0.6512385295034,0.2924277558965,0.0000013316932
162574,0.2550076393151,3.8618199838031,0.0121169818956,0.6512479701539,0.2924260471492,0.0000013316932
162586,0.2550094205246,3.8618469583298,0.0121169818956,0.6511034322274,0.2923748081489,0.0000013316932
162588,0.2550008347918,3.8617169365215,0.0121638159159,0.6510450561058,0.2923721914571,0.0000013316932
162590,0.2549996176720,3.8616985045340,0.0121638159159,0.6510419242073,0.2923708121105,0.0000013316932
162612,0.2549998881859,3.8617026011807,0.0121658543334,0.6510215867211,0.2923644802974,0.0000013316932
162645,0.2549954102537,3.8616347876502,0.0122126883536,0.6509453996132,0.2923563827821,0.0000013316932
162649,0.2550021318822,3.8617365795785,0.0122126883536,0.6509372598467,0.2923549160716,0.0000013316932
162660,0.2550012825072,3.8617237166959,0.0122126883536,0.6508780743090,0.2923335963706,0.0000013316932
162670,0.2550046797011,3.8617751635906,0.0122416559196,0.6507402931416,0.2922975314521,0.0000013316932
162673,0.2549966875693,3.8616541312395,0.0121931085268,0.6507486678898,0.2922780038084,0.0000013316932
162674,0.2549825696166,3.8614403298327,0.0121931085268,0.6507034302971,0.2922588222497,0.0000013316932
162715,0.2549796195213,3.8613956537723,0.0121931085268,0.6507035225551,0.2922582230357,0.0000013170446
162716,0.2549824572136,3.8614386276090,0.0121931085268,0.6506422065949,0.2922369325554,0.0000013170446
162726,0.2549926305974,3.8615926927064,0.0121931085268,0.6505674146868,0.2922124011705,0.0000013170446
162734,0.2549892319504,3.8615412238063,0.0121805860320,0.6505771351162,0.2922097776875,0.0000013170446
162738,0.2549833997847,3.8614529018485,0.0121805860320,0.6505038260386,0.2921823461243,0.0000013170446
162754,0.2549830148728,3.8614470727653,0.0121805860320,0.6503682037935,0.2921338271270,0.0000013170446
162760,0.2549846521379,3.8614718674080,0.0121931085268,0.6502871665468,0.2921106028792,0.0000013170446
162762,0.2549770877487,3.8613573127631,0.0121805860320,0.6501422835568,0.2920518712302,0.0000013170446
162764,0.2549831534709,3.8614491716871,0.0121744707794,0.6501144593017,0.2920406129713,0.0000013170446
162766,0.2549772529778,3.8613598149827,0.0121744707794,0.6499766553177,0.2919901328713,0.0000013170446
162775,0.2549814892438,3.8614239687348,0.0121744707794,0.6499230697935,0.2919719029554,0.0000013170446
162797,0.2549857219628,3.8614880687707,0.0122213047997,0.6497869610765,0.2919442714335,0.0000013170446
162799,0.2549877203356,3.8615183320042,0.0122065896287,0.6497590094107,0.2919284104166,0.0000013170446
162819,0.2549875336654,3.8615155050822,0.0121597556085,0.6498062912644,0.2919251850692,0.0000013170446
162822,0.2549862241725,3.8614956742023,0.0121129215883,0.6498602445679,0.2919241017776,0.0000013170446
162824,0.2549882927194,3.8615270001494,0.0120765716453,0.6498772823878,0.2919150514263,0.0000013170446
162826,0.2549865891747,3.8615012017732,0.0119822865703,0.6498059986981,0.2918488200312,0.0000013170446
162835,0.2549875625245,3.8615159421234,0.0119354525501,0.6498567155546,0.2918470700462,0.0000013170446
162841,0.2549884506715,3.8615293921665,0.0119354525501,0.6498442395471,0.2918428046464,0.0000013170446
162851,0.2549946325485,3.8616230101308,0.0118599594811,0.6497115604087,0.2917643897554,0.0000013170446
162861,0.2549905640278,3.8615613967047,0.0119067935013,0.6496085842601,0.2917468124566,0.0000013025571
162863,0.2549937622061,3.8616098297198,0.0119067935013,0.6494656606977,0.2916964536511,0.0000013025571
162869,0.2549881717397,3.8615251680408,0.0119067935013,0.6493048165330,0.2916378113494,0.0000013025571
162876,0.2549871522335,3.8615097287008,0.0119067935013,0.6469240584718,0.2907873221477,0.0000013025571
162877,0.2549852389134,3.8614807534991,0.0119067935013,0.6469108899199,0.2907822090963,0.0000013025571
162878,0.2549882104015,3.8615257535321,0.0119067935013,0.6452114208660,0.2901758926102,0.0000013025571
162882,0.2549813913507,3.8614224862466,0.0118573040291,0.6451030799807,0.2901145284379,0.0000013025571
162892,0.2549769361712,3.8613550172826,0.0118283364631,0.6451056653051,0.2901020824155,0.0000013025571
162905,0.2549741211780,3.8613123871988,0.0118549570943,0.6449745602103,0.2900660647965,0.0000013025571
162910,0.2549717872367,3.8612770421357,0.0118549570943,0.6449522965892,0.2900576133730,0.0000013025571
162916,0.2549650987629,3.8611757523002,0.0118283364631,0.6448215442373,0.2899980740181,0.0000013025571
162929,0.2549619721763,3.8611284034657,0.0118283364631,0.6448127927389,0.2899942785002,0.0000013025571
162946,0.2549530065333,3.8609926283206,0.0117815024429,0.6448714329325,0.2899932284943,0.0000013025571
162967,0.2549506260503,3.8609565784325,0.0117815024429,0.6448579720424,0.2899879109300,0.0000013025571
162989,0.2549462809437,3.8608907764066,0.0117815024429,0.6446996548422,0.2899304379785,0.0000013025571
163021,0.2549413180506,3.8608156186587,0.0117346684226,0.6442610587527,0.2897526613179,0.0000013025571
163043,0.2549369372375,3.8607492758947,0.0116170352030,0.6442004641448,0.2896796674039,0.0000012882289
163053,0.2549392914154,3.8607849274199,0.0115702011828,0.6442138327769,0.2896648746591,0.0000012882289
163057,0.2549381354730,3.8607674218992,0.0115702011828,0.6442098565368,0.2896632068714,0.0000012882289
163094,0.2549448921181,3.8608697441158,0.0115702011828,0.6440595969553,0.2896109905877,0.0000012882289
163107,0.2549427747815,3.8608376793021,0.0116170352030,0.6439541664427,0.2895929548412,0.0000012882289
163111,0.2549511933625,3.8609651697733,0.0116170352030,0.6438167453509,0.2895456798614,0.0000012882289
163119,0.2549563275143,3.8610429210522,0.0116170352030,0.6437234432876,0.2895134578713,0.0000012882289
163120,0.2549492841757,3.8609362571660,0.0115702011828,0.6437652967041,0.2895068245103,0.0000012882289
163121,0.2549435751120,3.8608497994567,0.0114733983867,0.6437383085785,0.2894544756106,0.0000012882289
163128,0.2549476930497,3.8609121612527,0.0114586832158,0.6437433180782,0.2894508406311,0.0000012882289
163143,0.2549620894055,3.8611301787770,0.0114842075089,0.6435816797251,0.2894071365639,0.0000012882289
163167,0.2549576532531,3.8610629979591,0.0114842075089,0.6435322298517,0.2893885252908,0.0000012882289
163185,0.2549557467083,3.8610341253624,0.0113665742893,0.6435837666660,0.2893561085136,0.0000012882289
163188,0.2549564538445,3.8610448341891,0.0113427633687,0.6435562711478,0.2893362355346,0.0000012882289
163189,0.2549437991075,3.8608531916319,0.0113427633687,0.6435272371133,0.2893231545072,0.0000012740584
163208,0.2549493345794,3.8609370204771,0.0113427633687,0.6434869097994,0.2893099380677,0.0000012600438
163210,0.2549492424162,3.8609356247636,0.0113649986476,0.6433644566233,0.2892757144465,0.0000012600438
163225,0.2549500875839,3.8609484239304,0.0113649986476,0.6433358388993,0.2892656749381,0.0000012600438
163230,0.2549395712905,3.8607891658315,0.0113665577615,0.6433021008871,0.2892520403483,0.0000012600438
163254,0.2549428473545,3.8608387783425,0.0113665577615,0.6432954945589,0.2892503829591,0.0000012600438
163256,0.2549463383370,3.8608916455665,0.0113988143418,0.6432411119634,0.2892455329199,0.0000012600438
163259,0.2549501460218,3.8609493089110,0.0114014697938,0.6431972663001,0.2892318277378,0.0000012600438
163264,0.2549517668876,3.8609738552023,0.0114483038140,0.6430607207647,0.2892034805265,0.0000012600438
163267,0.2549548137065,3.8610199960400,0.0114378197368,0.6430281808198,0.2891880188314,0.0000012600438
163285,0.2549493172671,3.8609367583008,0.0114041417735,0.6430455124304,0.2891785974711,0.0000012600438
163293,0.2549503684532,3.8609526773985,0.0114483038140,0.6429023180812,0.2891466084750,0.0000012600438
163313,0.2549475879404,3.8609105694829,0.0114483038140,0.6428904314797,0.2891417674360,0.0000012600438
163321,0.2549518589663,3.8609752496369,0.0114483038140,0.6427595115499,0.2890959255380,0.0000012600438
163323,0.2549558774405,3.8610361051621,0.0114348392398,0.6425551258478,0.2890180212142,0.0000012600438
163372,0.2549638831175,3.8611573426413,0.0114816732600,0.6424532147848,0.2890034116312,0.0000012461833
163400,0.2549625911352,3.8611377769416,0.0115285072803,0.6423120901081,0.2889728048306,0.0000012461833
163415,0.2549546832204,3.8610180199662,0.0115285072803,0.6423161179355,0.2889725487872,0.0000012461833
163427,0.2549532465261,3.8609962627562,0.0115285072803,0.6421777029695,0.2889228070077,0.0000012461833
163430,0.2549477779358,3.8609134467616,0.0115285072803,0.6421132601826,0.2888986198859,0.0000012461833
163435,0.2549507416755,3.8609583294536,0.0115285072803,0.6420961068373,0.2888931287782,0.0000012461833
163438,0.2549517531088,3.8609736465372,0.0115285072803,0.6419897488667,0.2888553605244,0.0000012461833
163444,0.2549413238069,3.8608157058309,0.0114816732600,0.6419966803110,0.2888355294668,0.0000012461833
163489,0.2549449948775,3.8608713002981,0.0115170645959,0.6419169114573,0.2888229949639,0.0000012461833
163498,0.2549478636882,3.8609147453909,0.0113994313763,0.6418485037190,0.2887487641369,0.0000012461833
163533,0.2549311777927,3.8606620552170,0.0113978722623,0.6416892919303,0.2886876590431,0.0000012461833
163534,0.2549327691050,3.8606861539525,0.0114976390277,0.6415524451455,0.2886818833720,0.0000012461833
163553,0.2549335384949,3.8606978055464,0.0115427596753,0.6414322474748,0.2886584579222,0.0000012324753
163554,0.2549394932113,3.8607879834042,0.0115427596753,0.6413670464444,0.2886364478506,0.0000012324753
163577,0.2549354742161,3.8607271199893,0.0115427596753,0.6413606836550,0.2886333142125,0.0000012324753
163598,0.2549331810135,3.8606923918694,0.0115339889707,0.6413538173734,0.2886266116951,0.0000012324753
163605,0.2549315742419,3.8606680590203,0.0115487041416,0.6412634797534,0.2886003104531,0.0000012324753
163613,0.2549272048966,3.8606018899229,0.0115955381618,0.6411267294738,0.2885706065021,0.0000012324753
163626,0.2549315426165,3.8606675800864,0.0115955381618,0.6409927186073,0.2885236749898,0.0000012324753
163632,0.2549331302347,3.8606916228787,0.0115487041416,0.6408595445241,0.2884563812982,0.0000012324753
163710,0.2549290682277,3.8606301080949,0.0115487041416,0.6406914207147,0.2883954666504,0.0000012324753
163763,0.2549214481541,3.8605147101695,0.0115133128058,0.6406780833803,0.2883739027285,0.0000012189181
163805,0.2549197547509,3.8604890653759,0.0115133128058,0.6406130995237,0.2883503313361,0.0000012189181
163815,0.2549258936816,3.8605820329646,0.0115133128058,0.6404869816513,0.2883066047240,0.0000012189181
163827,0.2549244149386,3.8605596389716,0.0114006819730,0.6405860746488,0.2882934078498,0.0000012189181
163838,0.2549177581599,3.8604588291246,0.0113546357736,0.6403525159832,0.2881888335027,0.0000012189181
163851,0.2549208692036,3.8605059425796,0.0113546357736,0.6402552634300,0.2881547671002,0.0000012189181
163868,0.2549245795977,3.8605621325587,0.0113524430974,0.6402508188281,0.2881530351084,0.0000012189181
163899,0.2549199992529,3.8604927680992,0.0113474407106,0.6402543300380,0.2881511637295,0.0000012055100
163902,0.2549119213584,3.8603704369620,0.0113474407106,0.6401039373466,0.2880957210765,0.0000012055100
163915,0.2549105504524,3.8603496760462,0.0113474407106,0.6399669915073,0.2880465180827,0.0000012055100
163945,0.2549084014614,3.8603171318596,0.0113474407106,0.6398378171789,0.2879999238959,0.0000012055100
163965,0.2549080407159,3.8603116687518,0.0113474407106,0.6397614093794,0.2879725580935,0.0000012055100
163983,0.2549158670727,3.8604301906172,0.0113006066904,0.6397980805745,0.2879672603023,0.0000012055100
164115,0.2549188463799,3.8604753090611,0.0112683501101,0.6396674117591,0.2879074070426,0.0000011922493
164116,0.2549146268190,3.8604114082909,0.0112683501101,0.6396691974010,0.2879071405802,0.0000011922493
164125,0.2549098010087,3.8603383265173,0.0113151841304,0.6395757697014,0.2878928111654,0.0000011922493
164145,0.2549074214712,3.8603022909482,0.0113256682076,0.6394454280227,0.2878502438409,0.0000011922493
164162,0.2548971727769,3.8601470853525,0.0112080349880,0.6395661328099,0.2878407423077,0.0000011922493
164172,0.2548982263299,3.8601630402938,0.0112080349880,0.6374311608970,0.2870784781002,0.0000011922493
164214,0.2549045465951,3.8602587540013,0.0112080349880,0.6373768972334,0.2870604525629,0.0000011922493
164215,0.2549038454960,3.8602481365996,0.0112548690082,0.6372292207326,0.2870276324429,0.0000011922493
164253,0.2548992819812,3.8601790270119,0.0112548690082,0.6372063240365,0.2870184771554,0.0000011791346
164264,0.2549101105561,3.8603430142842,0.0112902603440,0.6370599212037,0.2869836785537,0.0000011791346
164269,0.2549049758958,3.8602652553044,0.0113366150607,0.6369638215794,0.2869681232820,0.0000011791346
164295,0.2549062695010,3.8602848455825,0.0113834490809,0.6368740461105,0.2869564095387,0.0000011791346
164308,0.2549077933322,3.8603079223876,0.0113366150607,0.6368500986113,0.2869281116727,0.0000011791346
164347,0.2549023849092,3.8602260175632,0.0113366150607,0.6367077475340,0.2868761130544,0.0000011791346
164367,0.2548983330287,3.8601646561343,0.0112897810405,0.6367132368772,0.2868571335511,0.0000011791346
164417,0.2548998555144,3.8601877125637,0.0112897810405,0.6366978336787,0.2868519586557,0.0000011661641
164418,0.2549017413536,3.8602162715966,0.0112429470202,0.6366950328298,0.2868312907379,0.0000011661641
164451,0.2549006631586,3.8601999434773,0.0112207117414,0.6367200444809,0.2868304630234,0.0000011661641
164468,0.2549007631339,3.8602014574977,0.0112268104663,0.6366653899924,0.2868135787258,0.0000011661641
164493,0.2549014323198,3.8602115916081,0.0112736444865,0.5320198164255,0.2494603747147,0.0000011661641
164556,0.2549091413595,3.8603283368296,0.0112736444865,0.5319482113164,0.2494364533985,0.0000011661641
164563,0.2549024752221,3.8602273852555,0.0112736444865,0.5318843612814,0.2494122213566,0.0000011533363
164566,0.2549084756953,3.8603182560529,0.0112736444865,0.5317877201880,0.2493789924961,0.0000011533363
164577,0.2549087727736,3.8603227549876,0.0112490457451,0.5318058349758,0.2493749834050,0.0000011533363
164687,0.2549065326663,3.8602888309416,0.0112490457451,0.5297366221067,0.2486354987859,0.0000011533363
164696,0.2549031865405,3.8602381574179,0.0112490457451,0.5296682184529,0.2486103518826,0.0000011533363
164762,0.2549007447269,3.8602011787428,0.0112958797654,0.5295782946617,0.2485977847201,0.0000011406496
164789,0.2548980427577,3.8601602602881,0.0112958797654,0.5294875075309,0.2485647817514,0.0000011406496
164880,0.2548919966416,3.8600686982787,0.0112958797654,0.5294739978733,0.2485586612774,0.0000011406496
164972,0.2548980652026,3.8601606001917,0.0113366150607,0.5293294369816,0.2485257907771,0.0000011281025
164990,0.2548943820990,3.8601048234980,0.0113834490809,0.5292257799372,0.2485080528906,0.0000011281025
165020,0.2548842071293,3.8599507343837,0.0113834490809,0.5292231593310,0.2485049366092,0.0000011156933
165032,0.2548829895640,3.8599322956498,0.0113834490809,0.5291628336820,0.2484831308277,0.0000011156933
165050,0.2548969766812,3.8601441156913,0.0114197990239,0.5291086688253,0.2484823620224,0.0000011156933
165065,0.2548968050501,3.8601415165208,0.0114302831012,0.5289777129140,0.2484400484519,0.0000011156933
165071,0.2548889912787,3.8600231852482,0.0114771171214,0.5288303958109,0.2484058325442,0.0000011034207
165174,0.2548864974799,3.8599854193115,0.0113594839018,0.5289606697306,0.2484014103217,0.0000011034207
165178,0.2548842787193,3.8599518185381,0.0112662951649,0.5289627291558,0.2483617323519,0.0000011034207
165194,0.2548880681442,3.8600092053552,0.0112662951649,0.5289222918739,0.2483481024851,0.0000011034207
165242,0.2548885521894,3.8600165357056,0.0112662951649,0.5289195346821,0.2483472214977,0.0000010912831
165250,0.2548866238558,3.8599873331408,0.0113131291851,0.5287349657089,0.2483009625159,0.0000010912831
165275,0.2548844027802,3.8599536973096,0.0113599632054,0.5286004136351,0.2482725039820,0.0000010912831
165285,0.2548840504087,3.8599483610171,0.0113599632054,0.5285868902543,0.2482675986950,0.0000010912831
165317,0.2548845726839,3.8599562703208,0.0113599632054,0.5285487184843,0.2482540778361,0.0000010912831
165339,0.2548880583687,3.8600090573153,0.0113334968328,0.5284720430224,0.2482160979439,0.0000010912831
165357,0.2548884738320,3.8600153490668,0.0113334968328,0.5283742020378,0.2481812437630,0.0000010912831
165375,0.2548902274245,3.8600419053628,0.0113803308530,0.5282263497016,0.2481488868500,0.0000010912831
165390,0.2548996036278,3.8601838980093,0.0114271648732,0.5280791538182,0.2481183978010,0.0000010912831
165392,0.2549038408586,3.8602480663710,0.0114271648732,0.5280241861088,0.2480996744542,0.0000010912831
165408,0.2549036279199,3.8602448416409,0.0114271648732,0.5279688814833,0.2480798771725,0.0000010912831
165412,0.2549001272996,3.8601918284627,0.0113095316536,0.5279637764981,0.2480268895937,0.0000010792790
165494,0.2548958411053,3.8601269186001,0.0112600421814,0.5279251060543,0.2479909504768,0.0000010792790
165505,0.2549023847545,3.8602260152208,0.0112600421814,0.5278839816800,0.2479776654109,0.0000010792790
165569,0.2549036272284,3.8602448311683,0.0112600421814,0.5278454965166,0.2479641869540,0.0000010792790
165573,0.2549049938954,3.8602655278900,0.0112093021124,0.5277784941567,0.2479188046531,0.0000010792790
165590,0.2549064274620,3.8602872377343,0.0112093021124,0.5277766834621,0.2479184651694,0.0000010674069
165597,0.2549071478177,3.8602981467567,0.0111739107765,0.5277898055567,0.2479081382783,0.0000010674069
165665,0.2549062681750,3.8602848255009,0.0111270767563,0.5278017489682,0.2478921435646,0.0000010674069
165684,0.2549028059962,3.8602323944779,0.0111270767563,0.5277925318298,0.2478881098340,0.0000010674069
165773,0.2549158265693,3.8604295772360,0.0110802427361,0.5278322177033,0.2478850017601,0.0000010556654
165833,0.2549205720523,3.8605014425374,0.0110802427361,0.5277873992503,0.2478700120589,0.0000010556654
165892,0.2549222453826,3.8605267833488,0.0111270767563,0.5276459017098,0.2478399075167,0.0000010556654
165911,0.2549193813401,3.8604834104658,0.0111270767563,0.5275761737268,0.2478143909423,0.0000010556654
165936,0.2549218426335,3.8605206841418,0.0111634266993,0.5275220088702,0.2478111523177,0.0000010440531
165958,0.2549209749498,3.8605075439925,0.0112102607196,0.5274335540330,0.2477994470951,0.0000010440531
165970,0.2549187389484,3.8604736821260,0.0112102607196,0.5273278255470,0.2477612077784,0.0000010440531
165994,0.2549176779302,3.8604576141306,0.0111902015891,0.5273387026259,0.2477562683182,0.0000010440531
166004,0.2549197340462,3.8604887518246,0.0111902015891,0.5273080499816,0.2477457615415,0.0000010440531
166125,0.2549258534875,3.8605814242673,0.0112370356094,0.5271642797681,0.2477157980685,0.0000010325685
166222,0.2549291493008,3.8606313358610,0.0111286523980,0.5271905281966,0.2476794288052,0.0000010325685
166254,0.2549234570767,3.8605451331702,0.0111286523980,0.5270219680475,0.2476180089897,0.0000010325685
166255,0.2549208223626,3.8605052332221,0.0111286523980,0.5269960029783,0.2476081711691,0.0000010325685
166311,0.2549152647713,3.8604210694007,0.0111286523980,0.5269699275151,0.2475976675912,0.0000010212103
166312,0.2549114759156,3.8603636912044,0.0111754864182,0.5268385478162,0.2475700060955,0.0000010212103
166341,0.2549130877742,3.8603881010918,0.0111754864182,0.5267796588992,0.2475493197377,0.0000010212103
166375,0.2549128315889,3.8603842214374,0.0112010107113,0.5266115870730,0.2475001781714,0.0000010212103
166453,0.2549202546028,3.8604966351026,0.0112010107113,0.5266024872213,0.2474985188702,0.0000010099770
166569,0.2549158681520,3.8604302069619,0.0112478447316,0.5265036709193,0.2474823591030,0.0000010099770
166659,0.2549087064047,3.8603217499019,0.0112583288088,0.5264168030336,0.2474542933739,0.0000009988672
166695,0.2549001722537,3.8601925092444,0.0112583288088,0.5264074805546,0.2474491351705,0.0000009988672
166757,0.2548956551632,3.8601241027034,0.0112578495052,0.5264104143409,0.2474490095875,0.0000009988672
166790,0.2548976369097,3.8601541141514,0.0112578495052,0.5264083706200,0.2474487043472,0.0000009878797
166800,0.2548955559634,3.8601226004291,0.0113046835254,0.5262407932585,0.2474084810954,0.0000009878797
166823,0.2548961222434,3.8601311761384,0.0111875296094,0.5262439625648,0.2473595255151,0.0000009878797
166827,0.2548925059465,3.8600764111596,0.0111406955892,0.5262856719569,0.2473535750828,0.0000009878797
166882,0.2549018123197,3.8602173463036,0.0111406955892,0.5262591765741,0.2473461066689,0.0000009878797
166934,0.2548968725255,3.8601425383640,0.0110921481963,0.5262750795653,0.2473299217558,0.0000009878797
167002,0.2548954267017,3.8601206428973,0.0110453141761,0.5246184310578,0.2467178800322,0.0000009770130
167019,0.2548932230151,3.8600872704031,0.0110348300989,0.5246275573429,0.2467161740252,0.0000009770130
167045,0.2548928682173,3.8600818973666,0.0109449303763,0.5246570703261,0.2466881098957,0.0000009770130
167064,0.2548871509510,3.8599953154389,0.0108476648043,0.5247472886723,0.2466774203600,0.0000009770130
167093,0.2548892104493,3.8600265043535,0.0108476648043,0.5246061206837,0.2466274445423,0.0000009770130
167100,0.2548908406405,3.8600511918691,0.0108476648043,0.5245345974600,0.2466022498605,0.0000009770130
167174,0.2548955704805,3.8601228202752,0.0108476648043,0.5245296476830,0.2466014956202,0.0000009662659
167176,0.2548959635352,3.8601287726707,0.0108476648043,0.5244860278678,0.2465860013408,0.0000009662659
167187,0.2548897281352,3.8600343441574,0.0109485279077,0.5243485001178,0.2465787751744,0.0000009662659
167240,0.2548861116852,3.8599795768605,0.0109016938875,0.5243966144282,0.2465751121801,0.0000009662659
167321,0.2548882397718,3.8600118044737,0.0109016938875,0.5242903073339,0.2465376013793,0.0000009556369
167335,0.2548841838489,3.8599503818262,0.0108794586086,0.5243128450725,0.2465352520401,0.0000009556369
167374,0.2548792593179,3.8598758050326,0.0108794586086,0.5243060935153,0.2465317855130,0.0000009556369
167397,0.2548778342516,3.8598542239156,0.0108794586086,0.5242970880118,0.2465282638904,0.0000009556369
167434,0.2548846590264,3.8599575778862,0.0108794586086,0.5242561240487,0.2465150963553,0.0000009556369
167444,0.2548813945557,3.8599081409417,0.0108794586086,0.5241808348078,0.2464875078113,0.0000009556369
167464,0.2548788593949,3.8598697486233,0.0108794586086,0.5240953178787,0.2464564228021,0.0000009451249
167476,0.2548864732579,3.8599850524959,0.0108794586086,0.5240739293581,0.2464504155869,0.0000009451249
167479,0.2548899831940,3.8600382067513,0.0108794586086,0.5240717480395,0.2464503886737,0.0000009451249
167492,0.2548894668220,3.8600303868464,0.0108326245884,0.5223677825350,0.2458216471908,0.0000009451249
167528,0.2548930565859,3.8600847500099,0.0107803088778,0.5224139146589,0.2458164711656,0.0000009451249
167534,0.2548971699547,3.8601470426128,0.0108025441566,0.5222452707249,0.2457666520306,0.0000009347285
167564,0.2549021129638,3.8602218992392,0.0108493781769,0.5220227657324,0.2457083169010,0.0000009347285
167593,0.2549068053297,3.8602929601385,0.0107970624662,0.5220036863651,0.2456800873294,0.0000009347285
167612,0.2549080908069,3.8603124273260,0.0107970624662,0.5219471717558,0.2456601789998,0.0000009347285
167649,0.2549091986358,3.8603292042188,0.0107970624662,0.5219005036698,0.2456437492181,0.0000009244465
167679,0.2549072181282,3.8602992115338,0.0107970624662,0.5218754835597,0.2456343890700,0.0000009244465
167680,0.2549045021142,3.8602580803853,0.0107970624662,0.5218128797358,0.2456114485585,0.0000009244465
167707,0.2549032369122,3.8602389202442,0.0107970624662,0.5217672879326,0.2455948946569,0.0000009244465
167747,0.2549045786173,3.8602592389438,0.0107970624662,0.5216228164719,0.2455435852149,0.0000009244465
167768,0.2549065794293,3.8602895391177,0.0107970624662,0.5215982122898,0.2455352267525,0.0000009244465
167773,0.2549075663377,3.8603044847965,0.0107970624662,0.5215795545912,0.2455287747690,0.0000009244465
167803,0.2549155555625,3.8604254731254,0.0107970624662,0.5214494388739,0.2454840168467,0.0000009142776
167871,0.2549106649815,3.8603514104687,0.0108438964865,0.5212448076721,0.2454299580160,0.0000009142776
167904,0.2549171959341,3.8604503148119,0.0108438964865,0.5212302861400,0.2454261712444,0.0000009142776
167925,0.2549246169401,3.8605626980703,0.0108438964865,0.5212249098909,0.2454258413710,0.0000009142776
167984,0.2549150483665,3.8604177921806,0.0107953490937,0.5212460033848,0.2454105183275,0.0000009042206
168000,0.2549143216711,3.8604067871501,0.0107685742038,0.5211072255283,0.2453493241341,0.0000009042206
168023,0.2549139542567,3.8604012230487,0.0107685742038,0.5211053902241,0.2453485899367,0.0000009042206
168145,0.2549148593639,3.8604149299366,0.0107685742038,0.5211003711499,0.2453469913617,0.0000008942741
168170,0.2549152542128,3.8604209095046,0.0108154082241,0.5209987728543,0.2453308625896,0.0000008942741
168177,0.2549194032630,3.8604837424646,0.0108154082241,0.5209572576553,0.2453169248150,0.0000008942741
168216,0.2549234822836,3.8605455149011,0.0108154082241,0.5192590087001,0.2447112814068,0.0000008942741
168348,0.2549192477131,3.8604813868270,0.0108244874460,0.5191109831454,0.2446613988245,0.0000008844371
168388,0.2549142661782,3.8604059467692,0.0108240081424,0.5190790369450,0.2446487165796,0.0000008844371
168394,0.2549164467460,3.8604389691529,0.0108240081424,0.5190728587026,0.2446469773289,0.0000008844371
168401,0.2549150555100,3.8604179003617,0.0108224490284,0.5188990555642,0.2445839384658,0.0000008844371
168433,0.2549140854937,3.8604032104936,0.0107632467721,0.5189596473728,0.2445799981412,0.0000008844371
168525,0.2549102979287,3.8603458518428,0.0107632467721,0.5189389768714,0.2445718041983,0.0000008747083
168540,0.2548989670103,3.8601742571118,0.0107632467721,0.5189351439005,0.2445680072261,0.0000008747083
168690,0.2548984064304,3.8601657677253,0.0107632467721,0.5188615674339,0.2445416097924,0.0000008650865
168708,0.2548996423144,3.8601844838756,0.0107012182773,0.5187186273256,0.2444642409454,0.0000008650865
168828,0.2548972231687,3.8601478484826,0.0107012182773,0.5186813063423,0.2444503936344,0.0000008555706
168834,0.2548965242463,3.8601372640453,0.0107034109535,0.5186789871603,0.2444503553044,0.0000008555706
168862,0.2548915915893,3.8600625641918,0.0107034109535,0.5186815798939,0.2444502242827,0.0000008555706
168906,0.2548845597217,3.8599560740217,0.0106565769332,0.5186944117216,0.2444332285266,0.0000008555706
168960,0.2548837664510,3.8599440607790,0.0106565769332,0.5185604539912,0.2443852164935,0.0000008555706
169021,0.2548868507821,3.8599907696993,0.0106565769332,0.5184859698244,0.2443592759334,0.0000008461593
169036,0.2548859057278,3.8599764578543,0.0106788122121,0.5183211258310,0.2443097299722,0.0000008461593
169057,0.2548864136770,3.8599841502056,0.0106788122121,0.5182355356265,0.2442792708883,0.0000008461593
169097,0.2548867329293,3.8599889849440,0.0106788122121,0.5181090794397,0.2442341763756,0.0000008461593
169121,0.2548814905811,3.8599095951455,0.0106788122121,0.5180222305382,0.2442020355505,0.0000008461593
169127,0.2548772924924,3.8598460195488,0.0106565769332,0.5180396439824,0.2441978256420,0.0000008461593
169139,0.2548769638972,3.8598410433228,0.0106877371754,0.5179132063119,0.2441659533074,0.0000008461593
169247,0.2548823154000,3.8599220861524,0.0106794457743,0.5178651395962,0.2441463799162,0.0000008368515
169261,0.2548799088502,3.8598856415104,0.0106794457743,0.5178573403835,0.2441430787939,0.0000008368515
169295,0.2548847403849,3.8599588099739,0.0106550178193,0.5177463921181,0.2440940206187,0.0000008368515
169461,0.2548809174479,3.8599009156510,0.0106550178193,0.5177089607424,0.2440798330694,0.0000008276462
169479,0.2548844755008,3.8599547985853,0.0106550178193,0.5177022943826,0.2440782146665,0.0000008276462
169515,0.2548913643687,3.8600591231763,0.0106238575772,0.5177228181755,0.2440736663890,0.0000008185421
169649,0.2548904024794,3.8600445563835,0.0106506324670,0.5176912207518,0.2440736504285,0.0000008185421
169669,0.2548933233858,3.8600887904112,0.0106506324670,0.5176042609317,0.2440432192584,0.0000008095381
169683,0.2548973756208,3.8601501572081,0.0106506324670,0.5159935476745,0.2434688328598,0.0000008095381
169741,0.2548924186403,3.8600750890004,0.0106506324670,0.5159066803133,0.2434367465921,0.0000008095381
169742,0.2548956237431,3.8601236268800,0.0106506324670,0.5157970578703,0.2433982825273,0.0000008095381
169754,0.2548968061661,3.8601415334205,0.0106506324670,0.5157800101023,0.2433924474151,0.0000008095381
169774,0.2548933964672,3.8600898971511,0.0106506324670,0.5157637890951,0.2433859235485,0.0000008095381
169804,0.2548969573783,3.8601438233688,0.0106974664872,0.5156310800938,0.2433593622519,0.0000008095381
169815,0.2549026036860,3.8602293307052,0.0106974664872,0.5156186622195,0.2433561372199,0.0000008095381
169932,0.2548967869856,3.8601412429528,0.0106974664872,0.5155935208110,0.2433459117097,0.0000008006332
169945,0.2548968863685,3.8601427480007,0.0106974664872,0.5155174740999,0.2433187734663,0.0000008006332
170025,0.2548950684552,3.8601152176336,0.0106974664872,0.5155037809429,0.2433134935002,0.0000007918262
170032,0.2548867841672,3.8599897608871,0.0106728677458,0.5155346698683,0.2433122077370,0.0000007918262
170170,0.2548919048390,3.8600673080250,0.0105552345262,0.5156282184107,0.2432963009805,0.0000007918262
170183,0.2548875183218,3.8600008788792,0.0105552345262,0.5156218725735,0.2432930946422,0.0000007831161
170227,0.2548914956513,3.8600611113115,0.0105552345262,0.5155736058341,0.2432767088058,0.0000007831161
170234,0.2548805222124,3.8598949302298,0.0106020685465,0.5155105860849,0.2432719220243,0.0000007831161
170257,0.2548855017100,3.8599703394334,0.0106020685465,0.5155023773838,0.2432700573805,0.0000007831161
170278,0.2548915375595,3.8600617459666,0.0105776240637,0.5154793882242,0.2432526641558,0.0000007831161
170286,0.2548845190885,3.8599554586754,0.0105776240637,0.5154805304089,0.2432515681209,0.0000007831161
170488,0.2548909832316,3.8600533512590,0.0105776240637,0.5154765119309,0.2432515181237,0.0000007745019
170528,0.2548898701005,3.8600364940702,0.0105776240637,0.5154627377835,0.2432463602572,0.0000007659823
170565,0.2548947513963,3.8601104161138,0.0105552345262,0.5153999728929,0.2432153947008,0.0000007659823
170590,0.2548922263869,3.8600721775269,0.0105552345262,0.5153659344726,0.2432026970487,0.0000007659823
170637,0.2548884495871,3.8600149819036,0.0105552345262,0.5153640611863,0.2432012187036,0.0000007659823
170700,0.2548824611354,3.8599242931602,0.0105552345262,0.5153473110219,0.2431939532624,0.0000007575565
170751,0.2548814840486,3.8599094962177,0.0105084005060,0.5153340394117,0.2431689323029,0.0000007575565
170869,0.2548907984606,3.8600505530990,0.0105084005060,0.5153258137269,0.2431679905037,0.0000007492234
170924,0.2548832392492,3.8599360768674,0.0105084005060,0.4214396006981,0.2096355803053,0.0000007492234
170929,0.2548792863711,3.8598762147242,0.0105084005060,0.4213648735601,0.2096080449964,0.0000007492234
170936,0.2548801011846,3.8598885542095,0.0105552345262,0.4212767997357,0.2095968363850,0.0000007409820
171040,0.2548739885873,3.8597959854129,0.0105552345262,0.4212663852111,0.2095918070696,0.0000007328312
171068,0.2548781227289,3.8598585925993,0.0105284596364,0.4212604936809,0.2095791138864,0.0000007328312
171079,0.2548732952779,3.8597854859783,0.0105284596364,0.4212598159187,0.2095778373747,0.0000007328312
171269,0.2548834330379,3.8599390115918,0.0105378473755,0.4212188796224,0.2095694129628,0.0000007247700
171310,0.2548936784853,3.8600941680156,0.0105378473755,0.4211683901061,0.2095535764457,0.0000007247700
171317,0.2548864923772,3.8599853420374,0.0105378473755,0.4211711458940,0.2095530207753,0.0000007247700
171500,0.2548906862021,3.8600488530636,0.0105679112796,0.4210399870063,0.2095199615226,0.0000007167975
171501,0.2548862412070,3.8599815383317,0.0105679112796,0.4210050511570,0.2095065319346,0.0000007167975
171539,0.2548912182229,3.8600569099530,0.0105679112796,0.4209558445255,0.2094900246410,0.0000007089128
171558,0.2548988711014,3.8601728046739,0.0105679112796,0.4208840140491,0.2094660108020,0.0000007089128
171600,0.2549021286819,3.8602221372723,0.0105679112796,0.4193336480694,0.2089130067193,0.0000007089128
171649,0.2548955895920,3.8601231096985,0.0105585235405,0.4192786506323,0.2088879402272,0.0000007089128
171664,0.2548990667155,3.8601757670415,0.0105585235405,0.4191424810533,0.2088400533325,0.0000007089128
171694,0.2548940936921,3.8601004558815,0.0105585235405,0.4190819886341,0.2088173832492,0.0000007089128
171702,0.2548904898546,3.8600458795883,0.0105585235405,0.4190838619204,0.2088172800292,0.0000007011147
171788,0.2548921333652,3.8600707688118,0.0105585235405,0.4190235594582,0.2087960956164,0.0000007011147
171830,0.2548948560735,3.8601120013394,0.0105585235405,0.4189238451872,0.2087610668142,0.0000007011147
171919,0.2548806548784,3.8598969393151,0.0106048782571,0.4188560756530,0.2087536866031,0.0000006934025
171970,0.2548838481711,3.8599452983428,0.0106048782571,0.4187927205899,0.2087317440718,0.0000006934025
172070,0.2548893296580,3.8600283096429,0.0105511576911,0.3354329074266,0.1789385337324,0.0000006857750
172190,0.2548921255046,3.8600706497714,0.0105979917114,0.3352840534973,0.1789060424478,0.0000006857750
172217,0.2548868164646,3.8599902499968,0.0105979917114,0.3352755551339,0.1789018696666,0.0000006782315
172259,0.2548768441860,3.8598392304233,0.0106448257316,0.3352119435643,0.1788970860549,0.0000006782315
172375,0.2548724332457,3.8597724314154,0.0105979917114,0.3352057891561,0.1788738711275,0.0000006782315
172426,0.2548738157699,3.8597933682763,0.0105979917114,0.3351308226555,0.1788473936325,0.0000006707710
172449,0.2548757141160,3.8598221167136,0.0104803584918,0.3352194863541,0.1788290517906,0.0000006707710
172496,0.2548791773085,3.8598745630876,0.0104803584918,0.3351794637592,0.1788155001194,0.0000006707710
172509,0.2548864057248,3.8599840297779,0.0104335244715,0.3350820955903,0.1787622029968,0.0000006707710
172542,0.2548899338696,3.8600374597858,0.0104335244715,0.3349834206770,0.1787277179874,0.0000006707710
172570,0.2548916765080,3.8600638501950,0.0104335244715,0.3349696359477,0.1787231682923,0.0000006633925
172663,0.2548921835296,3.8600715284985,0.0104335244715,0.3349298785677,0.1787090778754,0.0000006633925
172727,0.2548974184481,3.8601508057814,0.0104335244715,0.3348791225320,0.1786920724881,0.0000006560952
172734,0.2548961580245,3.8601317180039,0.0104335244715,0.3348390517585,0.1786774914068,0.0000006560952
172967,0.2548955279847,3.8601221767203,0.0104335244715,0.3348248544167,0.1786722859190,0.0000006488781
173043,0.2548966162057,3.8601386566724,0.0104335244715,0.3347703154107,0.1786530408928,0.0000006488781
173107,0.2548920793761,3.8600699512052,0.0104803584918,0.3347027307984,0.1786480030765,0.0000006417405
173126,0.2548959231482,3.8601281610520,0.0104335244715,0.3347146442705,0.1786330098305,0.0000006417405
173149,0.2548916510323,3.8600634643917,0.0104205226732,0.3346468718976,0.1786023177588,0.0000006417405
173188,0.2548857286713,3.8599737765217,0.0103871697549,0.3346479209016,0.1785871292179,0.0000006417405
173223,0.2548820028110,3.8599173523237,0.0103871697549,0.3346485922447,0.1785865705847,0.0000006417405
173256,0.2548837936187,3.8599444722040,0.0103871697549,0.3346344835538,0.1785819155110,0.0000006346813
173280,0.2548830262673,3.8599328514826,0.0103976538321,0.3345693330925,0.1785629762326,0.0000006346813
173360,0.2548947477099,3.8601103602869,0.0103976538321,0.3345017300205,0.1785413440161,0.0000006346813
173525,0.2548985202830,3.8601674919025,0.0103976538321,0.3344605680236,0.1785274517114,0.0000006276998
173578,0.2548947568123,3.8601104981339,0.0104200433696,0.3344345899316,0.1785269628795,0.0000006207951
173714,0.2548924306593,3.8600752710154,0.0104668773898,0.3343667621798,0.1785223119440,0.0000006207951
173943,0.2548968619329,3.8601423779499,0.0104563933126,0.3343159282777,0.1785006133616,0.0000006072127
174123,0.2548908687273,3.8600516172134,0.0104563933126,0.3343164075807,0.1784995002829,0.0000006005334
174134,0.2548877486687,3.8600043672378,0.0104563933126,0.2612706542154,0.1524110626399,0.0000006005334
174380,0.2548900535056,3.8600392715459,0.0104563933126,0.1987551060034,0.1300845750293,0.0000005939275
174394,0.2548935556471,3.8600923077620,0.0104095592924,0.1987668318833,0.1300694415795,0.0000005939275
174415,0.2548836142268,3.8599417555047,0.0104341580337,0.1987166796738,0.1300599420894,0.0000005939275
174425,0.2548786290570,3.8598662603997,0.0104809920540,0.1986491413246,0.1300548247227,0.0000005873943
174465,0.2548847975649,3.8599596759043,0.0105622753306,0.1984749692963,0.1300287779400,0.0000005873943
174625,0.2548814294912,3.8599086700035,0.0105154413103,0.1984884369886,0.1300127943770,0.0000005809330
174628,0.2548746368468,3.8598058026157,0.0104462177526,0.1984623057827,0.1299723389978,0.0000005809330
174647,0.2548734382058,3.8597876504701,0.0104462177526,0.1983829114157,0.1299437270151,0.0000005809330
174706,0.2548735395933,3.8597891858750,0.0104117684962,0.1984039964625,0.1299365151478,0.0000005809330
174723,0.2548720476396,3.8597665918212,0.0104117684962,0.1983892321879,0.1299309224883,0.0000005809330
174856,0.2548635775454,3.8596383212354,0.0102941352766,0.1982663911648,0.1298348214371,0.0000005745427
174917,0.2548717040939,3.8597613891862,0.0103163705555,0.1981017582047,0.1297872947599,0.0000005745427
174944,0.2548781058127,3.8598583364203,0.0103163705555,0.1980752696186,0.1297792063474,0.0000005682228
174969,0.2548851030924,3.8599643027940,0.0103163705555,0.1980338779126,0.1297659230124,0.0000005682228
175154,0.2548803931038,3.8598929750168,0.0103163705555,0.1980153673355,0.1297583028087,0.0000005619723
175213,0.2548795988233,3.8598809464808,0.0103163705555,0.1980127928658,0.1297572131522,0.0000005619723
175292,0.2548752374787,3.8598148985474,0.0103163705555,0.1979613447310,0.1297379042446,0.0000005557906
175420,0.2548744954889,3.8598036619001,0.0103163705555,0.1979464994660,0.1297324433664,0.0000005557906
175452,0.2548734374046,3.8597876383369,0.0103163705555,0.1978901731348,0.1297121000872,0.0000005496769
175982,0.2548726444098,3.8597756292725,0.0103163705555,0.1978902723676,0.1297119656000,0.0000005317364
176149,0.2548702857498,3.8597399098699,0.0101987373359,0.1980315163349,0.1297114902099,0.0000005258873
176295,0.2548693467719,3.8597256900463,0.0101987373359,0.1979779178770,0.1296921466940,0.0000005201025
176302,0.2548711315906,3.8597527192306,0.0101987373359,0.1979241750731,0.1296733352966,0.0000005201025
176403,0.2548699132317,3.8597342684788,0.0101987373359,0.1978825850969,0.1296582206568,0.0000005201025
176574,0.2548528724719,3.8594762042623,0.0101971616942,0.1977988798334,0.1296239990534,0.0000005143814
176632,0.2548524658846,3.8594700469285,0.0101971616942,0.1977466939729,0.1296052741202,0.0000005087232
176849,0.2548588815999,3.8595672061270,0.0101971616942,0.1976899761156,0.1295863925388,0.0000005031272
177054,0.2548594257964,3.8595754474046,0.0101971616942,0.1976894527362,0.1295863222311,0.0000004975928
177096,0.2548637447701,3.8596408536759,0.0101971616942,0.1976632846110,0.1295779019665,0.0000004975928
177166,0.2548655028124,3.8596674773600,0.0101519033156,0.1975951952600,0.1295345646165,0.0000004867060
177400,0.2548654424317,3.8596665629596,0.0101519033156,0.1975268996886,0.1295101604023,0.0000004813522
177449,0.2548638149409,3.8596419163386,0.0101731965150,0.1974585547332,0.1294945283985,0.0000004813522
177613,0.2548755297195,3.8598193242247,0.0102200305353,0.1973900344820,0.1294926389129,0.0000004760574
177662,0.2548687575076,3.8597167662650,0.0101519033156,0.1973785658769,0.1294578944144,0.0000004708207
177705,0.2548744093827,3.8598023579126,0.0101519033156,0.1451643987008,0.1108111886818,0.0000004708207
177811,0.2548689791597,3.8597201229494,0.0100342700960,0.1453039198151,0.1108094397950,0.0000004708207
177922,0.2548653051434,3.8596644838732,0.0100342700960,0.1452923266139,0.1108045120768,0.0000004656417
177965,0.2548709595182,3.8597501133773,0.0100811041162,0.1452289633637,0.1108031657193,0.0000004656417
178060,0.2548621679313,3.8596169741273,0.0100811041162,0.1452307188565,0.1108019087696,0.0000004605197
178283,0.2548579099838,3.8595524920326,0.0101230734806,0.1451781235076,0.1108001991695,0.0000004554539
178373,0.2548545727437,3.8595019530741,0.0100811041162,0.1452199576120,0.1107964379278,0.0000004504439
178477,0.2548539608159,3.8594926860761,0.0100342700960,0.1451666595942,0.1107572000710,0.0000004504439
178582,0.2548577323040,3.8595498012604,0.0100342700960,0.1450989757482,0.1107338354450,0.0000004454891
178615,0.2548624270631,3.8596208984022,0.0100342700960,0.1450865431199,0.1107304012404,0.0000004454891
178649,0.2548703246195,3.8597404985108,0.0100342700960,0.1450418435923,0.1107161294569,0.0000004454891
178661,0.2548646778588,3.8596549843135,0.0100342700960,0.1449850447447,0.1106946341340,0.0000004454891
178699,0.2548647603951,3.8596562342390,0.0099166368764,0.1451232950897,0.1106936127066,0.0000004405887
178743,0.2548599918960,3.8595840203818,0.0099564135646,0.1450552445188,0.1106853342621,0.0000004405887
178782,0.2548577554178,3.8595501512944,0.0099191380698,0.1449176569579,0.1106197413901,0.0000004405887
178859,0.2548560649250,3.8595245505747,0.0099191380698,0.1448911811071,0.1106099234807,0.0000004357422
179644,0.2548520604688,3.8594639073375,0.0099191380698,0.1448911501827,0.1106090543385,0.0000004168836
179668,0.2548544920235,3.8595007306519,0.0099191380698,0.1448490487465,0.1105945391587,0.0000004168836
179973,0.2548582925908,3.8595582862088,0.0099191380698,0.1447802575874,0.1105707852949,0.0000004077626
180334,0.2548587040494,3.8595645173131,0.0099191380698,0.1447384521838,0.1105559429633,0.0000003988412
180760,0.2548490016114,3.8594175841894,0.0099191380698,0.1446958364297,0.1105386439572,0.0000003858236
180763,0.2548471001255,3.8593887882040,0.0098793613816,0.1447106740342,0.1105264884884,0.0000003858236
180813,0.2548432000260,3.8593297253372,0.0098372212310,0.1030232098687,0.0956192126291,0.0000003858236
180829,0.2548336396058,3.8591849429220,0.0098372212310,0.1030238270303,0.0956173843825,0.0000003858236
180838,0.2548269668105,3.8590838905214,0.0098840552512,0.1028912955690,0.0955886935560,0.0000003858236
181143,0.2548295356668,3.8591227931221,0.0099238319394,0.1028336340813,0.0955856977888,0.0000003773822
181232,0.2548262770441,3.8590734447418,0.0098624204791,0.1028486158002,0.0955640309292,0.0000003732310
181254,0.2548255609462,3.8590626001993,0.0098155864589,0.1028565652876,0.0955466448593,0.0000003732310
181284,0.2548176588930,3.8589429319923,0.0097687524387,0.1028570877718,0.0955250664407,0.0000003732310
181574,0.2548112695249,3.8588461717952,0.0097687524387,0.1028346735376,0.0955156922068,0.0000003650651
181600,0.2548096198484,3.8588211891956,0.0097289757505,0.1028495957781,0.0955036209242,0.0000003650651
181694,0.2548054009684,3.8587572987372,0.0097289757505,0.1028491740289,0.0955025662538,0.0000003650651
181818,0.2548118849567,3.8588554918556,0.0097687524387,0.1027921297029,0.0955006298583,0.0000003610494
181927,0.2548098226732,3.8588242607621,0.0097687524387,0.1027923636914,0.0955002715078,0.0000003570778
181973,0.2548063498598,3.8587716686899,0.0097687524387,0.1027923248343,0.0954995134559,0.0000003570778
182049,0.2548114732851,3.8588492575272,0.0097867566238,0.1027495802414,0.0954930614861,0.0000003570778
182179,0.2548098126900,3.8588241095774,0.0097469799357,0.1027644178459,0.0954809576367,0.0000003531500
182616,0.2547988194449,3.8586576285506,0.0096293467160,0.1029025917866,0.0954775355403,0.0000003416237
182708,0.2547994389383,3.8586670101207,0.0095825126958,0.1027814753262,0.0954143406872,0.0000003416237
182830,0.2547995845721,3.8586692155888,0.0095825126958,0.1027750023416,0.0954120601142,0.0000003378659
183110,0.2548013424025,3.8586958360643,0.0095731249567,0.1027751395131,0.0954084624652,0.0000003304737
183117,0.2548052730171,3.8587553610498,0.0096129016448,0.1027175319051,0.0954057777461,0.0000003304737
183320,0.2548101446652,3.8588291369891,0.0095731249567,0.1026494003437,0.0953654418182,0.0000003268385
183416,0.2548195163624,3.8589710613941,0.0095731249567,0.1025802798913,0.0953427641631,0.0000003268385
183422,0.2548266184430,3.8590786148659,0.0095731249567,0.1025375352259,0.0953290200856,0.0000003268385
183523,0.2548297914621,3.8591266668705,0.0095551207715,0.1024941038580,0.0953064727361,0.0000003232433
183603,0.2548299535171,3.8591291210216,0.0095551207715,0.1024933990434,0.0953062557426,0.0000003196876
183623,0.2548342295272,3.8591938766564,0.0095551207715,0.1024494686611,0.0952914826083,0.0000003196876
184158,0.2548406680712,3.8592913815693,0.0095551207715,0.1023918406051,0.0952722808477,0.0000003092535
184202,0.2548479736648,3.8594020170294,0.0095764139709,0.1023487843327,0.0952675947488,0.0000003092535
184377,0.2548467389020,3.8593833178571,0.0095764139709,0.1023055703037,0.0952518965750,0.0000003058517
184754,0.2548426670051,3.8593216533016,0.0096205760114,0.1022363698601,0.0952452361703,0.0000002991600
185317,0.2548491832412,3.8594203347800,0.0096363875204,0.1021780745765,0.0952325891235,0.0000002862126
185328,0.2548440272577,3.8593422528831,0.0096363875204,0.1021773456558,0.0952312239410,0.0000002862126
186261,0.2548480936734,3.8594038344325,0.0096150943210,0.1021332882653,0.0952072348766,0.0000002708134
186407,0.2548476388188,3.8593969461424,0.0096108632273,0.1020742301319,0.0951842318914,0.0000002678345
186435,0.2548428482627,3.8593243982554,0.0096401558382,0.1020294894816,0.0951797805161,0.0000002678345
186900,0.2548477423834,3.8593985145184,0.0096100919342,0.1020429771664,0.0951727617562,0.0000002590928
187025,0.2548475951740,3.8593962851884,0.0096100919342,0.1020294894816,0.0951679131811,0.0000002562428
187214,0.2548513240535,3.8594527551095,0.0095692189079,0.1020296810255,0.0951512636240,0.0000002534241
187296,0.2548529112762,3.8594767919116,0.0096160529282,0.0707277907413,0.0839924289360,0.0000002534241
187359,0.2548427226424,3.8593224958688,0.0096160529282,0.0707293079464,0.0839907875163,0.0000002506364
187804,0.2548536551627,3.8594880572838,0.0096628869484,0.0706588362502,0.0839880334593,0.0000002451528
187901,0.2548463952204,3.8593781131645,0.0095718908877,0.0707301275455,0.0839729406225,0.0000002424561
187986,0.2548532578795,3.8594820408507,0.0095718908877,0.0499176190512,0.0765413724443,0.0000002424561
188020,0.2548435524059,3.8593350617565,0.0095718908877,0.0499218036699,0.0765407872067,0.0000002424561
188133,0.2548427039266,3.8593222124379,0.0095920877490,0.0498247590859,0.0765146024074,0.0000002397891
188152,0.2548360432991,3.8592213443060,0.0096133809484,0.0497988711428,0.0765130550930,0.0000002397891
188569,0.2548403172755,3.8592860691416,0.0094957477288,0.0497667403192,0.0764520814139,0.0000002319627
188629,0.2548332165704,3.8591785364997,0.0094957477288,0.0497023059099,0.0764275475452,0.0000002319627
189026,0.2548345395432,3.8591985715188,0.0094957477288,0.0496145698431,0.0763964967298,0.0000002268876
189030,0.2548307395450,3.8591410245805,0.0094744545294,0.0496142694030,0.0763864494876,0.0000002268876
189632,0.2548309426958,3.8591441010834,0.0094744545294,0.0495444273433,0.0763615494272,0.0000002170681
190870,0.2548341773803,3.8591930869463,0.0095100001238,0.0494847249376,0.0763561541123,0.0000002008954
191041,0.2548312087134,3.8591481296378,0.0095100001238,0.0494274546239,0.0763350642859,0.0000001986856
191262,0.2548409844935,3.8592961734496,0.0094744545294,0.0494360199806,0.0763249843257,0.0000001943385
191598,0.2548404626403,3.8592882705359,0.0094827459304,0.0493917581254,0.0763126181522,0.0000001900866
191645,0.2548427235215,3.8593225091818,0.0093651127108,0.0495180636427,0.0763077975031,0.0000001900866
191721,0.2548431373612,3.8593287763457,0.0093651127108,0.0494743463200,0.0762922728535,0.0000001879956
191729,0.2548431452222,3.8593288953922,0.0093848467963,0.0494353522004,0.0762868055319,0.0000001879956
191852,0.2548424128652,3.8593178046219,0.0093604188413,0.0494567690617,0.0762838283537,0.0000001859277
191898,0.2548416567972,3.8593063547745,0.0094196210976,0.0493224421385,0.0762610648336,0.0000001859277
192102,0.2548459971616,3.8593720849863,0.0094196210976,0.0492529177917,0.0762371647878,0.0000001818598
192350,0.2548459240093,3.8593709771728,0.0094113296966,0.0492621250688,0.0762368839680,0.0000001798593
192381,0.2548459687138,3.8593716541746,0.0094326228960,0.0492178963220,0.0762302232234,0.0000001798593
192483,0.2548522512105,3.8594667959171,0.0094326228960,0.0492069279631,0.0762276522016,0.0000001778809
192681,0.2548486574844,3.8594123727503,0.0094326228960,0.0491385961939,0.0762024779142,0.0000001759242
192783,0.2548450268816,3.8593573911256,0.0094326228960,0.0490929810080,0.0761854087900,0.0000001739890
193047,0.2548411290241,3.8592983622123,0.0094326228960,0.0490243635042,0.0761600672835,0.0000001720751
193300,0.2548361908673,3.8592235790690,0.0094326228960,0.0489546123378,0.0761340979762,0.0000001683103
193354,0.2548427326235,3.8593226470221,0.0094326228960,0.0489436880500,0.0761315982497,0.0000001683103
194015,0.2548359890097,3.8592205221509,0.0094326228960,0.0489448927191,0.0761305834286,0.0000001610260
194740,0.2548343777416,3.8591961212058,0.0094113296966,0.0489598676821,0.0761264607011,0.0000001540569
194997,0.2548421938183,3.8593144873894,0.0094113296966,0.0489145675332,0.0761119569500,0.0000001506862
195181,0.2548388021636,3.8592631243801,0.0092936964769,0.0490421363287,0.0761063762140,0.0000001490287
195202,0.2548329118127,3.8591739212692,0.0093250275054,0.0489567333709,0.0760880405232,0.0000001490287
195329,0.2548317363520,3.8591561201647,0.0093250275054,0.0489118195603,0.0760717479922,0.0000001490287
195517,0.2548333211544,3.8591801203139,0.0093026214402,0.0489124881962,0.0760627237918,0.0000001457681
195532,0.2548401667638,3.8592837898014,0.0093026214402,0.0488521415183,0.0760426383232,0.0000001457681
195554,0.2548360791622,3.8592218874138,0.0092781934852,0.0488105095740,0.0760164247334,0.0000001457681
195763,0.2548354136514,3.8592118089594,0.0092781934852,0.0487399705193,0.0759910896044,0.0000001441647
195794,0.2548344031444,3.8591965059042,0.0092781934852,0.0486950023639,0.0759748130117,0.0000001441647
195867,0.2548342751780,3.8591945679880,0.0092781934852,0.0486944302711,0.0759745812715,0.0000001425788
196254,0.2548326095426,3.8591693437092,0.0093168738353,0.0486350152318,0.0759695819856,0.0000001394594
196325,0.2548340417810,3.8591910334387,0.0093637078555,0.0485747516970,0.0759684379258,0.0000001394594
196330,0.2548361029583,3.8592222477807,0.0094105418757,0.0485149847765,0.0759676060008,0.0000001394594
197069,0.2548361269785,3.8592226115421,0.0094105418757,0.0485141620478,0.0759673173164,0.0000001319560
197173,0.2548455492213,3.8593653014054,0.0094105418757,0.0484428228839,0.0759438580955,0.0000001319560
197400,0.2548481148608,3.8594041552926,0.0094105418757,0.0483969568842,0.0759280271613,0.0000001290689
197733,0.2548526634370,3.8594730386506,0.0094274497228,0.0483507191908,0.0759197346144,0.0000001262450
197919,0.2548538635614,3.8594912132602,0.0094274497228,0.0483045071761,0.0759034874930,0.0000001248563
198008,0.2548600128510,3.8595843377236,0.0094274497228,0.0482582133748,0.0758882716974,0.0000001248563
198161,0.2548554278184,3.8595149022713,0.0094274497228,0.0482327587278,0.0758781982451,0.0000001234829
198197,0.2548592278165,3.8595724492096,0.0094105418757,0.0482328559724,0.0758718010404,0.0000001234829
198273,0.2548544576056,3.8595002094298,0.0094105418757,0.0482326949680,0.0758707213508,0.0000001221246
198437,0.2548515663550,3.8594564245081,0.0094449911321,0.0481620919020,0.0758596503834,0.0000001207812
198438,0.2548563347584,3.8595286369154,0.0093273579125,0.0481728470571,0.0758140990740,0.0000001207812
198541,0.2548597820385,3.8595808423126,0.0092929086561,0.0481881427055,0.0758055365414,0.0000001207812
198580,0.2548649240622,3.8596587128031,0.0093098165032,0.0481274299528,0.0757922014978,0.0000001194526
198782,0.2548613750110,3.8596049661909,0.0092929086561,0.0481020540908,0.0757751319588,0.0000001181387
200209,0.2548588119309,3.8595661510626,0.0092929086561,0.0481015099133,0.0757743883783,0.0000001081340
201055,0.2548625740251,3.8596231239859,0.0093131055174,0.0480558839587,0.0757675553552,0.0000001023161
201163,0.2548648680671,3.8596578648167,0.0093131055174,0.0479835123538,0.0757421999339,0.0000001011906
201736,0.2548683387555,3.8597104247088,0.0093599395377,0.0479225729632,0.0757412513078,0.0000000978879
202170,0.2548695704959,3.8597290781095,0.0093768473848,0.0478767760582,0.0757324054348,0.0000000946930
202177,0.2548650194747,3.8596601577247,0.0093986198878,0.0478513822269,0.0757316920632,0.0000000946930
202243,0.2548580247981,3.8595542307722,0.0093986198878,0.0478516331149,0.0757302828068,0.0000000946930
202599,0.2548597212443,3.8595799216491,0.0093394176314,0.0479135591576,0.0757273903792,0.0000000926212
202626,0.2548509949423,3.8594477710689,0.0093574218166,0.0478723901676,0.0757185333260,0.0000000926212
202692,0.2548527678224,3.8594746194558,0.0093394176314,0.0478795449361,0.0757137524240,0.0000000916024
202742,0.2548488274240,3.8594149463064,0.0093394176314,0.0478783520247,0.0757124820131,0.0000000916024
