0,0.2063240533919,3.124558757017,0.5553584234398,0.3201241934734,0.3965531191558,100000
1,0.2063285297091,3.124626546088,0.5553115894196,0.3201164400431,0.3965312375614,100000.0000000000000
2,0.2063256881953,3.1245835143785,0.5551939562000,0.3198656382623,0.3963906423641,100000.0000000000000
3,0.2063395719340,3.1247937688622,0.5551939562000,0.3193510162023,0.3962098238581,100000.0000000000000
4,0.2063413204302,3.1248202479813,0.5550763229804,0.3188099809156,0.3959665574108,100000.0000000000000
5,0.2063431585453,3.1248480842837,0.5550763229804,0.3186912068564,0.3959245319857,100000.0000000000000
6,0.2063444060369,3.1248669762191,0.5550294889601,0.3187188496495,0.3959146000085,100000.0000000000000
7,0.2063458975504,3.1248895636076,0.5549118557405,0.3186276767691,0.3958319436386,100000.0000000000000
8,0.2063403765279,3.1248059535835,0.5549118557405,0.3180556902287,0.3956264796550,100000.0000000000000
9,0.2063405376665,3.1248083938556,0.5549586897607,0.3177787364410,0.3955476738406,100000.0000000000000
10,0.2063407805398,3.1248120719143,0.5549586897607,0.3177731298606,0.3955457235348,100000.0000000000000
12,0.2063517681686,3.1249784678873,0.5549586897607,0.3177653298211,0.3955452922983,100000.0000000000000
14,0.2063593243581,3.1250928983562,0.5549118557405,0.3178060486698,0.3955413822048,100000.0000000000000
15,0.2063623500491,3.1251387192346,0.5548650217203,0.3178461985070,0.3955362980717,100000.0000000000000
16,0.2063492805219,3.1249407951189,0.5548650217203,0.3177631542723,0.3955038388035,100000.0000000000000
17,0.2063553754582,3.1250330964602,0.5547473885007,0.3177585563258,0.3954530885005,100000.0000000000000
27,0.2063540536958,3.1250130797716,0.5548181877000,0.3175409757764,0.3954054404407,100000.0000000000000
30,0.2063456233991,3.1248854118775,0.5548181877000,0.3173601092272,0.3953390387524,100000.0000000000000
32,0.2063452377036,3.1248795709279,0.5548181877000,0.3170411945222,0.3952250579944,100000.0000000000000
33,0.2063422791663,3.1248347670221,0.5548650217203,0.3167583346810,0.3951434743733,100000.0000000000000
34,0.2063422456628,3.1248342596474,0.5548650217203,0.3165654298567,0.3950745726138,100000.0000000000000
35,0.2063434256131,3.1248521287412,0.5548650217203,0.3162982687737,0.3949794107878,100000.0000000000000
36,0.2063390407827,3.1247857251402,0.5548650217203,0.3162178354826,0.3949497450059,100000.0000000000000
37,0.2063423553165,3.1248359202363,0.5548181877000,0.3161509219703,0.3949064858572,100000.0000000000000
38,0.2063446054013,3.1248699953819,0.5548181877000,0.3158839222440,0.3948116109732,100000.0000000000000
40,0.2063410385391,3.1248159790404,0.5548181877000,0.3158153379963,0.3947863522714,100000.0000000000000
41,0.2063416568761,3.1248253430976,0.5548181877000,0.3152878560619,0.3945980983670,100000.0000000000000
42,0.2063464774152,3.1248983450439,0.5548181877000,0.3152087988434,0.3945708966188,100000.0000000000000
43,0.2063456352328,3.1248855910866,0.5547005544804,0.3152001688631,0.3945172197783,100000.0000000000000
44,0.2063438583281,3.1248586817507,0.5545829212608,0.3150883539223,0.3944264908686,100000.0000000000000
46,0.2063438444935,3.1248584722397,0.5544184540209,0.3150051941611,0.3943263020294,100000.0000000000000
47,0.2063437672770,3.1248573028786,0.5544184540209,0.3149863600490,0.3943195590144,100000.0000000000000
48,0.2063503276012,3.1249566520246,0.5544184540209,0.3148871993121,0.3942855502493,100000.0000000000000
49,0.2063419500189,3.1248297824332,0.5543008208013,0.3148888937903,0.3942339459869,100000.0000000000000
50,0.2063523074788,3.1249866351687,0.5542539867811,0.3147205088525,0.3941559562418,100000.0000000000000
51,0.2063581153901,3.1250745898195,0.5542539867811,0.3146859249077,0.3941448493854,100000.0000000000000
54,0.2063539102552,3.1250109075152,0.5541831875817,0.3145490123548,0.3940647084307,100000.0000000000000
56,0.2063611653174,3.1251207777308,0.5541831875817,0.3144107720118,0.3940168915358,100000.0000000000000
57,0.2063643375814,3.1251688183011,0.5541831875817,0.3140076591572,0.3938736024300,100000.0000000000000
59,0.2063763693359,3.1253510264504,0.5541831875817,0.3139649517824,0.3938609280293,100000.0000000000000
60,0.2063758303097,3.1253428634707,0.5540655543621,0.3139225108884,0.3937952408245,100000.0000000000000
61,0.2063784862392,3.1253830847029,0.5540655543621,0.3136700278424,0.3937056374359,100000.0000000000000
