0,0.2063240533919,3.124558757017,0.5553584234398,0.3201241934734,0.3965531191558,100000
2,0.2063300755994,3.124649956956,0.5551939562,0.320207411665,0.3965136444516,100000.0000000000000
3,0.2063341709920,3.1247119773299,0.5551939562000,0.3200799355578,0.3964689948546,100000.0000000000000
4,0.2063438159348,3.1248580397499,0.5551939562000,0.3195752496072,0.3962908166457,100000.0000000000000
5,0.2063545399368,3.1250204433749,0.5551471221798,0.3195922794156,0.3962791249976,100000.0000000000000
6,0.2063535904422,3.1250060642868,0.5550294889601,0.3195428949631,0.3962108699931,100000.0000000000000
7,0.2063578037729,3.1250698707076,0.5550294889601,0.3193844978299,0.3961552024449,100000.0000000000000
8,0.2063652209653,3.1251821962124,0.5549118557405,0.3193406282400,0.3960907098956,100000.0000000000000
10,0.2063662099444,3.1251971732509,0.5549118557405,0.3191600387449,0.3960264255715,100000.0000000000000
11,0.2063621781689,3.1251361162919,0.5547942225209,0.3190701115286,0.3959430305197,100000.0000000000000
12,0.2063621810981,3.1251361606511,0.5546765893013,0.3188131886730,0.3958008587476,100000.0000000000000
16,0.2063594557588,3.1250948882801,0.5546765893013,0.3186594763924,0.3957453775033,100000.0000000000000
17,0.2063642609719,3.1251676581315,0.5546297552810,0.3186576060121,0.3957256674759,100000.0000000000000
18,0.2063632363306,3.1251521410268,0.5546765893013,0.3185590793763,0.3957103315486,100000.0000000000000
19,0.2063600474238,3.1251038484185,0.5546297552810,0.3185289654642,0.3956788215199,100000.0000000000000
20,0.2063745433985,3.1253233745672,0.5546297552810,0.3185162689316,0.3956773933243,100000.0000000000000
21,0.2063702706371,3.1252586681309,0.5546765893013,0.3183993668989,0.3956547987295,100000.0000000000000
22,0.2063766245816,3.1253548918752,0.5546765893013,0.3183065658326,0.3956230170511,100000.0000000000000
24,0.2063753217886,3.1253351624592,0.5545829212608,0.3183603878614,0.3956018165884,100000.0000000000000
25,0.2063798879330,3.1254043118682,0.5545829212608,0.3183202249532,0.3955884511521,100000.0000000000000
26,0.2063806640505,3.1254160653443,0.5545829212608,0.3180530823298,0.3954932093832,100000.0000000000000
27,0.2063776081109,3.1253697863827,0.5545829212608,0.3179069716691,0.3954403721602,100000.0000000000000
28,0.2063842081843,3.1254697374879,0.5545829212608,0.3175965701440,0.3953309287741,100000.0000000000000
29,0.2063854862977,3.1254890931591,0.5545829212608,0.3175231504539,0.3953049813377,100000.0000000000000
30,0.2063842675651,3.1254706367473,0.5545829212608,0.3174465482191,0.3952773622397,100000.0000000000000
32,0.2063805895407,3.1254149369725,0.5545829212608,0.3174373427076,0.3952732864089,100000.0000000000000
33,0.2063831382613,3.1254535346393,0.5545360872406,0.3172784820750,0.3951970249002,100000.0000000000000
34,0.2063885863144,3.1255360396208,0.5544184540209,0.3173420959659,0.3951704973499,100000.0000000000000
35,0.2063913700614,3.1255781965133,0.5544184540209,0.3172255013610,0.3951294529368,100000.0000000000000
36,0.2063963805776,3.1256540754627,0.5544184540209,0.3167958503339,0.3949770798234,100000.0000000000000
38,0.2063965493337,3.1256566310946,0.5544184540209,0.3166086631133,0.3949102634067,100000.0000000000000
39,0.2063915959842,3.1255816178746,0.5544652880412,0.3165169619771,0.3948965232918,100000.0000000000000
41,0.2063919974867,3.1255876982042,0.5543476548216,0.3158864726944,0.3946210203472,100000.0000000000000
42,0.2064022141527,3.1257424187646,0.5542300216019,0.3153940605458,0.3943969339142,100000.0000000000000
43,0.2064062347760,3.1258033068355,0.5542768556222,0.3151042450868,0.3943143616782,100000.0000000000000
44,0.2064192505544,3.1260004169819,0.5542768556222,0.3145856283446,0.3941319305085,100000.0000000000000
45,0.2064239381217,3.1260714052121,0.5542300216019,0.3146210224086,0.3941255040014,100000.0000000000000
48,0.2064197557382,3.1260080674546,0.5542768556222,0.3145610909254,0.3941232753982,100000.0000000000000
55,0.2064502674399,3.1264701347855,0.5543944888418,0.3143398538088,0.3941012146010,100000.0000000000000
57,0.2064417837851,3.1263416588400,0.5543236896424,0.3142196647243,0.3940261294880,100000.0000000000000
59,0.2064403138798,3.1263193986845,0.5543705236626,0.3140830385031,0.3939970911522,100000.0000000000000
60,0.2064397333759,3.1263106075701,0.5543705236626,0.3140166885739,0.3939732703552,100000.0000000000000
62,0.2064320713425,3.1261945742072,0.5543705236626,0.3139009515365,0.3939302938347,100000.0000000000000
63,0.2064324535452,3.1262003622614,0.5543236896424,0.3138861327825,0.3939050116002,100000.0000000000000
64,0.2064358454119,3.1262517284822,0.5542768556222,0.3138737994567,0.3938812619466,100000.0000000000000
65,0.2064377085191,3.1262799432622,0.5542768556222,0.3138641394196,0.3938782111706,100000.0000000000000
66,0.2064361623736,3.1262565285310,0.5542768556222,0.3136914664792,0.3938162109464,100000.0000000000000
67,0.2064382471208,3.1262880998136,0.5542768556222,0.3136441001666,0.3937997411377,100000.0000000000000
68,0.2064402875454,3.1263189998790,0.5542768556222,0.3136108733726,0.3937883116594,100000.0000000000000
71,0.2064438570203,3.1263730557856,0.5542768556222,0.3135685019359,0.3937739438909,100000.0000000000000
76,0.2064612282123,3.1266361240481,0.5543236896424,0.3134574452050,0.3937580748940,100000.0000000000000
78,0.2064729755326,3.1268140247426,0.5543236896424,0.3133683613814,0.3937287765256,100000.0000000000000
80,0.2064789603341,3.1269046582086,0.5543236896424,0.3132922509254,0.3937028766774,100000.0000000000000
82,0.2064825449745,3.1269589437813,0.5541592224025,0.3134853366641,0.3937021180471,100000.0000000000000
86,0.2064912076454,3.1270901307372,0.5541592224025,0.3134248689385,0.3936823787174,98000.0000000000000
87,0.2064889274401,3.1270555994475,0.5541123883823,0.3133656916387,0.3936406836291,98000.0000000000000
91,0.2064965159196,3.1271705189134,0.5541831875817,0.3129698688706,0.3935312869716,98000.0000000000000
92,0.2065018755962,3.1272516855262,0.5541831875817,0.3129179692525,0.3935138998958,98000.0000000000000
93,0.2065035188188,3.1272765703879,0.5541831875817,0.3126386872957,0.3934145084589,98000.0000000000000
94,0.2065127714567,3.1274166917668,0.5541831875817,0.3125119728017,0.3933712359906,98000.0000000000000
95,0.2065155865949,3.1274593240459,0.5540655543621,0.3123709430329,0.3932710572230,98000.0000000000000
96,0.2065245128137,3.1275945021547,0.5539479211425,0.3122266831463,0.3931710343591,98000.0000000000000
97,0.2065220801748,3.1275576624210,0.5539479211425,0.3121775720329,0.3931529733960,98000.0000000000000
98,0.2065240816367,3.1275879724359,0.5539479211425,0.3120676858916,0.3931141572302,98000.0000000000000
103,0.2065386438342,3.1278085014580,0.5540655543621,0.3118834330891,0.3931018873658,98000.0000000000000
104,0.2065317440696,3.1277040118481,0.5540655543621,0.3118667495937,0.3930944504536,98000.0000000000000
105,0.2065243649809,3.1275922633837,0.5540655543621,0.3117765396280,0.3930606513754,98000.0000000000000
107,0.2065317239042,3.1277037064643,0.5539479211425,0.3117753674308,0.3930113954087,98000.0000000000000
111,0.2065501999956,3.1279835072554,0.5539010871222,0.3115202280409,0.3929041616375,98000.0000000000000
126,0.2065573377230,3.1280916005589,0.5539010871222,0.3114496416436,0.3928804817229,98000.0000000000000
127,0.2065568508025,3.1280842266650,0.5539010871222,0.3114084062118,0.3928656504429,98000.0000000000000
128,0.2065633061467,3.1281819859994,0.5537834539026,0.3100698022426,0.3923385466478,98000.0000000000000
130,0.2065692924111,3.1282726416186,0.5537834539026,0.3100036975915,0.3923162206147,98000.0000000000000
131,0.2065643622265,3.1281979792076,0.5537834539026,0.3098105821387,0.3922461943420,98000.0000000000000
134,0.2065511055718,3.1279972212449,0.5537834539026,0.3097422945868,0.3922189652189,98000.0000000000000
135,0.2065497481782,3.1279766649603,0.5536658206830,0.3094768847808,0.3920734708955,98000.0000000000000
136,0.2065501770867,3.1279831603237,0.5535481874634,0.3093551333060,0.3919796658979,98000.0000000000000
138,0.2065482650879,3.1279542051315,0.5534305542437,0.3090026401881,0.3918029515476,98000.0000000000000
139,0.2065488300513,3.1279627609028,0.5534305542437,0.3089533537998,0.3917854703297,98000.0000000000000
140,0.2065493704095,3.1279709440532,0.5534305542437,0.3088863736904,0.3917616646530,98000.0000000000000
141,0.2065512769002,3.1279998158321,0.5533837202235,0.3089136048995,0.3917517268957,98000.0000000000000
142,0.2065377392838,3.1277948030019,0.5533837202235,0.3087458661006,0.3916889192640,98000.0000000000000
143,0.2065327434453,3.1277191463319,0.5533837202235,0.3085608510585,0.3916217719264,98000.0000000000000
145,0.2065281466751,3.1276495331276,0.5534305542437,0.3084433239859,0.3915988846727,98000.0000000000000
148,0.2065222984781,3.1275609683927,0.5534305542437,0.3083394369065,0.3915605289592,98000.0000000000000
149,0.2065257122750,3.1276126667224,0.5534305542437,0.3082680519113,0.3915357658460,98000.0000000000000
151,0.2065325495896,3.1277162105926,0.5534305542437,0.3081967801680,0.3915117767908,98000.0000000000000
152,0.2065361720565,3.1277710690082,0.5534305542437,0.3081698000581,0.3915029172802,98000.0000000000000
153,0.2065294508301,3.1276692831698,0.5534305542437,0.3081465332332,0.3914931674370,98000.0000000000000
154,0.2065250867823,3.1276031942992,0.5533129210241,0.3079121908861,0.3913581243516,98000.0000000000000
157,0.2065306346053,3.1276872101884,0.5533129210241,0.3077717609503,0.3913091596223,98000.0000000000000
160,0.2065396944192,3.1278244114531,0.5533129210241,0.3077011456668,0.3912858812669,98000.0000000000000
167,0.2065376950452,3.1277941330555,0.5531952878045,0.3077708369233,0.3912599283271,98000.0000000000000
168,0.2065437876899,3.1278863996917,0.5531484537843,0.3077365461848,0.3912289154785,98000.0000000000000
169,0.2065407583738,3.1278405239160,0.5531484537843,0.3076309203848,0.3911905428394,98000.0000000000000
170,0.2065308552961,3.1276905523167,0.5531952878045,0.3075780378143,0.3911896058419,98000.0000000000000
171,0.2065349425013,3.1277524487011,0.5531484537843,0.3075767665402,0.3911699559222,96040.0000000000000
175,0.2065586294717,3.1281111627211,0.5529839865444,0.3075989679739,0.3911124748251,96040.0000000000000
176,0.2065593364224,3.1281218687399,0.5528663533248,0.3073381223244,0.3909690529170,96040.0000000000000
177,0.2065638213355,3.1281897879869,0.5528663533248,0.3072638432268,0.3909434857207,96040.0000000000000
178,0.2065713789968,3.1283042407437,0.5528663533248,0.3070896870338,0.3908829065792,96040.0000000000000
180,0.2065831325064,3.1284822351703,0.5527487201052,0.3070508909829,0.3908211552189,96040.0000000000000
181,0.2065873698119,3.1285464046627,0.5527487201052,0.3068396514015,0.3907466205053,96040.0000000000000
182,0.2065873315818,3.1285458257086,0.5527955541254,0.3067432777515,0.3907322648754,96040.0000000000000
188,0.2066258748129,3.1291295220268,0.5527487201052,0.3065055808452,0.3906355606640,96040.0000000000000
190,0.2066362977519,3.1292873663731,0.5527487201052,0.3064852405480,0.3906305297591,96040.0000000000000
191,0.2066442386788,3.1294076232815,0.5526310868856,0.3064706256510,0.3905765975432,96040.0000000000000
192,0.2066444522952,3.1294108582747,0.5526310868856,0.3063368560617,0.3905288684648,96040.0000000000000
193,0.2066462645105,3.1294383023517,0.5525134536659,0.3060944698555,0.3903922760575,96040.0000000000000
194,0.2066524329419,3.1295317166966,0.5525134536659,0.3060656841559,0.3903833172572,96040.0000000000000
195,0.2066576572977,3.1296108340200,0.5525134536659,0.3059892437510,0.3903571366174,96040.0000000000000
198,0.2066807258225,3.1299601823374,0.5525134536659,0.3058884282787,0.3903260743469,96040.0000000000000
199,0.2066760737287,3.1298897313161,0.5525134536659,0.3057809578422,0.3902866951709,96040.0000000000000
202,0.2066729548504,3.1298424992147,0.5523489864261,0.3053662167245,0.3900674190521,96040.0000000000000
203,0.2066699001423,3.1297962389045,0.5522313532065,0.3052220763710,0.3899648715372,96040.0000000000000
204,0.2066719357802,3.1298270664788,0.5522313532065,0.3038299775196,0.3894681295841,96040.0000000000000
211,0.2066955871979,3.1301852420914,0.5521605540071,0.3037536865852,0.3894156084687,96040.0000000000000
212,0.2066919433440,3.1301300597931,0.5521605540071,0.3037386156540,0.3894094451675,96040.0000000000000
213,0.2066965020045,3.1301990958673,0.5521605540071,0.3036669656738,0.3893848327446,96040.0000000000000
214,0.2066979327027,3.1302207622727,0.5520429207874,0.3035909092802,0.3893075620881,96040.0000000000000
215,0.2067015594578,3.1302756856280,0.5519252875678,0.3033382216521,0.3891676794315,96040.0000000000000
216,0.2067136078561,3.1304581458305,0.5519252875678,0.3032911265764,0.3891534415612,96040.0000000000000
217,0.2067123974908,3.1304398161324,0.5518076543482,0.3033209190674,0.3891134081356,96040.0000000000000
218,0.2067180110463,3.1305248274710,0.5517608203280,0.3033146714652,0.3890923080309,96040.0000000000000
219,0.2067229658479,3.1305998626812,0.5517608203280,0.3031578194686,0.3890373512039,96040.0000000000000
220,0.2067288073414,3.1306883258986,0.5517608203280,0.3025751034631,0.3888304900934,96040.0000000000000
225,0.2067267992885,3.1306579160690,0.5518316195274,0.3024659266413,0.3888214105883,96040.0000000000000
226,0.2067318552319,3.1307344829655,0.5518316195274,0.3021457461825,0.3887081438409,96040.0000000000000
247,0.2067398270586,3.1308552078173,0.5513371214697,0.3024153252976,0.3885942026059,96040.0000000000000
248,0.2067415871452,3.1308818624609,0.5512902874495,0.3022720353237,0.3885233330536,96040.0000000000000
250,0.2067413954239,3.1308789590454,0.5512902874495,0.3021887104787,0.3884935330973,96040.0000000000000
253,0.2067385467412,3.1308358187690,0.5511726542299,0.3022177880642,0.3884528932803,96040.0000000000000
254,0.2067307368503,3.1307175462624,0.5511258202096,0.3021358064103,0.3884018688471,96040.0000000000000
256,0.2067448768563,3.1309316816431,0.5511258202096,0.3019704125114,0.3883458295988,94119.1999999999971
257,0.2067493215573,3.1309989919214,0.5511258202096,0.3018576730854,0.3883065179541,94119.1999999999971
258,0.2067530898319,3.1310560584398,0.5511258202096,0.3015612979298,0.3882014771716,94119.1999999999971
260,0.2067570115986,3.1311154494329,0.5511258202096,0.3015009722212,0.3881807726542,94119.1999999999971
263,0.2067728229074,3.1313548949190,0.5510081869900,0.3016070675708,0.3881716377511,94119.1999999999971
268,0.2067949543480,3.1316900520931,0.5508905537704,0.3016840896001,0.3881534738334,94119.1999999999971
269,0.2068051676685,3.1318447219892,0.5508905537704,0.3016175724379,0.3881319062727,94119.1999999999971
271,0.2068032428126,3.1318155720902,0.5508905537704,0.3015709332237,0.3881148369413,94119.1999999999971
272,0.2068097419554,3.1319139947083,0.5508905537704,0.3014918653661,0.3880879910942,94119.1999999999971
273,0.2068165315353,3.1320168156891,0.5507729205508,0.3014662356546,0.3880298782988,94119.1999999999971
274,0.2068210915629,3.1320858724663,0.5507260865305,0.3014641683393,0.3880100453977,94119.1999999999971
276,0.2068210724328,3.1320855827601,0.5506324184901,0.3014575732529,0.3879675424645,94119.1999999999971
277,0.2068186314731,3.1320486170165,0.5506324184901,0.3007622102734,0.3877186754805,94119.1999999999971
