0,0.2063240533919,3.124558757017,0.5553584234398,0.3201241934734,0.3965531191558,100000
1,0.2063311414057,3.124666097461,0.5552407902202,0.3197686693483,0.3963772508771,100000.0000000000000
3,0.2063347684754,3.1247210255811,0.5551231570006,0.3197914308761,0.3963357429864,100000.0000000000000
4,0.2063448886798,3.1248742853331,0.5551231570006,0.3195319604732,0.3962452436006,100000.0000000000000
10,0.2063450131314,3.1248761700214,0.5552876242404,0.3192585797611,0.3962181202602,100000.0000000000000
17,0.2063451733746,3.1248785967336,0.5550523578012,0.3189475666874,0.3960062500263,100000.0000000000000
18,0.2063457592185,3.1248874687182,0.5550523578012,0.3188350107111,0.3959661770013,100000.0000000000000
19,0.2063501237614,3.1249535650861,0.5550523578012,0.3186121035989,0.3958875025776,100000.0000000000000
21,0.2063575595771,3.1250661726219,0.5550523578012,0.3186065057902,0.3958870967492,100000.0000000000000
22,0.2063531062075,3.1249987310672,0.5550523578012,0.3185661344652,0.3958717241254,100000.0000000000000
23,0.2063590471549,3.1250887004088,0.5549347245816,0.3185370325616,0.3958121894116,100000.0000000000000
24,0.2063609125256,3.1251169494676,0.5549347245816,0.3184951282206,0.3957976232978,100000.0000000000000
25,0.2063697894583,3.1252513811897,0.5549347245816,0.3184171253754,0.3957716673387,100000.0000000000000
26,0.2063624608025,3.1251403964775,0.5548878905614,0.3183642621652,0.3957311454715,100000.0000000000000
27,0.2063658976928,3.1251924445329,0.5547702573417,0.3182378047165,0.3956363043365,100000.0000000000000
31,0.2063751052100,3.1253318826062,0.5545121220614,0.3184646982838,0.3956086813870,100000.0000000000000
