0,0.2063240533919,3.124558757017,0.5553584234398,0.3201241934734,0.3965531191558,10
4,0.2063189320002,3.124481198976,0.5554052574601,0.3199700703181,0.3965170494537,9.8000000000000
5,0.2063250228123,3.1245734378599,0.5554052574601,0.3199190727750,0.3965001412195,9.8000000000000
6,0.2063246934950,3.1245684506979,0.5554052574601,0.3199075494928,0.3964959551935,9.6040000000000
9,0.2063207078517,3.1245080923617,0.5554520914803,0.3197992698927,0.3964765015643,9.4119200000000
10,0.2063207395533,3.1245085724485,0.5554520914803,0.3196937699320,0.3964388298001,9.2236816000000
11,0.2063221632055,3.1245301321495,0.5553344582607,0.3195761599831,0.3963467170783,9.2236816000000
12,0.2063194245065,3.1244886574614,0.5552168250411,0.3194751184006,0.3962596296978,9.0392079680000
13,0.2063280038300,3.1246185822086,0.5552168250411,0.3192318272333,0.3961745784216,9.0392079680000
14,0.2063323615867,3.1246845758075,0.5550991918214,0.3191879576434,0.3961094302790,8.8584238086400
15,0.2063310964931,3.1246654173078,0.5550991918214,0.3189451561687,0.3960224443751,8.8584238086400
16,0.2063408014274,3.1248123882349,0.5550991918214,0.3189290150182,0.3960187593073,8.6812553324672
17,0.2063380397007,3.1247705648155,0.5550991918214,0.3187700595911,0.3959613977133,8.6812553324672
19,0.2063436813553,3.1248560016853,0.5550523578012,0.3187103444982,0.3959212080974,8.5076302258179
20,0.2063314930777,3.1246714231595,0.5550523578012,0.3181776452615,0.3957283465963,8.3374776213015
21,0.2063344329354,3.1247159441834,0.5550523578012,0.3181738820736,0.3957276325701,8.3374776213015
22,0.2063369725089,3.1247544033283,0.5550523578012,0.3180631184270,0.3956886183192,8.1707280688755
23,0.2063412847229,3.1248197072317,0.5550523578012,0.3179469998492,0.3956480714444,8.1707280688755
24,0.2063411100886,3.1248170625802,0.5550523578012,0.3179246937298,0.3956400675516,8.0073135074980
25,0.2063444677710,3.1248679111160,0.5550055237810,0.3179614262479,0.3956338340885,8.0073135074980
27,0.2063481712409,3.1249239962358,0.5549586897607,0.3178457449643,0.3955732412220,7.8471672373480
28,0.2063499188250,3.1249504615421,0.5549586897607,0.3178386035154,0.3955710651869,7.6902238926010
29,0.2063472408060,3.1249099057873,0.5550055237810,0.3176535888259,0.3955244863738,7.6902238926010
34,0.2063819012851,3.1254348019481,0.5549586897607,0.3176772631035,0.3955202969955,7.2379772059250
35,0.2063866651579,3.1255069457453,0.5548410565411,0.3175637532776,0.3954303643649,7.2379772059250
36,0.2063869156105,3.1255107385833,0.5548410565411,0.3169727231503,0.3952193358450,7.0932176618065
37,0.2063906010656,3.1255665508878,0.5547234233215,0.3165581330565,0.3950216434577,7.0932176618065
38,0.2063986408513,3.1256883049079,0.5546057901019,0.3164812644492,0.3949454989579,6.9513533085703
45,0.2064135525666,3.1259141270061,0.5544413228620,0.3166498067036,0.3949384020279,6.5425581231999
46,0.2064108625887,3.1258733901462,0.5544413228620,0.3166462900509,0.3949365696566,6.4117069607359
48,0.2064059328122,3.1257987339144,0.5544413228620,0.3166271593912,0.3949286808975,6.2834728215212
51,0.2064167136590,3.1259619983939,0.5544881568823,0.3164932436584,0.3949032357544,6.1578033650908
52,0.2064099556075,3.1258596548785,0.5544881568823,0.3164011473818,0.3948688960732,6.0346472977890
53,0.2064121622708,3.1258930724528,0.5544881568823,0.3163244796061,0.3948419875812,6.0346472977890
54,0.2064117811516,3.1258873008060,0.5543705236626,0.3163252259838,0.3947917582392,5.9139543518332
55,0.2063995381119,3.1257018929666,0.5543705236626,0.3162482914210,0.3947616581012,5.9139543518332
56,0.2064063325307,3.1258047872276,0.5542528904430,0.3159618060558,0.3946103836092,5.7956752647965
59,0.2064145104328,3.1259286328726,0.5540884232032,0.3160958719010,0.3945895307159,5.6797617595006
60,0.2064203818582,3.1260175493779,0.5539707899835,0.3161333687909,0.3945537663879,5.5661665243106
61,0.2064143475161,3.1259261656725,0.5539707899835,0.3160338290282,0.3945169233993,5.5661665243106
62,0.2064216523862,3.1260367901751,0.5538531567639,0.3160249867255,0.3944649165264,5.4548431938244
63,0.2064151692081,3.1259386093252,0.5537355235443,0.3157576965424,0.3943176522573,5.4548431938244
66,0.2064480589758,3.1264366899416,0.5536886895241,0.3155967098053,0.3942471330784,5.2388314033489
67,0.2064506049545,3.1264752460868,0.5536418555038,0.3155396089445,0.3942072137578,5.2388314033489
68,0.2064563729429,3.1265625961474,0.5535950214836,0.3155833935356,0.3942040153863,5.1340547752819
69,0.2064604182408,3.1266238578896,0.5535950214836,0.3154475604715,0.3941563704272,5.1340547752819
70,0.2064728975706,3.1268128440921,0.5535950214836,0.3149718871532,0.3939891612414,5.0313736797763
71,0.2064724257104,3.1268056982701,0.5535950214836,0.3149313866108,0.3939745956491,5.0313736797763
74,0.2064796690595,3.1269153911027,0.5535013534431,0.3149495109272,0.3939424773195,4.8321312820572
75,0.2064788787868,3.1269034232615,0.5535013534431,0.3148195000988,0.3938958755367,4.8321312820572
76,0.2064805705299,3.1269290429138,0.5535013534431,0.3148002591371,0.3938893662810,4.7354886564160
77,0.2064920011887,3.1271021481078,0.5535013534431,0.3147804797122,0.3938847516276,4.7354886564160
81,0.2064839237205,3.1269798234262,0.5533608513824,0.3149045238703,0.3938671070577,4.5479633056219
83,0.2064775668614,3.1268835555446,0.5532432181628,0.3148990472744,0.3938133747095,4.4570040395095
84,0.2064684532393,3.1267455394121,0.5532432181628,0.3147757360176,0.3937673820559,4.3678639587193
85,0.2064644776928,3.1266853339805,0.5532432181628,0.3146433386877,0.3937192453924,4.3678639587193
86,0.2064757948564,3.1268567204097,0.5532432181628,0.3146060695433,0.3937083600902,4.2805066795449
87,0.2064810042746,3.1269356115178,0.5532432181628,0.3141632882641,0.3935513402229,4.2805066795449
88,0.2064890148650,3.1270569234052,0.5531255849432,0.3141058517613,0.3934821295043,4.1948965459540
91,0.2064828010793,3.1269628222181,0.5532432181628,0.3139473826563,0.3934746161069,4.1109986150350
96,0.2065173924197,3.1274866713462,0.5532900521830,0.3138070864772,0.3934519944817,3.8692390084820
97,0.2065143925580,3.1274412416254,0.5532900521830,0.3135809986446,0.3933706059997,3.8692390084820
98,0.2065173542408,3.1274860931669,0.5532900521830,0.3135202432876,0.3933495423042,3.7918542283123
100,0.2065300263720,3.1276779991415,0.5532900521830,0.3134313115403,0.3933204964226,3.7160171437461
101,0.2065331158296,3.1277247856976,0.5531724189634,0.3132442660556,0.3932039422534,3.7160171437461
105,0.2065434756062,3.1278816735157,0.5530547857438,0.3133111582532,0.3931796380391,3.5688628648537
111,0.2065610825515,3.1281483120108,0.5531484537843,0.3130358393074,0.3931252262069,3.3589851774974
114,0.2065447609589,3.1279011388182,0.5531016197640,0.3130303104856,0.3930996824207,3.2259693644685
115,0.2065541429134,3.1280432185586,0.5530547857438,0.3129838399650,0.3930650245020,3.2259693644685
116,0.2065443942627,3.1278955855939,0.5530547857438,0.3127583790111,0.3929824137362,3.1614499771792
117,0.2065458601923,3.1279177855404,0.5530547857438,0.3124912279377,0.3928873167663,3.1614499771792
118,0.2065468229711,3.1279323658036,0.5530547857438,0.3123687731362,0.3928437892184,3.0982209776356
120,0.2065463296779,3.1279248954014,0.5530547857438,0.3123648575187,0.3928422850779,3.0362565580829
136,0.2065737492884,3.1283401362937,0.5529371525242,0.3124692557053,0.3928350315383,2.5831348066883
137,0.2065705863099,3.1282922363425,0.5528195193046,0.3124092609418,0.3927625128190,2.5831348066883
138,0.2065767319214,3.1283853051045,0.5528195193046,0.3122205462281,0.3926964316237,2.5314721105546
140,0.2065685162633,3.1282608876841,0.5528663533248,0.3121615134548,0.3926936597152,2.4808426683435
141,0.2065610170645,3.1281473202805,0.5528663533248,0.3120075870125,0.3926370790146,2.4808426683435
142,0.2065452135314,3.1279079925485,0.5529131873450,0.3118387825105,0.3925934769441,2.4312258149766
143,0.2065461720917,3.1279225089263,0.5527955541254,0.3119513578399,0.3925834735877,2.4312258149766
144,0.2065479353897,3.1279492122030,0.5527955541254,0.3118697608871,0.3925547096684,2.3826012986771
147,0.2065536277385,3.1280354167815,0.5527955541254,0.3118118451262,0.3925352452571,2.3349492727035
152,0.2065589367013,3.1281158153882,0.5525602876862,0.3119813837523,0.3924961039273,2.1976355758744
153,0.2065544332814,3.1280476158738,0.5525602876862,0.3119542646407,0.3924854535118,2.1976355758744
154,0.2065544015674,3.1280471355989,0.5525602876862,0.3113540604415,0.3922710880733,2.1536828643569
160,0.2065637168480,3.1281882056353,0.5524426544665,0.3114341174034,0.3922512617400,2.0270290824698
161,0.2065675865273,3.1282468078198,0.5523958204463,0.3114595263933,0.3922410938733,2.0270290824698
162,0.2065619475372,3.1281614113010,0.5524426544665,0.3111915468671,0.3921642502676,1.9864885008204
164,0.2065585177964,3.1281094715177,0.5524894884868,0.3108665300769,0.3920675096210,1.9467587308040
166,0.2065543270709,3.1280460074288,0.5524186892874,0.3107620941491,0.3919989705488,1.9078235561879
167,0.2065538085747,3.1280381553538,0.5523718552672,0.3106346849137,0.3919332844211,1.9078235561879
168,0.2065516778549,3.1280058878648,0.5522542220475,0.3104857130166,0.3918292093524,1.8696670850642
185,0.2065743435385,3.1283491355819,0.5521605540071,0.3105689093477,0.3918236358140,1.5906436205109
189,0.2065936479046,3.1286414797133,0.5520429207874,0.3106193890853,0.3917953867046,1.5276541331386
190,0.2065947467646,3.1286581207800,0.5520429207874,0.3103163660753,0.3916873996711,1.4971010504759
191,0.2066063369073,3.1288336411878,0.5519252875678,0.3102722329035,0.3916237071890,1.4971010504759
192,0.2066127809175,3.1289312288811,0.5518784535476,0.3102235940700,0.3915876453134,1.4671590294663
193,0.2066077668939,3.1288552968166,0.5518784535476,0.3101987150860,0.3915776855284,1.4671590294663
194,0.2066034004597,3.1287891718070,0.5518316195274,0.3101720356118,0.3915471497573,1.4378158488770
195,0.2066127572604,3.1289308706203,0.5518316195274,0.3101471919524,0.3915402820505,1.4378158488770
196,0.2066131697193,3.1289371168713,0.5518316195274,0.3101445438521,0.3915394246845,1.4090595318995
197,0.2066172242712,3.1289985187561,0.5517139863077,0.3099032050247,0.3914036868417,1.4090595318995
198,0.2066242846845,3.1291054412201,0.5517139863077,0.3093449644802,0.3912058281644,1.3808783412615
199,0.2066270135942,3.1291467676613,0.5515963530881,0.3092789983523,0.3911324393623,1.3808783412615
200,0.2066212437283,3.1290593891667,0.5514787198685,0.3091852526049,0.3910473081014,1.3532607744363
201,0.2066237641020,3.1290975575518,0.5515255538887,0.3085046640445,0.3908248525615,1.3532607744363
202,0.2066270485367,3.1291472968273,0.5515255538887,0.3084671665841,0.3908121644188,1.3261955589475
203,0.2066203142318,3.1290453129294,0.5515723879090,0.3083399203233,0.3907853479833,1.3261955589475
204,0.2066272984168,3.1291510809970,0.5515723879090,0.3080821201823,0.3906947731154,1.2996716477686
205,0.2066292077520,3.1291799958521,0.5515723879090,0.3080185009660,0.3906724611100,1.2996716477686
207,0.2066256859346,3.1291266616651,0.5516192219292,0.3079317079602,0.3906607806557,1.2736782148132
208,0.2066196059698,3.1290345870527,0.5515723879090,0.3078650475544,0.3906155987954,1.2482046505169
209,0.2066292318582,3.1291803609139,0.5515723879090,0.3077381328968,0.3905723348223,1.2482046505169
210,0.2066296018365,3.1291859638424,0.5515255538887,0.3077278843343,0.3905486821795,1.2232405575066
211,0.2066217697464,3.1290673551528,0.5514787198685,0.3077275885681,0.3905268265207,1.2232405575066
212,0.2066221872143,3.1290736772611,0.5514318858483,0.3077637020418,0.3905197419244,1.1987757463565
213,0.2066190317135,3.1290258905516,0.5514318858483,0.3071883542379,0.3903135843871,1.1987757463565
214,0.2066214231940,3.1290621069839,0.5513142526286,0.3070922930914,0.3902293750579,1.1748002314293
215,0.2066142973379,3.1289541934582,0.5513610866489,0.3070206592677,0.3902223363032,1.1748002314293
216,0.2066250462273,3.1291169739782,0.5513610866489,0.3065605091355,0.3900603003038,1.1513042268008
218,0.2066257511667,3.1291276495365,0.5512902874495,0.3063298045148,0.3899477143408,1.1282781422647
219,0.2066237153422,3.1290968191352,0.5512902874495,0.3061772894751,0.3898928084356,1.1282781422647
220,0.2066238397982,3.1290987038893,0.5511726542299,0.3061983771859,0.3898499521931,1.1057125794194
222,0.2066303431846,3.1291971907734,0.5511726542299,0.3059280016912,0.3897547830992,1.0835983278311
224,0.2066368022657,3.1292950066987,0.5511258202096,0.3059279593790,0.3897360803536,1.0619263612744
225,0.2066447593949,3.1294155089733,0.5510789861894,0.3057987604590,0.3896715712583,1.0619263612744
226,0.2066455465092,3.1294274289849,0.5510789861894,0.3057110342555,0.3896404091387,1.0406878340489
236,0.2066776728985,3.1299139490445,0.5510561173483,0.3056391691780,0.3896118263340,0.9406993761736
237,0.2066791540364,3.1299363793059,0.5509384841287,0.3056299259616,0.3895584283350,0.9406993761736
240,0.2066771794394,3.1299064761308,0.5509853181489,0.3055607903696,0.3895533856471,0.9034476808771
241,0.2066738579919,3.1298561763341,0.5508676849293,0.3055111138688,0.3894845180640,0.9034476808771
242,0.2066762698074,3.1298927007198,0.5508676849293,0.3054796210944,0.3894737874621,0.8853787272596
247,0.2066761954877,3.1298915752263,0.5507032176895,0.3042255433045,0.3889554006516,0.8503177296601
248,0.2066881744780,3.1300729843189,0.5507032176895,0.3042111244059,0.3889528179714,0.8333113750669
249,0.2066915563853,3.1301241997145,0.5507032176895,0.3040827868852,0.3889077078371,0.8333113750669
250,0.2066961871520,3.1301943277600,0.5507032176895,0.3039016918620,0.3888440233502,0.8166451475656
253,0.2066995696308,3.1302455518103,0.5507032176895,0.3037414920997,0.3887875339663,0.8003122446142
254,0.2067001523959,3.1302543771685,0.5507032176895,0.3035972756103,0.3887361529554,0.7843059997220
259,0.2067116903547,3.1304291073064,0.5505855844698,0.3036858193631,0.3887198339070,0.7532474821330
260,0.2067114827047,3.1304259626676,0.5505855844698,0.3036812645741,0.3887181627002,0.7381825324903
261,0.2067007950021,3.1302641087577,0.5505387504496,0.3036680988329,0.3886910987049,0.7381825324903
264,0.2066913487638,3.1301210555069,0.5506563836692,0.3034631499319,0.3886662927119,0.7089505042037
268,0.2067022782859,3.1302865715168,0.5507740168889,0.3032729790632,0.3886511308219,0.6808760642372
271,0.2067145205782,3.1304719680376,0.5507740168889,0.3031995723336,0.3886275374811,0.6672585429525
272,0.2067090090070,3.1303885011428,0.5507271828686,0.3031526316584,0.3885895201803,0.6539133720934
273,0.2067136021011,3.1304580586761,0.5507271828686,0.3030049686433,0.3885377676237,0.6539133720934
274,0.2067202142731,3.1305581930015,0.5507271828686,0.3028375475788,0.3884793912804,0.6408351046516
275,0.2067173185602,3.1305143405043,0.5507271828686,0.3028184172617,0.3884719385143,0.6408351046516
276,0.2067217021034,3.1305807246126,0.5507271828686,0.3026481507061,0.3884120683609,0.6280184025585
277,0.2067298437089,3.1307040205839,0.5507271828686,0.3026389499254,0.3884105269975,0.6280184025585
278,0.2067310788457,3.1307227254202,0.5506803488484,0.3025826333412,0.3883706068809,0.6154580345074
279,0.2067411921035,3.1308758799736,0.5506803488484,0.3024955290402,0.3883416653287,0.6154580345074
2610,0.2093705393836,3.1706945532409,0.5158474347386,0.3121472534521,0.3774237495602,0.0000002145805
2613,0.2093688127628,3.1706684054028,0.5158474347386,0.3120945005362,0.3774045392429,0.0000002145805
2617,0.2093695795027,3.1706800168636,0.5157298015190,0.3120015912094,0.3773211074049,0.0000002145805
2623,0.2093733262886,3.1707367579589,0.5156121682993,0.3119176686551,0.3772415237098,0.0000002102888
2627,0.2093768054154,3.1707894456409,0.5156121682993,0.3118860947582,0.3772309928452,0.0000002102888
2629,0.2093763600655,3.1707827012894,0.5154945350797,0.3119015009277,0.3771859853795,0.0000002060831
2639,0.2093708834409,3.1706997636233,0.5154477010595,0.3119224755554,0.3771722310326,0.0000002019614
2640,0.2093738645199,3.1707449089007,0.5154477010595,0.3118627896327,0.3771515534343,0.0000002019614
2641,0.2093797553492,3.1708341192563,0.5154477010595,0.3117230153885,0.3771028963819,0.0000002019614
2642,0.2093809068169,3.1708515570126,0.5154477010595,0.3116141525458,0.3770642635383,0.0000002019614
2647,0.2093842298118,3.1709018802425,0.5153300678399,0.3115761729073,0.3770009972151,0.0000002019614
2651,0.2093852433027,3.1709172284871,0.5152124346202,0.3115515098347,0.3769419919145,0.0000001979222
2652,0.2093840707459,3.1708994713587,0.5152124346202,0.3114417094147,0.3769025262166,0.0000001979222
2653,0.2093947777295,3.1710616172592,0.5150948014006,0.3113956425801,0.3768379538923,0.0000001979222
2658,0.2093939680244,3.1710493551351,0.5150948014006,0.3112665244742,0.3767916667748,0.0000001979222
2661,0.2094026436296,3.1711807379657,0.5150948014006,0.3112109768454,0.3767736873942,0.0000001939637
2664,0.2094072869121,3.1712510555489,0.5149771681810,0.3112088024693,0.3767234915835,0.0000001939637
2666,0.2094103530882,3.1712974895319,0.5149303341608,0.3111518712390,0.3766837443160,0.0000001939637
2670,0.2094159160340,3.1713817344402,0.5149303341608,0.3110957396367,0.3766648893750,0.0000001900845
2673,0.2094221459007,3.1714760791581,0.5148127009411,0.3110907069296,0.3766140127141,0.0000001900845
2674,0.2094304001068,3.1716010803468,0.5148127009411,0.3110802488769,0.3766120464537,0.0000001900845
2676,0.2094295266151,3.1715878522423,0.5148595349614,0.3110147508956,0.3766085388637,0.0000001900845
2677,0.2094270837898,3.1715508582463,0.5148595349614,0.3109502881445,0.3765849929900,0.0000001900845
2682,0.2094224697152,3.1714809829843,0.5147419017418,0.3109694550587,0.3765404353493,0.0000001862828
2683,0.2094209754476,3.1714583538882,0.5146242685221,0.3109857566712,0.3764955229165,0.0000001862828
2685,0.2094191137807,3.1714301609193,0.5146711025424,0.3108978453398,0.3764837988068,0.0000001862828
2688,0.2094194959611,3.1714359486362,0.5146242685221,0.3108793272093,0.3764571953616,0.0000001862828
2690,0.2094206171155,3.1714529273289,0.5145066353025,0.3108488718783,0.3763961444681,0.0000001825571
2692,0.2094220956923,3.1714753188040,0.5145534693227,0.3107853552242,0.3763938485096,0.0000001825571
2693,0.2094207680140,3.1714552125259,0.5145066353025,0.3107419081149,0.3763579754594,0.0000001825571
2694,0.2094189836261,3.1714281898651,0.5145066353025,0.3107266817691,0.3763521551099,0.0000001825571
2701,0.2094216527569,3.1714686110185,0.5143890020829,0.3106701902921,0.3762821373020,0.0000001789060
2704,0.2094264852264,3.1715417936383,0.5143890020829,0.3106547090839,0.3762776438283,0.0000001789060
2708,0.2094123359542,3.1713275179326,0.5143421680627,0.3106141076779,0.3762400396163,0.0000001789060
2709,0.2094149306989,3.1713668125855,0.5142953340424,0.3105733912160,0.3762059823165,0.0000001753279
2711,0.2094118609068,3.1713203238430,0.5142953340424,0.3105485759502,0.3761964619090,0.0000001753279
2712,0.2094185298821,3.1714213183946,0.5141777008228,0.3105419565326,0.3761451126604,0.0000001753279
2718,0.2094263787683,3.1715401814438,0.5141777008228,0.3104979276365,0.3761310699589,0.0000001753279
2719,0.2094299294627,3.1715939529407,0.5141777008228,0.3104715686311,0.3761224168914,0.0000001753279
2720,0.2094220194863,3.1714741647455,0.5142245348430,0.3103984303514,0.3761146728053,0.0000001718213
2721,0.2094287301383,3.1715757904457,0.5142245348430,0.3102649926383,0.3760684544760,0.0000001718213
2722,0.2094292362807,3.1715834554360,0.5142245348430,0.2686644771061,0.3612112359594,0.0000001718213
2723,0.2094352000737,3.1716737707501,0.5142245348430,0.2686194800639,0.3611964435428,0.0000001718213
2728,0.2094294112456,3.1715861050931,0.5141777008228,0.2685755913392,0.3611594568121,0.0000001718213
2729,0.2094255744913,3.1715280015223,0.5142245348430,0.2684889637813,0.3611477679599,0.0000001718213
2730,0.2094246829199,3.1715144996204,0.5142245348430,0.2684512144008,0.3611340949873,0.0000001718213
2731,0.2094207240354,3.1714545465166,0.5141069016234,0.2683834574735,0.3610586335153,0.0000001683849
2737,0.2094197404052,3.1714396504826,0.5141069016234,0.2682428878100,0.3610082192861,0.0000001683849
2738,0.2094262640783,3.1715384445861,0.5140563158131,0.2681871857829,0.3609680440020,0.0000001683849
2741,0.2094375375314,3.1717091690644,0.5140563158131,0.2681049610657,0.3609410937715,0.0000001683849
2744,0.2094448564051,3.1718200056370,0.5139386825934,0.2681037342730,0.3608918097243,0.0000001650172
2745,0.2094421518559,3.1717790481105,0.5138918485732,0.2680914631958,0.3608667759276,0.0000001650172
2746,0.2094383268856,3.1717211229959,0.5138450145530,0.2680363356026,0.3608261961420,0.0000001650172
2752,0.2094337300445,3.1716515087175,0.5138450145530,0.2680108296194,0.3608161018249,0.0000001650172
2753,0.2094394151835,3.1717376041125,0.5137273813334,0.2679218354858,0.3607351222128,0.0000001617168
2756,0.2094380914841,3.1717175580902,0.5137273813334,0.2678078137175,0.3606941165028,0.0000001617168
2758,0.2094318595847,3.1716231825906,0.5137742153536,0.2676883646641,0.3606701924426,0.0000001617168
2759,0.2094405751807,3.1717551710393,0.5137742153536,0.2676341090310,0.3606526830585,0.0000001617168
2761,0.2094430102534,3.1717920476295,0.5136565821340,0.2675648641906,0.3605780603227,0.0000001617168
2763,0.2094315728379,3.1716188401136,0.5136565821340,0.2674743121686,0.3605432694400,0.0000001617168
2764,0.2094330109728,3.1716406191407,0.5136565821340,0.2673854237153,0.3605118317356,0.0000001584825
2766,0.2094322333018,3.1716288421386,0.5136565821340,0.2673018684035,0.3604818239090,0.0000001584825
2767,0.2094399487916,3.1717456850411,0.5135389489143,0.2672301556573,0.3604074512962,0.0000001584825
2768,0.2094401613815,3.1717489044896,0.5135389489143,0.2672057625379,0.3603987850229,0.0000001584825
2771,0.2094332181538,3.1716437566760,0.5134921148941,0.2671908619311,0.3603719038201,0.0000001584825
2774,0.2094385997074,3.1717252545922,0.5134921148941,0.2671494288551,0.3603582594830,0.0000001584825
2775,0.2094371299657,3.1717029969154,0.5133744816745,0.2671804685089,0.3603186158920,0.0000001553128
2781,0.2094420747597,3.1717778805712,0.5134213156947,0.2670737448701,0.3603016316284,0.0000001553128
2783,0.2094468529447,3.1718502411102,0.5134213156947,0.2670309848646,0.3602873840947,0.0000001553128
2785,0.2094477894168,3.1718644229866,0.5133744816745,0.2670091016296,0.3602596976033,0.0000001553128
2786,0.2094506617063,3.1719079207613,0.5132568484549,0.2669972601745,0.3602056697658,0.0000001522066
2787,0.2094525645556,3.1719367373936,0.5132568484549,0.2668780071387,0.3601634871493,0.0000001522066
2788,0.2094636655218,3.1721048497422,0.5132100144346,0.2668223299737,0.3601259095030,0.0000001522066
2790,0.2094672495677,3.1721591263123,0.5130923812150,0.2667780470386,0.3600604479419,0.0000001522066
2797,0.2094794355550,3.1723436701535,0.5129747479954,0.2667465883183,0.3600014097306,0.0000001491625
2799,0.2094783474007,3.1723271912123,0.5128571147758,0.2666226303292,0.3599064916073,0.0000001491625
2807,0.2094746386974,3.1722710268376,0.5128571147758,0.2665994941377,0.3598974339597,0.0000001491625
2808,0.2094783054202,3.1723265554627,0.5129039487960,0.2665275320939,0.3598925906790,0.0000001461792
2809,0.2094634390195,3.1721014196061,0.5129503035127,0.2664013216062,0.3598641961547,0.0000001461792
2810,0.2094732084655,3.1722493674936,0.5129503035127,0.2663248921829,0.3598389933848,0.0000001461792
2811,0.2094686123945,3.1721797648776,0.5129503035127,0.2663189199454,0.3598358755705,0.0000001461792
2813,0.2094763482879,3.1722969167717,0.5129503035127,0.2663124661178,0.3598352283235,0.0000001461792
2814,0.2094773504138,3.1723120929035,0.5129503035127,0.2663096026309,0.3598344203908,0.0000001461792
2816,0.2094801765823,3.1723548922255,0.5129503035127,0.2663065844621,0.3598339480809,0.0000001461792
2817,0.2094877197191,3.1724691250250,0.5129503035127,0.2662764228601,0.3598247924667,0.0000001461792
2819,0.2094918653319,3.1725319059294,0.5128326702930,0.2662838465678,0.3597779178995,0.0000001432556
2820,0.2094831910879,3.1724005437128,0.5128326702930,0.2661751081702,0.3597372239909,0.0000001432556
2822,0.2094896185803,3.1724978812618,0.5127858362728,0.2661819272209,0.3597209649630,0.0000001432556
2827,0.2094880455384,3.1724740592127,0.5128326702930,0.2660511252083,0.3596939846011,0.0000001432556
2828,0.2094922313776,3.1725374493038,0.5127150370734,0.2660486519153,0.3596435840107,0.0000001432556
2831,0.2094955246418,3.1725873222927,0.5125974038538,0.2660618550840,0.3595985908906,0.0000001403905
2836,0.2095007292528,3.1726661406012,0.5125505698336,0.2660992866996,0.3595930028756,0.0000001403905
2838,0.2095027408376,3.1726966039174,0.5125505698336,0.2660583022630,0.3595787966307,0.0000001403905
2839,0.2094958385919,3.1725920767346,0.5125505698336,0.2659228994302,0.3595289594234,0.0000001403905
2840,0.2094878453629,3.1724710277666,0.5125042151169,0.2659664380427,0.3595229297860,0.0000001403905
2841,0.2094898787190,3.1725018207866,0.5125042151169,0.2658857586850,0.3594945514488,0.0000001403905
2844,0.2094969761922,3.1726093044836,0.5125042151169,0.2658693311126,0.3594902053458,0.0000001375827
2845,0.2094946896617,3.1725746774068,0.5123865818973,0.2657814608964,0.3594079189179,0.0000001375827
2846,0.2094927579794,3.1725454241282,0.5123865818973,0.2657483056788,0.3593956638369,0.0000001375827
2847,0.2094986252420,3.1726342775915,0.5123865818973,0.2656513300066,0.3593622869388,0.0000001375827
2848,0.2095006578365,3.1726650590777,0.5123865818973,0.2655352564604,0.3593212676568,0.0000001375827
2849,0.2094997488503,3.1726512934462,0.5123397478771,0.2654795846635,0.3592811183665,0.0000001375827
2850,0.2094958277239,3.1725919121504,0.5122929138568,0.2654804619160,0.3592605197066,0.0000001375827
2855,0.2094904686393,3.1725107545026,0.5123397478771,0.2653868133556,0.3592459971399,0.0000001348310
2857,0.2094900257155,3.1725040468926,0.5123865818973,0.2652451437796,0.3592153776735,0.0000001348310
2860,0.2094880626372,3.1724743181550,0.5122689486777,0.2652721528875,0.3591741888868,0.0000001348310
2865,0.2094920282978,3.1725343738746,0.5121513154580,0.2652404806930,0.3591133129362,0.0000001348310
2869,0.2094906486795,3.1725134810207,0.5121513154580,0.2652255767005,0.3591076944492,0.0000001321344
2870,0.2094887247122,3.1724843445791,0.5121513154580,0.2652067183380,0.3591005470411,0.0000001321344
2872,0.2094894269819,3.1724949797072,0.5121513154580,0.2651375684056,0.3590760011230,0.0000001321344
2877,0.2094835016639,3.1724052470571,0.5121513154580,0.2650955039211,0.3590597083818,0.0000001321344
2879,0.2094856793313,3.1724382255179,0.5121044814378,0.2650569202330,0.3590263234133,0.0000001294917
2880,0.2094852628357,3.1724319181334,0.5119868482182,0.2650652192744,0.3589787838706,0.0000001294917
2883,0.2094843635404,3.1724182992614,0.5118692149986,0.2650722339499,0.3589306821687,0.0000001294917
2890,0.2094857943488,3.1724399673353,0.5118692149986,0.2649944769086,0.3589032183986,0.0000001269019
2891,0.2094848246345,3.1724252820420,0.5117515817790,0.2650330605966,0.3588663762543,0.0000001269019
2893,0.2094875310380,3.1724662676504,0.5117515817790,0.2649407578703,0.3588339909385,0.0000001269019
2894,0.2094938878476,3.1725625347828,0.5117047477587,0.2649435837026,0.3588162906149,0.0000001269019
2897,0.2094948350613,3.1725768793283,0.5116579137385,0.2649981567119,0.3588159122267,0.0000001269019
2898,0.2094914331576,3.1725253611086,0.5116579137385,0.2649684130511,0.3588045605114,0.0000001269019
2899,0.2094901545021,3.1725059972285,0.5116110797183,0.2649858923385,0.3587904573935,0.0000001269019
2901,0.2094931022507,3.1725506377510,0.5116110797183,0.2649281367098,0.3587704620436,0.0000001269019
2903,0.2094938204839,3.1725615146310,0.5116110797183,0.2647990474816,0.3587245126550,0.0000001243639
2904,0.2094945005176,3.1725718130190,0.5116110797183,0.2646845112664,0.3586837525853,0.0000001243639
2906,0.2094952450334,3.1725830879209,0.5115642456980,0.2626553473375,0.3579391389983,0.0000001243639
2907,0.2094973733444,3.1726153189315,0.5115174116778,0.2627086764752,0.3579385694626,0.0000001243639
2908,0.2095044164103,3.1727219786884,0.5113997784582,0.2626683685846,0.3578752687788,0.0000001243639
2909,0.2095039631895,3.1727151151401,0.5113997784582,0.2626587823876,0.3578717480182,0.0000001243639
2912,0.2095061218666,3.1727478060128,0.5113997784582,0.2625667234873,0.3578393324132,0.0000001243639
2917,0.2095098268011,3.1728039133134,0.5113997784582,0.2625021158555,0.3578170521736,0.0000001218766
2921,0.2095105261291,3.1728145038930,0.5113997784582,0.2624585105099,0.3578016286919,0.0000001218766
2926,0.2095090404649,3.1727920050861,0.5113997784582,0.2624284754298,0.3577905835209,0.0000001194391
2930,0.2095105723018,3.1728152031296,0.5113997784582,0.2624138522505,0.3577856892076,0.0000001194391
2937,0.2094968035287,3.1726066896784,0.5114461331748,0.2622870174825,0.3577573069320,0.0000001194391
2940,0.2094977539197,3.1726210823408,0.5114461331748,0.2622099460129,0.3577299850623,0.0000001170503
2942,0.2094958591088,3.1725923874414,0.5114461331748,0.2622107101689,0.3577298519443,0.0000001170503
2944,0.2095017322452,3.1726813298576,0.5113992991546,0.2622534455023,0.3577263013696,0.0000001170503
2947,0.2094960842266,3.1725957966110,0.5112816659350,0.2621787880995,0.3576480134848,0.0000001170503
2950,0.2094947774845,3.1725760073885,0.5112816659350,0.2621744274052,0.3576461760778,0.0000001147093
2951,0.2094923858456,3.1725397885576,0.5112816659350,0.2620938057069,0.3576168701201,0.0000001147093
2953,0.2094954343373,3.1725859547272,0.5112816659350,0.2620853241963,0.3576144942574,0.0000001147093
2956,0.2094994724969,3.1726471083685,0.5111640327153,0.2620545968341,0.3575539712824,0.0000001147093
2958,0.2094986618317,3.1726348317042,0.5111640327153,0.2620224310823,0.3575423097999,0.0000001147093
2961,0.2094933011926,3.1725536505151,0.5111640327153,0.2619885136868,0.3575290477360,0.0000001147093
2962,0.2095063138842,3.1727507139151,0.5110463994957,0.2619996652889,0.3574854046479,0.0000001147093
2969,0.2095062365083,3.1727495421399,0.5109995654755,0.2620217706915,0.3574732111311,0.0000001124151
2972,0.2094999503828,3.1726543454424,0.5109527314553,0.2619496875108,0.3574260483882,0.0000001124151
2976,0.2094949062990,3.1725779581477,0.5109527314553,0.2619365683670,0.3574202821045,0.0000001101668
2977,0.2094969497527,3.1726089040846,0.5108350982356,0.2618646716770,0.3573446283612,0.0000001101668
2981,0.2095031828254,3.1727032973546,0.5107882642154,0.2618990145226,0.3573381575987,0.0000001101668
2983,0.2095125152508,3.1728446270300,0.5108350982356,0.2618138536368,0.3573298145250,0.0000001101668
2984,0.2095188989805,3.1729413018389,0.5108350982356,0.2617549210456,0.3573101351131,0.0000001101668
2987,0.2095063851409,3.1727517930235,0.5107882642154,0.2617578038271,0.3572884114179,0.0000001101668
2993,0.2094954536127,3.1725862466333,0.5107882642154,0.2616369020296,0.3572428897342,0.0000001079634
2994,0.2094964872612,3.1726019001423,0.5106706309958,0.2616537583382,0.3571987171035,0.0000001079634
2995,0.2094924683117,3.1725410374181,0.5105529977762,0.2616043211262,0.3571297855159,0.0000001079634
2996,0.2094908566532,3.1725166305620,0.5104353645565,0.2615824344378,0.3570712092491,0.0000001079634
2999,0.2094810144033,3.1723675801352,0.5104353645565,0.2615680974628,0.3570639798474,0.0000001079634
3000,0.2094861075601,3.1724447105877,0.5104353645565,0.2615265720885,0.3570502407473,0.0000001079634
3001,0.2094797213531,3.1723479982627,0.5103885305363,0.2614460778271,0.3570000526009,0.0000001079634
3002,0.2094826123363,3.1723917791339,0.5102708973167,0.2614867581638,0.3569647865520,0.0000001058042
3004,0.2094865202763,3.1724509607365,0.5102240632965,0.2614601731603,0.3569360576006,0.0000001058042
3006,0.2094855080133,3.1724356310879,0.5102240632965,0.2614379943929,0.3569279196988,0.0000001058042
3010,0.2094854692049,3.1724350433766,0.5101064300768,0.2614394239349,0.3568780076964,0.0000001058042
3011,0.2094859315738,3.1724420454620,0.5099887968572,0.2614017632748,0.3568142423028,0.0000001058042
3012,0.2094932204731,3.1725524281048,0.5099887968572,0.2612588625133,0.3567647682235,0.0000001058042
3014,0.2094932367127,3.1725526740358,0.5098711636376,0.2612258277073,0.3567025593214,0.0000001058042
3015,0.2094878143967,3.1724705588165,0.5098243296174,0.2612547749580,0.3566916639775,0.0000001036881
3017,0.2094860578082,3.1724439571483,0.5098243296174,0.2611968307558,0.3566705932077,0.0000001036881
3018,0.2094995473788,3.1726482423743,0.5097779749007,0.2609185255345,0.3565542228009,0.0000001036881
3020,0.2095010074522,3.1726703536360,0.5097779749007,0.2608943128996,0.3565458883042,0.0000001036881
3030,0.2095074102143,3.1727673166706,0.5097311408805,0.2608923200409,0.3565264768665,0.0000001016143
3038,0.2095046989932,3.1727262581066,0.5096843068602,0.2609053107792,0.3565104637170,0.0000001016143
3039,0.2095069745056,3.1727607183253,0.5095666736406,0.2608625875907,0.3564452788082,0.0000001016143
3044,0.2094999262084,3.1726539793468,0.5095198396204,0.2608180614624,0.3564077945471,0.0000000995820
3045,0.2094956310639,3.1725889339437,0.5095198396204,0.2607855575280,0.3563952656110,0.0000000995820
3053,0.2095120472375,3.1728375394646,0.5095198396204,0.2606878400549,0.3563638842649,0.0000000995820
3055,0.2094976265741,3.1726191538268,0.5095198396204,0.2606535662471,0.3563485534772,0.0000000975904
3059,0.2095041685305,3.1727182248118,0.5094730056002,0.2606483058511,0.3563280048892,0.0000000975904
3060,0.2095085349890,3.1727843501896,0.5094730056002,0.2605573397563,0.3562964526678,0.0000000975904
3062,0.2095079482985,3.1727754653849,0.5093553723805,0.2604216470674,0.3561974510369,0.0000000975904
3064,0.2095109759008,3.1728213152086,0.5093553723805,0.2603105122664,0.3561584088084,0.0000000975904
3070,0.2095133496419,3.1728572629973,0.5093085383603,0.2602367074697,0.3561124868883,0.0000000956386
3074,0.2095178444726,3.1729253324369,0.5093085383603,0.2602230327757,0.3561085662470,0.0000000956386
3076,0.2095267899655,3.1730608024293,0.5093085383603,0.2602164725032,0.3561081401839,0.0000000956386
3077,0.2095252210421,3.1730370427505,0.5093085383603,0.2602006873639,0.3561021664363,0.0000000956386
3078,0.2095282111997,3.1730823255138,0.5093085383603,0.2601524952464,0.3560855957138,0.0000000956386
3080,0.2095290552831,3.1730951082595,0.5091909051407,0.2600648876306,0.3560040739176,0.0000000956386
3081,0.2095400383755,3.1732614355343,0.5091909051407,0.2599964749528,0.3559819943382,0.0000000956386
3084,0.2095461026651,3.1733532727625,0.5091440711205,0.2600350699599,0.3559770060370,0.0000000937258
3087,0.2095479734961,3.1733816045128,0.5091440711205,0.2599134317293,0.3559339647041,0.0000000937258
3091,0.2095468994092,3.1733653386065,0.5091440711205,0.2598493051452,0.3559108321912,0.0000000937258
3094,0.2095503490793,3.1734175801980,0.5091440711205,0.2598153877497,0.3558994580507,0.0000000937258
3096,0.2095522405044,3.1734462238235,0.5090770237112,0.2598828797265,0.3558952330295,0.0000000918513
3097,0.2095429103387,3.1733049283693,0.5090301896909,0.2598879480822,0.3558749721123,0.0000000918513
3103,0.2095450560978,3.1733374236123,0.5089125564713,0.2599262681502,0.3558387034194,0.0000000918513
3111,0.2095358232292,3.1731976016186,0.5088657224511,0.2598677272353,0.3557957457550,0.0000000900143
3113,0.2095388915419,3.1732440679579,0.5087480892315,0.2598211255981,0.3557293455718,0.0000000900143
3121,0.2095402049061,3.1732639574635,0.5086304560119,0.2597947757570,0.3556698021124,0.0000000900143
3123,0.2095334650235,3.1731618890978,0.5085128227922,0.2597734403851,0.3556103238393,0.0000000900143
