0,0.206324,3.12456,0.555358,0.320124,0.396553,100000
1,0.2063254349264,3.124579678891,0.5554052574601,0.3200225970909,0.3965372024996,100000.0000000000000
2,0.2063397821310,3.1247969520735,0.5554052574601,0.3199945173972,0.3965302484385,100000.0000000000000
3,0.2063496204332,3.1249459427157,0.5552876242404,0.3199461528329,0.3964646693505,100000.0000000000000
4,0.2063566673413,3.1250526606573,0.5553344582607,0.3197791248051,0.3964265982581,100000.0000000000000
9,0.2063575138290,3.1250654798149,0.5552876242404,0.3197654968301,0.3964018407915,100000.0000000000000
10,0.2063681376146,3.1252263657704,0.5552876242404,0.3197021144667,0.3963814807586,100000.0000000000000
11,0.2063729411563,3.1252991103092,0.5552876242404,0.3196645966120,0.3963691108551,100000.0000000000000
13,0.2063662952115,3.1251984645317,0.5552876242404,0.3195904388005,0.3963412017914,100000.0000000000000
14,0.2063849522561,3.1254810056654,0.5552876242404,0.3194875586975,0.3963084568356,100000.0000000000000
15,0.2063989189682,3.1256925166931,0.5552876242404,0.3190541554974,0.3961566628453,100000.0000000000000
29,0.2064502499475,3.1264698698816,0.5550763229804,0.3191788383337,0.3961216342424,100000.0000000000000
30,0.2064535936140,3.1265205061621,0.5549586897607,0.3191757837705,0.3960708455899,100000.0000000000000
31,0.2064487618962,3.1264473349248,0.5549586897607,0.3190486717311,0.3960244130649,100000.0000000000000
32,0.2064431630389,3.1263625461745,0.5549586897607,0.3190273131027,0.3960155852282,100000.0000000000000
34,0.2064535058095,3.1265191764552,0.5548650217203,0.3190052239851,0.3959697691197,100000.0000000000000
39,0.2064740644692,3.1268305155328,0.5548181877000,0.3179341221801,0.3955715664649,100000.0000000000000
46,0.2064857620858,3.1270076635170,0.5548181877000,0.3179034702851,0.3955631259916,100000.0000000000000
47,0.2064820046563,3.1269507612363,0.5547005544804,0.3176188525724,0.3954102574081,100000.0000000000000
52,0.2064948782515,3.1271457181695,0.5546297552810,0.3176088560981,0.3953791033522,100000.0000000000000
54,0.2065029557452,3.1272680432360,0.5546297552810,0.3171516924507,0.3952175615125,100000.0000000000000
55,0.2065030924442,3.1272701133970,0.5545121220614,0.3170920959275,0.3951458920956,100000.0000000000000
56,0.2065134648603,3.1274271926282,0.5545121220614,0.3170398736955,0.3951294639591,100000.0000000000000
57,0.2065163422969,3.1274707683504,0.5545121220614,0.3169436076121,0.3950956998085,100000.0000000000000
58,0.2065142873744,3.1274396487313,0.5545121220614,0.3169248366426,0.3950885555503,100000.0000000000000
73,0.2065176785631,3.1274910046837,0.5545121220614,0.3169030831028,0.3950815131123,100000.0000000000000
74,0.2065215026542,3.1275489164840,0.5545121220614,0.3167538224423,0.3950290251816,100000.0000000000000
75,0.2065237383204,3.1275827732754,0.5546297552810,0.3166048105466,0.3950266999557,100000.0000000000000
77,0.2065186106912,3.1275051207737,0.5546297552810,0.3165131735262,0.3949928736708,100000.0000000000000
78,0.2065288444871,3.1276601007491,0.5545121220614,0.3163643461989,0.3948914997732,100000.0000000000000
79,0.2065366902112,3.1277789159118,0.5545121220614,0.3163554058378,0.3948899880137,100000.0000000000000
80,0.2065307297953,3.1276886517399,0.5545121220614,0.3162633005943,0.3948558160519,100000.0000000000000
83,0.2065378589205,3.1277966147735,0.5545121220614,0.3162425785928,0.3948499430067,100000.0000000000000
85,0.2065384200482,3.1278051124571,0.5544652880412,0.3162623803891,0.3948370635955,100000.0000000000000
92,0.2065576237042,3.1280959314399,0.5544184540209,0.3162642098814,0.3948217603318,98000.0000000000000
93,0.2065573349233,3.1280915581597,0.5544184540209,0.3156671128970,0.3946084495272,98000.0000000000000
94,0.2065664009838,3.1282288540223,0.5544184540209,0.3155758917984,0.3945778132907,98000.0000000000000
95,0.2065725459553,3.1283219130920,0.5543008208013,0.3151048067083,0.3943604711582,98000.0000000000000
96,0.2065857515884,3.1285218983862,0.5543008208013,0.3150402147069,0.3943402323648,98000.0000000000000
97,0.2065723869864,3.1283195056762,0.5543008208013,0.3149913264934,0.3943199084453,98000.0000000000000
98,0.2065759231145,3.1283730565835,0.5542539867811,0.3150260662275,0.3943130015120,98000.0000000000000
103,0.2065946533655,3.1286567063501,0.5543247859805,0.3148627079345,0.3942890154037,98000.0000000000000
104,0.2065930171088,3.1286319269796,0.5542071527609,0.3147240702164,0.3941887370696,98000.0000000000000
105,0.2066000374491,3.1287382425810,0.5542071527609,0.3145666794018,0.3941340304229,98000.0000000000000
106,0.2066024098417,3.1287741699476,0.5542071527609,0.3142622966089,0.3940258306525,98000.0000000000000
107,0.2066042159963,3.1288015222424,0.5542071527609,0.3138136877435,0.3938660002337,98000.0000000000000
110,0.2066041147873,3.1287999895391,0.5542071527609,0.3137556458382,0.3938452492941,98000.0000000000000
111,0.2066021543853,3.1287703013317,0.5542071527609,0.3137432346828,0.3938403966525,98000.0000000000000
112,0.2066039606853,3.1287976558290,0.5542539867811,0.3136490047022,0.3938272018753,98000.0000000000000
113,0.2066135028347,3.1289421615512,0.5541363535615,0.3136120627542,0.3937656388317,98000.0000000000000
114,0.2066209054847,3.1290542668268,0.5540895195412,0.3136290887973,0.3937532341206,98000.0000000000000
115,0.2066254798300,3.1291235404308,0.5539718863216,0.3135896246220,0.3936897057521,98000.0000000000000
131,0.2066393650342,3.1293338171075,0.5535253186223,0.3140233258206,0.3936561882814,98000.0000000000000
138,0.2066586031518,3.1296251579760,0.5535253186223,0.3139762464329,0.3936434966681,98000.0000000000000
139,0.2066640996611,3.1297083967738,0.5534076854027,0.3138572881866,0.3935517751666,98000.0000000000000
140,0.2066609633876,3.1296609012412,0.5534076854027,0.3138025330883,0.3935315477157,98000.0000000000000
141,0.2066551846370,3.1295733881981,0.5534076854027,0.3136335860537,0.3934699711854,98000.0000000000000
142,0.2066510621932,3.1295109581623,0.5533608513824,0.3136642051307,0.3934599514663,98000.0000000000000
143,0.2066562534419,3.1295895741133,0.5532432181628,0.3136734203244,0.3934139407803,98000.0000000000000
144,0.2066577341318,3.1296119975906,0.5532432181628,0.3136183067361,0.3933945746466,98000.0000000000000
145,0.2066653210793,3.1297268938554,0.5532432181628,0.3135952861553,0.3933879787851,98000.0000000000000
148,0.2066738354216,3.1298558345308,0.5532432181628,0.3134752419830,0.3933469303683,98000.0000000000000
149,0.2066756244934,3.1298829281245,0.5531963841426,0.3134900478172,0.3933325298158,98000.0000000000000
150,0.2066844397430,3.1300164257218,0.5530787509230,0.3133654654789,0.3932395108687,98000.0000000000000
151,0.2066815206993,3.1299722199029,0.5530319169027,0.3133229911860,0.3932036442460,98000.0000000000000
152,0.2066702411198,3.1298014026467,0.5530319169027,0.3132135464191,0.3931621397765,98000.0000000000000
153,0.2066724798441,3.1298353057484,0.5529142836831,0.3129101315354,0.3930038428077,98000.0000000000000
154,0.2066801631628,3.1299516614547,0.5527966504635,0.3128870512935,0.3929468320526,98000.0000000000000
155,0.2066661535113,3.1297395001546,0.5527966504635,0.3128113655912,0.3929167993765,98000.0000000000000
157,0.2066702688057,3.1298018219200,0.5526790172439,0.3114820153470,0.3923924990439,98000.0000000000000
160,0.2066790735242,3.1299351600337,0.5527258512641,0.3113876090898,0.3923807409719,98000.0000000000000
161,0.2066867802395,3.1300518700564,0.5527258512641,0.3113677573959,0.3923753025202,98000.0000000000000
163,0.2066893250657,3.1300904087481,0.5526082180445,0.3113968440824,0.3923358217054,98000.0000000000000
164,0.2066823526948,3.1299848195917,0.5526082180445,0.3111723001666,0.3922541333703,98000.0000000000000
165,0.2066896487191,3.1300953101340,0.5524905848249,0.3108147482747,0.3920775854629,98000.0000000000000
168,0.2066964948908,3.1301989881374,0.5524905848249,0.3106471651294,0.3920192013763,98000.0000000000000
169,0.2067026632516,3.1302924014128,0.5523729516052,0.3102864158099,0.3918412698882,98000.0000000000000
172,0.2067177366476,3.1305206719941,0.5522084843654,0.3103557066248,0.3917987606614,94119.1999999999971
173,0.2067172753072,3.1305136854828,0.5520908511458,0.3103608788123,0.3917500947755,94119.1999999999971
174,0.2067156812089,3.1304895445575,0.5519732179261,0.3103174077042,0.3916838135503,94119.1999999999971
175,0.2067202322751,3.1305584656230,0.5519732179261,0.3102405119322,0.3916573260031,94119.1999999999971
177,0.2067222808809,3.1305894895837,0.5519263839059,0.3102718120734,0.3916488718889,94119.1999999999971
180,0.2067283339356,3.1306811566703,0.5517619166661,0.3104337237414,0.3916375086079,94119.1999999999971
181,0.2067209658931,3.1305695754882,0.5517619166661,0.3103455662004,0.3916044449055,94119.1999999999971
182,0.2067226870135,3.1305956400298,0.5517619166661,0.3100659137644,0.3915049378470,94119.1999999999971
183,0.2067220275936,3.1305856538153,0.5517619166661,0.3100492400703,0.3914988416520,94119.1999999999971
