0,0.206324,3.12456,0.555358,0.320124,0.396553,100000
4,0.2063295145613,3.12464146063,0.5553584234398,0.3196334905181,0.396379038351,100000.0000000000000
5,0.2063160370282,3.1244373576979,0.5553584234398,0.3190559538396,0.3961698872087,100000.0000000000000
6,0.2063135126707,3.1243991289839,0.5553584234398,0.3190501888417,0.3961672873471,100000.0000000000000
7,0.2063134595420,3.1243983244057,0.5553115894196,0.3190767471041,0.3961566893331,100000.0000000000000
8,0.2063088493138,3.1243285073937,0.5553115894196,0.3190478728488,0.3961453891931,100000.0000000000000
10,0.2063107269465,3.1243569421484,0.5552647553994,0.3190846583748,0.3961388575078,100000.0000000000000
11,0.2063165521092,3.1244451580538,0.5552647553994,0.3190638208492,0.3961326637836,100000.0000000000000
12,0.2063159899675,3.1244366450136,0.5552179213791,0.3190763114257,0.3961169325218,100000.0000000000000
13,0.2063083006507,3.1243201984738,0.5552647553994,0.3189793645607,0.3961007326537,100000.0000000000000
14,0.2063035337132,3.1242480082657,0.5551471221798,0.3190375818454,0.3960700888175,100000.0000000000000
16,0.2062894513921,3.1240347464632,0.5551471221797,0.3190196785872,0.3960606771565,100000.0000000000000
17,0.2062906007889,3.1240521528566,0.5550294889601,0.3190386291197,0.3960172772661,100000.0000000000000
18,0.2062963067232,3.1241385631742,0.5550294889601,0.3188334231593,0.3959452121234,100000.0000000000000
21,0.2063085632560,3.1243241753521,0.5549826549399,0.3188078084813,0.3959186187010,100000.0000000000000
22,0.2063157565413,3.1244331100227,0.5549826549399,0.3187295146555,0.3958921980386,100000.0000000000000
23,0.2063198775062,3.1244955176612,0.5548650217203,0.3186792762982,0.3958247245951,100000.0000000000000
24,0.2063239980443,3.1245579188357,0.5547473885007,0.3186993614844,0.3957823666113,100000.0000000000000
25,0.2063239434299,3.1245570917590,0.5547473885007,0.3185384790702,0.3957248969032,100000.0000000000000
28,0.2063161501823,3.1244390712976,0.5547473885007,0.3185413716331,0.3957242599797,100000.0000000000000
29,0.2063138273815,3.1244038949445,0.5547473885007,0.3184839104764,0.3957032403950,100000.0000000000000
31,0.2063133172605,3.1243961697041,0.5547473885007,0.3183829731873,0.3956670820516,100000.0000000000000
32,0.2063076979104,3.1243110706126,0.5547473885007,0.3182953640445,0.3956345889255,100000.0000000000000
33,0.2063106809970,3.1243562462925,0.5547005544804,0.3182755081844,0.3956080650568,100000.0000000000000
34,0.2063098865802,3.1243442156935,0.5546537204602,0.3181894691583,0.3955570948781,100000.0000000000000
37,0.2063072453536,3.1243042171195,0.5546068864400,0.3181243110750,0.3955131864339,100000.0000000000000
38,0.2063198392130,3.1244949377509,0.5545600524197,0.3180077824002,0.3954541960113,100000.0000000000000
39,0.2063274102712,3.1246095933894,0.5544424192001,0.3175984121086,0.3952592004684,100000.0000000000000
40,0.2063260563906,3.1245890903063,0.5543247859805,0.3174799360300,0.3951661832289,100000.0000000000000
43,0.2063236785708,3.1245530807493,0.5543716200007,0.3171729050141,0.3950760914848,100000.0000000000000
44,0.2063251481633,3.1245753361675,0.5542539867811,0.3170321994896,0.3949757401875,100000.0000000000000
47,0.2063245965934,3.1245669832271,0.5542539867811,0.3169754107803,0.3949553403120,100000.0000000000000
48,0.2063329991486,3.1246942310046,0.5542539867811,0.3166109472278,0.3948269753051,100000.0000000000000
52,0.2063482499158,3.1249251876836,0.5542539867811,0.3165139387797,0.3947955974523,100000.0000000000000
53,0.2063517101120,3.1249775886819,0.5541363535615,0.3164191034902,0.3947120549397,100000.0000000000000
54,0.2063465797013,3.1248998940595,0.5540895195412,0.3163960888591,0.3946826643319,100000.0000000000000
55,0.2063496065887,3.1249457330548,0.5540895195412,0.3162488024885,0.3946307106754,100000.0000000000000
56,0.2063549962815,3.1250273542304,0.5539718863216,0.3160648134327,0.3945157409955,100000.0000000000000
57,0.2063563618205,3.1250480338690,0.5539250523014,0.3160338718565,0.3944849113252,100000.0000000000000
58,0.2063601791934,3.1251058439288,0.5539250523014,0.3157007366407,0.3943667524708,100000.0000000000000
59,0.2063598241407,3.1251004670333,0.5539250523014,0.3155681277577,0.3943193160728,100000.0000000000000
60,0.2063594599907,3.1250949523681,0.5538074190818,0.3154251808547,0.3942177713383,100000.0000000000000
61,0.2063521848945,3.1249847787594,0.5538074190818,0.3152019785689,0.3941364972870,100000.0000000000000
62,0.2063506222228,3.1249611137557,0.5536897858621,0.3150711714109,0.3940390313497,100000.0000000000000
64,0.2063642595715,3.1251676369237,0.5536429518419,0.3148057670806,0.3939270946549,100000.0000000000000
65,0.2063595289488,3.1250959966654,0.5536429518419,0.3136420354722,0.3935104625185,100000.0000000000000
66,0.2063466442672,3.1249008718407,0.5536429518419,0.3134154062757,0.3934267625165,100000.0000000000000
67,0.2063615649290,3.1251268294238,0.5536429518419,0.3133577854323,0.3934093809286,100000.0000000000000
71,0.2063657189724,3.1251897380016,0.5538074190818,0.3128490529864,0.3932990668814,100000.0000000000000
72,0.2063782949999,3.1253801885880,0.5538074190818,0.3128092480268,0.3932875456875,100000.0000000000000
73,0.2063784330322,3.1253822789404,0.5538074190818,0.3125981221664,0.3932121731728,100000.0000000000000
74,0.2063841389986,3.1254686897444,0.5538074190818,0.3125417997206,0.3931932807207,100000.0000000000000
75,0.2063801001253,3.1254075252955,0.5538074190818,0.3122626412568,0.3930927157965,100000.0000000000000
76,0.2063871750953,3.1255146682058,0.5538074190818,0.3120731186067,0.3930265452007,100000.0000000000000
77,0.2063899595395,3.1255568356568,0.5538074190818,0.3120236816568,0.3930094858138,100000.0000000000000
78,0.2063905584760,3.1255659059147,0.5538074190818,0.3119930753765,0.3929986833429,100000.0000000000000
79,0.2063994739619,3.1257009214839,0.5537605850615,0.3119983578576,0.3929824086816,100000.0000000000000
83,0.2064214594274,3.1260338680191,0.5537605850615,0.3106322806203,0.3924992351252,100000.0000000000000
84,0.2064175620944,3.1259748470475,0.5537605850615,0.3103577711399,0.3924003608823,100000.0000000000000
85,0.2064190718774,3.1259977111096,0.5536429518419,0.3100971112377,0.3922571773480,100000.0000000000000
86,0.2064265918861,3.1261115936578,0.5536429518419,0.3100774215245,0.3922517567380,98000.0000000000000
88,0.2064349068496,3.1262375149532,0.5535961178217,0.3100381765822,0.3922194507421,98000.0000000000000
89,0.2064406535390,3.1263245424630,0.5535961178217,0.3098625662366,0.3921579641950,98000.0000000000000
90,0.2064387010567,3.1262949741914,0.5534784846021,0.3098895029809,0.3921167518348,98000.0000000000000
92,0.2064424355318,3.1263515288519,0.5533608513824,0.3100169035132,0.3921126380326,98000.0000000000000
93,0.2064398147057,3.1263118392229,0.5533608513824,0.3099396353930,0.3920844806698,98000.0000000000000
94,0.2064438113797,3.1263723646074,0.5532432181628,0.3098817520684,0.3920142502470,98000.0000000000000
96,0.2064437962868,3.1263721360414,0.5531963841426,0.3098307933251,0.3919759757387,98000.0000000000000
98,0.2064397708503,3.1263111750803,0.5533140173622,0.3094008399228,0.3918719725956,98000.0000000000000
99,0.2064413771467,3.1263355007337,0.5531963841426,0.3093859491209,0.3918165844215,98000.0000000000000
100,0.2064375840435,3.1262780582119,0.5531963841426,0.3091429840721,0.3917289983819,98000.0000000000000
103,0.2064477403679,3.1264318649631,0.5531963841426,0.3087635930713,0.3915956779511,98000.0000000000000
105,0.2064522527497,3.1265002001955,0.5531963841426,0.3087517760288,0.3915924245177,98000.0000000000000
106,0.2064566010239,3.1265660501921,0.5531963841426,0.3087487345879,0.3915922700619,98000.0000000000000
108,0.2064613723431,3.1266383067564,0.5531963841426,0.3086354960078,0.3915528501374,98000.0000000000000
109,0.2064722108969,3.1268024451471,0.5531963841426,0.3085187870340,0.3915134909083,98000.0000000000000
110,0.2064673180132,3.1267283476172,0.5531963841426,0.3084636605874,0.3914927544166,98000.0000000000000
111,0.2064639389195,3.1266771748309,0.5531963841426,0.3083730330173,0.3914596633357,98000.0000000000000
112,0.2064625300099,3.1266558383905,0.5531495501224,0.3082938744019,0.3914110187695,98000.0000000000000
117,0.2064941917809,3.1271353223005,0.5530787509230,0.3081938743420,0.3913517466136,98000.0000000000000
120,0.2064844529916,3.1269878386754,0.5531255849432,0.3079052617207,0.3912666555170,98000.0000000000000
121,0.2064882330889,3.1270450842364,0.5530079517236,0.3078839747154,0.3912094487989,98000.0000000000000
122,0.2064883829536,3.1270473537772,0.5530079517236,0.3077748873221,0.3911705211295,98000.0000000000000
123,0.2064937322719,3.1271283635252,0.5530079517236,0.3073999649757,0.3910377665740,98000.0000000000000
124,0.2064931451063,3.1271194715248,0.5530079517236,0.3069831630942,0.3908887829380,98000.0000000000000
126,0.2064837330045,3.1269769352351,0.5530079517236,0.3069756837737,0.3908840948731,98000.0000000000000
127,0.2064863600417,3.1270167189244,0.5530079517236,0.3066388224607,0.3907643501979,98000.0000000000000
185,0.2065894441774,3.1285778187270,0.5524905848249,0.3068779152680,0.3906501012730,94119.1999999999971
197,0.2065959489946,3.1286763272783,0.5521148163249,0.3072476899531,0.3906225139071,94119.1999999999971
198,0.2065989408324,3.1287216354854,0.5519971831053,0.3067774243153,0.3904047887647,94119.1999999999971
199,0.2066044979837,3.1288057926419,0.5519971831053,0.3049370098189,0.3897486886912,94119.1999999999971
201,0.2066137869296,3.1289464638672,0.5519971831053,0.3048580886985,0.3897224930652,94119.1999999999971
203,0.2066223864530,3.1290766945196,0.5518795498857,0.3048638039660,0.3896759627502,94119.1999999999971
204,0.2066290097552,3.1291769974005,0.5518795498857,0.3047584077022,0.3896397405065,94119.1999999999971
206,0.2066392762869,3.1293324731234,0.5518795498857,0.3044966003648,0.3895484378570,94119.1999999999971
209,0.2066360837270,3.1292841251936,0.5517619166661,0.3044755866353,0.3894898345967,94119.1999999999971
211,0.2066207645851,3.1290521330524,0.5517619166661,0.3044636101519,0.3894822746080,94119.1999999999971
212,0.2066227903689,3.1290828113976,0.5518087506863,0.3043557502086,0.3894642590191,94119.1999999999971
213,0.2066393895592,3.1293341885121,0.5518087506863,0.3042154351806,0.3894177034785,94119.1999999999971
226,0.2066436763894,3.1293991080047,0.5518795498857,0.3041230492533,0.3894159696249,94119.1999999999971
227,0.2066430290240,3.1293893043439,0.5518795498857,0.3040799933387,0.3894004537914,94119.1999999999971
228,0.2066468017041,3.1294464375789,0.5517619166661,0.3040140934050,0.3893273122953,94119.1999999999971
229,0.2066576151847,3.1296101962626,0.5517619166661,0.3038873044086,0.3892843476852,94119.1999999999971
232,0.2066708409204,3.1298104859900,0.5518795498857,0.3037001567308,0.3892707575521,94119.1999999999971
233,0.2066728946085,3.1298415869149,0.5518795498857,0.3036869985783,0.3892664982879,94119.1999999999971
234,0.2066702704207,3.1298018463765,0.5518795498857,0.3036861174229,0.3892656212636,94119.1999999999971
236,0.2066712724530,3.1298170210933,0.5519263839059,0.3034506374024,0.3892018077005,94119.1999999999971
237,0.2066735176542,3.1298510222816,0.5518087506863,0.3034060195227,0.3891359396210,94119.1999999999971
238,0.2066727973493,3.1298401140279,0.5518087506863,0.3033411000233,0.3891125997344,94119.1999999999971
239,0.2066706766759,3.1298079986806,0.5517619166661,0.3033510641710,0.3890956322056,94119.1999999999971
240,0.2066703076109,3.1298024095830,0.5518087506863,0.3032524336593,0.3890803996605,94119.1999999999971
241,0.2066736461082,3.1298529675813,0.5517619166661,0.3031969544419,0.3890412293236,94119.1999999999971
243,0.2066748236192,3.1298707997351,0.5517619166661,0.3028414971555,0.3889145326165,94119.1999999999971
244,0.2066779021450,3.1299174207395,0.5516442834464,0.3028184054385,0.3888565310218,94119.1999999999971
245,0.2066812239373,3.1299677257573,0.5516442834464,0.3026885511844,0.3888108663152,94119.1999999999971
246,0.2066876147765,3.1300645082330,0.5515266502268,0.3026218309814,0.3887379928998,94119.1999999999971
247,0.2066936431594,3.1301558016927,0.5515266502268,0.3025039046403,0.3886971681458,94119.1999999999971
248,0.2066992220984,3.1302402888019,0.5514798162066,0.3024565241787,0.3886613703163,94119.1999999999971
249,0.2067007691384,3.1302637170800,0.5513621829870,0.3024700740160,0.3886161268155,94119.1999999999971
250,0.2067019528786,3.1302816435676,0.5513621829870,0.3022840787235,0.3885499535839,94119.1999999999971
251,0.2067185012772,3.1305322514977,0.5513621829870,0.3022470265607,0.3885402667541,94119.1999999999971
252,0.2067172937116,3.1305139641986,0.5512445497673,0.3019860859123,0.3883964006643,94119.1999999999971
253,0.2067210019111,3.1305701209439,0.5511269165477,0.3019492326988,0.3883336191796,94119.1999999999971
254,0.2067246346335,3.1306251346668,0.5510092833281,0.3016311738169,0.3881703909252,94119.1999999999971
255,0.2067278575295,3.1306739420061,0.5510561173483,0.3015135396988,0.3881491410838,94119.1999999999971
256,0.2067307621301,3.1307179290990,0.5509384841287,0.3014694166736,0.3880835910379,92236.8159999999916
257,0.2067298752852,3.1307044987745,0.5509384841287,0.3014408930204,0.3880732139807,92236.8159999999916
259,0.2067309043775,3.1307200832847,0.5509384841287,0.3011350949626,0.3879642209084,92236.8159999999916
260,0.2067416233856,3.1308824112831,0.5509384841287,0.3008594377092,0.3878680688196,92236.8159999999916
261,0.2067425243241,3.1308960550395,0.5509384841287,0.3007718120534,0.3878369670008,92236.8159999999916
262,0.2067465602188,3.1309571743802,0.5509384841287,0.3006765836165,0.3878038216794,92236.8159999999916
263,0.2067524622834,3.1310465548840,0.5509384841287,0.3004001184101,0.3877063488338,92236.8159999999916
264,0.2067419217906,3.1308869303104,0.5509384841287,0.3003585594881,0.3876892476846,92236.8159999999916
265,0.2067442389078,3.1309220205904,0.5509384841287,0.3001424608403,0.3876125661212,92236.8159999999916
266,0.2067516584940,3.1310343823462,0.5509384841287,0.3001130751745,0.3876036611519,92236.8159999999916
269,0.2067750747490,3.1313889966706,0.5509384841287,0.2999699233610,0.3875575532732,92236.8159999999916
271,0.2067864045052,3.1315605737997,0.5508448160882,0.2999878889717,0.3875262539217,92236.8159999999916
272,0.2067878663470,3.1315827118424,0.5508448160882,0.2999203533141,0.3875024472958,92236.8159999999916
274,0.2067930619877,3.1316613943045,0.5508448160882,0.2997818879236,0.3874541087222,92236.8159999999916
275,0.2067976350525,3.1317306485170,0.5507271828686,0.2997521533448,0.3873940549352,92236.8159999999916
277,0.2068089038497,3.1319013024870,0.5507271828686,0.2996008582793,0.3873424357255,92236.8159999999916
278,0.2068169728376,3.1320234987426,0.5507271828686,0.2995743821747,0.3873347090427,92236.8159999999916
281,0.2068177085764,3.1320346407271,0.5506095496490,0.2994915753782,0.3872548786082,92236.8159999999916
283,0.2068193851708,3.1320600309691,0.5504919164294,0.2994001228852,0.3871721620368,92236.8159999999916
284,0.2068166877561,3.1320191814867,0.5504450824091,0.2993571234728,0.3871361553634,92236.8159999999916
288,0.2068297133947,3.1322164409553,0.5505158816085,0.2992306447895,0.3871241181273,92236.8159999999916
289,0.2068359543482,3.1323109535708,0.5505158816085,0.2990405134211,0.3870575514144,92236.8159999999916
290,0.2068283194629,3.1321953313375,0.5505158816085,0.2989029659246,0.3870067912616,92236.8159999999916
293,0.2068344520468,3.1322882028115,0.5503982483889,0.2989709241932,0.3869819619600,92236.8159999999916
294,0.2068359072418,3.1323102401943,0.5502806151693,0.2989924225997,0.3869395375528,92236.8159999999916
295,0.2068363497566,3.1323169416112,0.5501629819497,0.2990158551574,0.3868975869110,92236.8159999999916
296,0.2068414104362,3.1323935802312,0.5501629819497,0.2989619850201,0.3868794320077,92236.8159999999916
297,0.2068386933467,3.1323524327949,0.5500453487300,0.2987720016851,0.3867605843461,92236.8159999999916
298,0.2068374277731,3.1323332670273,0.5499985147098,0.2988035587997,0.3867515118269,92236.8159999999916
299,0.2068462189314,3.1324663997872,0.5498808814902,0.2981313879476,0.3864629203910,92236.8159999999916
301,0.2068533278103,3.1325740562106,0.5497632482706,0.2982572611405,0.3864589841969,92236.8159999999916
302,0.2068607388027,3.1326862878236,0.5497632482706,0.2979734435855,0.3863592088542,92236.8159999999916
303,0.2068681067944,3.1327978682357,0.5497164142503,0.2980118643675,0.3863544376945,92236.8159999999916
305,0.2068678967477,3.1327946873014,0.5496456150510,0.2979292151270,0.3862945325845,92236.8159999999916
306,0.2068675987170,3.1327901739428,0.5496924490712,0.2978177122282,0.3862747179799,92236.8159999999916
310,0.2068765354808,3.1329255117427,0.5495748158516,0.2975273165175,0.3861225060099,92236.8159999999916
312,0.2068832028667,3.1330264822243,0.5494103486117,0.2973997039372,0.3860078728540,92236.8159999999916
313,0.2068884978979,3.1331066698508,0.5493635145915,0.2973292647317,0.3859637789215,92236.8159999999916
314,0.2068835438746,3.1330316464269,0.5492458813719,0.2970574401941,0.3858152229161,92236.8159999999916
316,0.2068886794601,3.1331094194178,0.5492458813719,0.2967259050129,0.3856979179768,92236.8159999999916
317,0.2068950297696,3.1332055881133,0.5491990473516,0.2967782534288,0.3856979028973,92236.8159999999916
318,0.2068991086789,3.1332673588645,0.5491522133314,0.2968279467766,0.3856964528506,92236.8159999999916
319,0.2068939897934,3.1331898387791,0.5491522133314,0.2967006642474,0.3856498979004,92236.8159999999916
320,0.2068961174700,3.1332220601814,0.5490345801118,0.2965080463030,0.3855311474711,92236.8159999999916
321,0.2069018356824,3.1333086564385,0.5490345801118,0.2963594375864,0.3854792982607,92236.8159999999916
324,0.2069176683282,3.1335484250516,0.5489637809124,0.2962323458281,0.3854069585428,92236.8159999999916
325,0.2069141361885,3.1334949345452,0.5489169468921,0.2962155321123,0.3853801250343,92236.8159999999916
326,0.2069074844414,3.1333942008973,0.5489169468921,0.2956984424145,0.3851940247678,92236.8159999999916
329,0.2069067107390,3.1333824839956,0.5488701128719,0.2956954306326,0.3851727116151,92236.8159999999916
330,0.2069077016420,3.1333974901689,0.5487524796523,0.2957025010617,0.3851250348677,92236.8159999999916
332,0.2068986451435,3.1332603391136,0.5487524796523,0.2956233060217,0.3850948102466,92236.8159999999916
333,0.2068984814882,3.1332578607280,0.5487524796523,0.2955597331360,0.3850720705756,92236.8159999999916
334,0.2068909961563,3.1331445033225,0.5487056456321,0.2954730105577,0.3850194225036,92236.8159999999916
335,0.2069019790814,3.1333108280635,0.5487056456321,0.2953092783003,0.3849633001813,92236.8159999999916
336,0.2068986682080,3.1332606884016,0.5487056456321,0.2952296851147,0.3849341645707,92236.8159999999916
337,0.2069004071980,3.1332870235579,0.5485880124124,0.2952417050253,0.3848884157996,92236.8159999999916
338,0.2069021592755,3.1333135569125,0.5484703791928,0.2952733190550,0.3848496677327,92236.8159999999916
340,0.2069264840126,3.1336819292330,0.5484703791928,0.2952046823876,0.3848303670809,92236.8159999999916
