0,0.2063240533919,3.124558757017,0.5553584234398,0.3201241934734,0.3965531191558,1000
1,0.2063291024565,3.124635219741,0.5552407902202,0.3200357850514,0.3964722124249,1000.0000000000000
3,0.2063290799180,3.1246348784176,0.5551939562000,0.3200669288443,0.3964632586554,1000.0000000000000
4,0.2063263894615,3.1245941343113,0.5550763229804,0.3200669807276,0.3964122864218,980.0000000000000
5,0.2063366495436,3.1247495123618,0.5550294889601,0.3200216066116,0.3963782082464,980.0000000000000
6,0.2063382783132,3.1247741783481,0.5549118557405,0.3200431062719,0.3963358214816,960.4000000000000
7,0.2063375601063,3.1247633018670,0.5547942225209,0.3199742351275,0.3962606565058,960.4000000000000
8,0.2063390018878,3.1247851361175,0.5547473885007,0.3199117619376,0.3962185818825,941.1920000000000
9,0.2063391827861,3.1247878756310,0.5546297552810,0.3194264750996,0.3959948896816,941.1920000000000
10,0.2063345976021,3.1247184378869,0.5546297552810,0.3193192815576,0.3959556237343,922.3681600000000
11,0.2063387650126,3.1247815488949,0.5546297552810,0.3179431931226,0.3954650565955,922.3681600000000
14,0.2063557891073,3.1250393607364,0.5546297552810,0.3175856082727,0.3953409957408,885.8423808639999
16,0.2063617964580,3.1251303356853,0.5546297552810,0.3175588556742,0.3953327285308,868.1255332467199
20,0.2063762893168,3.1253498146459,0.5545121220614,0.3175762366892,0.3952916274118,833.7477621301497
21,0.2063836184120,3.1254608060124,0.5545121220614,0.3174992341900,0.3952656970396,833.7477621301497
22,0.2063827360579,3.1254474436957,0.5545121220614,0.3173874623911,0.3952255894641,817.0728068875467
27,0.2063946065295,3.1256272093871,0.5542768556222,0.3175347888103,0.3951799212409,784.7167237347999
28,0.2063935027420,3.1256104936966,0.5542768556222,0.3174990986411,0.3951669382260,769.0223892601039
29,0.2063952376316,3.1256367667580,0.5542768556222,0.3174746712657,0.3951585859254,769.0223892601039
30,0.2063971308086,3.1256654369140,0.5542768556222,0.3173790139805,0.3951248282901,753.6419414749017
31,0.2063964874408,3.1256556937915,0.5541592224025,0.3171914315503,0.3950072824635,753.6419414749017
32,0.2064036163943,3.1257636542254,0.5541123883823,0.3172239017198,0.3950003348626,738.5691026454036
33,0.2064027994220,3.1257512820465,0.5541592224025,0.3170288428048,0.3949505676218,738.5691026454036
34,0.2064141775768,3.1259235921226,0.5541123883823,0.3170705807349,0.3949478404785,723.7977205924956
35,0.2064109143230,3.1258741736073,0.5539947551627,0.3168213218408,0.3948077059392,723.7977205924956
36,0.2064077136188,3.1258257023397,0.5539947551627,0.3168214960878,0.3948070823051,709.3217661806457
37,0.2064017186320,3.1257349146298,0.5539947551627,0.3161413241371,0.3945628791113,709.3217661806457
39,0.2064077404318,3.1258261083950,0.5538771219431,0.3162501379409,0.3945526173327,695.1353308570327
46,0.2064022121549,3.1257423885089,0.5537366198824,0.3162950809571,0.3945072686103,641.1706960735925
49,0.2063971679859,3.1256659999257,0.5537366198824,0.3161312355339,0.3944476714944,628.3472821521206
52,0.2063978881598,3.1256769061947,0.5536658206830,0.3160395834719,0.3943847504241,603.4647297788965
53,0.2064041313119,3.1257714521047,0.5535481874634,0.3160685664023,0.3943460250519,603.4647297788965
54,0.2064082859310,3.1258343694004,0.5535481874634,0.3159008361866,0.3942870116790,591.3954351833186
55,0.2064131786151,3.1259084639077,0.5535481874634,0.3155982984615,0.3941800109238,591.3954351833186
56,0.2064112225459,3.1258788413161,0.5535481874634,0.3142258633115,0.3936894363554,579.5675264796522
57,0.2064113757380,3.1258811612478,0.5535950214836,0.3141598588047,0.3936859678671,579.5675264796522
58,0.2064126685548,3.1259007395854,0.5535950214836,0.3140980808549,0.3936641813457,567.9761759500592
59,0.2064180010670,3.1259814948224,0.5536418555038,0.3140274814983,0.3936601816940,567.9761759500592
61,0.2064206499371,3.1260216091484,0.5535950214836,0.3133629690568,0.3934033517141,556.6166524310580
62,0.2064176968478,3.1259768877450,0.5534773882640,0.3132684533432,0.3933185490602,545.4843193824369
67,0.2064279338360,3.1261319160636,0.5533597550444,0.3131960273269,0.3932444620292,523.8831403348923
69,0.2064230829014,3.1260584538089,0.5533597550444,0.3128948299625,0.3931358520559,513.4054775281945
70,0.2064249109513,3.1260861376845,0.5533597550444,0.3128893394069,0.3931342828682,503.1373679776306
71,0.2064270004143,3.1261177803840,0.5532421218247,0.3128923877975,0.3930854050842,503.1373679776306
72,0.2064242739929,3.1260764916260,0.5531952878045,0.3129352846023,0.3930800694155,493.0746206180780
87,0.2064610879336,3.1266339996768,0.5530536894057,0.3127696757667,0.3929681270763,428.0506679544931
88,0.2064596360064,3.1266120117803,0.5529360561861,0.3126265743246,0.3928662940542,419.4896545954032
89,0.2064675262132,3.1267315005862,0.5529360561861,0.3125556777240,0.3928426645983,419.4896545954032
90,0.2064648099678,3.1266903659322,0.5528184229665,0.3123637516091,0.3927231232677,411.0998615034951
91,0.2064629657863,3.1266624377620,0.5528184229665,0.3123574681988,0.3927204840109,411.0998615034951
92,0.2064670084553,3.1267236596917,0.5527007897469,0.3122223035469,0.3926226629701,402.8778642734252
93,0.2064754378623,3.1268513141126,0.5525831565272,0.3121923113860,0.3925633435486,402.8778642734252
97,0.2065072340787,3.1273328340550,0.5524186892874,0.3122464442907,0.3925190042439,386.9239008481975
98,0.2065055310529,3.1273070435383,0.5524186892874,0.3122072824433,0.3925046529357,379.1854228312336
99,0.2065047421110,3.1272950958503,0.5524186892874,0.3121422850259,0.3924812705134,379.1854228312336
102,0.2065008829739,3.1272366533156,0.5523478900880,0.3120256442393,0.3924084436176,364.1696800871167
104,0.2065150767552,3.1274516030654,0.5523010560678,0.3120082573503,0.3923852038160,356.8862864853744
105,0.2065148388552,3.1274480003230,0.5523010560678,0.3114918749625,0.3922007305560,356.8862864853744
106,0.2065161699570,3.1274681584463,0.5523010560678,0.3114246325673,0.3921770006510,349.7485607556669
108,0.2065148252632,3.1274477944856,0.5523478900880,0.3111322396598,0.3920923581869,342.7535895405535
110,0.2065145039463,3.1274429284829,0.5523478900880,0.3110781769217,0.3920729812125,335.8985177497425
111,0.2065053304745,3.1273040059901,0.5523947241082,0.3109236481432,0.3920358983420,335.8985177497425
112,0.2065075316866,3.1273373410109,0.5524415581285,0.3108585225925,0.3920331826281,329.1805473947476
113,0.2065122263790,3.1274084371440,0.5524415581285,0.3107282319743,0.3919876562699,329.1805473947476
114,0.2065297946515,3.1276744899804,0.5524415581285,0.3103112695341,0.3918425057426,322.5969364468527
115,0.2065308306312,3.1276901787927,0.5523947241082,0.3103180831321,0.3918250894431,322.5969364468527
