0,0.2063240533919,3.124558757017,0.5553584234398,0.3201241934734,0.3965531191558,10
1,0.2063347719627,3.124721078392,0.5553584234398,0.3201173751102,0.3965529808627,10.0000000000000
2,0.2063326552863,3.1246890235763,0.5552407902202,0.3198413906907,0.3964035471881,10.0000000000000
3,0.2063249907892,3.1245729529043,0.5552407902202,0.3198056409031,0.3963891370146,9.8000000000000
7,0.2063349174946,3.1247232823182,0.5553115894196,0.3195902904791,0.3963446958141,9.4119200000000
9,0.2063334747285,3.1247014331571,0.5553115894196,0.3194585544203,0.3962973380575,9.2236816000000
10,0.2063308498855,3.1246616826969,0.5553115894196,0.3191158933302,0.3961743966304,9.2236816000000
11,0.2063408771675,3.1248135352380,0.5553115894196,0.3190917043866,0.3961679064252,9.0392079680000
12,0.2063333204129,3.1246990962126,0.5553115894196,0.3189567409230,0.3961180858837,9.0392079680000
13,0.2063354073478,3.1247307006261,0.5551939562000,0.3189673346935,0.3960719023365,8.8584238086400
14,0.2063335660994,3.1247028168726,0.5551939562000,0.3186487152882,0.3959577151385,8.8584238086400
15,0.2063356773711,3.1247347898414,0.5550763229804,0.3186350346044,0.3959028673584,8.6812553324672
16,0.2063353506895,3.1247298425963,0.5550763229804,0.3185615784306,0.3958765630074,8.6812553324672
17,0.2063257285711,3.1245841258274,0.5550294889601,0.3185544698917,0.3958518906380,8.5076302258179
18,0.2063273820357,3.1246091657935,0.5549826549399,0.3185157832450,0.3958183565694,8.5076302258179
19,0.2063310090223,3.1246640926556,0.5548650217203,0.3178729309250,0.3955391294296,8.3374776213015
22,0.2063414554053,3.1248222920365,0.5548650217203,0.3178531848396,0.3955343157668,8.1707280688755
23,0.2063439179719,3.1248595849930,0.5548650217203,0.3177902610779,0.3955123706876,8.1707280688755
24,0.2063530229632,3.1249974704206,0.5547473885007,0.3177274530732,0.3954414760900,8.0073135074980
25,0.2063550411703,3.1250280340249,0.5547473885007,0.3170357431419,0.3951948693017,8.0073135074980
26,0.2063593968957,3.1250939968610,0.5547005544804,0.3170167926094,0.3951689629012,8.0073135074980
27,0.2063658881586,3.1251923001472,0.5547005544804,0.3168477466158,0.3951099803170,7.8471672373480
28,0.2063602775785,3.1251073338674,0.5547005544804,0.3167488625624,0.3950734623164,7.8471672373480
29,0.2063675526852,3.1252175076360,0.5547005544804,0.3166855041496,0.3950523932633,7.8471672373480
30,0.2063695069844,3.1252471034216,0.5545829212608,0.3166420483062,0.3949868778607,7.6902238926010
31,0.2063666393300,3.1252036758400,0.5545829212608,0.3165536035689,0.3949546759571,7.6902238926010
32,0.2063714820875,3.1252770142620,0.5545829212608,0.3160091329587,0.3947612599015,7.6902238926010
33,0.2063860620577,3.1254978124326,0.5545829212608,0.3157095038709,0.3946573737923,7.5364194147490
34,0.2063971543786,3.1256657938568,0.5545829212608,0.3156685857975,0.3946451371206,7.5364194147490
35,0.2063964332957,3.1256548738211,0.5545829212608,0.3155981579560,0.3946198298023,7.5364194147490
36,0.2064012586884,3.1257279492713,0.5545829212608,0.3155399867618,0.3946000883885,7.3856910264540
38,0.2064008532053,3.1257218086602,0.5545829212608,0.3154004340340,0.3945501612393,7.3856910264540
39,0.2064057140074,3.1257954203481,0.5544652880412,0.3154236773349,0.3945090897817,7.2379772059250
40,0.2063921382966,3.1255898306208,0.5544184540209,0.3153798737816,0.3944704648517,7.2379772059250
41,0.2063834717867,3.1254585855278,0.5543716200007,0.3153818240391,0.3944492325400,7.2379772059250
46,0.2064077472908,3.1258262122671,0.5543716200007,0.3151004416134,0.3943539407103,6.9513533085703
36068,0.2318730647183,3.5114714109743,0.2163760603132,0.7049579640069,0.3941903840049,0.0000004718166
36097,0.2318713632230,3.5114456436339,0.2163292262930,0.7049387671707,0.3941630916629,0.0000004718166
36105,0.2318805050794,3.5115840873432,0.2163292262930,0.7049324543690,0.3941627960601,0.0000004718166
36144,0.2318672598173,3.5113835019097,0.2163760603132,0.7048415636488,0.3941475685411,0.0000004718166
36171,0.2318669032261,3.5113781017150,0.2163292262930,0.7048582003998,0.3941333621025,0.0000004623803
36172,0.2318690712061,3.5114109334706,0.2162115930733,0.7048682903474,0.3940870159854,0.0000004623803
36176,0.2318766474172,3.5115256671447,0.2161647590531,0.7048421945084,0.3940592477937,0.0000004623803
36194,0.2318763322972,3.5115208949875,0.2161522200306,0.7048273996270,0.3940485225150,0.0000004623803
36211,0.2318659344277,3.5113634302914,0.2161522200306,0.7048206853718,0.3940438964518,0.0000004623803
36214,0.2318756457375,3.5115104977699,0.2161522200306,0.7046472809676,0.3939840473025,0.0000004623803
36216,0.2318774979866,3.5115385481155,0.2161505066580,0.7046328841867,0.3939785682030,0.0000004623803
36246,0.2318843725355,3.5116426558608,0.2161036726378,0.7046062490469,0.3939504570477,0.0000004531326
36261,0.2318844168393,3.5116433267945,0.2160568386176,0.7046509476398,0.3939463586016,0.0000004531326
36278,0.2318813160177,3.5115963681430,0.2160100045973,0.7045775208826,0.3938993985750,0.0000004531326
36280,0.2318852132716,3.5116553879172,0.2159702279092,0.7045918948415,0.3938883201055,0.0000004531326
36292,0.2318914564096,3.5117499336142,0.2159233938890,0.7046241709170,0.3938811133677,0.0000004531326
36300,0.2318937912579,3.5117852924123,0.2158057606693,0.7045947191583,0.3938206809701,0.0000004531326
36303,0.2318838071220,3.5116340932738,0.2158057606693,0.7045931246040,0.3938179720287,0.0000004531326
36307,0.2318806726748,3.5115866253979,0.2158057606693,0.7045612509226,0.3938059169038,0.0000004531326
36313,0.2318827771268,3.5116184950893,0.2158057606693,0.7045558567855,0.3938044413803,0.0000004531326
36317,0.2318942842677,3.5117927585225,0.2156881274497,0.7045583471052,0.3937573823591,0.0000004440700
36321,0.2318902510729,3.5117316800698,0.2156412934295,0.7046061354751,0.3937535136551,0.0000004440700
36328,0.2318894620260,3.5117197307918,0.2155759759205,0.7046403232063,0.3937375612595,0.0000004440700
36329,0.2318917129135,3.5117538180927,0.2155759759205,0.7045760660514,0.3937150946086,0.0000004440700
36334,0.2318954700626,3.5118107161276,0.2154583427009,0.7045799814427,0.3936668838290,0.0000004440700
36342,0.2318911447192,3.5117452133936,0.2154583427009,0.7045742155715,0.3936638977300,0.0000004440700
36344,0.2318904216022,3.5117342625542,0.2154115086806,0.7045504222835,0.3936351734506,0.0000004440700
36379,0.2318924400053,3.5117648291265,0.2154115086806,0.7045451356011,0.3936337178647,0.0000004440700
36387,0.2318851539956,3.5116544902444,0.2154115086806,0.7044486859133,0.3935977102598,0.0000004440700
36408,0.2318925864178,3.5117670463889,0.2155291419003,0.6006203056028,0.3565681527621,0.0000004351886
36419,0.2318932393505,3.5117769343607,0.2155219468373,0.6006139508534,0.3565629395244,0.0000004351886
36427,0.2318908465519,3.5117406979658,0.2154162190779,0.6000480938077,0.3563150230830,0.0000004351886
36436,0.2318916709782,3.5117531830273,0.2153693850577,0.5998822186810,0.3562358869061,0.0000004351886
36437,0.2318875516677,3.5116908004437,0.2153225510375,0.5998632499168,0.3562081579152,0.0000004351886
36446,0.2318929788761,3.5117729897524,0.2153225510375,0.5997967227244,0.3561855611768,0.0000004351886
36466,0.2318955681308,3.5118122012666,0.2153225510375,0.5996292049119,0.3561262882269,0.0000004351886
36470,0.2319023548985,3.5119149796580,0.2152757170172,0.5996497038559,0.3561149918627,0.0000004351886
36476,0.2318943960238,3.5117944509510,0.2152757170172,0.5986465447800,0.3557550152911,0.0000004351886
36505,0.2318921100138,3.5117598317559,0.2152288829970,0.5986177708630,0.3557241773099,0.0000004264848
36506,0.2318907171911,3.5117387389344,0.2152288829970,0.5986000657218,0.3557175555832,0.0000004264848
36507,0.2318864269429,3.5116737676801,0.2151820489768,0.5986294124026,0.3557070454787,0.0000004264848
36509,0.2318758571520,3.5115136994176,0.2152871431739,0.5978681282005,0.3554779336787,0.0000004264848
36518,0.2318764733133,3.5115230305267,0.2151695099543,0.5979295688720,0.3554495945733,0.0000004264848
36531,0.2318666210386,3.5113738282845,0.2150518767347,0.5979512977081,0.3554048294332,0.0000004264848
36533,0.2318570014626,3.5112281500182,0.2150518767347,0.5979367843529,0.3553975847543,0.0000004264848
36534,0.2318567809018,3.5112248098597,0.2150296249281,0.5979318025858,0.3553862218002,0.0000004264848
36547,0.2318710380430,3.5114407191276,0.2149827909079,0.5979295652026,0.3553684061135,0.0000004264848
36561,0.2318658052034,3.5113614733274,0.2149827909079,0.5978965417573,0.3553554907031,0.0000004264848
36571,0.2318701386055,3.5114270981023,0.2148651576882,0.5978498668137,0.3552893354296,0.0000004264848
36581,0.2318711242288,3.5114420243202,0.2148183236680,0.5979033786065,0.3552885862662,0.0000004179551
36603,0.2318760976340,3.5115173412626,0.2148058011732,0.5978346174741,0.3552597276651,0.0000004179551
36612,0.2318762697511,3.5115199477933,0.2148058011732,0.5977521168735,0.3552303000472,0.0000004179551
36613,0.2318718900530,3.5114536219145,0.2148128585053,0.5977414738919,0.3552285850464,0.0000004179551
36641,0.2318665685462,3.5113730333437,0.2148128585053,0.5976733398123,0.3552031111237,0.0000004179551
36664,0.2318765023302,3.5115234699563,0.2147660244851,0.5977166091022,0.3552006213866,0.0000004095960
36667,0.2318774667023,3.5115380743481,0.2147660244851,0.5976898311573,0.3551912644860,0.0000004095960
36676,0.2318782322495,3.5115496677483,0.2147660244851,0.5976840512861,0.3551893642921,0.0000004095960
36681,0.2318805440965,3.5115846782171,0.2147191904648,0.5976795343013,0.3551681747561,0.0000004095960
36689,0.2318805186000,3.5115842920991,0.2147191904648,0.5972385669477,0.3550106809520,0.0000004095960
36690,0.2318824613658,3.5116137132252,0.2147660244851,0.5965943080450,0.3548010765166,0.0000004095960
36710,0.2318846055672,3.5116461848790,0.2147191904648,0.5965422325839,0.3547628658864,0.0000004095960
36727,0.2318805249455,3.5115843881948,0.2147191904648,0.5965436520847,0.3547624984321,0.0000004095960
36733,0.2318796387606,3.5115709678646,0.2147191904648,0.5962423967438,0.3546547173421,0.0000004095960
36768,0.2318958704642,3.5118167797855,0.2146848789394,0.5962613195451,0.3546502487682,0.0000004014041
36769,0.2318917988230,3.5117551191012,0.2145672457198,0.5963342143468,0.3546249958944,0.0000004014041
36774,0.2318882589179,3.5117015109967,0.2145672457198,0.5962813821154,0.3546053686892,0.0000004014041
36829,0.2318883507607,3.5117029018588,0.2145672457198,0.5962654398913,0.3545996947184,0.0000004014041
36842,0.2318925139812,3.5117659494125,0.2145672457198,0.5956626308641,0.3543852978987,0.0000003933760
36845,0.2318961884457,3.5118215952772,0.2145514342107,0.5956358586935,0.3543697474335,0.0000003933760
36857,0.2318980187522,3.5118493133256,0.2145046001905,0.5955657935466,0.3543250446523,0.0000003933760
36873,0.2319012955832,3.5118989374522,0.2144577661703,0.5955347803160,0.3542945989537,0.0000003933760
36882,0.2319081991956,3.5120034853332,0.2144577661703,0.5953758219241,0.3542393074449,0.0000003933760
36896,0.2319117918409,3.5120578921336,0.2144577661703,0.5948695787792,0.3540592761743,0.0000003933760
36929,0.2319187384678,3.5121630914237,0.2144109321500,0.5941752426930,0.3537927158406,0.0000003855085
36938,0.2319295836025,3.5123273294756,0.2142932989304,0.5942260129555,0.3537627577977,0.0000003855085
36952,0.2319330966827,3.5123805313453,0.2141756657108,0.5943109818629,0.3537434424020,0.0000003855085
36972,0.2319335342953,3.5123871585235,0.2141756657108,0.5942633721822,0.3537265327187,0.0000003855085
36977,0.2319333808810,3.5123848352272,0.2141288316906,0.5943041184072,0.3537209803445,0.0000003855085
37021,0.2319396287969,3.5124794532799,0.2141288316906,0.5940378291720,0.3536272158853,0.0000003777983
37023,0.2319453275508,3.5125657548579,0.2140111984710,0.5939783483422,0.3535567796564,0.0000003777983
37030,0.2319465720036,3.5125846007743,0.2139715595137,0.5940238293662,0.3535563014231,0.0000003777983
37035,0.2319458359797,3.5125734544743,0.2139715595137,0.5939960706157,0.3535462298643,0.0000003777983
37046,0.2319483660261,3.5126117693413,0.2139715595137,0.5001314207494,0.3200236827791,0.0000003777983
37053,0.2319454027019,3.5125668929413,0.2139715595137,0.4998370223368,0.3199179054909,0.0000003777983
37065,0.2319465950918,3.5125849504214,0.2139247254935,0.4998522726705,0.3199035358278,0.0000003777983
37091,0.2319435323993,3.5125385691939,0.2138778914732,0.4999089659165,0.3199030554014,0.0000003702424
37096,0.2319481334314,3.5126082469418,0.2138778914732,0.4991445031116,0.3196310189066,0.0000003702424
37100,0.2319489162936,3.5126201025577,0.2138778914732,0.4991105418638,0.3196190576456,0.0000003702424
37118,0.2319568011634,3.5127395105412,0.2138653689785,0.4990384862981,0.3195896463465,0.0000003702424
37148,0.2319585014453,3.5127652595046,0.2138653689785,0.4990098982449,0.3195798006737,0.0000003702424
37155,0.2319601123048,3.5127896542622,0.2138185349582,0.4989198458038,0.3195279125488,0.0000003702424
37177,0.2319699703265,3.5129389435353,0.2137009017386,0.4989677399414,0.3194967157941,0.0000003628375
37182,0.2319813939602,3.5131119423412,0.2136229074763,0.4989253776730,0.3194506082216,0.0000003628375
37188,0.2319716837784,3.5129648919456,0.2135760734560,0.4989563637932,0.3194395222170,0.0000003628375
37193,0.2319738202347,3.5129972463086,0.2135760734560,0.4989059560732,0.3194219772719,0.0000003628375
37201,0.2319683854056,3.5129149415906,0.2135221821037,0.4988942275920,0.3193935276285,0.0000003628375
37208,0.2319612087261,3.5128062583988,0.2134753480835,0.4989244712380,0.3193827193478,0.0000003628375
37218,0.2319633640295,3.5128388981801,0.2134753480835,0.4989090154353,0.3193776612690,0.0000003628375
37222,0.2319654745685,3.5128708600539,0.2134285140633,0.4962736525057,0.3184168407581,0.0000003628375
37235,0.2319657993300,3.5128757782215,0.2134285140633,0.4962196734575,0.3183976321183,0.0000003628375
37238,0.2319640144670,3.5128487483656,0.2134285140633,0.4962162049640,0.3183960109000,0.0000003628375
37244,0.2319757062600,3.5130258081598,0.2133816800430,0.4962420389889,0.3183876709988,0.0000003628375
37247,0.2319744399832,3.5130066317416,0.2132711041555,0.4962280272221,0.3183350057852,0.0000003628375
37257,0.2319684947648,3.5129165977197,0.2132711041555,0.4961628753513,0.3183104632846,0.0000003628375
37259,0.2319646428479,3.5128582645276,0.2132711041555,0.4959624292238,0.3182380499711,0.0000003628375
37272,0.2319677893958,3.5129059156551,0.2132711041555,0.4955016610319,0.3180741641628,0.0000003555808
37273,0.2319740929855,3.5130013768303,0.2132242701352,0.4954692838802,0.3180438799407,0.0000003555808
37286,0.2319708067422,3.5129516101641,0.2132242701352,0.4954400107771,0.3180327210660,0.0000003555808
37288,0.2319791325433,3.5130776955830,0.2132242701352,0.4954220918910,0.3180281055640,0.0000003555808
37310,0.2319797899659,3.5130876515493,0.2132242701352,0.4954048146091,0.3180220759825,0.0000003555808
37338,0.2319810784906,3.5131071648884,0.2132242701352,0.4954033831667,0.3180218408655,0.0000003555808
37339,0.2319860073378,3.5131818070473,0.2131066369156,0.4954509397060,0.3179894672884,0.0000003555808
37340,0.2319848166656,3.5131637755801,0.2131066369156,0.4954513767060,0.3179893682157,0.0000003555808
37358,0.2319816432664,3.5131157178193,0.2129890036960,0.4954383622601,0.3179336259483,0.0000003484692
37376,0.2319838108036,3.5131485428683,0.2129890036960,0.4949352173526,0.3177543958107,0.0000003484692
37381,0.2319828559587,3.5131340827557,0.2129421696758,0.4948611463453,0.3177076655469,0.0000003484692
37392,0.2319863062534,3.5131863338060,0.2129421696758,0.4947942739182,0.3176845218861,0.0000003484692
37401,0.2319797673217,3.5130873086280,0.2129421696758,0.4945948004055,0.3176118801462,0.0000003484692
37423,0.2319802576230,3.5130947337204,0.2129421696758,0.4940588571520,0.3174205769060,0.0000003484692
37424,0.2319724029349,3.5129757828072,0.2129421696758,0.4940599627715,0.3174192886226,0.0000003484692
37427,0.2319578351522,3.5127551692041,0.2129890036960,0.4940093745440,0.3174181714538,0.0000003484692
37429,0.2319543886625,3.5127029757764,0.2129890036960,0.4939547216926,0.3173979140448,0.0000003484692
37434,0.2319516381933,3.5126613228398,0.2128713704764,0.4939773177372,0.3173549804374,0.0000003414998
37445,0.2319504610626,3.5126434964446,0.2128245364561,0.4939175026196,0.3173132939302,0.0000003414998
37447,0.2319503978515,3.5126425391796,0.2127777024359,0.4939440946227,0.3173027058060,0.0000003414998
37454,0.2319621642267,3.5128207284412,0.2127777024359,0.4939100344309,0.3172930628179,0.0000003414998
37458,0.2319683066278,3.5129137485853,0.2127308684157,0.4938962552684,0.3172693861942,0.0000003414998
37499,0.2319654290648,3.5128701709476,0.2126132351961,0.4939322054404,0.3172311946837,0.0000003414998
37503,0.2319700565139,3.5129402487522,0.2126132351961,0.4937407116084,0.3171637956257,0.0000003414998
37545,0.2319667096127,3.5128895634865,0.2125664011758,0.4937950935848,0.3171624288441,0.0000003346698
37558,0.2319639707412,3.5128480861861,0.2124487679562,0.4937218285259,0.3170852616136,0.0000003346698
37567,0.2319603692079,3.5127935447864,0.2123311347366,0.4936738194344,0.3170169295154,0.0000003346698
37572,0.2319625711229,3.5128268904520,0.2122843007163,0.4936581279983,0.3169917255470,0.0000003346698
37605,0.2319642446387,3.5128522340730,0.2122843007163,0.4936456638673,0.3169876326822,0.0000003346698
37612,0.2319651952166,3.5128666295662,0.2121666674967,0.4936502662857,0.3169390658613,0.0000003279764
37613,0.2319706792865,3.5129496799823,0.2121198334765,0.4936291585070,0.3169126308038,0.0000003279764
37617,0.2319683265792,3.5129140507280,0.2120729994563,0.4936598376530,0.3169030117671,0.0000003279764
37621,0.2319676071089,3.5129031551134,0.2120729994563,0.4935567745408,0.3168660493406,0.0000003279764
37627,0.2319748966636,3.5130135476809,0.2120261654360,0.4935972053510,0.3168619792401,0.0000003279764
37629,0.2319773104610,3.5130501020803,0.2120261654360,0.4935631368461,0.3168503291593,0.0000003279764
37630,0.2319806250813,3.5131002984868,0.2120729994563,0.4934141538169,0.3168179029333,0.0000003279764
37640,0.2319779205321,3.5130593409604,0.2120801945192,0.4933691846875,0.3168043465821,0.0000003279764
37649,0.2319757775918,3.5130268884040,0.2120333604990,0.4932979036487,0.3167583581438,0.0000003279764
37658,0.2319791352189,3.5130777361023,0.2120333604990,0.4932593022871,0.3167452914347,0.0000003279764
37660,0.2319764635635,3.5130372767167,0.2119865264788,0.4931892371401,0.3166996239474,0.0000003279764
37666,0.2319632807277,3.5128376366630,0.2120023379878,0.4931225054723,0.3166797426765,0.0000003279764
37673,0.2319585920199,3.5127666311621,0.2119555039676,0.4928759135975,0.3165705977038,0.0000003279764
37675,0.2319631537317,3.5128357134440,0.2119396924585,0.4928489090377,0.3165551543668,0.0000003279764
37677,0.2319584078701,3.5127638424087,0.2118928584383,0.4928723869844,0.3165424506544,0.0000003279764
37703,0.2319682551573,3.5129129691194,0.2118460244181,0.4927091830055,0.3164662019292,0.0000003214169
37726,0.2319679993139,3.5129090946426,0.2118422561003,0.4926857979994,0.3164561803243,0.0000003214169
37746,0.2319783092192,3.5130652272136,0.2118422561003,0.4923388881612,0.3163344932190,0.0000003214169
37762,0.2319804890721,3.5130982387707,0.2118422561003,0.4923076734921,0.3163238122342,0.0000003214169
37768,0.2319728587060,3.5129826849777,0.2118422561003,0.4918848763879,0.3161711781899,0.0000003214169
37770,0.2319738620688,3.5129978798409,0.2118422561003,0.4918017197519,0.3161416943977,0.0000003214169
37820,0.2319764130085,3.5130365111153,0.2118422561003,0.4917501119256,0.3161238096611,0.0000003149885
37822,0.2319751690755,3.5130176730701,0.2117246228806,0.4917632289235,0.3160778135091,0.0000003149885
37828,0.2319639394049,3.5128476116305,0.2116777888604,0.4917884909334,0.3160643575746,0.0000003149885
37847,0.2319718106115,3.5129668126985,0.2116777888604,0.4917596329513,0.3160557378395,0.0000003149885
37859,0.2319714153472,3.5129608268403,0.2116777888604,0.4917400420603,0.3160486563933,0.0000003149885
37860,0.2319807829856,3.5131026897799,0.2115601556408,0.4917932006979,0.3160192347351,0.0000003149885
37872,0.2319752306557,3.5130186056370,0.2116069896610,0.4917286883115,0.3160150765351,0.0000003086887
37882,0.2319738922701,3.5129983372078,0.2114893564414,0.4917495777098,0.3159718360005,0.0000003086887
37886,0.2319647615272,3.5128600617993,0.2114893564414,0.4917096962456,0.3159556360327,0.0000003086887
37894,0.2319685837811,3.5129179457773,0.2114893564414,0.4916736834404,0.3159435933710,0.0000003086887
37912,0.2319703679102,3.5129449645192,0.2114425224212,0.4916853810324,0.3159280816728,0.0000003086887
37915,0.2319713915698,3.5129604667569,0.2113939750283,0.4916679910493,0.3159012842947,0.0000003086887
37921,0.2319710553118,3.5129553744860,0.2113471410081,0.4916515137795,0.3158752557772,0.0000003086887
37931,0.2319725597603,3.5129781577614,0.2113471410081,0.4916435228553,0.3158727242576,0.0000003086887
37956,0.2319744717358,3.5130071126006,0.2113471410081,0.4916405664240,0.3158720780983,0.0000003025150
37969,0.2319761979956,3.5130332549731,0.2113161184969,0.4916417436411,0.3158595730838,0.0000003025150
37990,0.2319826739132,3.5131313258709,0.2113161184969,0.4915560501090,0.3158303559476,0.0000003025150
38018,0.2319835172815,3.5131440977873,0.2112692844767,0.4914684438084,0.3157791769819,0.0000003025150
38040,0.2319874211212,3.5132032172953,0.2112349729512,0.4914804771559,0.3157696062036,0.0000003025150
38045,0.2319925503452,3.5132808939477,0.2112349729512,0.4914137284478,0.3157468664987,0.0000002964647
38051,0.2319877455989,3.5132081311662,0.2111881389310,0.4914280709782,0.3157308875195,0.0000002964647
38052,0.2319880344442,3.5132125054224,0.2110705057113,0.4914828453496,0.3157000974535,0.0000002964647
38054,0.2319984996581,3.5133709899765,0.2110236716911,0.4914078079671,0.3156554692112,0.0000002964647
38104,0.2320098187243,3.5135424052179,0.2109768376709,0.4913324853788,0.3156109220780,0.0000002964647
38105,0.2320194006981,3.5136875140381,0.2109610261619,0.4912879820213,0.3155903049409,0.0000002964647
38111,0.2320271167496,3.5138043654473,0.2109141921416,0.4913284175103,0.3155863279036,0.0000002964647
38141,0.2320242545148,3.5137610199399,0.2108673581214,0.4913226954918,0.3155635992666,0.0000002905354
38151,0.2320353175390,3.5139285576970,0.2107497249018,0.4913980365398,0.3155424631948,0.0000002905354
38152,0.2320346134520,3.5139178950473,0.2107028908815,0.4913913405049,0.3155198491550,0.0000002905354
38155,0.2320348747239,3.5139218517326,0.2106338050547,0.4913941215247,0.3154912901517,0.0000002905354
38181,0.2320313239351,3.5138680788059,0.2106338050547,0.4913475720666,0.3154739044619,0.0000002905354
38212,0.2320239622312,3.5137565936156,0.2106338050547,0.4912780562618,0.3154474998808,0.0000002905354
38225,0.2320274779007,3.5138098346981,0.2105161718351,0.4913780216710,0.3154335409334,0.0000002847247
38234,0.2320288349648,3.5138303859921,0.2104676244423,0.4914102034103,0.3154245191857,0.0000002847247
38235,0.2320246710193,3.5137673274582,0.2103499912227,0.4914448292531,0.3153855790471,0.0000002847247
38239,0.2320241133274,3.5137588818064,0.2103499912227,0.4913964571257,0.3153681837819,0.0000002847247
38247,0.2320195440416,3.5136896848247,0.2103031572025,0.4913637578980,0.3153354546307,0.0000002847247
38260,0.2320175545970,3.5136595567970,0.2102563231822,0.4913202085538,0.3152994032610,0.0000002847247
38274,0.2320186921346,3.5136767835961,0.2102094891620,0.4913482568656,0.3152895925502,0.0000002847247
38283,0.2320122797268,3.5135796744888,0.2101626551418,0.4913085941100,0.3152539814701,0.0000002847247
38289,0.2320208984557,3.5137101959875,0.2101501326470,0.4912393681992,0.3152257380175,0.0000002847247
38296,0.2320165299182,3.5136440391245,0.2101032986268,0.4912447242466,0.3152066430534,0.0000002847247
38331,0.2320122844355,3.5135797457962,0.2101955452842,0.4910810482796,0.3151868118864,0.0000002790302
38352,0.2320051838859,3.5134722155111,0.2101487112640,0.4911408897561,0.3151865905730,0.0000002790302
38354,0.2320070013645,3.5134997392952,0.2101018772437,0.4911943447163,0.3151859993670,0.0000002790302
38358,0.2320084302581,3.5135213783719,0.2101018772437,0.4911789434818,0.3151808051175,0.0000002790302
38392,0.2320011163526,3.5134106170368,0.2100550432235,0.4911803364416,0.3151596636148,0.0000002734496
38398,0.2320081984725,3.5135178682237,0.2100550432235,0.4911531203287,0.3151514611716,0.0000002734496
38411,0.2320064156017,3.5134908685387,0.2100132115901,0.4911491878013,0.3151317468109,0.0000002734496
38431,0.2320023684516,3.5134295787468,0.2099663775698,0.4911510739659,0.3151114814717,0.0000002734496
38438,0.2320061756768,3.5134872351307,0.2098487443502,0.4911582240841,0.3150644366823,0.0000002734496
38449,0.2320081844277,3.5135176555304,0.2097311111306,0.4911670139814,0.3150175921410,0.0000002734496
38452,0.2320079620042,3.5135142871628,0.2097348794484,0.4911553631003,0.3150149984432,0.0000002734496
38453,0.2320076795251,3.5135100093169,0.2097206270534,0.4911345079761,0.3150013814840,0.0000002734496
38473,0.2320088876158,3.5135283045680,0.2096029938338,0.4910830424924,0.3149328455937,0.0000002734496
38480,0.2320058618673,3.5134824828184,0.2096029938338,0.4909972327658,0.3149015508881,0.0000002679806
38516,0.2320177546558,3.5136625864760,0.2095561598135,0.4910363889844,0.3148980119836,0.0000002679806
38534,0.2320202338630,3.5137001314362,0.2095561598135,0.4909982490726,0.3148849218452,0.0000002679806
38536,0.2320183243758,3.5136712142801,0.2095093257933,0.4909544765245,0.3148488078935,0.0000002679806
38542,0.2320190452178,3.5136821306664,0.2095093257933,0.4909370251436,0.3148427297236,0.0000002679806
38552,0.2320228377820,3.5137395650251,0.2094750142678,0.4909485249988,0.3148329445676,0.0000002679806
38553,0.2320258504477,3.5137851886490,0.2093573810482,0.4909706143933,0.3147910649714,0.0000002679806
38557,0.2320273637771,3.5138081064163,0.2093573810482,0.4909608517359,0.3147879025928,0.0000002679806
38559,0.2320302902379,3.5138524245584,0.2092397478286,0.4910482311962,0.3147693224047,0.0000002679806
38571,0.2320339114395,3.5139072638130,0.2091929138083,0.4910551483551,0.3147524970674,0.0000002626210
38577,0.2320397299422,3.5139953788587,0.2091929138083,0.4910370932689,0.3147472956444,0.0000002626210
38635,0.2320430675210,3.5140459229475,0.2091929138083,0.4910076458225,0.3147374938947,0.0000002626210
38652,0.2320431316991,3.5140468948566,0.2091929138083,0.4910054863606,0.3147367364108,0.0000002626210
38670,0.2320436919137,3.5140553787111,0.2091929138083,0.4909506602816,0.3147172757142,0.0000002573685
38679,0.2320378290507,3.5139665918762,0.2091460797881,0.4909433405167,0.3146933334617,0.0000002573685
38692,0.2320340374489,3.5139091720911,0.2091460797881,0.4908663794002,0.3146650348626,0.0000002573685
38694,0.2320381989877,3.5139721941786,0.2090284465685,0.4908419678079,0.3146067939581,0.0000002573685
38704,0.2320460731148,3.5140914394744,0.2089108133489,0.4908210240735,0.3145505871289,0.0000002573685
38706,0.2320422806577,3.5140340067374,0.2089108133489,0.4907623199580,0.3145288087040,0.0000002573685
38708,0.2320471735304,3.5141081041004,0.2087931801293,0.4907496871075,0.3144749312074,0.0000002573685
38726,0.2320473324738,3.5141105111298,0.2087463461090,0.4907433874679,0.3144526436725,0.0000002573685
38754,0.2320547606429,3.5142230028651,0.2086995120888,0.4907751020509,0.3144454903369,0.0000002522212
38761,0.2320521103187,3.5141828665182,0.2086995120888,0.4907438594613,0.3144337643425,0.0000002522212
38769,0.2320484272823,3.5141270908423,0.2086526780686,0.4905036571585,0.3143271168608,0.0000002522212
38802,0.2320527152780,3.5141920279844,0.2086772602822,0.4904403423196,0.3143159585089,0.0000002522212
38806,0.2320388353938,3.5139818318735,0.2086304262620,0.4904387256115,0.3142923351293,0.0000002522212
38816,0.2320413087669,3.5140192884827,0.2085906495738,0.4904335613571,0.3142739736092,0.0000002522212
38819,0.2320407194184,3.5140103634266,0.2085906495738,0.4904257705663,0.3142710648950,0.0000002522212
38852,0.2320329265418,3.5138923485826,0.2085438155536,0.4904608539409,0.3142618530465,0.0000002471768
38864,0.2320334879531,3.5139008505614,0.2084261823340,0.4905834220745,0.3142553334454,0.0000002471768
38875,0.2320368386956,3.5139515939992,0.2083755799959,0.4906078592012,0.3142430922906,0.0000002471768
38898,0.2320477329025,3.5141165751969,0.2084056439000,0.4905648794675,0.3142429613889,0.0000002471768
38914,0.2320578708772,3.5142701040614,0.2082880106803,0.4905342822439,0.3141837919952,0.0000002471768
38932,0.2320589309146,3.5142861572035,0.2081703774607,0.4905898765862,0.3141534600314,0.0000002422332
38966,0.2320564137006,3.5142480366685,0.2080527442411,0.4906598365243,0.3141274920835,0.0000002422332
38973,0.2320486183603,3.5141299845152,0.2080059102209,0.4907203820474,0.3141273733316,0.0000002422332
39054,0.2320666380844,3.5144028741083,0.2080059102209,0.4906942073216,0.3141218865847,0.0000002373886
39065,0.2320561868460,3.5142446011969,0.2080059102209,0.4906586625881,0.3141069524860,0.0000002373886
39161,0.2320574464763,3.5142636769606,0.2080059102209,0.4906207519473,0.3140936828922,0.0000002326408
39193,0.2320698139725,3.5144509695619,0.2080527442411,0.4905439914796,0.3140889903401,0.0000002279880
39196,0.2320768934445,3.5145581806498,0.2080059102209,0.4905745123210,0.3140813359474,0.0000002279880
39205,0.2320734664174,3.5145062819613,0.2079590762006,0.4906110038150,0.3140735625379,0.0000002279880
39211,0.2320735764484,3.5145079482651,0.2078414429810,0.4905769117523,0.3140109961423,0.0000002279880
39224,0.2320825038740,3.5146431446485,0.2077946089608,0.4906045151784,0.3140026958056,0.0000002279880
39227,0.2320793461073,3.5145953236234,0.2077477749405,0.4905554024191,0.3139644071472,0.0000002279880
39231,0.2320789425096,3.5145892115651,0.2077787974518,0.4905177308420,0.3139641618892,0.0000002279880
39270,0.2320832843518,3.5146549641561,0.2077787974518,0.4904897638751,0.3139551040815,0.0000002279880
39271,0.2320899683177,3.5147561857243,0.2077319634315,0.4905292138846,0.3139505539261,0.0000002234282
39273,0.2320918398381,3.5147845279130,0.2077319634315,0.4904549498301,0.3139244320896,0.0000002234282
39302,0.2320878071990,3.5147234578759,0.2076851294113,0.4904533024250,0.3139029078707,0.0000002234282
39327,0.2320921755584,3.5147896120408,0.2076382953911,0.4904057458857,0.3138667877464,0.0000002234282
39329,0.2320957963083,3.5148444444539,0.2076382953911,0.4903562215531,0.3138498763598,0.0000002234282
39339,0.2320983892293,3.5148837114899,0.2075332011939,0.4904274905972,0.3138308448455,0.0000002234282
39345,0.2321057193645,3.5149947186068,0.2075281988071,0.4903866307400,0.3138156789026,0.0000002234282
39381,0.2321082009782,3.5150323000122,0.2074105655875,0.4904341872793,0.3137827809183,0.0000002189596
39382,0.2321148083569,3.5151323617471,0.2073637315673,0.4904478542991,0.3137690061407,0.0000002189596
39384,0.2321140457610,3.5151208130414,0.2073327090560,0.4904528049221,0.3137573154449,0.0000002189596
39386,0.2321137928144,3.5151169824347,0.2072858750358,0.4904798559653,0.3137468506060,0.0000002189596
39416,0.2321177340332,3.5151766680096,0.2072390410156,0.4904725070376,0.3137249988129,0.0000002189596
39432,0.2321196214185,3.5152052504559,0.2071922069953,0.4904289207741,0.3136897650070,0.0000002189596
39438,0.2321137420363,3.5151162134538,0.2071264101828,0.4904215383649,0.3136576699307,0.0000002189596
39446,0.2321231382458,3.5152585090718,0.2071264101828,0.4903714948134,0.3136418107072,0.0000002189596
39452,0.2321155380396,3.5151434120179,0.2070795761625,0.4904109509304,0.3136342018390,0.0000002145805
39464,0.2321096864139,3.5150547953575,0.2070327421423,0.4904416828618,0.3136238518860,0.0000002145805
39474,0.2321109600790,3.5150740836636,0.2070327421423,0.4903415896369,0.3135883772340,0.0000002145805
39482,0.2320998494694,3.5149058252761,0.2070327421423,0.4902864750300,0.3135663126009,0.0000002145805
39490,0.2321045605464,3.5149771695358,0.2069151089227,0.4903226288678,0.3135298199653,0.0000002145805
39502,0.2321081802401,3.5150319859555,0.2067974757031,0.4902717010126,0.3134619928573,0.0000002145805
39570,0.2321116035627,3.5150838285412,0.2067974757031,0.4902334527712,0.3134490663402,0.0000002102888
39580,0.2321002406894,3.5149117498880,0.2067974757031,0.4902386160296,0.3134484754596,0.0000002102888
39592,0.2321053063879,3.5149884645137,0.2067974757031,0.4901709792947,0.3134254049897,0.0000002102888
39598,0.2321089331233,3.5150433875719,0.2067664531918,0.4901840947005,0.3134175708588,0.0000002102888
39612,0.2321129396145,3.5151040616279,0.2067196191716,0.4902305148725,0.3134149363026,0.0000002102888
39629,0.2321173499384,3.5151708513015,0.2066895552675,0.4901510234031,0.3133746070311,0.0000002060831
39651,0.2321204596999,3.5152179453382,0.2066427212473,0.4900975866622,0.3133361171353,0.0000002060831
39658,0.2321253556142,3.5152920887621,0.2066427212473,0.4900543732884,0.3133217329120,0.0000002060831
39671,0.2321249332965,3.5152856932097,0.2065958872271,0.4901028439048,0.3133188816268,0.0000002060831
39673,0.2321346147045,3.5154323078551,0.2065958872271,0.4899990611527,0.3132838909457,0.0000002060831
39706,0.2321325299110,3.5154007358711,0.2065490532068,0.4900550994440,0.3132833861567,0.0000002060831
39708,0.2321397312111,3.5155097919167,0.2065958872271,0.4899597953835,0.3132709638510,0.0000002060831
39717,0.2321401518947,3.5155161627234,0.2065958872271,0.4899300826801,0.3132604423176,0.0000002019614
39728,0.2321410486287,3.5155297428083,0.2065861744430,0.4898996600998,0.3132456066459,0.0000002019614
39730,0.2321472334694,3.5156234056537,0.2065861744430,0.4898740915936,0.3132378003596,0.0000002019614
39731,0.2321493220439,3.5156550348983,0.2065861744430,0.4898657352191,0.3132352634918,0.0000002019614
39738,0.2321474650344,3.5156269124608,0.2065861744430,0.4898256506989,0.3132205496611,0.0000002019614
39744,0.2321472574098,3.5156237682055,0.2066330084632,0.4897477247742,0.3132127462057,0.0000002019614
39752,0.2321551765280,3.5157436948449,0.2065932317750,0.4897544217353,0.3131997877793,0.0000002019614
39753,0.2321542267237,3.5157293110672,0.2065463977548,0.4897969121722,0.3131946876829,0.0000002019614
39765,0.2321618424902,3.5158446437655,0.2065463977548,0.4897685966215,0.3131862069362,0.0000002019614
39783,0.2321674762651,3.5159299613056,0.2064287645352,0.4898055133442,0.3131501844805,0.0000002019614
39797,0.2321622500537,3.5158508158818,0.2063819305150,0.4898626866783,0.3131494119030,0.0000002019614
39805,0.2321582127987,3.5157896759403,0.2063819305150,0.4898293440614,0.3131366386995,0.0000001979222
39847,0.2321535035276,3.5157183590298,0.2063617336536,0.4897800805959,0.3131093796774,0.0000001979222
39855,0.2321586661312,3.5157965411806,0.2063148996334,0.4898321191089,0.3131089994099,0.0000001979222
39861,0.2321657268481,3.5159034682424,0.2062680656132,0.4898706348906,0.3131041963340,0.0000001979222
39870,0.2321675832008,3.5159315807332,0.2062212315929,0.4898624192962,0.3130815882601,0.0000001979222
39899,0.2321685706164,3.5159465340946,0.2062212315929,0.4898348388171,0.3130719496780,0.0000001939637
39903,0.2321640014906,3.5158773395345,0.2061743975727,0.4898589190210,0.3130594989295,0.0000001939637
39915,0.2321729780453,3.5160132799262,0.2061743975727,0.4898071443062,0.3130429315074,0.0000001939637
39919,0.2321841791144,3.5161829082265,0.2061743975727,0.4897655000473,0.3130304587869,0.0000001939637
39923,0.2321808511898,3.5161325103409,0.2061275635525,0.4897792770579,0.3130145942981,0.0000001939637
39951,0.2321829052589,3.5161636170370,0.2060807295322,0.4898321444364,0.3130138439394,0.0000001939637
39955,0.2321839165011,3.5161789312264,0.2060338955120,0.4898667708727,0.3130063554956,0.0000001939637
39969,0.2321855724649,3.5162040090401,0.2060338955120,0.4897921104018,0.3129800458911,0.0000001939637
40005,0.2321808878873,3.5161330660865,0.2060338955120,0.4897527825720,0.3129649963996,0.0000001900845
40020,0.2321806542127,3.5161295273329,0.2060807295322,0.4896915341471,0.3129631436120,0.0000001900845
40024,0.2321783121265,3.5160940589232,0.2060807295322,0.4896786939695,0.3129580559586,0.0000001900845
40025,0.2321875513581,3.5162339772774,0.2060682070375,0.4896640682633,0.3129494455440,0.0000001900845
40038,0.2321982155231,3.5163954747360,0.2060682070375,0.4896185525567,0.3129354751127,0.0000001900845
40057,0.2321983372268,3.5163973178083,0.2060213730172,0.4896311899722,0.3129199428318,0.0000001900845
40067,0.2322049796708,3.5164979105710,0.2059745389970,0.4896694428674,0.3129149562380,0.0000001900845
40072,0.2321993678811,3.5164129259734,0.2058569057774,0.4897466872499,0.3128909267541,0.0000001862828
40074,0.2322090075507,3.5165589085369,0.2057392725578,0.4897500735950,0.3128437875696,0.0000001862828
40083,0.2322148533745,3.5166474373315,0.2056924385375,0.4897855999003,0.3128376564893,0.0000001862828
40123,0.2322097392359,3.5165699891318,0.2056091003157,0.4897829667972,0.3127999038277,0.0000001862828
40143,0.2322062034680,3.5165164436814,0.2055622662954,0.4898383977161,0.3127988711969,0.0000001862828
40145,0.2322014610554,3.5164446248760,0.2055154322752,0.4898899591082,0.3127961980256,0.0000001862828
40158,0.2321999176063,3.5164212509786,0.2055154322752,0.4898797321162,0.3127922147894,0.0000001862828
40164,0.2322084817765,3.5165509462448,0.2055154322752,0.4898392959244,0.3127796084716,0.0000001825571
40178,0.2322044212318,3.5164894536051,0.2055154322752,0.4898175749743,0.3127709808727,0.0000001825571
40225,0.2322148070316,3.5166467355183,0.2055154322752,0.4897985210760,0.3127664014376,0.0000001825571
40226,0.2322092725338,3.5165629214245,0.2054685982550,0.4898451243371,0.3127617877726,0.0000001825571
40237,0.2322187787472,3.5167068829345,0.2054217642347,0.4898713751419,0.3127531283828,0.0000001825571
40246,0.2322193112147,3.5167149465897,0.2054217642347,0.4897756884154,0.3127190686521,0.0000001825571
40260,0.2322206850607,3.5167357520289,0.2053041310151,0.4897778314879,0.3126697141937,0.0000001789060
40265,0.2322206141486,3.5167346781401,0.2052731085039,0.4898110619412,0.3126682716554,0.0000001789060
40281,0.2322168212178,3.5166772382301,0.2053199425241,0.4897536128017,0.3126670130576,0.0000001789060
40287,0.2322096400457,3.5165684870021,0.2052731085039,0.4897465522025,0.3126428808695,0.0000001789060
40294,0.2322055351460,3.5165063226545,0.2052731085039,0.4897170969656,0.3126314815207,0.0000001789060
40307,0.2322055329283,3.5165062890692,0.2052753011800,0.4897066865354,0.3126287027530,0.0000001789060
40313,0.2322004149019,3.5164287819922,0.2052753011800,0.4896580850198,0.3126102483489,0.0000001789060
40330,0.2321946987778,3.5163422173608,0.2053929343997,0.4871498591619,0.3117636427529,0.0000001789060
40346,0.2321945199204,3.5163395087560,0.2052753011800,0.4872318717916,0.3117424804142,0.0000001753279
40354,0.2321912635802,3.5162901949405,0.2052878402025,0.4872181958663,0.3117422722348,0.0000001753279
40360,0.2321930140438,3.5163167038531,0.2052878402025,0.4871579014772,0.3117211136237,0.0000001753279
40363,0.2321944981146,3.5163391785308,0.2052410061823,0.4871203553858,0.3116879505976,0.0000001753279
40364,0.2321945760405,3.5163403586347,0.2051941721621,0.4871003228046,0.3116607410798,0.0000001753279
40370,0.2321894360750,3.5162625193141,0.2051941721621,0.4847289647800,0.3108127260784,0.0000001753279
40380,0.2321850107626,3.5161955026560,0.2051473381418,0.4847541857139,0.3108007135506,0.0000001753279
40389,0.2321866510096,3.5162203424548,0.2051473381418,0.4847064344924,0.3107840110244,0.0000001753279
40390,0.2321889397747,3.5162550033736,0.2051473381418,0.4846677160391,0.3107706734551,0.0000001753279
40417,0.2321926707906,3.5163115056485,0.2051473381418,0.4846067693424,0.3107497062811,0.0000001753279
40424,0.2321907054128,3.5162817420871,0.2051005041216,0.4845874909731,0.3107223282738,0.0000001753279
40426,0.2321872086147,3.5162287867918,0.2051005041216,0.4845612155032,0.3107121948635,0.0000001753279
40449,0.2321937617749,3.5163280274469,0.2051005041216,0.4844725139140,0.3106819199732,0.0000001718213
40466,0.2321966832973,3.5163722708018,0.2050536701014,0.4845089310727,0.3106754804188,0.0000001718213
40488,0.2321976708329,3.5163872259809,0.2050068360811,0.4844622259112,0.3106389398958,0.0000001718213
40489,0.2322049303231,3.5164971632533,0.2050018336943,0.4843925255100,0.3106134586204,0.0000001718213
40497,0.2322072143324,3.5165317521494,0.2049620570061,0.4844264776078,0.3106090266481,0.0000001718213
40503,0.2322047918352,3.5164950660015,0.2049620570061,0.4844279004253,0.3106090156907,0.0000001718213
40510,0.2322074549696,3.5165353963442,0.2049152229859,0.4844180294203,0.3105859892804,0.0000001718213
40511,0.2322134810261,3.5166266545722,0.2048733913525,0.4844239097855,0.3105714528658,0.0000001718213
40542,0.2322179608842,3.5166944972672,0.2048265573323,0.4844513133450,0.3105621280979,0.0000001683849
40570,0.2322223216276,3.5167605360976,0.2047797233120,0.4844687669944,0.3105492242662,0.0000001683849
40576,0.2322258654724,3.5168142038650,0.2047328892918,0.4844924247898,0.3105383611512,0.0000001683849
40587,0.2322241020807,3.5167874991699,0.2047328892918,0.4844251512139,0.3105139570045,0.0000001683849
40589,0.2322265530925,3.5168246171415,0.2047328892918,0.4843421575422,0.3104848416242,0.0000001683849
40597,0.2322255970817,3.5168101393728,0.2047328892918,0.4842871170384,0.3104649794420,0.0000001683849
40598,0.2322138941299,3.5166329105908,0.2047328892918,0.4842463400189,0.3104479084453,0.0000001683849
40606,0.2322225505402,3.5167640027362,0.2047278869050,0.4842156158779,0.3104366466029,0.0000001683849
40619,0.2322187852884,3.5167069819941,0.2047747209252,0.4841386798864,0.3104284343463,0.0000001650172
40633,0.2322214971853,3.5167480507944,0.2047747209252,0.4840711114916,0.3104048838975,0.0000001650172
40643,0.2322226019801,3.5167647817388,0.2046570877056,0.4840494991212,0.3103469876986,0.0000001650172
40646,0.2322200119147,3.5167255579467,0.2046570877056,0.4839799347717,0.3103215882740,0.0000001650172
40699,0.2322188623080,3.5167081483750,0.2046570877056,0.4839169129499,0.3102988341362,0.0000001650172
40706,0.2322202847253,3.5167296893742,0.2046102536854,0.4838728819669,0.3102633418659,0.0000001617168
40712,0.2322145742849,3.5166432108170,0.2045634196651,0.4839224515805,0.3102597499106,0.0000001617168
40719,0.2322073691397,3.5165340965421,0.2045634196651,0.4838768063918,0.3102419040978,0.0000001617168
40726,0.2322102723151,3.5165780620508,0.2045541696569,0.4838824948322,0.3102405935034,0.0000001617168
40753,0.2322151812916,3.5166524032886,0.2045541696569,0.4838771361613,0.3102397316159,0.0000001617168
40758,0.2322128599922,3.5166172496739,0.2044365364373,0.4838899765207,0.3101934058003,0.0000001617168
40761,0.2322156769189,3.5166599090383,0.2043897024170,0.4838137216201,0.3101467038114,0.0000001617168
40766,0.2322259942535,3.5168161541174,0.2043428683968,0.4838051567129,0.3101257840504,0.0000001617168
40775,0.2322283444726,3.5168517456908,0.2043521184050,0.4837339232638,0.3101048114405,0.0000001617168
40789,0.2322322592551,3.5169110309161,0.2042344851854,0.4837003328390,0.3100432395052,0.0000001617168
40799,0.2322347635443,3.5169489557175,0.2041168519658,0.4837195421591,0.3100002223731,0.0000001584825
40809,0.2322345216230,3.5169452920762,0.2040700179456,0.4837025959517,0.3099740465929,0.0000001584825
40843,0.2322294090200,3.5168678671311,0.2040231839253,0.4836936791663,0.3099496947460,0.0000001584825
40876,0.2322309116932,3.5168906235213,0.2040231839253,0.4836834148709,0.3099463509276,0.0000001584825
40897,0.2322314636229,3.5168989819112,0.2040231839253,0.4836809601207,0.3099455925017,0.0000001553128
40898,0.2322418008007,3.5170555274942,0.2040231839253,0.4836301032068,0.3099296444277,0.0000001553128
40911,0.2322519665128,3.5172094764124,0.2039055507057,0.4835988102101,0.3098702324873,0.0000001553128
40915,0.2322488653056,3.5171625119221,0.2039055507057,0.4835928559702,0.3098674414287,0.0000001553128
40940,0.2322516167092,3.5172041790080,0.2037879174861,0.4836656326036,0.3098436084330,0.0000001553128
40943,0.2322536872251,3.5172355347740,0.2038347515063,0.4835749152161,0.3098317247710,0.0000001553128
40945,0.2322516758851,3.5172050751642,0.2038347515063,0.4835643793762,0.3098275309696,0.0000001553128
40960,0.2322462928189,3.5171235543420,0.2037879174861,0.4835409637078,0.3097979429937,0.0000001553128
40973,0.2322491289014,3.5171665038007,0.2037410834659,0.4835019695882,0.3097645525315,0.0000001522066
41008,0.2322490408184,3.5171651698766,0.2036234502462,0.4835650369845,0.3097366434896,0.0000001522066
41050,0.2322516935515,3.5172053427040,0.2035766162260,0.4835980545398,0.3097289321935,0.0000001522066
41082,0.2322422027944,3.5170616152621,0.2035766162260,0.4835710272604,0.3097172458601,0.0000001491625
41084,0.2322421836783,3.5170613257702,0.2035766162260,0.4835567453165,0.3097121410696,0.0000001491625
41100,0.2322352419760,3.5169562010580,0.2035695588939,0.4835654235334,0.3097107283542,0.0000001491625
41109,0.2322420753819,3.5170596857356,0.2034519256743,0.4835386999418,0.3096522342786,0.0000001491625
41119,0.2322353941938,3.5169585062351,0.2034519256743,0.4835279567290,0.3096469657337,0.0000001491625
41134,0.2322375521183,3.5169911857103,0.2033342924547,0.4835745744652,0.3096136631006,0.0000001491625
41137,0.2322374013279,3.5169889021503,0.2032874584345,0.4835641131278,0.3095898228735,0.0000001491625
41150,0.2322352712119,3.5169566438047,0.2032874584345,0.4835238782566,0.3095749968233,0.0000001491625
41151,0.2322393732718,3.5170187651466,0.2032874584345,0.4834826149580,0.3095611389437,0.0000001491625
41158,0.2322430120765,3.5170738709817,0.2032406244142,0.4834222699415,0.3095202951730,0.0000001461792
41170,0.2322482834852,3.5171537008692,0.2032406244142,0.4833540849159,0.3094970729658,0.0000001461792
41184,0.2322429318469,3.5170726559892,0.2031937903940,0.4833655366473,0.3094799443672,0.0000001461792
41207,0.2322419632421,3.5170579874977,0.2032406244142,0.4832966436994,0.3094752039078,0.0000001461792
41218,0.2322489243609,3.5171634062526,0.2032406244142,0.4832438269011,0.3094578324338,0.0000001461792
41235,0.2322440372507,3.5170893961563,0.2031937903940,0.4832710070044,0.3094464206527,0.0000001461792
41251,0.2322455883566,3.5171128860080,0.2031469563738,0.4832243892682,0.3094100321181,0.0000001432556
41282,0.2322507676382,3.5171913207302,0.2031001223535,0.4832760814835,0.3094095317467,0.0000001432556
41308,0.2322484280327,3.5171558898878,0.2029824891339,0.4833156694581,0.3093727547280,0.0000001432556
41314,0.2322533467777,3.5172303790599,0.2029356551137,0.4833335346326,0.3093601174413,0.0000001432556
41340,0.2322505434049,3.5171879249540,0.2029356551137,0.4832856302286,0.3093424080028,0.0000001403905
41347,0.2322545696064,3.5172488975024,0.2028180218941,0.4834076867134,0.3093364481250,0.0000001403905
41370,0.2322481161166,3.5171511662506,0.2027003886744,0.4833934601357,0.3092795700768,0.0000001403905
41380,0.2322459830018,3.5171188624909,0.2027003886744,0.4833548987588,0.3092653410604,0.0000001403905
41397,0.2322437420859,3.5170849261979,0.2025877578416,0.4833289374443,0.3092073186092,0.0000001403905
41401,0.2322452026044,3.5171070442007,0.2025877578416,0.4832549087770,0.3091811927677,0.0000001403905
41430,0.2322427573630,3.5170700136158,0.2025877578416,0.4832416880400,0.3091759470956,0.0000001375827
41442,0.2322453401371,3.5171091269874,0.2025763151572,0.4832310596040,0.3091678006696,0.0000001375827
41445,0.2322532183317,3.5172284338818,0.2025294811370,0.4832743531270,0.3091648791037,0.0000001375827
41468,0.2322561997593,3.5172735844368,0.2025294811370,0.4832553993080,0.3091587487600,0.0000001375827
41479,0.2322422504833,3.5170623374602,0.2025763151572,0.4831969218888,0.3091549465598,0.0000001375827
41496,0.2322444058823,3.5170949786904,0.2025713127704,0.4831947563828,0.3091524911560,0.0000001375827
41503,0.2322544433554,3.5172469855640,0.2025713127704,0.4831611522761,0.3091426405763,0.0000001375827
41505,0.2322459344038,3.5171181265250,0.2025713127704,0.4831601540268,0.3091404607120,0.0000001375827
41514,0.2322439961482,3.5170887737019,0.2025713127704,0.4831346234865,0.3091309273214,0.0000001375827
41532,0.2322397636334,3.5170246767588,0.2025244787502,0.4831111524392,0.3091015661141,0.0000001348310
41544,0.2322363038257,3.5169722816435,0.2024826471168,0.4831032988645,0.3090800920357,0.0000001348310
41552,0.2322411703918,3.5170459806212,0.2024776447300,0.4830333769475,0.3090540188781,0.0000001348310
41555,0.2322425654414,3.5170671071671,0.2024776447300,0.4830235953440,0.3090508243874,0.0000001348310
41560,0.2322475008377,3.5171418485035,0.2023600115103,0.4829927947236,0.3089904675138,0.0000001348310
41565,0.2322437444280,3.5170849616667,0.2023131774901,0.4830295785608,0.3089827279306,0.0000001348310
41576,0.2322461080687,3.5171207564958,0.2021955442705,0.4829948484610,0.3089204165810,0.0000001348310
41577,0.2322563555274,3.5172759433803,0.2021955442705,0.4829812479234,0.3089177551302,0.0000001348310
41578,0.2322630551794,3.5173774024970,0.2021955442705,0.4829206521550,0.3088975494240,0.0000001348310
41625,0.2322638892678,3.5173900338798,0.2021487102503,0.4829461894464,0.3088867768955,0.0000001321344
41651,0.2322620162390,3.5173616688470,0.2021361712278,0.4829371744362,0.3088777820189,0.0000001321344
41688,0.2322559970924,3.5172705152624,0.2021759479159,0.4828885654612,0.3088761790056,0.0000001321344
41696,0.2322587090788,3.5173115854174,0.2022227819362,0.4828048726115,0.3088669415651,0.0000001321344
41732,0.2322554792378,3.5172626729046,0.2021759479159,0.4827513243186,0.3088270533430,0.0000001294917
41741,0.2322555888436,3.5172643327679,0.2021341162825,0.4827689227048,0.3088154341250,0.0000001294917
41763,0.2322541525248,3.5172425812436,0.2021341162825,0.4827582901697,0.3088113290084,0.0000001294917
41766,0.2322507998673,3.5171918088050,0.2021303479647,0.4827270703087,0.3087978456381,0.0000001294917
41796,0.2322564981581,3.5172781033709,0.2020252537676,0.4827472840556,0.3087612455255,0.0000001269019
41816,0.2322562875622,3.5172749141193,0.2020252537676,0.4827415233425,0.3087591430003,0.0000001269019
41825,0.2322518628038,3.5172079058499,0.2020252537676,0.4825446638675,0.3086878878825,0.0000001269019
41831,0.2322511883927,3.5171976926106,0.2020720877878,0.4824577041982,0.3086767580640,0.0000001269019
41857,0.2322499450288,3.5171788631838,0.2020791451199,0.4824262042384,0.3086682662141,0.0000001269019
41882,0.2322559274529,3.5172694606462,0.2020323110996,0.4823978261793,0.3086393414181,0.0000001243639
41883,0.2322501015482,3.5171812335045,0.2020252537676,0.4823880395653,0.3086315732197,0.0000001243639
41885,0.2322490523354,3.5171653442895,0.2019784197473,0.4824266170833,0.3086250543505,0.0000001243639
41897,0.2322628966442,3.5173750016503,0.2018607865277,0.4824450473817,0.3085841890005,0.0000001243639
41931,0.2322696013708,3.5174765376159,0.2018139525075,0.4823748601955,0.3085404871525,0.0000001243639
41934,0.2322759191152,3.5175722131491,0.2016963192879,0.4823815374849,0.3084938114641,0.0000001243639
41942,0.2322746530623,3.5175530401209,0.2016494852676,0.4824317326996,0.3084913953065,0.0000001243639
41991,0.2322750008998,3.5175583077508,0.2016062653066,0.4824343828748,0.3084738934938,0.0000001218766
41992,0.2322755216804,3.5175661944196,0.2016062653066,0.4824316547219,0.3084730307493,0.0000001218766
42003,0.2322879576241,3.5177545235857,0.2015594312864,0.4824566101334,0.3084645365184,0.0000001218766
42016,0.2322810171836,3.5176494179827,0.2015594312864,0.4824572826667,0.3084632894716,0.0000001218766
42063,0.2322756674704,3.5175684022557,0.2015594312864,0.4824431697038,0.3084571027606,0.0000001218766
42076,0.2322822793808,3.5176685326192,0.2015469087916,0.4823699802726,0.3084270137325,0.0000001194391
42087,0.2322839014474,3.5176930970950,0.2015432947324,0.4822962082130,0.3083994652715,0.0000001194391
42101,0.2322909427141,3.5177997296042,0.2015432947324,0.4822822223626,0.3083959791678,0.0000001194391
42113,0.2322915870220,3.5178094869636,0.2014964607122,0.4822168827574,0.3083527099376,0.0000001194391
42134,0.2322921325106,3.5178177478092,0.2014964607122,0.4805354101683,0.3077523009033,0.0000001194391
42152,0.2322882220129,3.5177585274736,0.2014964607122,0.4805187821062,0.3077455243459,0.0000001194391
42167,0.2322935649877,3.5178394411542,0.2014964607122,0.4805068533819,0.3077424090104,0.0000001170503
42169,0.2322948192811,3.5178584360964,0.2014496266919,0.4804770018107,0.3077119447892,0.0000001170503
42178,0.2322938112122,3.5178431699636,0.2014533950098,0.4804516611312,0.3077042935251,0.0000001170503
42205,0.2322969892665,3.5178912982218,0.2014533950098,0.4803820822060,0.3076801249206,0.0000001170503
42220,0.2322905799906,3.5177942365421,0.2014533950098,0.4797126646008,0.3074396737881,0.0000001170503
42225,0.2322912665831,3.5178046342573,0.2014065609895,0.4797632754025,0.3074378244785,0.0000001170503
42269,0.2322935180961,3.5178387310314,0.2013597269693,0.4798108399227,0.3074352225512,0.0000001147093
42274,0.2322920989273,3.5178172392257,0.2013128929491,0.4797452185552,0.3073914105180,0.0000001147093
42278,0.2322948136327,3.5178583505575,0.2012696729880,0.4796215078911,0.3073292870201,0.0000001147093
42298,0.2322919262172,3.5178146237154,0.2011952597294,0.4796835232679,0.3073189252406,0.0000001147093
42303,0.2322988666654,3.5179197294352,0.2010776265098,0.4797053907785,0.3072778080677,0.0000001147093
42329,0.2322990849684,3.5179230354018,0.2010776265098,0.4797025107040,0.3072768262489,0.0000001147093
42334,0.2322926081841,3.5178249513805,0.2009599932902,0.4798088397212,0.3072629987785,0.0000001147093
42392,0.2322889802966,3.5177700108744,0.2009599932902,0.4797071715790,0.3072259113233,0.0000001124151
42399,0.2323027254773,3.5179781670443,0.2009599932902,0.4796346932667,0.3072029716076,0.0000001124151
42402,0.2323014835148,3.5179593588407,0.2008423600706,0.4796714222288,0.3071654087223,0.0000001124151
42407,0.2322985252278,3.5179145587249,0.2008025833824,0.4796162850850,0.3071280358145,0.0000001124151
42410,0.2323058485278,3.5180254623295,0.2006849501628,0.4796244266508,0.3070820985582,0.0000001124151
42412,0.2323070143022,3.5180431167448,0.2006381161426,0.4796465707071,0.3070701852355,0.0000001124151
42448,0.2323178102354,3.5182066096927,0.2006038046171,0.4796137420108,0.3070460691759,0.0000001101668
42453,0.2323157565213,3.5181755083735,0.2005967472850,0.4796122674654,0.3070420779001,0.0000001101668
42457,0.2323156711079,3.5181742148778,0.2004791140654,0.4796711416912,0.3070126718694,0.0000001101668
42485,0.2323163267211,3.5181841434441,0.2004322800452,0.4796689838114,0.3069919699637,0.0000001101668
42498,0.2323049690123,3.5180121430007,0.2004791140654,0.4796130013121,0.3069896141421,0.0000001101668
42540,0.2322971665952,3.5178939836761,0.2004791140654,0.4795806379770,0.3069763838616,0.0000001079634
42579,0.2322938565636,3.5178438567617,0.2004665750429,0.4795346096879,0.3069538620277,0.0000001079634
42667,0.2322905580596,3.5177939044209,0.2004197410227,0.4795858770757,0.3069513932638,0.0000001058042
42689,0.2322791008376,3.5176203969569,0.2003021078031,0.4797133015676,0.3069440326549,0.0000001058042
42690,0.2322714648155,3.5175047575083,0.2002552737828,0.4797433365394,0.3069330514172,0.0000001058042
42698,0.2322819483505,3.5176635195160,0.2002552737828,0.4796900870030,0.3069162801974,0.0000001058042
42722,0.2322798236373,3.5176313429910,0.2002552737828,0.4796592092141,0.3069047971200,0.0000001036881
42742,0.2322695603041,3.5174759157053,0.2002552737828,0.4796612054081,0.3069033107607,0.0000001036881
42751,0.2322700533038,3.5174833816622,0.2002084397626,0.4796223714433,0.3068694754074,0.0000001036881
42756,0.2322688359196,3.5174649456699,0.2000908065430,0.4796654323959,0.3068341792140,0.0000001036881
42763,0.2322706395293,3.5174922594247,0.2000728023578,0.4795869379099,0.3067988158775,0.0000001036881
42774,0.2322687869108,3.5174642034838,0.1999551691382,0.4796395369895,0.3067667900363,0.0000001036881
42799,0.2322690852696,3.5174687218109,0.1999514008204,0.4796171800159,0.3067572543436,0.0000001036881
42801,0.2322826883675,3.5176747262888,0.1999388783256,0.4795297668640,0.3067235835269,0.0000001036881
42809,0.2322874703405,3.5177471441929,0.1998920443054,0.4795655503360,0.3067173163239,0.0000001016143
42811,0.2322855745244,3.5177184340710,0.1997744110857,0.4795177619661,0.3066494285656,0.0000001016143
42825,0.2322796263092,3.5176283546663,0.1997275770655,0.4795118843404,0.3066259830730,0.0000001016143
42838,0.2322783562325,3.5176091207032,0.1996099438459,0.4795728719547,0.3065970779676,0.0000001016143
42856,0.2322748109048,3.5175554304785,0.1994923106263,0.4795553976050,0.3065396631784,0.0000001016143
42867,0.2322745975319,3.5175521991730,0.1993746774067,0.4795320593315,0.3064808681209,0.0000001016143
42878,0.2322740423984,3.5175437922643,0.1993278433864,0.4795573737784,0.3064697183147,0.0000001016143
42905,0.2322761132550,3.5175751531894,0.1992847776840,0.4795148948090,0.3064365342796,0.0000000995820
42919,0.2322780530053,3.5176045286480,0.1993316117042,0.4794058008615,0.3064180595392,0.0000000995820
42921,0.2322773669738,3.5175941394303,0.1992847776840,0.4794433990075,0.3064112687188,0.0000000995820
42924,0.2322759783870,3.5175731107570,0.1992810093662,0.4794480137307,0.3064110042865,0.0000000995820
42943,0.2322664530399,3.5174288594870,0.1992377894052,0.4795035237641,0.3064102653122,0.0000000995820
42950,0.2322577824420,3.5172975524872,0.1991909553849,0.4793546438767,0.3063351642157,0.0000000995820
42952,0.2322553608194,3.5172608795835,0.1991441213647,0.4793723980053,0.3063209143338,0.0000000995820
42967,0.2322527136471,3.5172207909682,0.1991441213647,0.4793027083223,0.3062954579101,0.0000000995820
42980,0.2322508132038,3.5171920107727,0.1990972873445,0.4792597782754,0.3062596467897,0.0000000995820
42981,0.2322565706196,3.5172792007220,0.1991010556623,0.4792310790024,0.3062522457746,0.0000000995820
42987,0.2322646340932,3.5174013134700,0.1990852441533,0.4791859295576,0.3062310724991,0.0000000995820
43012,0.2322593331759,3.5173210367058,0.1991032483384,0.4791592584239,0.3062281272627,0.0000000975904
43030,0.2322665191605,3.5174298608133,0.1990564143182,0.4791254077190,0.3061975058561,0.0000000975904
43038,0.2322750451218,3.5175589774468,0.1990564143182,0.4774429343966,0.3055984495184,0.0000000975904
43041,0.2322795608362,3.5176273631462,0.1990526460004,0.4774157301100,0.3055880863615,0.0000000975904
43053,0.2322855956761,3.5177187543908,0.1989350127808,0.4774918810653,0.3055661620742,0.0000000975904
43068,0.2322804165333,3.5176403217706,0.1988919470784,0.4774723431520,0.3055396177021,0.0000000975904
43081,0.2322808327369,3.5176466247331,0.1987743138587,0.4776128572491,0.3055394762578,0.0000000956386
43094,0.2322859659733,3.5177243621491,0.1987743138587,0.4774633284400,0.3054871730909,0.0000000956386
43098,0.2322787203984,3.5176146356087,0.1987743138587,0.4774490308808,0.3054805141965,0.0000000956386
43102,0.2322796884420,3.5176292956008,0.1987743138587,0.4774285806344,0.3054734179750,0.0000000956386
43113,0.2322834185497,3.5176857841231,0.1986566806391,0.4775169068609,0.3054553481278,0.0000000956386
43133,0.2322874023078,3.5177461139094,0.1986566806391,0.4758978263366,0.3048779587458,0.0000000956386
43143,0.2322824158649,3.5176705995250,0.1986566806391,0.4758746313902,0.3048686063129,0.0000000956386
43166,0.2322842552293,3.5176984547466,0.1986098466189,0.4758314781395,0.3048335168642,0.0000000956386
43176,0.2322779066612,3.5176023124220,0.1985630125987,0.4758296727496,0.3048114399517,0.0000000937258
43193,0.2322728008592,3.5175249904716,0.1985161785784,0.4758030653040,0.3047807714692,0.0000000937258
43202,0.2322740718366,3.5175442380752,0.1985100798535,0.4757479393167,0.3047587422296,0.0000000937258
43213,0.2322789839741,3.5176186271827,0.1985100798535,0.4757190964790,0.3047494938170,0.0000000937258
43219,0.2322775013215,3.5175961739827,0.1985008298453,0.4757285067030,0.3047485726108,0.0000000937258
43225,0.2322814862651,3.5176565217230,0.1984539958251,0.4757790237551,0.3047473966086,0.0000000937258
43229,0.2322815328711,3.5176572275217,0.1984539958251,0.4757467178721,0.3047358687803,0.0000000937258
43231,0.2322777369431,3.5175997422217,0.1984539958251,0.4754866448965,0.3046421721616,0.0000000937258
43236,0.2322794450461,3.5176256096282,0.1984071618048,0.4755016881494,0.3046278390510,0.0000000937258
43242,0.2322761103611,3.5175751093640,0.1984071618048,0.4738227946294,0.3040275196471,0.0000000937258
43253,0.2322756631444,3.5175683367420,0.1984071618048,0.4737640949847,0.3040064596561,0.0000000937258
43259,0.2322759342846,3.5175724428728,0.1982895285852,0.4737982942735,0.3039683175523,0.0000000937258
43262,0.2322821332775,3.5176663200400,0.1982895285852,0.4737450858314,0.3039506428929,0.0000000937258
43306,0.2322836051346,3.5176886097524,0.1982487932899,0.4737611454647,0.3039392358905,0.0000000918513
43318,0.2322925220469,3.5178236469234,0.1981436990927,0.4737803474658,0.3039029641447,0.0000000918513
43319,0.2323013594892,3.5179574806060,0.1980968650725,0.4735001488357,0.3037847152201,0.0000000918513
43336,0.2322943916783,3.5178519605060,0.1980500310523,0.4734684775059,0.3037518392056,0.0000000918513
43340,0.2322902374617,3.5177890493052,0.1980374920298,0.4734154523517,0.3037266375944,0.0000000918513
43391,0.2322941410978,3.5178481657307,0.1979906580096,0.4733861871717,0.3036969505149,0.0000000900143
43434,0.2322947050024,3.5178567054669,0.1979438239893,0.4731813883709,0.3036038571998,0.0000000900143
43442,0.2322922601266,3.5178196804183,0.1979438239893,0.4730276318845,0.3035484202670,0.0000000900143
