0,0.2063240533919,3.124558757017,0.5553584234398,0.3201241934734,0.3965531191558,10
1,0.2063272828789,3.124607664168,0.5552407902202,0.3201047674534,0.3964964590875,10.0000000000000
2,0.2063237532254,3.1245542113140,0.5552876242404,0.3196140803072,0.3963405290468,10.0000000000000
3,0.2063292365011,3.1246372497031,0.5552876242404,0.3193036733327,0.3962308444007,10.0000000000000
5,0.2063299859165,3.1246485988036,0.5551699910208,0.3191829952030,0.3961374914207,10.0000000000000
7,0.2063332560738,3.1246981218649,0.5550991918214,0.3191742693909,0.3961047332932,10.0000000000000
8,0.2063360399538,3.1247402807721,0.5551460258417,0.3190416088219,0.3960780227872,10.0000000000000
9,0.2063309221459,3.1246627770043,0.5551460258417,0.3190228990366,0.3960702440479,10.0000000000000
11,0.2063404724713,3.1248074065441,0.5549815586018,0.3191894748936,0.3960612959638,10.0000000000000
12,0.2063395471665,3.1247933937852,0.5550283926220,0.3190680867981,0.3960378165159,10.0000000000000
13,0.2063465131793,3.1248988866533,0.5549107594024,0.3190261995421,0.3959739352616,10.0000000000000
14,0.2063493596025,3.1249419927114,0.5548639253822,0.3189841197645,0.3959394449945,10.0000000000000
15,0.2063477658488,3.1249178570035,0.5547462921626,0.3189399721660,0.3958729222394,10.0000000000000
16,0.2063508685642,3.1249648443347,0.5546286589430,0.3189076333586,0.3958116232960,10.0000000000000
25,0.2063649488316,3.1251780750368,0.5545110257233,0.3188614410744,0.3957477290148,10.0000000000000
97762,0.2506893786037,3.7964245095533,0.0133116267943,0.8721472164378,0.3709052841975,0.0000021500707
97772,0.2506863731221,3.7963789947239,0.0133066244074,0.8721424374366,0.3709007894996,0.0000021500707
97777,0.2506874249150,3.7963949230118,0.0133066244074,0.8720962178795,0.3708845078991,0.0000021500707
97796,0.2506844142735,3.7963493300411,0.0133301102830,0.8720509164479,0.3708777490541,0.0000021500707
97819,0.2506830034277,3.7963279642796,0.0133301102830,0.8720473695645,0.3708761799860,0.0000021500707
97861,0.2506934309788,3.7964858784717,0.0132832762628,0.8720950189853,0.3708753603885,0.0000021500707
97871,0.2506985430656,3.7965632955996,0.0132586775214,0.8719495376099,0.3708139558839,0.0000021500707
97922,0.2506909535042,3.7964483597485,0.0132586775214,0.8716357384649,0.3707002584261,0.0000021264199
97925,0.2506926997327,3.7964748045262,0.0132118435012,0.8716634533646,0.3706904590735,0.0000021264199
97991,0.2506921373621,3.7964662880205,0.0131650094810,0.8716673541775,0.3706716599900,0.0000021264199
98002,0.2506983468716,3.7965603244499,0.0130473762613,0.8717299389340,0.3706449280609,0.0000021264199
98104,0.2507021988715,3.7966186588985,0.0130942102816,0.8716276825836,0.3706293050873,0.0000021030293
98106,0.2507103879853,3.7967426743339,0.0130942102816,0.8715717820070,0.3706110954057,0.0000021030293
98114,0.2507143758166,3.7968030658059,0.0131917843708,0.8714318704535,0.3706037989959,0.0000021030293
98139,0.2507215030528,3.7969110002311,0.0131917843708,0.8714041819355,0.3705954375043,0.0000021030293
98147,0.2507218385108,3.7969160803869,0.0131449503505,0.8714057744756,0.3705760064296,0.0000021030293
98176,0.2507206283240,3.7968977533927,0.0131040773243,0.8714554343026,0.3705759657451,0.0000021030293
98181,0.2507196601382,3.7968830912457,0.0130729170822,0.8714859261651,0.3705732938381,0.0000021030293
98214,0.2507183685936,3.7968635321744,0.0131905503018,0.8698865358240,0.3700522204794,0.0000021030293
98251,0.2507214549879,3.7969102723398,0.0131437162815,0.8698440271795,0.3700176284679,0.0000021030293
98253,0.2507266844691,3.7969894672806,0.0130878030394,0.8699061694537,0.3700169799223,0.0000021030293
98279,0.2507231262952,3.7969355825148,0.0131111511841,0.8698026268977,0.3699892443199,0.0000020798960
98322,0.2507195380450,3.7968812422736,0.0131051901901,0.8697842336899,0.3699793516946,0.0000020798960
98339,0.2507255044316,3.7969715968648,0.0131051901901,0.8697346266773,0.3699629134158,0.0000020798960
98348,0.2507220231190,3.7969188760819,0.0131994752650,0.8696089738358,0.3699576992947,0.0000020798960
98368,0.2507250202137,3.7969642638991,0.0131903960432,0.8695932718578,0.3699488425849,0.0000020798960
98397,0.2507316731373,3.7970650153647,0.0131495230169,0.8696138144939,0.3699400878559,0.0000020798960
98400,0.2507309385395,3.7970538906600,0.0131697198782,0.8695132840710,0.3699126825174,0.0000020798960
98418,0.2507349074422,3.7971139954783,0.0131228858580,0.8693731735034,0.3698434217851,0.0000020798960
98504,0.2507339978020,3.7971002199438,0.0130951523610,0.8690606573012,0.3697197281484,0.0000020570171
98507,0.2507297495046,3.7970358839889,0.0130951523610,0.8690588612434,0.3697181763498,0.0000020570171
98514,0.2507351758579,3.7971180603498,0.0129775191414,0.8691461292094,0.3697000920335,0.0000020570171
98532,0.2507310080050,3.7970549426415,0.0129306851212,0.8690757421466,0.3696539889625,0.0000020570171
98547,0.2507268712589,3.7969922960136,0.0128799450522,0.8691220662305,0.3696479010888,0.0000020570171
98611,0.2507289261429,3.7970234150508,0.0128799450522,0.8691040365887,0.3696419022633,0.0000020343899
98620,0.2507252302709,3.7969674449931,0.0128331110320,0.8691190532718,0.3696264016688,0.0000020343899
98685,0.2507210978873,3.7969048644294,0.0127862770117,0.8691629047529,0.3696211056783,0.0000020343899
98743,0.2507239673656,3.7969483196327,0.0127394429915,0.8677808915822,0.3691080727112,0.0000020343899
98747,0.2507235894267,3.7969425961494,0.0127264411932,0.8677879800659,0.3691049511263,0.0000020120116
98793,0.2507147870552,3.7968092935778,0.0126938430403,0.8678065477924,0.3690957255978,0.0000019898795
98816,0.2507152593218,3.7968164455536,0.0127029222622,0.8677161549892,0.3690674347489,0.0000019898795
98889,0.2507138712314,3.7967954243978,0.0127665263986,0.8675635903020,0.3690399088282,0.0000019898795
98921,0.2507102087058,3.7967399593356,0.0127196923783,0.8675712232209,0.3690217783209,0.0000019898795
98922,0.2507038617557,3.7966438415151,0.0127665263986,0.8674306528776,0.3689902862891,0.0000019898795
98945,0.2507024030391,3.7966217508008,0.0127256533723,0.8674707827814,0.3689867888042,0.0000019679908
98995,0.2507013803339,3.7966062630158,0.0127256533723,0.8672033295058,0.3688910506261,0.0000019679908
98997,0.2507066078970,3.7966854289086,0.0126119262014,0.8672205503921,0.3688495809186,0.0000019679908
99006,0.2507041950673,3.7966488891652,0.0126119262014,0.8672155668702,0.3688472840544,0.0000019679908
99071,0.2506960415888,3.7965254133889,0.0126119262014,0.8671783681981,0.3688322516404,0.0000019679908
99095,0.2506939608836,3.7964939033168,0.0125650921812,0.8672233434274,0.3688277966339,0.0000019679908
99110,0.2506943217391,3.7964993680912,0.0126147359121,0.8671305824990,0.3688160209418,0.0000019679908
99119,0.2507028636133,3.7966287257082,0.0125945390508,0.8671346990154,0.3688106657301,0.0000019463429
99164,0.2507071183075,3.7966931585341,0.0125945390508,0.8670983946364,0.3687986116007,0.0000019463429
99168,0.2507086878882,3.7967169281673,0.0125994037067,0.8670801180085,0.3687945054248,0.0000019463429
99173,0.2507017145459,3.7966113243010,0.0125749592239,0.8670934332280,0.3687872903658,0.0000019463429
99176,0.2506999981992,3.7965853320521,0.0125700945680,0.8670763598449,0.3687787400879,0.0000019463429
99189,0.2506970345634,3.7965404509354,0.0124524613484,0.8670735057753,0.3687266714755,0.0000019463429
99252,0.2506935107632,3.7964870867209,0.0123348281288,0.8672123305152,0.3687250824027,0.0000019463429
99281,0.2506901716130,3.7964365188373,0.0122171949092,0.8673252950007,0.3687142970927,0.0000019249332
99291,0.2506932652292,3.7964833683694,0.0122171949092,0.8672594965631,0.3686914605684,0.0000019249332
99307,0.2506984044163,3.7965611959026,0.0122472588132,0.8671946565419,0.3686822892027,0.0000019249332
99309,0.2506950837753,3.7965109083197,0.0122004247930,0.8672283277580,0.3686735313481,0.0000019249332
99324,0.2506928298363,3.7964767748060,0.0122004247930,0.8671725351034,0.3686531224131,0.0000019249332
99328,0.2506963234382,3.7965296816983,0.0122433527645,0.8671088475922,0.3686495232045,0.0000019249332
99338,0.2506970249598,3.7965403054978,0.0122328686873,0.8670924706734,0.3686393314550,0.0000019249332
99347,0.2506963173052,3.7965295888207,0.0122328686873,0.8669542545622,0.3685898169179,0.0000019249332
99356,0.2506904691657,3.7964410249569,0.0121860346670,0.8669433718339,0.3685646053335,0.0000019249332
99369,0.2506885932969,3.7964126169155,0.0123036678866,0.8667997463025,0.3685633227659,0.0000019249332
99382,0.2506853580166,3.7963636220285,0.0122062315284,0.8667943895486,0.3685189579259,0.0000019249332
99392,0.2506958440932,3.7965224225274,0.0120990823860,0.8667861347278,0.3684723357310,0.0000019249332
99402,0.2506862522623,3.7963771644305,0.0121257195449,0.8667106901209,0.3684547517615,0.0000019249332
99403,0.2506851131856,3.7963599143231,0.0120956556408,0.8667220469344,0.3684456791481,0.0000019249332
99433,0.2506871287805,3.7963904383679,0.0120956556408,0.8667151250265,0.3684436389513,0.0000019249332
99435,0.2506920811591,3.7964654368848,0.0121424896610,0.8666483320749,0.3684409172727,0.0000019249332
99468,0.2506921661853,3.7964667245164,0.0121474920479,0.8666402061869,0.3684401772698,0.0000019037589
99499,0.2506878916788,3.7964019916529,0.0121474920479,0.8651085865143,0.3678922542782,0.0000019037589
99548,0.2506888358388,3.7964162899538,0.0121370079706,0.8650899498896,0.3678813074849,0.0000019037589
99550,0.2506835178109,3.7963357540673,0.0121146019054,0.8651169190139,0.3678801971382,0.0000019037589
99663,0.2506829987857,3.7963278939813,0.0121614359257,0.7397160182954,0.3231141216706,0.0000018828175
99701,0.2506834852642,3.7963352611817,0.0120994074309,0.7396589509803,0.3230672610914,0.0000018828175
99774,0.2506840622267,3.7963439986674,0.0121462414512,0.7395758893989,0.3230577915987,0.0000018828175
99777,0.2506870363292,3.7963890382925,0.0120994074309,0.7396210148083,0.3230544734010,0.0000018828175
99787,0.2506766642318,3.7962319638883,0.0121098915081,0.7395112079805,0.3230175272605,0.0000018828175
99872,0.2506786801126,3.7962624922616,0.0121278956933,0.7394473584885,0.3230028719243,0.0000018621065
99904,0.2506811914982,3.7963005245308,0.0121503017585,0.7394189528045,0.3230028677906,0.0000018621065
99910,0.2506802107166,3.7962856716345,0.0121747462413,0.7393592089742,0.3229917967477,0.0000018621065
99926,0.2506774472125,3.7962438212989,0.0121813242697,0.7392911130448,0.3229697037485,0.0000018621065
100020,0.2506886338043,3.7964132303558,0.0121546871108,0.7392890911662,0.3229599628506,0.0000018416234
100026,0.2506924766819,3.7964714266573,0.0121078530906,0.7392787533423,0.3229370225215,0.0000018416234
100044,0.2506922244111,3.7964676062839,0.0121078530906,0.7392186262360,0.3229154944969,0.0000018416234
100080,0.2506945876227,3.7965033946149,0.0121078530906,0.7391980629439,0.3229086568665,0.0000018416234
100111,0.2507004005752,3.7965914256096,0.0119902198710,0.7393133301822,0.3229006551330,0.0000018416234
100145,0.2506950177741,3.7965099088011,0.0119902198710,0.7393026535057,0.3228956885769,0.0000018213655
100224,0.2506911485815,3.7964513139870,0.0119433858508,0.7393023008846,0.3228746618051,0.0000018213655
100296,0.2506906010411,3.7964430220695,0.0118965518305,0.7393220043731,0.3228615097123,0.0000018213655
100334,0.2506941762104,3.7964971642135,0.0118965518305,0.7392493400022,0.3228363242590,0.0000018013305
100336,0.2506871404952,3.7963906157747,0.0118764927001,0.7392706246308,0.3228338214886,0.0000018013305
100347,0.2506865295550,3.7963813637345,0.0118296586799,0.7390094955373,0.3227203584593,0.0000018013305
100379,0.2506765792426,3.7962306768162,0.0117828246596,0.7390265948801,0.3227042614347,0.0000018013305
100394,0.2506822358406,3.7963163399886,0.0117359906394,0.7390766830613,0.3227032904761,0.0000018013305
100421,0.2506843095876,3.7963477446856,0.0117192205232,0.7390714754629,0.3226946878012,0.0000018013305
100428,0.2506912010179,3.7964521080811,0.0117364534153,0.7389794955475,0.3226707000916,0.0000018013305
100476,0.2506905478688,3.7964422168306,0.0116896193951,0.7389854548623,0.3226526167349,0.0000017815159
100540,0.2506913049848,3.7964536825495,0.0116694225337,0.7389704545867,0.3226387659350,0.0000017815159
100604,0.2506931709685,3.7964819408913,0.0116568835112,0.7389632998183,0.3226312366474,0.0000017815159
100665,0.2506880756420,3.7964047775811,0.0116100494910,0.7390202920657,0.3226304274429,0.0000017619192
100686,0.2506984364616,3.7965616811953,0.0115621191327,0.7389625031322,0.3225914671316,0.0000017619192
100695,0.2507025355191,3.7966237570697,0.0114444859131,0.7390767188180,0.3225827225804,0.0000017619192
100743,0.2507033454383,3.7966360224355,0.0114444859131,0.7389240622697,0.3225283759387,0.0000017619192
100780,0.2507177832123,3.7968546671953,0.0114612560293,0.7388577064840,0.3225149584452,0.0000017619192
100849,0.2507226561036,3.7969284619622,0.0114612560293,0.7388378524448,0.3225089119079,0.0000017425381
100903,0.2507177834504,3.7968546708014,0.0114775468418,0.7388099923533,0.3225048995121,0.0000017425381
100940,0.2507150908892,3.7968138948209,0.0114307128216,0.7388367376278,0.3224938026954,0.0000017425381
100987,0.2507208234972,3.7969007090831,0.0114089237909,0.7387052940586,0.3224387488236,0.0000017233702
101055,0.2507237665486,3.7969452784721,0.0113620897707,0.7387314475530,0.3224286482882,0.0000017044131
101077,0.2507193077085,3.7968777540726,0.0113152557504,0.7387823355588,0.3224257953873,0.0000017044131
101111,0.2507152085300,3.7968156763664,0.0113620897707,0.7386951054564,0.3224138351069,0.0000017044131
101166,0.2507153969768,3.7968185301917,0.0112569955735,0.7387190396681,0.3223773830508,0.0000016856645
101226,0.2507131130732,3.7967839428963,0.0112303584146,0.7387365140174,0.3223717185567,0.0000016856645
101236,0.2507102791018,3.7967410254083,0.0111835243944,0.7387620978108,0.3223601766233,0.0000016856645
101245,0.2507124291514,3.7967735856269,0.0111835243944,0.7386392297010,0.3223167558804,0.0000016856645
101343,0.2507113483233,3.7967572176334,0.0111835243944,0.7386363449822,0.3223154940177,0.0000016671222
101442,0.2507030688071,3.7966318331498,0.0111238263067,0.7386499773179,0.3222930036322,0.0000016671222
101444,0.2507043573050,3.7966513460823,0.0111238263067,0.7386087546992,0.3222785573751,0.0000016671222
101478,0.2507074127892,3.7966976181472,0.0111504634656,0.7385467565074,0.3222684858356,0.0000016671222
101666,0.2507007331515,3.7965964621251,0.0111036294454,0.7386065197476,0.3222683267760,0.0000016306473
101723,0.2506967114624,3.7965355579127,0.0111445024716,0.7385553294086,0.3222666997328,0.0000016306473
101725,0.2506944238222,3.7965009140308,0.0111913364919,0.7384866573930,0.3222617555274,0.0000016306473
101741,0.2506928141425,3.7964765371406,0.0111913364919,0.7384845939411,0.3222606736489,0.0000016306473
101781,0.2506973667111,3.7965454809589,0.0110737032723,0.7384588302934,0.3222020336595,0.0000016306473
101796,0.2506971516767,3.7965422244914,0.0110737032723,0.7384552469471,0.3222007078142,0.0000016306473
101848,0.2506952277521,3.7965130886959,0.0110268692520,0.7383826786825,0.3221543065843,0.0000016127101
102017,0.2506986600668,3.7965650674584,0.0109734737310,0.7384310984321,0.3221494510533,0.0000015949703
102055,0.2506983289525,3.7965600530843,0.0109734737310,0.7384269268685,0.3221478902561,0.0000015949703
102140,0.2506964341794,3.7965313587566,0.0109629896538,0.7384306752745,0.3221443297738,0.0000015949703
102162,0.2506968159725,3.7965371406076,0.0109629896538,0.7384290730706,0.3221438393709,0.0000015949703
102197,0.2506982342105,3.7965586183161,0.0108558405114,0.7384227172531,0.3220959522832,0.0000015774257
102219,0.2506888481251,3.7964164760171,0.0108558405114,0.7384028606717,0.3220868493430,0.0000015774257
102271,0.2506898959852,3.7964323447465,0.0108558405114,0.7383416428299,0.3220652103695,0.0000015774257
102285,0.2506911592066,3.7964514748938,0.0108014863832,0.7383543828358,0.3220467364356,0.0000015774257
102352,0.2506953506280,3.7965149495207,0.0107546523630,0.7382871715620,0.3220035588480,0.0000015600740
102384,0.2506966228245,3.7965342155869,0.0107316292633,0.7383063217613,0.3220008037757,0.0000015600740
102423,0.2507073928908,3.7966973168073,0.0106053795976,0.7384410332035,0.3219971158769,0.0000015600740
102549,0.2507140895662,3.7967987308472,0.0105928571029,0.7383544803564,0.3219622723642,0.0000015429132
102592,0.2507052703891,3.7966651737726,0.0105585455774,0.7383788451131,0.3219543792998,0.0000015429132
102613,0.2507012339711,3.7966040465069,0.0105319084185,0.7383955598610,0.3219480679807,0.0000015429132
102729,0.2507030422900,3.7966314315764,0.0105319084185,0.7383573382836,0.3219348049142,0.0000015259411
102869,0.2506981208354,3.7965569013707,0.0105319084185,0.7382841818583,0.3219076230220,0.0000015091558
102951,0.2506915687359,3.7964576767793,0.0105464858585,0.7382567127067,0.3219026560637,0.0000015091558
103029,0.2506924303178,3.7964707245224,0.0105262889972,0.7382641329475,0.3218968349767,0.0000014925551
103133,0.2506992369028,3.7965738030277,0.0105358309950,0.6234205807511,0.2808868286024,0.0000014925551
103168,0.2506857764896,3.7963699593582,0.0106103985122,0.6232896594949,0.2808691441440,0.0000014925551
103172,0.2506896833823,3.7964291251008,0.0105635644919,0.6233210887393,0.2808611343425,0.0000014925551
103390,0.2506874063075,3.7963946412202,0.0106044375182,0.6232698984003,0.2808598811452,0.0000014598994
103392,0.2506885680094,3.7964122339621,0.0106044375182,0.6232545976179,0.2808546655162,0.0000014598994
103533,0.2506955252320,3.7965175937136,0.0106044375182,0.5194262173074,0.2437745919530,0.0000014438405
103609,0.2507025729302,3.7966243236211,0.0106044375182,0.5193859497060,0.2437617208879,0.0000014438405
103618,0.2507012360822,3.7966040784771,0.0105767040212,0.5193798874290,0.2437473835371,0.0000014438405
103691,0.2506993670640,3.7965757741795,0.0105298700010,0.5194200339111,0.2437412493395,0.0000014438405
103709,0.2507013489840,3.7966057882548,0.0105298700010,0.5193995688744,0.2437343650950,0.0000014279583
103751,0.2506982231532,3.7965584508656,0.0104827274635,0.5194505835255,0.2437317108477,0.0000014279583
103760,0.2506983305822,3.7965600777641,0.0105142127506,0.5192949522575,0.2436896449670,0.0000014279583
103806,0.2506879168760,3.7964023732378,0.0105142127506,0.5193005484735,0.2436894121071,0.0000014279583
103809,0.2506889786195,3.7964184522160,0.0104875755917,0.5193110973044,0.2436819911379,0.0000014279583
103823,0.2506966230475,3.7965342189636,0.0105344096119,0.5192201260716,0.2436712112266,0.0000014279583
103893,0.2506897418512,3.7964300105499,0.0105344096119,0.4250267001060,0.2100292274111,0.0000014122508
103989,0.2506893722538,3.7964244133908,0.0105344096119,0.4250246098068,0.2100284016762,0.0000014122508
104005,0.2506951087458,3.7965112864712,0.0105403706059,0.4250062728170,0.2100256367113,0.0000014122508
104006,0.2506868108092,3.7963856230311,0.0105601046914,0.4249090945164,0.2099976095113,0.0000014122508
104111,0.2506848684685,3.7963562083433,0.0105132706711,0.4249584633195,0.2099947532878,0.0000013967160
104157,0.2506927071812,3.7964749173251,0.0104930738098,0.4249664250658,0.2099906206951,0.0000013967160
104176,0.2506919809332,3.7964639190698,0.0104619135677,0.4248378021481,0.2099311739247,0.0000013967160
104340,0.2506929290670,3.7964782775502,0.0105087475879,0.4243814946916,0.2097884818705,0.0000013813521
104446,0.2506957562416,3.7965210921077,0.0105087475879,0.4243438808200,0.2097756541680,0.0000013661573
104449,0.2506923632243,3.7964697084636,0.0104658196164,0.4243914597094,0.2097735218513,0.0000013661573
104455,0.2506919955396,3.7964641402689,0.0104189855962,0.4244444611030,0.2097723004079,0.0000013661573
104502,0.2506968334682,3.7965374055619,0.0104139832093,0.4244045836808,0.2097569512904,0.0000013661573
104591,0.2506906808397,3.7964442305343,0.0104471818690,0.4240017989919,0.2096260091923,0.0000013511295
104722,0.2506856106540,3.7963674479550,0.0104128703436,0.4240254041471,0.2096186481971,0.0000013362671
104749,0.2506844840681,3.7963503870067,0.0103431674822,0.4240116068514,0.2095836065253,0.0000013362671
105285,0.2506810049537,3.7962976995130,0.0103431674822,0.4240135736575,0.2095835634316,0.0000012926536
105312,0.2506894506589,3.7964256007523,0.0103345510362,0.4239854541707,0.2095716377891,0.0000012926536
105315,0.2506866335945,3.7963829393030,0.0103345510362,0.4239389463470,0.2095544241954,0.0000012926536
105438,0.2506808093526,3.7962947373418,0.0103079138773,0.4239547115933,0.2095473906634,0.0000012784344
105488,0.2506745176575,3.7961994562980,0.0103019528833,0.4239282512578,0.2095340376115,0.0000012784344
105491,0.2506710875312,3.7961475106765,0.0101843196637,0.4240519445917,0.2095270645381,0.0000012784344
105802,0.2506732357087,3.7961800425453,0.0101500081382,0.4240747901456,0.2095209790488,0.0000012367084
105917,0.2506772377082,3.7962406485791,0.0101031741180,0.4241054377403,0.2095127104667,0.0000012231046
105946,0.2506802320516,3.7962859947314,0.0100563400978,0.4239817444065,0.2094491041982,0.0000012231046
105959,0.2506728534217,3.7961742532139,0.0100448974134,0.4239987019471,0.2094486753201,0.0000012231046
106139,0.2506792520391,3.7962711534814,0.0100563400978,0.4239284986365,0.2094298778490,0.0000012096505
106210,0.2506762920689,3.7962263278760,0.0100318956150,0.4239474606541,0.2094255395120,0.0000012096505
106237,0.2506784433653,3.7962589069763,0.0100318956150,0.4239376979967,0.2094225138407,0.0000012096505
106238,0.2506796762621,3.7962775778896,0.0100552437597,0.4238918940840,0.2094164258403,0.0000012096505
106380,0.2506797067332,3.7962780393416,0.0100439553339,0.4238948298373,0.2094126429564,0.0000011963443
106471,0.2506936055094,3.7964885215525,0.0100439553339,0.4238263907101,0.2093911787202,0.0000011831845
106474,0.2506989520395,3.7965694890752,0.0100848283602,0.4237392552347,0.2093787216038,0.0000011831845
106502,0.2506966680325,3.7965349002140,0.0100848283602,0.4236639360670,0.2093513324710,0.0000011831845
106590,0.2507111394097,3.7967540538586,0.0101233709793,0.4235952646082,0.2093464262247,0.0000011831845
106728,0.2507120731449,3.7967681942865,0.0101429508062,0.4235495217335,0.2093386809242,0.0000011701695
106796,0.2507083125199,3.7967112436131,0.0101429508062,0.3400212074189,0.1795063342494,0.0000011572976
106822,0.2507089208127,3.7967204555628,0.0101429508062,0.3399628055377,0.1794856067831,0.0000011572976
106842,0.2507205306273,3.7968962738794,0.0101897848264,0.3398939202068,0.1794835644196,0.0000011572976
106876,0.2507204437914,3.7968949588418,0.0101897848264,0.3398817868121,0.1794792124566,0.0000011572976
106892,0.2507181618055,3.7968604005880,0.0102366188466,0.3398099367949,0.1794731344622,0.0000011572976
107020,0.2507198424225,3.7968858517475,0.0102366188466,0.3397887641505,0.1794659329357,0.0000011445674
107040,0.2507176289961,3.7968523317558,0.0101936908751,0.3398055435937,0.1794530535863,0.0000011445674
107083,0.2507094540916,3.7967285315057,0.0101083142357,0.3398356599004,0.1794254676565,0.0000011445674
107099,0.2507079803682,3.7967062135278,0.0100489411930,0.3398527427814,0.1794058072978,0.0000011445674
107122,0.2507098375767,3.7967343389801,0.0101083142357,0.3397230972848,0.1793853488978,0.0000011319771
107126,0.2507127027484,3.7967777289627,0.0101083142357,0.3397019458907,0.1793784087938,0.0000011319771
107212,0.2507146694613,3.7968075127419,0.0101083142357,0.3396046752919,0.1793440907327,0.0000011319771
107257,0.2507095830577,3.7967304845589,0.0101196026615,0.3395534376341,0.1793295395223,0.0000011319771
107259,0.2507119374274,3.7967661389886,0.0101108319569,0.3395615682711,0.1793291889556,0.0000011319771
107321,0.2507174434317,3.7968495215794,0.0101108319569,0.3395573792699,0.1793288727418,0.0000011195254
107383,0.2507146500761,3.7968072191744,0.0101341801015,0.3394818884308,0.1793113194994,0.0000011195254
107425,0.2507177918300,3.7968547977018,0.0101341801015,0.3394799025534,0.1793112834904,0.0000011195254
107687,0.2507008130041,3.7965976714079,0.0100463022687,0.3395918035332,0.1793099478779,0.0000010950313
107699,0.2507055703515,3.7966697163847,0.0100140456885,0.3396214740660,0.1793077396797,0.0000010950313
107729,0.2506987568412,3.7965665330034,0.0100608797087,0.3395658119838,0.1793064720496,0.0000010950313
107740,0.2506984775755,3.7965623038218,0.0100608797087,0.3395636346837,0.1793056345998,0.0000010950313
107777,0.2506996938109,3.7965807224150,0.0100604004051,0.3395611924871,0.1793048175928,0.0000010950313
107783,0.2506944876140,3.7965018800894,0.0100604004051,0.3395341581713,0.1792940468664,0.0000010829859
107840,0.2506878256734,3.7964009920721,0.0100828064703,0.3394978669790,0.1792892607670,0.0000010829859
107963,0.2506854544167,3.7963650819061,0.0100364517537,0.3395506217113,0.1792877273092,0.0000010710731
107978,0.2506854771397,3.7963654260223,0.0100207779756,0.3395238182451,0.1792714421784,0.0000010710731
108039,0.2506952098349,3.7965128173588,0.0100676119958,0.3394414234336,0.1792641727606,0.0000010710731
108070,0.2506981617084,3.7965575203498,0.0100058920183,0.3393967993383,0.1792224167091,0.0000010710731
108103,0.2507012134296,3.7966037354270,0.0100527260386,0.3393210508584,0.1792160893437,0.0000010710731
108137,0.2507033846006,3.7966366155071,0.0100995600588,0.3392514869921,0.1792117820797,0.0000010592913
108154,0.2506989972320,3.7965701734670,0.0100995600588,0.3391822435820,0.1791861121399,0.0000010592913
108221,0.2507040703904,3.7966470010648,0.0101261972177,0.3390923223338,0.1791665004390,0.0000010592913
108278,0.2506961437874,3.7965269610775,0.0100604004051,0.3391043132241,0.1791408857081,0.0000010592913
108336,0.2506948464134,3.7965073137253,0.0100604004051,0.3390288094601,0.1791136420694,0.0000010476391
108402,0.2506993319166,3.7965752419105,0.0100604004051,0.3389530973361,0.1790875632044,0.0000010476391
108504,0.2506957449796,3.7965209215566,0.0100604004051,0.3389519044247,0.1790863685352,0.0000010361151
108515,0.2507025875286,3.7966245446974,0.0100463022687,0.3389110393386,0.1790671980636,0.0000010361151
108615,0.2507044887705,3.7966533369885,0.0099994682485,0.3389128534579,0.1790481816494,0.0000010361151
108641,0.2507092553465,3.7967255217207,0.0099994682485,0.3388752588984,0.1790357764302,0.0000010247178
108674,0.2507125637892,3.7967756245734,0.0100087182567,0.3388616209706,0.1790355789829,0.0000010247178
108691,0.2507086194146,3.7967158912079,0.0100087182567,0.3388428673697,0.1790280360452,0.0000010247178
108784,0.2507039012262,3.7966444392531,0.0099618842365,0.3388656979737,0.1790151070690,0.0000010247178
108820,0.2507081937042,3.7967094442762,0.0099493452140,0.3388422972725,0.1790022956257,0.0000010134459
108923,0.2507093639581,3.7967271665283,0.0099792713872,0.3387764167874,0.1789918431524,0.0000010134459
108966,0.2507084436733,3.7967132297926,0.0100256261038,0.3387072179186,0.1789867983740,0.0000010134459
108982,0.2507085235044,3.7967144387491,0.0100256261038,0.3386536671429,0.1789676902036,0.0000010022980
109124,0.2507046008866,3.7966550348678,0.0100685540753,0.3385843498942,0.1789604911845,0.0000010022980
109181,0.2507067351322,3.7966873557513,0.0100685540753,0.3385358272069,0.1789436189916,0.0000009912727
109423,0.2507055610395,3.7966695753631,0.0100854619224,0.3384768614683,0.1789295544282,0.0000009803687
109584,0.2507020865664,3.7966169581567,0.0100854619224,0.3384000824252,0.1789013888114,0.0000009695847
109661,0.2506987412881,3.7965662974692,0.0100854619224,0.3383716238075,0.1788905081740,0.0000009589192
109663,0.2507007500482,3.7965967180075,0.0100386279022,0.3384210579532,0.1788885219517,0.0000009589192
109812,0.2507013892259,3.7966063976758,0.0100674577372,0.3383723105860,0.1788836047879,0.0000009589192
110043,0.2507019086558,3.7966142638903,0.0100674577372,0.3383436207359,0.1788734697193,0.0000009379390
110105,0.2507075026338,3.7966989787479,0.0101142917574,0.3382727312408,0.1788694224750,0.0000009379390
110106,0.2507016331439,3.7966100915542,0.0100674577372,0.3383141890468,0.1788628993635,0.0000009379390
110178,0.2507045971770,3.7966549786901,0.0100408205783,0.3383284350903,0.1788572064609,0.0000009276217
110227,0.2506995585493,3.7965786740219,0.0100119907432,0.3383483875741,0.1788508969984,0.0000009276217
110285,0.2506982667880,3.7965591116677,0.0100119907432,0.3383300035128,0.1788440544562,0.0000009276217
110429,0.2506952494975,3.7965134180060,0.0100119907432,0.3383082442082,0.1788356367138,0.0000009174179
110469,0.2507012274938,3.7966039484139,0.0100588247635,0.3382256024106,0.1788274745082,0.0000009174179
110635,0.2507155813325,3.7968213220630,0.0100962710446,0.3381552677107,0.1788214792013,0.0000009073263
110701,0.2507240755126,3.7969499574037,0.0100588247635,0.3381766303634,0.1788148804954,0.0000008973457
111006,0.2507178517337,3.7968557048802,0.0100588247635,0.3381788745928,0.1788143483390,0.0000008874749
111044,0.2507179285029,3.7968568674677,0.0100119907432,0.3382195372605,0.1788088154479,0.0000008777126
111085,0.2507202381874,3.7968918451875,0.0100588247635,0.3381604095411,0.1788082650606,0.0000008680578
111097,0.2507224106524,3.7969247448634,0.0100854619224,0.3380972494030,0.1787975893219,0.0000008680578
111341,0.2507335284747,3.7970931124802,0.0100386279022,0.3381410219901,0.1787955330562,0.0000008585092
111567,0.2507311547226,3.7970571645236,0.0099488659104,0.3382426504690,0.1787928508554,0.0000008397258
111594,0.2507380164367,3.7971610779000,0.0099956999307,0.3381298480317,0.1787741063609,0.0000008397258
111716,0.2507391003465,3.7971774925632,0.0099956999307,0.3380627606989,0.1787503788655,0.0000008304889
111883,0.2507397525841,3.7971873700097,0.0099488659104,0.3380830740623,0.1787377016805,0.0000008213535
112092,0.2507388299961,3.7971733983930,0.0099488659104,0.3380835148670,0.1787376614133,0.0000008123186
112289,0.2507399503289,3.7971903646444,0.0099574823564,0.3380644220150,0.1787347753714,0.0000008033831
112309,0.2507364836653,3.7971378657040,0.0099396159022,0.3379860056229,0.1786983696088,0.0000008033831
112428,0.2507364512967,3.7971373755157,0.0099864499224,0.3378879195724,0.1786834036633,0.0000007945459
112449,0.2507413850269,3.7972120916217,0.0100108944052,0.3378288352136,0.1786738355414,0.0000007945459
112516,0.2507445905185,3.7972606353898,0.0100108944052,0.3377900036691,0.1786606540237,0.0000007945459
112696,0.2507403568382,3.7971965207959,0.0099753488107,0.3378232219282,0.1786563766443,0.0000007858059
112753,0.2507460522390,3.7972827715944,0.0099753488107,0.3378028296556,0.1786503141328,0.0000007771620
112840,0.2507438458881,3.7972493587526,0.0099285147905,0.3378381099216,0.1786423697153,0.0000007771620
112978,0.2507392369696,3.7971795615744,0.0099355721225,0.3378277078196,0.1786406916244,0.0000007686132
113024,0.2507383193801,3.7971656656555,0.0098887381023,0.3378762031621,0.1786377430403,0.0000007686132
113037,0.2507491826065,3.7973301776877,0.0099355721225,0.3377780801923,0.1786250986797,0.0000007686132
113136,0.2507416348689,3.7972158752136,0.0099111276398,0.3377874224243,0.1786163416119,0.0000007601585
113340,0.2507469876582,3.7972969375259,0.0099579616600,0.3377046571336,0.1786080013288,0.0000007517967
113450,0.2507512562223,3.7973615803984,0.0099753488107,0.3376268222493,0.1785885694841,0.0000007435270
113728,0.2507546642158,3.7974131908416,0.0099399574749,0.3376113100588,0.1785685919851,0.0000007353482
114033,0.2507549763343,3.7974179175442,0.0099399574749,0.3376093870433,0.1785679720763,0.0000007192595
114048,0.2507576143184,3.7974578670132,0.0099399574749,0.3375591772088,0.1785506052749,0.0000007192595
114331,0.2507576643370,3.7974586244914,0.0098931234546,0.3375779455215,0.1785372472390,0.0000007035228
114375,0.2507716504727,3.7976704296690,0.0098577155911,0.3375719836645,0.1785229402348,0.0000007035228
114529,0.2507773462719,3.7977566865023,0.0098577155911,0.3375430411038,0.1785138241344,0.0000006957841
114567,0.2507788673724,3.7977797219539,0.0098577155911,0.3375393809052,0.1785128428707,0.0000006957841
114611,0.2507779319662,3.7977655562208,0.0098577155911,0.3375204957159,0.1785058977160,0.0000006881304
114670,0.2507752205158,3.7977244941820,0.0098577155911,0.3374914112025,0.1784949293647,0.0000006881304
114709,0.2507797616178,3.7977932643521,0.0098577155911,0.3374154406436,0.1784687701156,0.0000006881304
114901,0.2507772533303,3.7977552790002,0.0098577155911,0.3373357914265,0.1784397864764,0.0000006805610
114971,0.2507784910396,3.7977740227927,0.0098577155911,0.3372828802172,0.1784211548394,0.0000006730748
115127,0.2507725718029,3.7976843822373,0.0098243461451,0.3373211691327,0.1784192598530,0.0000006656710
115131,0.2507739204806,3.7977048065290,0.0098243461451,0.3373170674910,0.1784180839834,0.0000006656710
115227,0.2507790499948,3.7977824875763,0.0098243461451,0.3372864575751,0.1784082510522,0.0000006656710
115282,0.2507797161335,3.7977925755393,0.0098577155911,0.3372409516641,0.1784064428762,0.0000006583486
115342,0.2507786713954,3.7977767540898,0.0098108815708,0.3372699803053,0.1783965146527,0.0000006583486
115392,0.2507795580343,3.7977901812949,0.0096932483512,0.3373936082124,0.1783904432337,0.0000006583486
115394,0.2507803973388,3.7978028916710,0.0097754902350,0.3372544681149,0.1783761767143,0.0000006583486
115606,0.2507820446103,3.7978278378499,0.0096932483512,0.3372317328266,0.1783331634337,0.0000006439446
115806,0.2507769402066,3.7977505370746,0.0097361763227,0.3371621386833,0.1783256122838,0.0000006368612
115830,0.2507772184847,3.7977547513005,0.0096893423025,0.3372106340259,0.1783229199570,0.0000006368612
115860,0.2507746668439,3.7977161094094,0.0096425082823,0.3372441485196,0.1783142709159,0.0000006368612
115891,0.2507765090212,3.7977440072284,0.0096310655979,0.3372436468816,0.1783095825042,0.0000006368612
115917,0.2507777911722,3.7977634240446,0.0096310655979,0.3371969691960,0.1782931866488,0.0000006368612
115982,0.2507748390354,3.7977187170675,0.0096197771721,0.3371995251486,0.1782886289916,0.0000006298558
116029,0.2507802499987,3.7978006603610,0.0096197771721,0.3371703667967,0.1782793747866,0.0000006298558
116157,0.2507845446223,3.7978656978774,0.0095723095897,0.3370854416323,0.1782296213976,0.0000006229273
116224,0.2507827511074,3.7978385369976,0.0095835980154,0.3370068412823,0.1782060034162,0.0000006229273
116277,0.2507912560199,3.7979673348694,0.0095367639952,0.3370378516877,0.1781988293192,0.0000006229273
116356,0.2508006502268,3.7981096001603,0.0095377060746,0.3369529309923,0.1781709172921,0.0000006160751
116467,0.2508021082097,3.7981316797621,0.0095214152621,0.3369691629323,0.1781700450616,0.0000006092983
116594,0.2507945927230,3.7980178656944,0.0095127988160,0.3369410434455,0.1781546991637,0.0000006092983
116615,0.2508063243026,3.7981955280145,0.0095127988160,0.3368910803805,0.1781393691219,0.0000006092983
116682,0.2508075955770,3.7982147801156,0.0095502450971,0.3368204872457,0.1781304781102,0.0000006025960
116700,0.2508030776242,3.7981463605163,0.0095502450971,0.3367912550552,0.1781190699094,0.0000006025960
116778,0.2508042863923,3.7981646660256,0.0095502450971,0.3367886202751,0.1781183879382,0.0000006025960
117050,0.2508038767695,3.7981584627238,0.0095431877651,0.3367697462565,0.1781085348701,0.0000005894118
117166,0.2508105705880,3.7982598334982,0.0095057414840,0.3367951131575,0.1781029804611,0.0000005829283
117289,0.2508145516302,3.7983201221559,0.0093881082643,0.3369233426207,0.1780992155414,0.0000005829283
117295,0.2508111321432,3.7982683376557,0.0093831058775,0.3368603228716,0.1780738318609,0.0000005829283
117344,0.2508119668903,3.7982809790146,0.0093831058775,0.3368487165921,0.1780698656355,0.0000005765161
117396,0.2508136928881,3.7983071174196,0.0093831058775,0.3368435113428,0.1780683764746,0.0000005765161
117401,0.2508074085996,3.7982119485408,0.0093412742441,0.3368742098479,0.1780600657502,0.0000005765161
117432,0.2508037697253,3.7981568416530,0.0093412742441,0.3368712118870,0.1780582152911,0.0000005765161
117437,0.2508020019084,3.7981300699429,0.0093392358266,0.3368536937082,0.1780507063733,0.0000005765161
117446,0.2508048471872,3.7981731586688,0.0093159042096,0.3368631941615,0.1780447098305,0.0000005765161
117456,0.2508036564238,3.7981551258214,0.0093159042096,0.3368042403043,0.1780233997179,0.0000005765161
117688,0.2507967506739,3.7980505455702,0.0093159042096,0.3367781405122,0.1780125985600,0.0000005639025
117767,0.2508021716391,3.7981326403343,0.0093005554765,0.3367898306032,0.1780113571995,0.0000005639025
117781,0.2508025191578,3.7981379031360,0.0093005554765,0.3367497468314,0.1779971160350,0.0000005639025
117995,0.2508096203670,3.7982454434098,0.0093005554765,0.3367231052034,0.1779891228555,0.0000005515649
118379,0.2507952274594,3.7980274781044,0.0093005554765,0.3366520474053,0.1779606608760,0.0000005394972
118483,0.2508061565448,3.7981929875001,0.0092537214563,0.3364966202888,0.1778874214154,0.0000005394972
118623,0.2508038063252,3.7981573959190,0.0092460470897,0.3365040803972,0.1778862931071,0.0000005335627
118903,0.2507997355524,3.7980957483870,0.0092460470897,0.3364934823911,0.1778816357965,0.0000005218889
119337,0.2507972133537,3.7980575523652,0.0092460470897,0.3364234952347,0.1778560999124,0.0000005104705
119453,0.2507894083794,3.7979393543154,0.0092537214563,0.3364187933996,0.1778560372053,0.0000005048553
119598,0.2507935002982,3.7980013220813,0.0092803586152,0.3363389717472,0.1778398222373,0.0000004938096
119949,0.2507922113670,3.7979818025860,0.0093113811264,0.3362992271795,0.1778386469112,0.0000004830055
120288,0.2507965529256,3.7980475508833,0.0092803586152,0.3363096816644,0.1778300156279,0.0000004724379
120332,0.2507894119293,3.7979394080751,0.0091627253955,0.3364428407534,0.1778256279949,0.0000004724379
120369,0.2507872182268,3.7979061867782,0.0091627253955,0.3364291668806,0.1778202743898,0.0000004672410
120411,0.2507871200371,3.7979046997997,0.0091762064975,0.3363578582912,0.1778005636109,0.0000004672410
120441,0.2507920695836,3.7979796554272,0.0091762064975,0.3363379427613,0.1777945115387,0.0000004672410
120558,0.2507879383480,3.7979170922496,0.0091746473835,0.3363115396256,0.1777835283909,0.0000004621014
120562,0.2507989437029,3.7980837566675,0.0091293724772,0.3361681775020,0.1777152823916,0.0000004621014
120841,0.2508058414864,3.7981882162755,0.0091158913753,0.3361780892836,0.1777145227949,0.0000004570183
120940,0.2508183995083,3.7983783941860,0.0091158913753,0.3361063714097,0.1776916002733,0.0000004519911
120953,0.2508167270325,3.7983530663156,0.0091158913753,0.3361011661604,0.1776893828680,0.0000004519911
121027,0.2508211313369,3.7984197648300,0.0090892542164,0.3361197279115,0.1776855399191,0.0000004519911
121046,0.2508248762318,3.7984764772875,0.0090892542164,0.3360987080895,0.1776788353172,0.0000004470192
121113,0.2508297738507,3.7985506465264,0.0090892542164,0.3360842721456,0.1776747291128,0.0000004470192
121342,0.2508222451119,3.7984366317695,0.0090892542164,0.3360801463384,0.1776716423090,0.0000004421020
121848,0.2508214709941,3.7984249085777,0.0090892542164,0.2630924079923,0.1516044270173,0.0000004276725
121949,0.2508244202058,3.7984695712575,0.0090779657906,0.2630949639449,0.1516011339347,0.0000004229681
121970,0.2508225054918,3.7984405749461,0.0090779657906,0.2629546658924,0.1515506171915,0.0000004229681
122020,0.2508217971556,3.7984298479476,0.0089836641880,0.2630504448941,0.1515442572189,0.0000004229681
122137,0.2508227661803,3.7984445227977,0.0089836641880,0.2003949823852,0.1291675139711,0.0000004183154
122153,0.2508274158244,3.7985149367213,0.0089836641880,0.2003801604688,0.1291632167818,0.0000004183154
122157,0.2508259100991,3.7984921341100,0.0089836641880,0.2003570108256,0.1291546263967,0.0000004183154
122243,0.2508235189455,3.7984559226270,0.0089836641880,0.2002139220985,0.1291030108898,0.0000004137140
122288,0.2508246899078,3.7984736556088,0.0089836641880,0.2001536831866,0.1290817479132,0.0000004137140
122396,0.2508250382531,3.7984789309271,0.0089836641880,0.2000920993238,0.1290598283218,0.0000004137140
122439,0.2508254383741,3.7984849903353,0.0089836641880,0.1999559069916,0.1290112739434,0.0000004091631
122683,0.2508311615718,3.7985716620884,0.0089836641880,0.1999345759159,0.1290048821016,0.0000004046623
122792,0.2508319117537,3.7985830227968,0.0089836641880,0.1477866334201,0.1103807776778,0.0000004002110
122959,0.2508301457542,3.7985562786098,0.0089836641880,0.1477112050404,0.1103534605423,0.0000003958087
122975,0.2508350796882,3.7986309978032,0.0089836641880,0.1476871749169,0.1103459356269,0.0000003958087
123538,0.2508350311044,3.7986302620519,0.0090247080005,0.1476144755833,0.1103375513738,0.0000003828902
123576,0.2508346559329,3.7986245804777,0.0090247080005,0.1474859485785,0.1102915684782,0.0000003828902
123589,0.2508351625146,3.7986322521204,0.0090359964263,0.1474364015469,0.1102788195597,0.0000003828902
123591,0.2508364836026,3.7986522585961,0.0090723463693,0.1055437065130,0.0953330043992,0.0000003786784
123644,0.2508517230846,3.7988830443724,0.0090359964263,0.1055476313957,0.0953220931993,0.0000003786784
123665,0.2508471491624,3.7988137771768,0.0090359964263,0.1055437065130,0.0953197113293,0.0000003786784
124001,0.2508584965837,3.7989856218263,0.0090359964263,0.1054713654826,0.0952963068373,0.0000003703933
124069,0.2508596785151,3.7990035209217,0.0090359964263,0.1054688614940,0.0952956658266,0.0000003703933
124133,0.2508606322421,3.7990179641051,0.0090115519436,0.1054849312303,0.0952911331814,0.0000003663190
124201,0.2508605311701,3.7990164334766,0.0090239367074,0.1054414742092,0.0952808989143,0.0000003663190
124248,0.2508743423633,3.7992255893354,0.0090707707277,0.1053685284820,0.0952778781333,0.0000003663190
124292,0.2508736533926,3.7992151556063,0.0090707707277,0.1053521239792,0.0952718717457,0.0000003622894
124551,0.2508771912044,3.7992687320099,0.0091176047479,0.1052892866516,0.0952702596685,0.0000003583043
124765,0.2508762880358,3.7992550544801,0.0090707707277,0.1053331344974,0.0952656543543,0.0000003543629
124772,0.2508809150693,3.7993251259904,0.0090936395687,0.0740378575584,0.0840995621723,0.0000003543629
124836,0.2508734948858,3.7992127551891,0.0091404735890,0.0738969787414,0.0840677299927,0.0000003504649
124865,0.2508706299090,3.7991693681568,0.0091180840515,0.0738814952423,0.0840519907319,0.0000003504649
125142,0.2508769631611,3.7992652785362,0.0091218523693,0.0738571611635,0.0840462721083,0.0000003427971
125252,0.2508764907073,3.7992581237253,0.0091218523693,0.0737960540304,0.0840243468921,0.0000003427971
125517,0.2508713131759,3.7991797155079,0.0090750183491,0.0738395829708,0.0840187117483,0.0000003352970
125597,0.2508644445023,3.7990756967380,0.0090626335852,0.0738407949141,0.0840123649706,0.0000003352970
125975,0.2508540473795,3.7989182433515,0.0090626335852,0.0738443289721,0.0840113991793,0.0000003243535
126127,0.2508514236290,3.7988785094348,0.0090513451594,0.0738514225093,0.0840085324564,0.0000003243535
126137,0.2508512344127,3.7988756439557,0.0090513451594,0.0738485553399,0.0840074679210,0.0000003243535
126473,0.2508370956174,3.7986615269094,0.0090349000882,0.0738643493786,0.0840030310196,0.0000003172570
126483,0.2508357999119,3.7986419048257,0.0090461885140,0.0737854721340,0.0839794208207,0.0000003137672
126604,0.2508326853185,3.7985947376146,0.0090349000882,0.0737913667321,0.0839760207247,0.0000003137672
126627,0.2508227314212,3.7984439964083,0.0090424201962,0.0737636497906,0.0839672117424,0.0000003137672
127019,0.2508225890027,3.7984418396312,0.0090245537419,0.0737675806416,0.0839609280477,0.0000003035263
127390,0.2508288891614,3.7985372488458,0.0090283220597,0.0737266800792,0.0839492857313,0.0000002968855
127418,0.2508186879192,3.7983827618616,0.0090283220597,0.0737305671922,0.0839484880055,0.0000002968855
127454,0.2508315421358,3.7985774253270,0.0090283220597,0.0736573706737,0.0839251008667,0.0000002968855
127532,0.2508390602076,3.7986912785438,0.0090626335852,0.0735889204289,0.0839169703056,0.0000002936197
127616,0.2508477198967,3.7988224203419,0.0090588652674,0.0735667072608,0.0839092776856,0.0000002936197
127822,0.2508467097905,3.7988071233552,0.0090588652674,0.0735237520094,0.0838937200731,0.0000002903899
128061,0.2508483086069,3.7988313357330,0.0090588652674,0.0734576094678,0.0838704403403,0.0000002840365
128234,0.2508485621268,3.7988351750228,0.0090588652674,0.0734115859287,0.0838540576878,0.0000002809121
128238,0.2508387796733,3.7986870301493,0.0090588652674,0.0733608976371,0.0838338584864,0.0000002809121
128335,0.2508379079355,3.7986738286052,0.0090588652674,0.0733506819674,0.0838300232320,0.0000002809121
128414,0.2508387612596,3.7986867512925,0.0090588652674,0.0733478293948,0.0838291873112,0.0000002778220
128480,0.2508369598068,3.7986594702022,0.0090588652674,0.0733447371346,0.0838276969070,0.0000002778220
129423,0.2508387222239,3.7986861601387,0.0090996005627,0.0732820900942,0.0838231586085,0.0000002599827
129580,0.2508500844969,3.7988582297016,0.0091033688805,0.0732308744121,0.0838089170596,0.0000002571229
129633,0.2508509853772,3.7988718725773,0.0090978871901,0.0732301313193,0.0838064954192,0.0000002571229
129697,0.2508574610626,3.7989699399586,0.0091447212104,0.0731664647833,0.0838052167405,0.0000002571229
130457,0.2508511484925,3.7988743427859,0.0090626335852,0.0731025218444,0.0837458468722,0.0000002432888
130730,0.2508569758841,3.7989625924449,0.0090739220110,0.0730546119748,0.0837348228280,0.0000002406127
131238,0.2508525745041,3.7988959382176,0.0091207560312,0.0729801876029,0.0837273712653,0.0000002327595
131249,0.2508461308320,3.7987983556434,0.0091146573063,0.0729817123453,0.0837239212900,0.0000002301991
131261,0.2508469767932,3.7988111668277,0.0091614913265,0.0729172975913,0.0837211690211,0.0000002301991
131319,0.2508506529601,3.7988668384732,0.0090507446527,0.0730452317003,0.0837201846641,0.0000002301991
131331,0.2508497453788,3.7988530941180,0.0090507446527,0.0730288412379,0.0837141364458,0.0000002301991
131536,0.2508513820157,3.7988778792456,0.0090507446527,0.0730234301776,0.0837125546322,0.0000002251626
131702,0.2508564476401,3.7989545927495,0.0090214520417,0.0730489250518,0.0837101914593,0.0000002226858
131774,0.2508507311069,3.7988680219231,0.0089746180215,0.0730936983860,0.0837048852414,0.0000002202363
131965,0.2508503709106,3.7988625671325,0.0089746180215,0.0730902429450,0.0837035739704,0.0000002178137
131994,0.2508613698966,3.7990291350998,0.0089746180215,0.0728943849738,0.0836359816206,0.0000002178137
132214,0.2508605446650,3.7990166378431,0.0090214520417,0.0728199236827,0.0836292831899,0.0000002154177
132539,0.2508588240124,3.7989905803854,0.0090382221579,0.0727562464401,0.0836133597989,0.0000002107046
132800,0.2508626425251,3.7990484077064,0.0090850561781,0.0726913933025,0.0836110879397,0.0000002060946
132866,0.2508578454551,3.7989757611748,0.0091084043228,0.0726614398997,0.0836093687000,0.0000002060946
132899,0.2508474230947,3.7988179255911,0.0090916342066,0.0726743709086,0.0836045663619,0.0000002060946
133091,0.2508540367102,3.7989180817760,0.0091384682268,0.0726019708834,0.0836001981363,0.0000002038275
133206,0.2508541536481,3.7989198526766,0.0091271798011,0.0725942576614,0.0835926305756,0.0000002015854
133293,0.2508465942145,3.7988053730800,0.0090803457808,0.0726189188689,0.0835797465481,0.0000001993680
133547,0.2508497760976,3.7988535593218,0.0090573226811,0.0726380690682,0.0835774006943,0.0000001971749
133557,0.2508576593005,3.7989729420609,0.0090916342066,0.0725496534419,0.0835622178822,0.0000001971749
133609,0.2508476352368,3.7988211382566,0.0090502818768,0.0725487799582,0.0835420354830,0.0000001971749
133858,0.2508520619857,3.7988881766695,0.0090971158970,0.0724597817036,0.0835312707041,0.0000001928610
134110,0.2508535175223,3.7989102192262,0.0090335117606,0.0724698274987,0.0835079114732,0.0000001907395
134265,0.2508574210523,3.7989693340443,0.0090335117606,0.0724674403705,0.0835078953981,0.0000001886413
134283,0.2508549811384,3.7989323841391,0.0089992002351,0.0724839412731,0.0834985607994,0.0000001886413
134433,0.2508484694867,3.7988337720867,0.0090333575020,0.0724088568255,0.0834849884000,0.0000001865663
134452,0.2508496004026,3.7988508986078,0.0089992002351,0.0724242919782,0.0834761044650,0.0000001865663
134502,0.2508633124699,3.7990585533094,0.0090335117606,0.0723260983975,0.0834586785686,0.0000001845141
134621,0.2508655949904,3.7990931196601,0.0089866777404,0.0723492998841,0.0834473822024,0.0000001845141
134871,0.2508629390282,3.7990528979312,0.0090101636160,0.0722805949875,0.0834323409799,0.0000001804771
134967,0.2508613890141,3.7990294246134,0.0089735216834,0.0723036010617,0.0834245216037,0.0000001804771
135178,0.2508600129251,3.7990085852066,0.0089620789990,0.0722865985212,0.0834132503840,0.0000001765284
135381,0.2508608647929,3.7990214858407,0.0089583106812,0.0722562322830,0.0834009728486,0.0000001745866
135920,0.2508547671100,3.7989291429064,0.0089481185935,0.0721803292665,0.0833681899445,0.0000001688884
135996,0.2508546986281,3.7989281058207,0.0089481185935,0.0721304282960,0.0833503534947,0.0000001688884
135999,0.2508579751699,3.7989777255679,0.0089368301677,0.0721352292495,0.0833479323403,0.0000001688884
136332,0.2508465244022,3.7988043158466,0.0089368301677,0.0721406465460,0.0833474133531,0.0000001651933
136376,0.2508482574235,3.7988305606139,0.0089481185935,0.0720615662454,0.0833243796470,0.0000001633762
136867,0.2508440846899,3.7987673689940,0.0089481185935,0.0720639533735,0.0833243380356,0.0000001580438
136928,0.2508434017895,3.7987570271917,0.0089747557524,0.0720030867302,0.0833138695381,0.0000001580438
137012,0.2508416243399,3.7987301096044,0.0090143947097,0.0719285805067,0.0833038674151,0.0000001580438
137084,0.2508451034542,3.7987827970981,0.0090143947097,0.0719247764819,0.0833032543593,0.0000001563054
137135,0.2508517480935,3.7988834231058,0.0090143947097,0.0718742522974,0.0832866338589,0.0000001563054
137264,0.2508543580423,3.7989229480100,0.0090143947097,0.0718160029060,0.0832663897796,0.0000001545860
138036,0.2508583200949,3.7989829490903,0.0090143947097,0.0717650509198,0.0832490416530,0.0000001478956
138178,0.2508534863997,3.7989097479075,0.0090143947097,0.0717349867592,0.0832372686609,0.0000001462688
138278,0.2508525272933,3.7988952232591,0.0089747557524,0.0717793237886,0.0832359096669,0.0000001446598
138453,0.2508647471027,3.7990802793002,0.0089747557524,0.0717023698716,0.0832110446557,0.0000001430686
138634,0.2508586328475,3.7989876853970,0.0089747557524,0.0716720218056,0.0831988958632,0.0000001414948
138688,0.2508643010120,3.7990735237298,0.0089838515020,0.0716252020825,0.0831872873186,0.0000001414948
138744,0.2508680897812,3.7991309006174,0.0089747557524,0.0715735476645,0.0831657530129,0.0000001399384
138825,0.2508735787050,3.7992140245415,0.0089785240702,0.0715523350397,0.0831609682668,0.0000001399384
139272,0.2508683442107,3.7991347536824,0.0090181630275,0.0714777549777,0.0831501989775,0.0000001353710
139321,0.2508738278758,3.7992177979686,0.0090143947097,0.0714260931001,0.0831313083847,0.0000001353710
139706,0.2508669163438,3.7991131301546,0.0090143947097,0.0714003289377,0.0831206258556,0.0000001324092
139708,0.2508601827364,3.7990111568187,0.0090143947097,0.0713904473773,0.0831156538110,0.0000001324092
139771,0.2508659897767,3.7990990982792,0.0090143947097,0.0713645137218,0.0831076361569,0.0000001309527
140066,0.2508660013508,3.7990992735560,0.0090056240050,0.0713663418894,0.0831045326807,0.0000001295122
140155,0.2508699485537,3.7991590497540,0.0090056240050,0.0713146246328,0.0830869080611,0.0000001280876
140158,0.2508704669562,3.7991669004101,0.0089811795223,0.0713285846496,0.0830815286607,0.0000001280876
140395,0.2508673269645,3.7991193485682,0.0089713124795,0.0713379505356,0.0830799720320,0.0000001266786
140938,0.2508732355277,3.7992088274852,0.0089747557524,0.0713160544834,0.0830748938224,0.0000001211961
141098,0.2508728639947,3.7992032010124,0.0089747557524,0.0712956376322,0.0830675224757,0.0000001211961
141772,0.2508742849397,3.7992247197161,0.0089904295305,0.0712203400219,0.0830476522937,0.0000001159508
142260,0.2508743584265,3.7992258325969,0.0089904295305,0.0711997186873,0.0830403032785,0.0000001121664
142599,0.2508720724460,3.7991912138476,0.0089904295305,0.0711691179108,0.0830288845768,0.0000001097123
142714,0.2508717939913,3.7991869969471,0.0089904295305,0.0711529386737,0.0830230466090,0.0000001085054
143051,0.2508661962572,3.7991022252070,0.0089904295305,0.0711221959445,0.0830108675484,0.0000001061314
143255,0.2508598181762,3.7990056359415,0.0089904295305,0.0710913112626,0.0829984705732,0.0000001049640
143644,0.2508616387473,3.7990332065577,0.0089904295305,0.0710749348405,0.0829930119734,0.0000001026675
143705,0.2508576085436,3.7989721734019,0.0089904295305,0.0710229375251,0.0829735778885,0.0000001015381
143800,0.2508572914531,3.7989673714025,0.0090212977831,0.0709772477840,0.0829704214270,0.0000001015381
143934,0.2508552369511,3.7989362581508,0.0090056240050,0.0709860430790,0.0829664050199,0.0000001004212
143977,0.2508486260267,3.7988361427182,0.0089713124795,0.0710001568533,0.0829553240874,0.0000001004212
144001,0.2508478684154,3.7988246695000,0.0089404442269,0.0709753713857,0.0829330805383,0.0000000993166
144220,0.2508484701467,3.7988337820814,0.0089404442269,0.0709233556107,0.0829146324182,0.0000000982241
144237,0.2508414878031,3.7987280418999,0.0089404442269,0.0709253105387,0.0829138343903,0.0000000982241
144273,0.2508476269030,3.7988210120499,0.0089404442269,0.0708995646438,0.0829059549493,0.0000000982241
144275,0.2508410200084,3.7987209576462,0.0089404442269,0.0708753774996,0.0828959009204,0.0000000982241
144426,0.2508455443616,3.7987894741725,0.0089404442269,0.0708332363015,0.0828818199967,0.0000000971436
144518,0.2508393879397,3.7986962416984,0.0089404442269,0.0708022962406,0.0828694507417,0.0000000960751
144573,0.2508387578488,3.7986866996398,0.0089404442269,0.0707808569722,0.0828616588406,0.0000000960751
144810,0.2508458414063,3.7987939725984,0.0089404442269,0.0707545596295,0.0828537848377,0.0000000950182
144854,0.2508509255787,3.7988709669922,0.0089404442269,0.0707490994104,0.0828529242250,0.0000000939730
144925,0.2508478634912,3.7988245949285,0.0089404442269,0.0706728204562,0.0828250255797,0.0000000939730
145120,0.2508516915147,3.7988825662806,0.0089138070680,0.0706708205670,0.0828137156991,0.0000000929393
145227,0.2508529914319,3.7989022521467,0.0089138070680,0.0706498498863,0.0828065047240,0.0000000919170
