0,0.2063240533919,3.124558757017,0.5553584234398,0.3201241934734,0.3965531191558,100000
1,0.2063266237679,3.124597682632,0.5552407902202,0.3200875044787,0.3964901525013,100000.0000000000000
2,0.2063276874683,3.1246137912463,0.5552407902202,0.3200824265191,0.3964885668801,100000.0000000000000
3,0.2063295238933,3.1246416019535,0.5551231570006,0.3200568187781,0.3964294005410,100000.0000000000000
4,0.2063335885033,3.1247031561558,0.5551231570006,0.3199126845144,0.3963787950061,100000.0000000000000
5,0.2063393752098,3.1247907896835,0.5551231570006,0.3197720041303,0.3963297920203,100000.0000000000000
7,0.2063456417752,3.1248856901634,0.5551231570006,0.3194880382672,0.3962297184761,100000.0000000000000
10,0.2063460702430,3.1248921788536,0.5551699910208,0.3193754442364,0.3962096698597,100000.0000000000000
11,0.2063539924056,3.1250121515956,0.5551699910208,0.3192575152378,0.3961692499665,100000.0000000000000
12,0.2063509365093,3.1249658732902,0.5551699910208,0.3190038155486,0.3960779880997,100000.0000000000000
13,0.2063423196377,3.1248353799177,0.5551699910208,0.3188960323459,0.3960376476263,100000.0000000000000
15,0.2063486873576,3.1249318122765,0.5552168250411,0.3184890464601,0.3959137317586,100000.0000000000000
16,0.2063529997584,3.1249971190085,0.5550991918214,0.3182693083951,0.3957857637271,100000.0000000000000
17,0.2063583566422,3.1250782433267,0.5550991918214,0.3182504766113,0.3957801859937,100000.0000000000000
18,0.2063613247810,3.1251231926377,0.5551460258417,0.3179313150443,0.3956869074725,100000.0000000000000
19,0.2063579935983,3.1250727454116,0.5550283926220,0.3177944829032,0.3955869107888,100000.0000000000000
20,0.2063670724240,3.1252102345887,0.5550283926220,0.3176440998937,0.3955351480338,100000.0000000000000
22,0.2063658906544,3.1251923379431,0.5550283926220,0.3164068190825,0.3950930087934,100000.0000000000000
24,0.2063804754784,3.1254132096190,0.5549107594024,0.3163626594760,0.3950299485878,100000.0000000000000
25,0.2063833504125,3.1254567474452,0.5549107594024,0.3162003887596,0.3949726108179,100000.0000000000000
26,0.2063850619000,3.1254826661054,0.5549107594024,0.3158636382044,0.3948527095098,100000.0000000000000
27,0.2063917063703,3.1255832895546,0.5548639253822,0.3159154261326,0.3948525572905,100000.0000000000000
28,0.2063973199679,3.1256683015309,0.5547462921626,0.3158494583431,0.3947797860425,100000.0000000000000
29,0.2064093276635,3.1258501453335,0.5547462921626,0.3156015661598,0.3946938261975,100000.0000000000000
31,0.2064008921062,3.1257223977738,0.5546286589430,0.3153483906443,0.3945511845141,100000.0000000000000
32,0.2064056586541,3.1257945820815,0.5545110257233,0.3146871918414,0.3942656492507,100000.0000000000000
34,0.2064065928349,3.1258087292583,0.5546286589430,0.3142944720201,0.3941760065902,100000.0000000000000
35,0.2064174453980,3.1259730798046,0.5546286589430,0.3142109544948,0.3941485044518,100000.0000000000000
36,0.2064327349568,3.1262046239415,0.5546286589430,0.3140623393850,0.3940987039609,100000.0000000000000
37,0.2064312733503,3.1261824894622,0.5546754929632,0.3138760323758,0.3940519242649,100000.0000000000000
38,0.2064296152227,3.1261573788808,0.5546754929632,0.3138482883628,0.3940416603758,100000.0000000000000
39,0.2064297609088,3.1261595851422,0.5546286589430,0.3137756689867,0.3939956843798,100000.0000000000000
40,0.2064292620477,3.1261520304195,0.5545818249227,0.3137637958062,0.3939712653364,100000.0000000000000
41,0.2064304666949,3.1261702735237,0.5545349909025,0.3137534479356,0.3939477560841,100000.0000000000000
42,0.2064240608840,3.1260732643168,0.5545349909025,0.3136327403618,0.3939032735626,100000.0000000000000
43,0.2064293659787,3.1261536043451,0.5544881568823,0.3135769088059,0.3938643988042,100000.0000000000000
44,0.2064226006876,3.1260511511931,0.5544881568823,0.3134552268766,0.3938194912671,100000.0000000000000
46,0.2064196686893,3.1260067491913,0.5543705236626,0.3135429373896,0.3937997739280,100000.0000000000000
47,0.2064129211462,3.1259045648141,0.5543705236626,0.3134919511786,0.3937801186648,100000.0000000000000
48,0.2064139675698,3.1259204117885,0.5542528904430,0.3133761772638,0.3936885808347,100000.0000000000000
50,0.2064181556136,3.1259838352663,0.5542528904430,0.3133563980905,0.3936824142822,100000.0000000000000
52,0.2064120773857,3.1258917869568,0.5542528904430,0.3128340429083,0.3934945563826,100000.0000000000000
53,0.2064138063679,3.1259179705575,0.5542528904430,0.3128293268069,0.3934932425569,100000.0000000000000
54,0.2064188250646,3.1259939733914,0.5542060564228,0.3128814239492,0.3934928523912,100000.0000000000000
56,0.2064321207722,3.1261953227684,0.5542060564228,0.3127867170261,0.3934618775703,100000.0000000000000
57,0.2064337157816,3.1262194774922,0.5542060564228,0.3125009670740,0.3933601658037,100000.0000000000000
58,0.2064282510724,3.1261367202731,0.5542060564228,0.3124608600495,0.3933446708572,100000.0000000000000
59,0.2064288148969,3.1261452587966,0.5542060564228,0.3123406864479,0.3933018725333,100000.0000000000000
60,0.2064329989957,3.1262086225306,0.5542528904430,0.3122372787540,0.3932859095297,100000.0000000000000
61,0.2064407499847,3.1263260030308,0.5542528904430,0.3118709983196,0.3931567560150,100000.0000000000000
62,0.2064415457367,3.1263380538505,0.5542528904430,0.3118224533646,0.3931395890494,100000.0000000000000
132469,0.2536370038135,3.8410631641851,0.0073641194175,0.8821435547003,0.3725581072462,0.0000029599940
132512,0.2536337387679,3.8410137185360,0.0072933202181,0.8821330436262,0.3725233111245,0.0000029599940
132592,0.2536256914662,3.8408918506933,0.0072262893366,0.8821734588643,0.3725072931957,0.0000029599940
132641,0.2536189495959,3.8407897522251,0.0072258100330,0.8821614330374,0.3725013481552,0.0000029599940
132661,0.2536202274256,3.8408091036003,0.0073132085622,0.8798877374438,0.3717270443478,0.0000029599940
132689,0.2536245095065,3.8408739511690,0.0073132085622,0.8798357331018,0.3717093889573,0.0000029599940
132691,0.2536254903745,3.8408888053731,0.0073600425824,0.8797459654848,0.3716976110030,0.0000029599940
132696,0.2536274377935,3.8409182969675,0.0073600425824,0.8796951549090,0.3716798816729,0.0000029599940
132703,0.2536342097414,3.8410208509284,0.0073495419775,0.8796712873104,0.3716683084029,0.0000029599940
132704,0.2536292044523,3.8409450511385,0.0073027079573,0.8775951532762,0.3709056876772,0.0000029599940
132718,0.2536288405262,3.8409395398654,0.0073495419775,0.8774121413923,0.3708603200289,0.0000029599940
132732,0.2536318799614,3.8409855688849,0.0073495419775,0.8773735201286,0.3708471780280,0.0000029599940
132764,0.2536366228881,3.8410573954742,0.0073495419775,0.8773637244311,0.3708446959061,0.0000029599940
132771,0.2536433272811,3.8411589263883,0.0073763168673,0.8750653202087,0.3700367488636,0.0000029599940
132824,0.2536346299722,3.8410272148790,0.0073746034947,0.8749868737674,0.3700061342659,0.0000029599940
132829,0.2536362061943,3.8410510850886,0.0074214375150,0.8748767161005,0.3699872017268,0.0000029599940
132849,0.2536360386386,3.8410485476363,0.0073506383156,0.8747781231669,0.3699216115460,0.0000029599940
132870,0.2536348445717,3.8410304647607,0.0072330050960,0.8748796158467,0.3699071888232,0.0000029599940
132920,0.2536397821232,3.8411052387360,0.0072085771409,0.8748363460148,0.3698823242349,0.0000029599940
132926,0.2536379646376,3.8410777148464,0.0072554111612,0.8746627375528,0.3698400034746,0.0000029599940
132938,0.2536290999027,3.8409434678460,0.0072554111612,0.8746306192447,0.3698266330642,0.0000029599940
132952,0.2536302644992,3.8409611044238,0.0072897226866,0.8744819804812,0.3697885022874,0.0000029599940
133100,0.2536305517933,3.8409654551884,0.0072433679700,0.8744634769418,0.3697620891364,0.0000029599940
133108,0.2536320731290,3.8409884942024,0.0072433679700,0.8743526494452,0.3697228338881,0.0000029599940
133165,0.2536258574565,3.8408943644404,0.0072433679700,0.8742588005717,0.3696879845034,0.0000029599940
133311,0.2536187592647,3.8407868698619,0.0072433679700,0.8742178840501,0.3696718504189,0.0000029599940
133399,0.2536056753582,3.8405887279878,0.0072433679700,0.8741409481076,0.3696415696023,0.0000029599940
133415,0.2536064447902,3.8406003802187,0.0071965339497,0.8741755729725,0.3696340287808,0.0000029599940
133454,0.2536070741878,3.8406099117762,0.0071965339497,0.8741680642845,0.3696314819775,0.0000029599940
133477,0.2536069671513,3.8406082908232,0.0071965339497,0.8721843356212,0.3689229845185,0.0000029599940
133504,0.2536080389809,3.8406245225445,0.0071965339497,0.8721346344279,0.3689054637701,0.0000029599940
133600,0.2536030903151,3.8405495802538,0.0071496999295,0.8721067589110,0.3688743760769,0.0000029599940
133628,0.2536162633209,3.8407490714421,0.0071742986709,0.7467420137993,0.3241146179275,0.0000029599940
133640,0.2536225207456,3.8408438334966,0.0071738193673,0.7467032466759,0.3241019079871,0.0000029599940
133676,0.2536249635966,3.8408808278812,0.0071492206259,0.7467197276694,0.3240977752066,0.0000029599940
133703,0.2536248596505,3.8408792537283,0.0072250387398,0.7465561075992,0.3240718106705,0.0000029599940
133737,0.2536202910351,3.8408100668976,0.0072668703733,0.7464984989104,0.3240681849926,0.0000029599940
133743,0.2536175405141,3.8407684131768,0.0072718727601,0.7464029477999,0.3240356140787,0.0000029599940
133835,0.2536158510641,3.8407428282508,0.0072250387398,0.7445029636375,0.3233366145585,0.0000029599940
133875,0.2536169241925,3.8407590796409,0.0071471822084,0.7445775681835,0.3233301219104,0.0000029599940
133920,0.2536164799467,3.8407523520105,0.0071705138253,0.7427482041462,0.3226866816802,0.0000029599940
133925,0.2536313812734,3.8409780167844,0.0071705138253,0.7425518849901,0.3226197608374,0.0000029599940
133940,0.2536238092305,3.8408633462329,0.0072173478456,0.7423744557733,0.3225748424023,0.0000029599940
133948,0.2536189799908,3.8407902125234,0.0072173478456,0.7423106995190,0.3225510374744,0.0000029599940
133979,0.2536246215846,3.8408756484731,0.0073226128291,0.7421661170365,0.3225457233507,0.0000029599940
133997,0.2536264090671,3.8409027179975,0.0073226128291,0.7421607853119,0.3225442021954,0.0000029599940
134007,0.2536272596300,3.8409155988702,0.0072828361409,0.7421806192854,0.3225344208687,0.0000029599940
134108,0.2536213664952,3.8408263535998,0.0072360021207,0.7422118531174,0.3225242412712,0.0000029599940
134133,0.2536235249971,3.8408590418194,0.0072516758988,0.7420706140237,0.3224809786073,0.0000029599940
134135,0.2536216005926,3.8408298987561,0.0072784507886,0.7420017675582,0.3224674531643,0.0000029599940
134180,0.2536226966697,3.8408464976801,0.0071658199558,0.7419506237756,0.3224011520444,0.0000029599940
134193,0.2536155882959,3.8407388489055,0.0072475825360,0.7417551966192,0.3223648745142,0.0000029599940
134198,0.2536138241155,3.8407121322653,0.0072132710105,0.7417932390101,0.3223633781043,0.0000029007941
134258,0.2536146420641,3.8407245192296,0.0071664369903,0.7418275993758,0.3223557532152,0.0000029007941
134270,0.2536112311936,3.8406728652160,0.0070488037706,0.7418958054088,0.3223289673749,0.0000029007941
134422,0.2536007580293,3.8405142602612,0.0070331299926,0.7418656223025,0.3223092261111,0.0000029007941
134482,0.2535984842335,3.8404798260378,0.0069867752759,0.7419053416110,0.3223030580293,0.0000029007941
134542,0.2535943008281,3.8404164728038,0.0069600003861,0.7419357992020,0.3223015643436,0.0000029007941
134552,0.2535961447508,3.8404443970557,0.0069131663659,0.7419396041583,0.3222832466599,0.0000029007941
134632,0.2535913787990,3.8403722217754,0.0069911606282,0.7418484085487,0.3222830816364,0.0000029007941
134726,0.2535953039066,3.8404316633627,0.0069911606282,0.7417978175478,0.3222658545163,0.0000029007941
134986,0.2535965751682,3.8404509152706,0.0069600003861,0.7418217011989,0.3222613024154,0.0000029007941
135028,0.2536068132186,3.8406059596752,0.0069844448688,0.7417332242373,0.3222423735754,0.0000029007941
135030,0.2536163070256,3.8407497333035,0.0069376108486,0.7401799660201,0.3216696011621,0.0000029007941
135149,0.2536241681550,3.8408687817623,0.0069341675757,0.7400165529781,0.3216114482007,0.0000029007941
135251,0.2536260025189,3.8408965612572,0.0068873335555,0.7400547214857,0.3216054011656,0.0000029007941
135255,0.2536383450126,3.8410834752208,0.0068873335555,0.7398820197218,0.3215463667843,0.0000029007941
135270,0.2536271628153,3.8409141327139,0.0068873335555,0.7398760429636,0.3215418360426,0.0000029007941
135348,0.2536299692531,3.8409566332360,0.0069341675757,0.7397896186338,0.3215316433130,0.0000029007941
135410,0.2536314025791,3.8409783394356,0.0069810015960,0.7397207167893,0.3215274143757,0.0000029007941
135433,0.2536318667390,3.8409853686455,0.0069810015960,0.7396704467407,0.3215095602498,0.0000029007941
135445,0.2536292625379,3.8409459307837,0.0068633683763,0.7397129371777,0.3214737631257,0.0000029007941
135575,0.2536263770857,3.8409022336735,0.0068633683763,0.7396572678881,0.3214532629254,0.0000029007941
135640,0.2536251959622,3.8408843468118,0.0068253050608,0.7396794261286,0.3214446106353,0.0000029007941
135672,0.2536274129740,3.8409179211020,0.0068253050608,0.7396516115916,0.3214351519460,0.0000029007941
135797,0.2536203723502,3.8408112983296,0.0069184937976,0.7380054783772,0.3208856765516,0.0000029007941
135840,0.2536161658105,3.8407475947515,0.0068542726267,0.7378545336723,0.3208033429681,0.0000029007941
135849,0.2536104622232,3.8406612199755,0.0068472152947,0.7378652126688,0.3208029101273,0.0000029007941
135864,0.2536140655786,3.8407157889687,0.0067970922602,0.7378756333956,0.3207859226625,0.0000029007941
136019,0.2536119601152,3.8406839039596,0.0067190979978,0.7379350036643,0.3207732490467,0.0000029007941
136021,0.2536137471564,3.8407109668025,0.0067190979978,0.7379148915155,0.3207664490738,0.0000029007941
136074,0.2536119196936,3.8406832918186,0.0067609296312,0.7378453754384,0.3207591581472,0.0000029007941
136085,0.2536079803020,3.8406236339144,0.0067233456192,0.7378415472397,0.3207408393443,0.0000029007941
136232,0.2536024253186,3.8405395095879,0.0067054791650,0.7378375844062,0.3207305766412,0.0000029007941
136265,0.2536037584683,3.8405596987251,0.0066470482017,0.7378445015650,0.3207082908886,0.0000029007941
136358,0.2536086087249,3.8406331507114,0.0066470482017,0.7363025440684,0.3201586311233,0.0000029007941
136443,0.2536124725438,3.8406916641480,0.0066470482017,0.7362634524116,0.3201454977786,0.0000029007941
136463,0.2536130134739,3.8406998559591,0.0066470482017,0.7362393672267,0.3201370118404,0.0000029007941
136544,0.2536091773598,3.8406417620837,0.0066425085908,0.7362111723523,0.3201241746704,0.0000029007941
136571,0.2536104410377,3.8406608991441,0.0066425085908,0.7360622910134,0.3200712735518,0.0000029007941
136787,0.2536078246671,3.8406212769885,0.0066425085908,0.7360405389955,0.3200629443231,0.0000029007941
136804,0.2536164642339,3.8407521140559,0.0066425085908,0.7360316297589,0.3200616137886,0.0000029007941
136813,0.2536180562481,3.8407762234211,0.0066425085908,0.7360005993977,0.3200508726627,0.0000029007941
136827,0.2536168182540,3.8407574753156,0.0066475109776,0.7359788506456,0.3200449838468,0.0000029007941
136828,0.2536135074514,3.8407073367248,0.0067161175008,0.6213518207848,0.2791354522345,0.0000029007941
136908,0.2536189013122,3.8407890210202,0.0067122114521,0.6211541059328,0.2790643215938,0.0000029007941
136920,0.2536162711759,3.8407491903987,0.0065980215053,0.6212419248397,0.2790461833399,0.0000029007941
136928,0.2536201522130,3.8408079645842,0.0066448555256,0.6209439121782,0.2789606536202,0.0000029007941
136950,0.2536209696094,3.8408203431849,0.0066448555256,0.6209236028443,0.2789535754431,0.0000029007941
136992,0.2536229715889,3.8408506610395,0.0066448555256,0.5172196110548,0.2419168645138,0.0000029007941
137109,0.2536352235869,3.8410362045432,0.0066448555256,0.5164378744531,0.2416402982986,0.0000029007941
137244,0.2536400444862,3.8411092119456,0.0065712466155,0.5165126409799,0.2416364870037,0.0000029007941
137345,0.2536349725664,3.8410324031039,0.0065712466155,0.5165125013324,0.2416353502896,0.0000029007941
137346,0.2536391286425,3.8410953424639,0.0065712466155,0.5165004780530,0.2416319468490,0.0000029007941
137380,0.2536422480802,3.8411425830375,0.0065662442287,0.5164944122680,0.2416283050681,0.0000029007941
137387,0.2536370878815,3.8410644373052,0.0065194102085,0.5165182238029,0.2416156317078,0.0000029007941
137414,0.2536422780369,3.8411430366990,0.0065070254446,0.5165292960132,0.2416153904889,0.0000029007941
137457,0.2536501178496,3.8412617623395,0.0065336626035,0.5164388394354,0.2415961804534,0.0000029007941
137459,0.2536533185484,3.8413102335249,0.0064785371822,0.5164891360243,0.2415912042043,0.0000029007941
137549,0.2536494627712,3.8412518418723,0.0064996926507,0.5164197630992,0.2415746685510,0.0000029007941
137557,0.2536578558987,3.8413789468781,0.0064528586305,0.5164415149698,0.2415641638806,0.0000029007941
137684,0.2536433632917,3.8411594717314,0.0064996926507,0.5163405304323,0.2415450641386,0.0000029007941
137686,0.2536328173185,3.8409997641629,0.0065079840518,0.5161797852952,0.2414889487673,0.0000029007941
137708,0.2536322574193,3.8409912850834,0.0065237955608,0.5161087532519,0.2414702365630,0.0000029007941
137736,0.2536297571748,3.8409534215340,0.0065237955608,0.5160857868878,0.2414614985234,0.0000029007941
137797,0.2536391155639,3.8410951444026,0.0065237955608,0.5160450140666,0.2414489421707,0.0000029007941
137845,0.2536526495212,3.8413001018186,0.0064769615405,0.5160870581098,0.2414467863111,0.0000029007941
137882,0.2536524562223,3.8412971745124,0.0064301275203,0.5161148386808,0.2414365947995,0.0000029007941
137942,0.2536410825815,3.8411249327956,0.0064329372310,0.5161180999714,0.2414365264991,0.0000029007941
137960,0.2536515175373,3.8412829591240,0.0064619047970,0.5160694125366,0.2414337888626,0.0000029007941
138114,0.2536487199122,3.8412405920620,0.0064619047970,0.5160088930667,0.2414115752751,0.0000029007941
138172,0.2536531669400,3.8413079375767,0.0064200731635,0.5159679843021,0.2413799900937,0.0000028427782
138228,0.2536614290613,3.8414330586329,0.0064200731635,0.5159518009538,0.2413759807810,0.0000028427782
138261,0.2536641927806,3.8414749122281,0.0063732391433,0.5160041492772,0.2413751971134,0.0000028427782
138419,0.2536436850304,3.8411643441216,0.0063683744874,0.5159625653947,0.2413538663564,0.0000028427782
138485,0.2536441860743,3.8411719319006,0.0063509873367,0.5159643825025,0.2413471710540,0.0000028427782
138507,0.2536449881530,3.8411840785310,0.0063597580414,0.5159440931539,0.2413438556055,0.0000028427782
138590,0.2536432623911,3.8411579436980,0.0063368892003,0.5159368403218,0.2413310945703,0.0000028427782
138631,0.2536360415489,3.8410485917084,0.0063079216343,0.5159714596968,0.2413294966383,0.0000028427782
138668,0.2536537703984,3.8413170763142,0.0063079216343,0.5159250631210,0.2413167254719,0.0000028427782
138750,0.2536641336324,3.8414740164907,0.0062867661658,0.5158544992618,0.2412846781572,0.0000028427782
138853,0.2536743598320,3.8416288814287,0.0062654729664,0.5158732567925,0.2412844429469,0.0000028427782
138882,0.2536791778526,3.8417018452359,0.0063123069867,0.5157984092753,0.2412788158467,0.0000028427782
138977,0.2536876549827,3.8418302223713,0.0063123069867,0.5157682176322,0.2412698496449,0.0000028427782
139046,0.2536912467956,3.8418846165651,0.0063346965241,0.5157067511292,0.2412582625127,0.0000028427782
139173,0.2536970807291,3.8419729652951,0.0063285977992,0.5157098005628,0.2412579879855,0.0000028427782
139292,0.2536963121717,3.8419613263089,0.0063981629296,0.5156101000171,0.2412520295842,0.0000028427782
139315,0.2536907707351,3.8418774071335,0.0063998763022,0.5155810352498,0.2412411961620,0.0000028427782
139525,0.2536894123566,3.8418568359336,0.0063998763022,0.5155504907974,0.2412299963478,0.0000028427782
139549,0.2536854140297,3.8417962855178,0.0063530422820,0.5155774897188,0.2412187103125,0.0000028427782
139553,0.2536849343336,3.8417890210292,0.0063530422820,0.5155429749765,0.2412062808268,0.0000028427782
139577,0.2536865748112,3.8418138643203,0.0063062082617,0.5155746183451,0.2411978618378,0.0000028427782
139699,0.2536843930885,3.8417808244468,0.0063285977992,0.5155210489333,0.2411878579091,0.0000028427782
139720,0.2536825513329,3.8417529330141,0.0063754318195,0.5154511619752,0.2411825753423,0.0000028427782
139761,0.2536894500959,3.8418574074558,0.0063754318195,0.5154284632489,0.2411759469606,0.0000028427782
139766,0.2536969801159,3.8419714416139,0.0063439465324,0.5154428350129,0.2411691996147,0.0000028427782
139767,0.2536983734257,3.8419925418125,0.0063334624551,0.5154248260737,0.2411585732412,0.0000028427782
139772,0.2536980667080,3.8419878968978,0.0063257880886,0.5153950429468,0.2411445816707,0.0000028427782
139821,0.2536931573938,3.8419135505457,0.0062839564552,0.5154340460540,0.2411395315130,0.0000028427782
139847,0.2536866424414,3.8418148885088,0.0062567022618,0.5154412867068,0.2411290410307,0.0000028427782
139867,0.2536818485750,3.8417422904912,0.0062660900009,0.5154293623213,0.2411277783812,0.0000028427782
139892,0.2536762750914,3.8416578859983,0.0062660900009,0.5154094472797,0.2411194715484,0.0000028427782
139943,0.2536724431669,3.8415998555700,0.0063129240211,0.5153284564950,0.2411097968645,0.0000028427782
140391,0.2536860269524,3.8418055675816,0.0062905344837,0.5153182395676,0.2410994632569,0.0000028427782
140770,0.2536982973452,3.8419913896536,0.0062418328322,0.5152747116864,0.2410656748186,0.0000028427782
141087,0.2536949475056,3.8419406598894,0.0063035362820,0.5151972014286,0.2410637190965,0.0000028427782
141148,0.2536928822307,3.8419093834933,0.0062974375571,0.5152029022567,0.2410626988085,0.0000028427782
141238,0.2536883719790,3.8418410805188,0.0062974375571,0.5151432125087,0.2410404145588,0.0000028427782
141280,0.2536865558039,3.8418135764754,0.0062848985346,0.5151558098689,0.2410391505689,0.0000028427782
141383,0.2536876737422,3.8418305064642,0.0062665693045,0.5151076581857,0.2410143377130,0.0000028427782
141480,0.2536769942185,3.8416687764148,0.0062665693045,0.5150916174510,0.2410063204098,0.0000028427782
141512,0.2536743934535,3.8416293905898,0.0062197352843,0.5151190521873,0.2409954895002,0.0000028427782
142086,0.2536725059061,3.8416008056888,0.0062665693045,0.5150489235657,0.2409901108124,0.0000028427782
142109,0.2536660501166,3.8415030396100,0.0062643766283,0.5150453042303,0.2409864950908,0.0000028427782
142110,0.2536734234081,3.8416147002826,0.0062773784267,0.5150034308541,0.2409786925039,0.0000028427782
142158,0.2536876793483,3.8418305913623,0.0062399321456,0.5149323284931,0.2409403052417,0.0000028427782
142298,0.2536974755832,3.8419789449411,0.0062454138360,0.5148678786243,0.2409217359205,0.0000028427782
142465,0.2537001440725,3.8420193563783,0.0061401653802,0.5148770957626,0.2408804930937,0.0000028427782
142510,0.2536999171902,3.8420159204874,0.0061277806164,0.5148918350003,0.2408804007336,0.0000028427782
142750,0.2536998254750,3.8420145315575,0.0061227782296,0.5148711559186,0.2408708518140,0.0000028427782
142972,0.2537037246722,3.8420735807601,0.0061340666553,0.5148262460664,0.2408604860201,0.0000027859227
143233,0.2537060969853,3.8421095069237,0.0061487818263,0.5147567677108,0.2408424871762,0.0000027859227
143350,0.2537030829858,3.8420638631006,0.0061498781643,0.5147512270951,0.2408403323871,0.0000027859227
143516,0.2536988298560,3.8419994539643,0.0061221446674,0.5147711300079,0.2408346434008,0.0000027859227
143561,0.2536967714632,3.8419682817906,0.0060920807633,0.5147891501323,0.2408277535450,0.0000027859227
143605,0.2536933615987,3.8419166430133,0.0061171422805,0.4206501813596,0.2072167032341,0.0000027859227
143677,0.2536859441151,3.8418043130987,0.0061204312948,0.4206477160699,0.2072156428902,0.0000027859227
143704,0.2536876329778,3.8418298891301,0.0060870783765,0.4206557918479,0.2072045948880,0.0000027859227
143732,0.2536917437572,3.8418921425204,0.0061176215841,0.4206140218644,0.2072036478642,0.0000027859227
143789,0.2536864118769,3.8418113968538,0.0061035234477,0.4206038943370,0.2071928462858,0.0000027859227
143922,0.2536751887888,3.8416414350992,0.0060692119222,0.4206312343055,0.2071855006734,0.0000027859227
144224,0.2536781933277,3.8416869356511,0.0060768862888,0.4205751721082,0.2071694113041,0.0000027859227
144294,0.2536736400126,3.8416179805269,0.0060566894275,0.4205771719974,0.2071604940421,0.0000027859227
144435,0.2536718593694,3.8415910145770,0.0060342998900,0.4205870395213,0.2071540410753,0.0000027859227
144709,0.2536603329390,3.8414164590249,0.0060451090121,0.4205477705961,0.2071421789908,0.0000027859227
144907,0.2536430786841,3.8411551616515,0.0060490150609,0.4204962234274,0.2071217459682,0.0000027859227
144951,0.2536466796777,3.8412096948761,0.0060490150609,0.4204621891921,0.2071103625256,0.0000027859227
145045,0.2536451066519,3.8411858730705,0.0060490150609,0.4203911677550,0.2070846606497,0.0000027302042
145051,0.2536419507632,3.8411380804860,0.0060479187228,0.4203508476328,0.2070691144850,0.0000027302042
145076,0.2536433382717,3.8411590928291,0.0060479187228,0.4203389302519,0.2070651556008,0.0000027302042
145149,0.2536346657945,3.8410277573688,0.0060715753847,0.3368372449659,0.1772514053230,0.0000027302042
145517,0.2536250320915,3.8408818651638,0.0060947527430,0.3368077268541,0.1772487319288,0.0000027302042
145633,0.2536232281642,3.8408545466002,0.0061415867633,0.3367362774689,0.1772428994583,0.0000027302042
145639,0.2536262860528,3.8409008550769,0.0061415867633,0.3367262393897,0.1772399696919,0.0000027302042
145705,0.2536249478576,3.8408805895317,0.0061014850301,0.3367691118079,0.1772378080567,0.0000027302042
145780,0.2536229919485,3.8408509693647,0.0060714211261,0.3366076109707,0.1771668255325,0.0000027302042
145921,0.2536225001671,3.8408435218571,0.0061182551463,0.3365347892543,0.1771607841179,0.0000027302042
146039,0.2536272874871,3.8409160207363,0.0062119231868,0.3364187816781,0.1771605221409,0.0000027302042
146204,0.2536242469274,3.8408699746873,0.0062119231868,0.3364086797622,0.1771562627653,0.0000027302042
146451,0.2536210999241,3.8408223166636,0.0062119231868,0.3364018809934,0.1771531602757,0.0000027302042
146602,0.2536208848772,3.8408190600058,0.0062119231868,0.3363873131397,0.1771479113893,0.0000027302042
147104,0.2536148843049,3.8407281877083,0.0061483190504,0.3363290000405,0.1770985405299,0.0000027302042
147176,0.2536089453333,3.8406382482891,0.0061348379485,0.3363351123154,0.1770936732334,0.0000027302042
147240,0.2535937054239,3.8404074560401,0.0061140075249,0.3363617204121,0.1770909831058,0.0000027302042
147367,0.2535845517207,3.8402688329215,0.0061014850301,0.3363512307891,0.1770799085206,0.0000027302042
147510,0.2535809058548,3.8402136201537,0.0061014850301,0.3363409047267,0.1770754393842,0.0000027302042
147532,0.2535746454417,3.8401188128436,0.0061467434087,0.3362572749846,0.1770636265500,0.0000027302042
148138,0.2535758025520,3.8401363360496,0.0061320282378,0.3361955960041,0.1770355397931,0.0000027302042
148266,0.2535812557333,3.8402189186920,0.0061788622580,0.3361158978228,0.1770283164187,0.0000027302042
148413,0.2535829171455,3.8402440790164,0.0061788622580,0.3360538366709,0.1770065077385,0.0000027302042
148755,0.2535677568077,3.8400144917940,0.0061281221890,0.3360748799501,0.1769890288077,0.0000027302042
149123,0.2535722326351,3.8400822734485,0.0060867698592,0.3361069625235,0.1769837235484,0.0000027302042
149425,0.2535759655395,3.8401388043229,0.0061296978307,0.3360462111325,0.1769812242332,0.0000027302042
149988,0.2535579968629,3.8398666877904,0.0061672818427,0.3359644018769,0.1769642636450,0.0000027302042
150215,0.2535515210012,3.8397686177406,0.0061600867797,0.3359596409998,0.1769580920487,0.0000027302042
150218,0.2535451432697,3.8396720337671,0.0061090216658,0.3359872423081,0.1769446979532,0.0000027302042
150342,0.2535479847978,3.8397150656934,0.0060114310489,0.3361006456707,0.1769439835029,0.0000027302042
150389,0.2535468025889,3.8396971623955,0.0060566894275,0.3360293894390,0.1769376779662,0.0000027302042
150576,0.2535396024970,3.8395881246471,0.0060474559469,0.3360328231006,0.1769334041911,0.0000027302042
150978,0.2535412140979,3.8396125306318,0.0060474559469,0.3359623354231,0.1769085753636,0.0000027302042
151053,0.2535375030709,3.8395563310669,0.0060870949042,0.3358034369081,0.1768680187985,0.0000027302042
151506,0.2535374915843,3.8395561571144,0.0060870949042,0.3358034369081,0.1768680163370,0.0000027302042
151579,0.2535465491871,3.8396933248937,0.0060838058899,0.3357914550696,0.1768642684463,0.0000027302042
151921,0.2535423451528,3.8396296592578,0.0061285849649,0.3357373966513,0.1768632520360,0.0000027302042
152147,0.2535418009016,3.8396214171501,0.0060861362970,0.3357498072186,0.1768493754700,0.0000027302042
152345,0.2535430570192,3.8396404397185,0.0060549760549,0.3357751918943,0.1768453562042,0.0000027302042
152360,0.2535425706458,3.8396330741101,0.0060169127393,0.3358122231054,0.1768421645643,0.0000027302042
152388,0.2535368720482,3.8395467748982,0.0060637467595,0.3357575335232,0.1768414831656,0.0000027302042
152584,0.2535381798714,3.8395665804919,0.0061193514844,0.3356839074783,0.1768392989937,0.0000027302042
152784,0.2535445988215,3.8396637886771,0.0061646098630,0.3356138441580,0.1768350483166,0.0000027302042
152933,0.2535465350769,3.8396931112091,0.0061646098630,0.3356055973357,0.1768325179348,0.0000027302042
153048,0.2535346702388,3.8395134308323,0.0061302983375,0.3356298661408,0.1768239379604,0.0000027302042
153216,0.2535282987248,3.8394169410165,0.0062031524821,0.3354743168590,0.1767982425259,0.0000027302042
153306,0.2535291692104,3.8394301235968,0.0061743226471,0.3355015770115,0.1767958091836,0.0000027302042
153437,0.2535317788524,3.8394696438552,0.0061959574192,0.3354460232098,0.1767857997944,0.0000027302042
153589,0.2535453730322,3.8396755132762,0.0062183469566,0.3353291927759,0.1767565831940,0.0000027302042
153719,0.2535445413837,3.8396629188421,0.0062183469566,0.3353103003443,0.1767496576866,0.0000027302042
154176,0.2535427320724,3.8396355187439,0.0062183469566,0.3353102037141,0.1767492354662,0.0000027302042
154347,0.2535418297537,3.8396218540850,0.0061730885781,0.3353612330778,0.1767478704370,0.0000027302042
154572,0.2535427499061,3.8396357888156,0.0062199225983,0.3352863231885,0.1767413858036,0.0000027302042
154616,0.2535368498941,3.8395464393980,0.0062199225983,0.3352554280030,0.1767290875205,0.0000027302042
154740,0.2535399089174,3.8395927650590,0.0062199225983,0.3352505104934,0.1767279867721,0.0000026756001
155409,0.2535343006512,3.8395078338211,0.0060797290549,0.3353712630452,0.1767098279649,0.0000026756001
155476,0.2535426723998,3.8396346150657,0.0060797290549,0.3353155937556,0.1766917400219,0.0000026756001
155508,0.2535417507911,3.8396206582800,0.0061193680121,0.3352594656294,0.1766884848995,0.0000026756001
155609,0.2535349235098,3.8395172663527,0.0061542965721,0.3351360334375,0.1766579083678,0.0000026756001
155790,0.2535247214777,3.8393627674068,0.0061647971770,0.3351160094345,0.1766530710477,0.0000026756001
155948,0.2535246583654,3.8393618116386,0.0061179631568,0.3351666208285,0.1766510612986,0.0000026756001
156063,0.2535270629339,3.8393982262756,0.0061033857168,0.3351691928598,0.1766462476715,0.0000026756001
156064,0.2535294400255,3.8394342248047,0.0061105807798,0.3351493396033,0.1766427501980,0.0000026756001
156153,0.2535229239859,3.8393355463021,0.0060981960159,0.3351219029531,0.1766262473442,0.0000026756001
156209,0.2535339587552,3.8395026561691,0.0060513619957,0.3351413098748,0.1766154712581,0.0000026756001
156333,0.2535359474959,3.8395327735358,0.0059913719185,0.3351779022637,0.1766032560941,0.0000026756001
156386,0.2535370637841,3.8395496785351,0.0060191054155,0.3350262145189,0.1765612068885,0.0000026756001
156406,0.2535393566169,3.8395844010531,0.0060191054155,0.3350121682544,0.1765566816868,0.0000026756001
156521,0.2535369087272,3.8395473303630,0.0060568602138,0.2619413702797,0.1504756242045,0.0000026756001
156534,0.2535311876593,3.8394606908624,0.0060139322423,0.2619712579675,0.1504666747335,0.0000026756001
156547,0.2535167700943,3.8392423521470,0.0060487065436,0.2618986693182,0.1504525640097,0.0000026756001
156552,0.2535198312998,3.8392887108538,0.0059872950834,0.2618328080892,0.1504033789176,0.0000026756001
156672,0.2535215093098,3.8393141225344,0.0060341291036,0.2617409894709,0.1503910178504,0.0000026756001
156722,0.2535205183099,3.8392991148930,0.0060809631239,0.2616552146701,0.1503802433588,0.0000026756001
156759,0.2535220456530,3.8393222448819,0.0060432083255,0.2615935304853,0.1503423599527,0.0000026756001
156831,0.2535114447775,3.8391617058773,0.0060861362970,0.2615325391190,0.1503367034078,0.0000026756001
156979,0.2535132383786,3.8391888680617,0.0061279679304,0.2614412013802,0.1503223949728,0.0000026756001
156991,0.2535091416349,3.8391268272268,0.0060850399589,0.2614265578667,0.1502978895708,0.0000026756001
157135,0.2535095801533,3.8391334681229,0.0060535546718,0.2614482088331,0.1502922223326,0.0000026756001
158139,0.2535005123925,3.8389961465120,0.0060910009529,0.2613952784944,0.1502874239548,0.0000026756001
158214,0.2534987430074,3.8389693510526,0.0061378349732,0.2613189924627,0.1502798715125,0.0000026756001
158401,0.2535141143649,3.8392021339439,0.0061274886268,0.2613214817129,0.1502796202443,0.0000026756001
158455,0.2535212762526,3.8393105931301,0.0061274886268,0.2613118758871,0.1502777242824,0.0000026756001
158481,0.2535174051954,3.8392519700788,0.0060098554072,0.2613915803805,0.1502549464237,0.0000026756001
158531,0.2535161647209,3.8392331844085,0.0060098554072,0.2613855181035,0.1502525155088,0.0000026756001
158683,0.2535244949286,3.8393593365610,0.0059874493420,0.2613421221381,0.1502291993949,0.0000026756001
158702,0.2535211943164,3.8393093522932,0.0060342833623,0.2612874325560,0.1502290318502,0.0000026756001
158784,0.2535160944987,3.8392321209685,0.0060223779020,0.2612731406464,0.1502177324386,0.0000026756001
158923,0.2535230342124,3.8393372155652,0.0060098554072,0.2612748351958,0.1502144579328,0.0000026756001
159035,0.2535223127569,3.8393262898878,0.0059182257843,0.2613700419487,0.1502090359086,0.0000026756001
159047,0.2535163296764,3.8392356824857,0.0059155538045,0.2613603182132,0.1502031359230,0.0000026756001
159069,0.2535129725167,3.8391848418647,0.0059139781629,0.2613581233277,0.1502009573690,0.0000026756001
159255,0.2535178149204,3.8392581749279,0.0059608121831,0.2612911146237,0.1501981350699,0.0000026756001
159356,0.2535127500783,3.8391814732725,0.0059623878248,0.2611669436990,0.1501533782628,0.0000026756001
159369,0.2535177584070,3.8392573190934,0.0060020267820,0.2611009113968,0.1501478566355,0.0000026756001
159731,0.2535194273431,3.8392825933586,0.0060488608023,0.2610103152788,0.1501359302312,0.0000026756001
159888,0.2535060196217,3.8390795476511,0.0059446756292,0.2611259650483,0.1501297098487,0.0000026756001
159965,0.2535017068181,3.8390142348191,0.0059446756292,0.2611163038436,0.1501253352462,0.0000026756001
160028,0.2535032508670,3.8390376178013,0.0059713127881,0.2610348623832,0.1501079958033,0.0000026756001
160445,0.2535114594765,3.8391619284775,0.0060165711666,0.2609512326411,0.1500992834739,0.0000026756001
160535,0.2535087578998,3.8391210159671,0.0060634051869,0.1982954299619,0.1277417039022,0.0000026756001
160569,0.2534940766051,3.8388986833445,0.0060165711666,0.1983437323315,0.1277357370338,0.0000026756001
160680,0.2534962241545,3.8389312056989,0.0060562101239,0.1982872802437,0.1277330238875,0.0000026756001
161039,0.2534881103203,3.8388083302947,0.0061426831014,0.1981700549371,0.1277264788753,0.0000026756001
161159,0.2534846831152,3.8387564289117,0.0061823220586,0.1980007641453,0.1276822716017,0.0000026756001
161565,0.2534761320021,3.8386269313809,0.0061442587430,0.1980461110391,0.1276803216900,0.0000026756001
161635,0.2534833128909,3.8387356783188,0.0061442587430,0.1980365933555,0.1276784612792,0.0000026756001
162203,0.2534882345400,3.8388102114693,0.0061370636800,0.1980275456763,0.1276732010058,0.0000026756001
162223,0.2534904404320,3.8388436173616,0.0061370636800,0.1980161980028,0.1276696209564,0.0000026756001
162664,0.2534950248207,3.8389130430627,0.0060544967513,0.1979540655954,0.1276130273534,0.0000026756001
162677,0.2534922566852,3.8388711225883,0.0060338205864,0.1979601999186,0.1276057637976,0.0000026756001
162705,0.2534998722371,3.8389864520381,0.0060701705294,0.1978968008354,0.1276003317189,0.0000026756001
163513,0.2534947297169,3.8389085740288,0.0060701705294,0.1978874266729,0.1275958818351,0.0000026756001
164534,0.2534869867870,3.8387913155758,0.0060322449447,0.1979166604555,0.1275884094505,0.0000026220881
165139,0.2534879369865,3.8388057053371,0.0060685948877,0.1978521844328,0.1275811644607,0.0000026220881
165428,0.2534923850135,3.8388730659853,0.0060217608675,0.1979005062317,0.1275793036717,0.0000026220881
165539,0.2534975258846,3.8389509190203,0.0059854109245,0.1978369117360,0.1275421144201,0.0000026220881
165650,0.2535035794022,3.8390425931179,0.0059854109245,0.1459694651986,0.1090193235533,0.0000026220881
165652,0.2535063306131,3.8390842572859,0.0060280138510,0.1459119295478,0.1090176230489,0.0000026220881
166127,0.2535021550885,3.8390210233988,0.0060504033885,0.1458575939227,0.1090069182293,0.0000026220881
166164,0.2534959327510,3.8389267927030,0.0060280138510,0.1458542825939,0.1089948067378,0.0000026220881
166292,0.2534946407507,3.8389072267296,0.0060748478712,0.1457683231967,0.1089839018188,0.0000026220881
166335,0.2535008275036,3.8390009185353,0.0060938106636,0.1457259642204,0.1089782262567,0.0000026220881
166467,0.2534950097520,3.8389128148637,0.0061406446838,0.1456338726733,0.1089641614804,0.0000026220881
166544,0.2535039121484,3.8390476322061,0.0061105807798,0.1454168115648,0.1088756627820,0.0000026220881
166557,0.2535044125733,3.8390552106096,0.0060817509447,0.1454427424149,0.1088726753902,0.0000026220881
166616,0.2535107852265,3.8391517176768,0.0060742308367,0.1454270049924,0.1088651975473,0.0000025696464
166619,0.2535082034086,3.8391126187858,0.0060273968165,0.1454393725751,0.1088489895715,0.0000025696464
166620,0.2535032565261,3.8390377035021,0.0060169127393,0.1453711827056,0.1088190828244,0.0000025696464
166808,0.2535041830572,3.8390517348326,0.0059700787191,0.1453831213209,0.1088034734351,0.0000025696464
166823,0.2535076654024,3.8391044712538,0.0059434415602,0.1454005105976,0.1087990141826,0.0000025696464
166839,0.2535043314060,3.8390539814176,0.0059194763810,0.1454029711764,0.1087889077419,0.0000025696464
166891,0.2535027187662,3.8390295596991,0.0059412488840,0.1452723017006,0.1087512255790,0.0000025696464
166922,0.2535017036214,3.8390141864095,0.0059495402851,0.1452405988938,0.1087432390745,0.0000025696464
167122,0.2535019356205,3.8390176997884,0.0059055159755,0.1452484649892,0.1087272305472,0.0000025696464
167185,0.2534966045331,3.8389369661298,0.0059380976007,0.1451719185455,0.1087127137093,0.0000025696464
167482,0.2534937180761,3.8388932538025,0.0059849316209,0.1450917957925,0.1087035516369,0.0000025696464
167507,0.2534929701339,3.8388819270118,0.0060115687798,0.1450300646977,0.1086927604692,0.0000025696464
167674,0.2534820901258,3.8387171608392,0.0059771195234,0.1450511497445,0.1086831954457,0.0000025696464
167766,0.2534831002388,3.8387324579280,0.0059302855032,0.1451018086290,0.1086814326343,0.0000025696464
167954,0.2534851829819,3.8387639988613,0.0059771195234,0.1450117574992,0.1086697895416,0.0000025696464
168082,0.2534892703764,3.8388258981128,0.0059504823645,0.1450289513635,0.1086653901524,0.0000025696464
168178,0.2534812200221,3.8387039840422,0.0059890249837,0.1033714209259,0.0938024938998,0.0000025696464
168200,0.2534832454025,3.8387346562791,0.0060168962116,0.1033222378638,0.0937973073426,0.0000025696464
168220,0.2534847627819,3.8387576353794,0.0060049907513,0.1032984968032,0.0937840512050,0.0000025696464
168240,0.2534909355148,3.8388511148660,0.0060402443562,0.1032333248812,0.0937772069348,0.0000025696464
168285,0.2534921245737,3.8388691219010,0.0060870783765,0.1031473285646,0.0937668204859,0.0000025696464
168340,0.2534908259284,3.8388494552962,0.0059962200467,0.1032131164450,0.0937510985922,0.0000025696464
168343,0.2534915126133,3.8388598544103,0.0060430540669,0.1030690152384,0.0937198527452,0.0000025696464
168403,0.2534833813121,3.8387367144849,0.0060430540669,0.1030325747151,0.0937050958509,0.0000025696464
168630,0.2534889318587,3.8388207716217,0.0060308566171,0.1028892215265,0.0936498602080,0.0000025696464
168839,0.2534892678501,3.8388258598549,0.0060347626658,0.1028778519114,0.0936475456502,0.0000025696464
169053,0.2534886397430,3.8388163478395,0.0060347626658,0.1028557786974,0.0936395277651,0.0000025696464
169461,0.2534787654261,3.8386668117920,0.0060347626658,0.1028518942143,0.0936360245246,0.0000025696464
169493,0.2534770247666,3.8386404513517,0.0060815966861,0.1027733576842,0.0936276744884,0.0000025696464
169727,0.2534756873011,3.8386201968565,0.0060577857655,0.1027941660965,0.0936246147842,0.0000025696464
169920,0.2534696788233,3.8385292048385,0.0061046197858,0.1027197003342,0.0936168040611,0.0000025696464
170461,0.2534640676156,3.8384442290549,0.0061726092745,0.1026070671854,0.0936045138872,0.0000025696464
170552,0.2534610649236,3.8383987564722,0.0061726092745,0.1026080945545,0.0936042373707,0.0000025696464
170702,0.2534683143842,3.8385085418572,0.0061802836411,0.1025643307146,0.0935934498980,0.0000025696464
170761,0.2534690763862,3.8385200815685,0.0061671275841,0.1025788371517,0.0935931557444,0.0000025696464
170936,0.2534803869213,3.8386913676158,0.0062139616043,0.1024795696843,0.0935801984865,0.0000025696464
170988,0.2534762676342,3.8386289853847,0.0061895171216,0.1024497296122,0.0935581824066,0.0000025696464
171063,0.2534815186474,3.8387085064056,0.0061074294964,0.1023792920927,0.0934989709560,0.0000025696464
171101,0.2534801330864,3.8386875235557,0.0061187179222,0.1022996395433,0.0934750646078,0.0000025696464
171154,0.2534850844592,3.8387625068395,0.0060101639245,0.1024214611258,0.0934731101824,0.0000025696464
171240,0.2534803415990,3.8386906812581,0.0060101639245,0.1024124139208,0.0934688627106,0.0000025696464
171242,0.2534779970545,3.8386551756198,0.0060101639245,0.1022906107980,0.0934248591929,0.0000025696464
171399,0.2534753879746,3.8386156638750,0.0059633299042,0.1022914837519,0.0934045401506,0.0000025696464
171541,0.2534926447740,3.8388769997817,0.0059409403667,0.1023013512758,0.0934021666358,0.0000025696464
171864,0.2534935696654,3.8388910062806,0.0058984916988,0.1023019845421,0.0933843987071,0.0000025696464
172192,0.2534942551267,3.8389013868641,0.0059453257191,0.1022333027449,0.0933800881014,0.0000025696464
172360,0.2534897616926,3.8388333385753,0.0059882536906,0.1021719421859,0.0933756084393,0.0000025696464
172579,0.2534857617909,3.8387727643096,0.0059838683382,0.1021656642458,0.0933706297594,0.0000025696464
172778,0.2534928983972,3.8388808406359,0.0059175922221,0.1022298648238,0.0933666837602,0.0000025696464
172824,0.2534921344820,3.8388692719509,0.0059797749755,0.1020778141785,0.0933388660137,0.0000025696464
172837,0.2534870824365,3.8387927640847,0.0060183175946,0.1020101387601,0.0933301319055,0.0000025696464
172920,0.2534990371884,3.8389738061117,0.0060651516149,0.1019347252114,0.0933258319508,0.0000025696464
173120,0.2534954621030,3.8389196652389,0.0061119856351,0.1018668229734,0.0933208867848,0.0000025696464
173491,0.2534979232887,3.8389569372838,0.0060510534784,0.1018800259712,0.0933000157566,0.0000025182534
173504,0.2534982392422,3.8389617220637,0.0060510534784,0.1018419602082,0.0932864885456,0.0000025182534
173943,0.2534975483915,3.8389512598631,0.0059916804357,0.1018328207051,0.0932576308082,0.0000025182534
174232,0.2534986516887,3.8389679681277,0.0060385144560,0.1017557054567,0.0932503977918,0.0000025182534
175350,0.2534952468049,3.8389164047780,0.0060385144560,0.1016934996704,0.0932274518216,0.0000025182534
175444,0.2535021070683,3.8390202961842,0.0060258377026,0.1016476461268,0.0932071127182,0.0000025182534
175792,0.2535087101043,3.8391202921548,0.0060482272401,0.1016014736778,0.0932016330102,0.0000025182534
175872,0.2535108183512,3.8391522193155,0.0060809631239,0.1015559933671,0.0931998714737,0.0000025182534
175876,0.2535071762041,3.8390970628644,0.0060568436861,0.1015784978034,0.0931967914104,0.0000025182534
176002,0.2535078370517,3.8391070706994,0.0060100096658,0.1015999939126,0.0931845384795,0.0000025182534
176068,0.2535038535427,3.8390467446841,0.0059974871711,0.1015315813641,0.0931538850339,0.0000025182534
176547,0.2535033809247,3.8390395873867,0.0060242620609,0.1014934941885,0.0931516561487,0.0000025182534
177947,0.2535129136814,3.8391839508671,0.0061210813847,0.1013581770466,0.0931468653275,0.0000025182534
178094,0.2535152740833,3.8392196966475,0.0061210813847,0.1013260894312,0.0931359112653,0.0000025182534
178190,0.2535205528231,3.8392996375583,0.0061210813847,0.0701373611579,0.0819982108976,0.0000025182534
178199,0.2535200389986,3.8392918562322,0.0061210813847,0.0700783640036,0.0819770303801,0.0000025182534
178416,0.2535267576650,3.8393936033017,0.0060742473645,0.0700249881828,0.0819393355783,0.0000025182534
178539,0.2535327762677,3.8394847486512,0.0060742473645,0.0699944318459,0.0819297123014,0.0000025182534
178592,0.2535268848801,3.8393955298393,0.0060687656741,0.0699645122108,0.0819154149813,0.0000025182534
178734,0.2535241543909,3.8393541794800,0.0060667272565,0.0699048904246,0.0818926627739,0.0000025182534
178827,0.2535236617045,3.8393467182663,0.0061135612767,0.0698281936436,0.0818852372137,0.0000025182534
178906,0.2535293436488,3.8394327652809,0.0060690741913,0.0698520018044,0.0818758917940,0.0000025182534
179018,0.2535400110593,3.8395943118884,0.0060412029634,0.0698762404168,0.0818748895030,0.0000025182534
179158,0.2535401021339,3.8395956911168,0.0060416657393,0.0698183862982,0.0818544451663,0.0000025182534
179262,0.2535402197200,3.8395974718332,0.0059915427048,0.0698142816260,0.0818315231085,0.0000025182534
179515,0.2535458688762,3.8396830223070,0.0059915427048,0.0697610552486,0.0818137242215,0.0000025182534
179771,0.2535460674515,3.8396860295193,0.0059915427048,0.0696909481508,0.0817887285241,0.0000025182534
179820,0.2535471790908,3.8397028641165,0.0060383767250,0.0696140374978,0.0817815703651,0.0000025182534
179971,0.2535420809362,3.8396256579775,0.0060852107453,0.0695575235094,0.0817803660591,0.0000025182534
180569,0.2535545399931,3.8398143371678,0.0061119856351,0.0694956835512,0.0817724251104,0.0000025182534
180711,0.2535577724054,3.8398632886198,0.0061119856351,0.0694264942341,0.0817484072998,0.0000025182534
180944,0.2535570448240,3.8398522701732,0.0061006972093,0.0694370260009,0.0817471748381,0.0000025182534
181238,0.2535482776531,3.8397195006758,0.0060739223195,0.0694690144382,0.0817452456477,0.0000025182534
181315,0.2535471426848,3.8397023127864,0.0060869241178,0.0694189663688,0.0817327003290,0.0000025182534
181474,0.2535539964353,3.8398061055616,0.0060505741748,0.0694347074015,0.0817242122402,0.0000025182534
181539,0.2535408381406,3.8396068371578,0.0060739223195,0.0692924079210,0.0816805777103,0.0000025182534
181613,0.2535583114424,3.8398714517640,0.0060764400406,0.0692256160386,0.0816615467689,0.0000025182534
181707,0.2535587320313,3.8398778211358,0.0061107350384,0.0691646928695,0.0816545764765,0.0000025182534
181814,0.2535650076717,3.8399728590478,0.0060639010181,0.0691721209102,0.0816385024054,0.0000025182534
182184,0.2535660749182,3.8399890213637,0.0060819052033,0.0691187038914,0.0816273696737,0.0000025182534
182210,0.2535766837493,3.8401496808474,0.0060350711831,0.0691423792219,0.0816180267469,0.0000025182534
182280,0.2535707934630,3.8400604787153,0.0059882371629,0.0691894967855,0.0816135205210,0.0000025182534
182484,0.2535744613763,3.8401160253683,0.0060170669979,0.0691257658015,0.0816039010803,0.0000025182534
182524,0.2535692209783,3.8400366651040,0.0060170669979,0.0690958219824,0.0815920839167,0.0000025182534
182629,0.2535649047618,3.8399713005869,0.0060639010181,0.0690257807657,0.0815862160159,0.0000025182534
182788,0.2535671255356,3.8400049318478,0.0060944442258,0.0689860581927,0.0815855952089,0.0000025182534
182836,0.2535661193351,3.8399896940097,0.0060476102056,0.0689460295248,0.0815510119188,0.0000025182534
183456,0.2535729033838,3.8400924312255,0.0060944442258,0.0688685903148,0.0815448805057,0.0000025182534
183908,0.2535746468189,3.8401188336996,0.0060867698592,0.0688371057115,0.0815307205835,0.0000025182534
184033,0.2535742418039,3.8401127001773,0.0060867698592,0.0688282555520,0.0815274730234,0.0000025182534
184712,0.2535675656961,3.8400115976123,0.0060867698592,0.0481280989053,0.0741331293407,0.0000025182534
184745,0.2535768132874,3.8401516425642,0.0060175297738,0.0480161957370,0.0740654712278,0.0000025182534
184754,0.2535825821230,3.8402390054559,0.0060593614072,0.0479621631065,0.0740653378818,0.0000025182534
184880,0.2535861093989,3.8402924223054,0.0061061954274,0.0478845185392,0.0740584352470,0.0000025182534
184943,0.2535907268260,3.8403623483366,0.0060263004784,0.0479591365302,0.0740518332857,0.0000025182534
184953,0.2535833333608,3.8402503821543,0.0060684406291,0.0478944135237,0.0740451936768,0.0000025182534
185060,0.2535786791967,3.8401798997807,0.0060928851118,0.0478642908326,0.0740439144589,0.0000025182534
185160,0.2535699393050,3.8400475433988,0.0061621251973,0.0476939983958,0.0740108972198,0.0000025182534
185269,0.2535778516602,3.8401673676186,0.0061621251973,0.0476540232136,0.0739983158737,0.0000025182534
185349,0.2535786200018,3.8401790033362,0.0060712668675,0.0477192942241,0.0739828523093,0.0000025182534
185358,0.2535749183097,3.8401229451397,0.0060440126741,0.0477267057509,0.0739730256949,0.0000025182534
185434,0.2535771303199,3.8401564436861,0.0060795582685,0.0476811481825,0.0739724629631,0.0000025182534
185493,0.2535886600201,3.8403310487559,0.0060327242483,0.0476773152115,0.0739534929720,0.0000025182534
185739,0.2535957805645,3.8404388818403,0.0059971786538,0.0477105334706,0.0739516486407,0.0000025182534
185761,0.2535881093303,3.8403227091434,0.0059880829042,0.0476410342213,0.0739212854659,0.0000025182534
185894,0.2535868232779,3.8403032332440,0.0059760231853,0.0475999393743,0.0739011647012,0.0000025182534
186020,0.2535955904720,3.8404360030915,0.0060228572056,0.0475168777930,0.0738934502582,0.0000024678884
186103,0.2535941067701,3.8404135340016,0.0060696912258,0.0474543015275,0.0738908553787,0.0000024678884
186271,0.2535950558675,3.8404279070748,0.0061041404822,0.0473461122630,0.0738671837008,0.0000024678884
186440,0.2535950257108,3.8404274503837,0.0061041404822,0.0472676306672,0.0738391480973,0.0000024678884
186467,0.2535887485844,3.8403323899679,0.0060573064620,0.0473222817902,0.0738372495340,0.0000024678884
186480,0.2535829790421,3.8402450163739,0.0060573064620,0.0473133954060,0.0738328394949,0.0000024678884
186532,0.2535725680482,3.8400873529232,0.0060228572056,0.0473554363289,0.0738308592159,0.0000024678884
186563,0.2535614514555,3.8399190039284,0.0060228572056,0.0473430628185,0.0738240579780,0.0000024678884
186619,0.2535613747557,3.8399178423921,0.0060228572056,0.0473347533315,0.0738210738684,0.0000024678884
186886,0.2535675821531,3.8400118468353,0.0060228572056,0.0473257674973,0.0738191947985,0.0000024678884
187717,0.2535600403017,3.8398976335021,0.0059613080144,0.0473883554426,0.0738135533003,0.0000024678884
187727,0.2535627754966,3.8399390551251,0.0059445378982,0.0472956760011,0.0737738524203,0.0000024678884
188353,0.2535662166521,3.8399911677722,0.0058884538698,0.0473046802949,0.0737537696178,0.0000024678884
188576,0.2535779278187,3.8401685209582,0.0058558722446,0.0472411868589,0.0737196393727,0.0000024678884
188610,0.2535860694887,3.8402918179079,0.0058737386988,0.0472077948400,0.0737171153471,0.0000024678884
189013,0.2535874308103,3.8403124336777,0.0059205727191,0.0471452184069,0.0737151300557,0.0000024678884
189185,0.2535821211036,3.8402320238062,0.0058737386988,0.0472045055889,0.0737150945320,0.0000024678884
189622,0.2535825596001,3.8402386643701,0.0059329574829,0.0471149849580,0.0737085963206,0.0000024678884
190399,0.2535757639691,3.8401357517537,0.0059797915032,0.0470310853209,0.0736972476808,0.0000024678884
190691,0.2535807203115,3.8402108102978,0.0059705414949,0.0470008334124,0.0736835412119,0.0000024185306
190733,0.2535854884653,3.8402830189251,0.0060173755152,0.0469290883966,0.0736790114621,0.0000024185306
191375,0.2535859982557,3.8402907391585,0.0060642095354,0.0468659701820,0.0736766502064,0.0000024185306
192041,0.2535849976426,3.8402755859354,0.0059906006253,0.0468805062290,0.0736500805589,0.0000024185306
192594,0.2535836257819,3.8402548105625,0.0059797915032,0.0467938269059,0.0736141972067,0.0000024185306
192938,0.2535839631280,3.8402599193104,0.0060266255234,0.0467302479002,0.0736116344304,0.0000024185306
193607,0.2535791047463,3.8401863442773,0.0059619250489,0.0467047965521,0.0735737748066,0.0000024185306
194004,0.2535853068576,3.8402802686688,0.0059531543443,0.0466744892647,0.0735605209259,0.0000024185306
194059,0.2535847979792,3.8402725622452,0.0058939355602,0.0467423942483,0.0735592841814,0.0000024185306
194504,0.2535957931860,3.8404390729801,0.0058471015399,0.0467708175314,0.0735517197468,0.0000024185306
195022,0.2535980881387,3.8404738276018,0.0058586819553,0.0467502192073,0.0735498180131,0.0000024185306
195428,0.2535947749053,3.8404236522005,0.0058994172506,0.0466856762103,0.0735435149479,0.0000024185306
195446,0.2535919610595,3.8403810394932,0.0059434415602,0.0465959651963,0.0735297398943,0.0000024185306
195476,0.2535899672585,3.8403508454935,0.0059403068045,0.0465398635479,0.0735079328816,0.0000024185306
195547,0.2535921044485,3.8403832109666,0.0059114769695,0.0465688782676,0.0735063976072,0.0000024185306
195749,0.2535901841918,3.8403541307174,0.0058847020797,0.0465260594838,0.0734792187480,0.0000024185306
196295,0.2535868368443,3.8403034386929,0.0059315360999,0.0464636808999,0.0734762951165,0.0000024185306
197150,0.2535806876432,3.8402103155704,0.0059357671936,0.0464112944934,0.0734580813256,0.0000024185306
197591,0.2535848041892,3.8402726562893,0.0059085130002,0.0463767043447,0.0734349294494,0.0000024185306
197598,0.2535851815942,3.8402783716880,0.0058856441591,0.0463851953874,0.0734282419053,0.0000024185306
198012,0.2535889139921,3.8403348948919,0.0058875117903,0.0463337582195,0.0734114717011,0.0000024185306
198044,0.2535851096053,3.8402772814926,0.0059239994642,0.0462684088011,0.0734029549719,0.0000024185306
198055,0.2535788465017,3.8401824334364,0.0058884538698,0.0462609529442,0.0733837162460,0.0000024185306
198116,0.2535870547243,3.8403067382547,0.0058731051366,0.0462726430352,0.0733830721549,0.0000024185306
199085,0.2535827617423,3.8402417255987,0.0058752978128,0.0462707372576,0.0733824113137,0.0000024185306
199207,0.2535838697058,3.8402585045306,0.0058884538698,0.0462534595828,0.0733821164464,0.0000024185306
200327,0.2535724365322,3.8400853612529,0.0059352878900,0.0461880917047,0.0733763925328,0.0000024185306
200932,0.2535727395456,3.8400899500700,0.0058845312933,0.0462139913369,0.0733639545058,0.0000024185306
201253,0.2535713144656,3.8400683687468,0.0059313653136,0.0461495186686,0.0733606949015,0.0000024185306
201519,0.2535697906943,3.8400452928477,0.0059089757761,0.0461593861925,0.0733542969787,0.0000024185306
204835,0.2535594436054,3.8398885971703,0.0059096093383,0.0461119918337,0.0733354247153,0.0000024185306
204907,0.2535522385331,3.8397794839994,0.0059067996276,0.0461194958919,0.0733353566303,0.0000024185306
205007,0.2535498395970,3.8397431546588,0.0059409568945,0.0460543725322,0.0733262230585,0.0000024185306
205135,0.2535559871335,3.8398362525723,0.0059067996276,0.0460464975120,0.0733100890519,0.0000024185306
206117,0.2535560259360,3.8398368401950,0.0059536336478,0.0459895086202,0.0733098159140,0.0000024185306
206299,0.2535523275130,3.8397808315046,0.0059409568945,0.0459812931619,0.0733006564082,0.0000024185306
207855,0.2535508302657,3.8397581572850,0.0059774445684,0.0459075383849,0.0732896321523,0.0000024185306
208282,0.2535434636285,3.8396465973846,0.0060609205212,0.0457987973384,0.0732849929075,0.0000024185306
208528,0.2535513215941,3.8397655979322,0.0060711126088,0.0457329422969,0.0732675251371,0.0000024185306
208548,0.2535543774493,3.8398118756149,0.0059975036988,0.0457891424092,0.0732567047562,0.0000024185306
209215,0.2535562193015,3.8398397685106,0.0059682110879,0.0457235683108,0.0732211261418,0.0000024185306
209489,0.2535594066170,3.8398880370210,0.0059241867783,0.0457443701494,0.0732103708049,0.0000023701600
210288,0.2535579968372,3.8398666874013,0.0059338995624,0.0456577879921,0.0731833091319,0.0000023701600
210363,0.2535620992738,3.8399288144497,0.0059338995624,0.0456519328882,0.0731820971169,0.0000023701600
210800,0.2535676880770,3.8400134509399,0.0059735385196,0.0455942187336,0.0731796706441,0.0000023701600
210876,0.2535718140047,3.8400759337357,0.0060203725399,0.0455198204170,0.0731740556670,0.0000023701600
211179,0.2535699575078,3.8400478190612,0.0060275676029,0.0455048166000,0.0731713829386,0.0000023701600
211418,0.2535763540160,3.8401446873865,0.0059835432933,0.0455354619476,0.0731648308247,0.0000023701600
211627,0.2535771696199,3.8401570388423,0.0059265171854,0.0454690651246,0.0731168526853,0.0000023701600
211689,0.2535769783313,3.8401541419801,0.0059020727026,0.0454844437960,0.0731118278707,0.0000023701600
211950,0.2535724971049,3.8400862785632,0.0058922056599,0.0454938096819,0.0731099838345,0.0000023701600
211974,0.2535690408989,3.8400339379921,0.0059265171854,0.0453942870073,0.0730884043461,0.0000023701600
212298,0.2535690213545,3.8400336420127,0.0059265171854,0.0453717520632,0.0730803519637,0.0000023701600
212393,0.2535643188067,3.8399624269180,0.0059595781141,0.0452967655859,0.0730667323596,0.0000023701600
213471,0.2535643158760,3.8399623825356,0.0059127440939,0.0453469943997,0.0730645988707,0.0000023701600
213738,0.2535587702404,3.8398783997730,0.0058659100737,0.0454029621227,0.0730633272698,0.0000023701600
214707,0.2535582077957,3.8398698821450,0.0059127440939,0.0453300011799,0.0730572209893,0.0000023227568
215343,0.2535573812786,3.8398573654196,0.0059796372445,0.0452396651856,0.0730534495165,0.0000023227568
216757,0.2535601064672,3.8398986355081,0.0060264712648,0.0451721038092,0.0730499761454,0.0000023227568
217882,0.2535667109319,3.8399986531150,0.0060661102220,0.0451023250802,0.0730434585378,0.0000023227568
218835,0.2535702512106,3.8400522668775,0.0060928851118,0.0450579711934,0.0730398514478,0.0000023227568
218869,0.2535686207296,3.8400275749737,0.0060336663278,0.0451246613210,0.0730379404829,0.0000023227568
219122,0.2535704431109,3.8400551730049,0.0060336663278,0.0451012108603,0.0730299558286,0.0000023227568
219213,0.2535695005857,3.8400408994601,0.0060805003480,0.0450120607085,0.0730179862420,0.0000023227568
219416,0.2535680035924,3.8400182290855,0.0060722089469,0.0450195447619,0.0730167848763,0.0000023227568
219480,0.2535629236974,3.8399412994688,0.0061190429672,0.0449437802236,0.0730087092867,0.0000023227568
219542,0.2535624314450,3.8399338448291,0.0060794040099,0.0448775505451,0.0729679622229,0.0000023227568
219769,0.2535679011722,3.8400166780412,0.0060325699897,0.0448412729703,0.0729361063076,0.0000023227568
219873,0.2535638283885,3.8399550000549,0.0059232281711,0.0447892451297,0.0728697914172,0.0000023227568
221057,0.2535686339600,3.8400277753350,0.0059389019492,0.0447301577892,0.0728564358944,0.0000023227568
222461,0.2535749685949,3.8401237066555,0.0059421909635,0.0446758745344,0.0728398160169,0.0000023227568
222477,0.2535702544565,3.8400523160329,0.0059421909635,0.0446616217599,0.0728337155678,0.0000023227568
222986,0.2535632536609,3.8399462964168,0.0059622500939,0.0446305539898,0.0728297165354,0.0000023227568
223290,0.2535610376972,3.8399127379981,0.0059622500939,0.0445617470697,0.0728046677859,0.0000023227568
223360,0.2535588799547,3.8398800612794,0.0059473806643,0.0445722952096,0.0728015999927,0.0000023227568
223669,0.2535570292708,3.8398520346365,0.0059942146845,0.0445030274984,0.0727965366723,0.0000023227568
224041,0.2535435491598,3.8396478926646,0.0060410487048,0.0444466677491,0.0727935913181,0.0000023227568
224761,0.2535534938170,3.8397984939407,0.0060150285804,0.0444387224512,0.0727817332278,0.0000023227568
225557,0.2535636339456,3.8399520554249,0.0060237992850,0.0443035582118,0.0727393920433,0.0000023227568
225952,0.2535535534275,3.8397993966794,0.0059678860429,0.0443692059402,0.0727367147315,0.0000023227568
226107,0.2535589824790,3.8398816139006,0.0060147200631,0.0443054681407,0.0727351863228,0.0000023227568
226171,0.2535601780320,3.8398997192811,0.0059678860429,0.0442934287722,0.0727110710153,0.0000023227568
227175,0.2535615465893,3.8399204446297,0.0059678860429,0.0442695733595,0.0727028444873,0.0000023227568
227766,0.2535634301090,3.8399489685358,0.0059598866314,0.0442235103696,0.0726833687117,0.0000023227568
227939,0.2535702794908,3.8400526951522,0.0059598866314,0.0442162426333,0.0726822408162,0.0000023227568
228737,0.2535754014495,3.8401302617788,0.0060067206516,0.0441566435706,0.0726821247222,0.0000023227568
228852,0.2535778109803,3.8401667515653,0.0060393188045,0.0441149927218,0.0726817363841,0.0000023227568
229040,0.2535746473449,3.8401188416650,0.0060393188045,0.0440480890035,0.0726571642771,0.0000023227568
229711,0.2535787994041,3.8401817201943,0.0059926225152,0.0440865702605,0.0726517846147,0.0000023227568
229741,0.2535759823023,3.8401390581774,0.0060394565354,0.0440267834371,0.0726499002361,0.0000023227568
229821,0.2535713193055,3.8400684420405,0.0060106267003,0.0440432192702,0.0726424153193,0.0000023227568
229992,0.2535736385438,3.8401035644436,0.0059861822176,0.0440555595362,0.0726368433299,0.0000023227568
230098,0.2535668890107,3.8400013499290,0.0059393481974,0.0441153463595,0.0726366777153,0.0000023227568
230658,0.2535725528295,3.8400871224526,0.0059323073930,0.0440802370613,0.0726223348681,0.0000023227568
231113,0.2535751217294,3.8401260257139,0.0059479811711,0.0439922574244,0.0725981813812,0.0000023227568
231278,0.2535722628883,3.8400827316008,0.0059299769859,0.0439791853249,0.0725851840861,0.0000023227568
232814,0.2535768636522,3.8401524052858,0.0059130526111,0.0439866078901,0.0725815675767,0.0000023227568
235101,0.2535826134142,3.8402394793277,0.0059598866314,0.0439054144781,0.0725738737444,0.0000023227568
237231,0.2535717385141,3.8400747905111,0.0060067206516,0.0438384553810,0.0725677011684,0.0000023227568
239852,0.2535609683093,3.8399116871930,0.0060051615376,0.0438218790123,0.0725588049440,0.0000022763017
239920,0.2535664808163,3.8399951682581,0.0059642719837,0.0437619302082,0.0725210518137,0.0000022763017
241787,0.2535701162649,3.8400502232682,0.0058973788330,0.0438070044489,0.0725092602884,0.0000022763017
242143,0.2535710500280,3.8400643641189,0.0059442128533,0.0437329096405,0.0725030696719,0.0000022763017
242707,0.2535767097058,3.8401500739321,0.0059827554724,0.0436724233343,0.0724991984731,0.0000022763017
242714,0.2535745763948,3.8401177672005,0.0059992005437,0.0436490724157,0.0724974496089,0.0000022763017
242829,0.2535800137018,3.8402001094438,0.0060295894927,0.0435873269219,0.0724895866194,0.0000022763017
243859,0.2535853862910,3.8402814716029,0.0060764235129,0.0435262221232,0.0724889864690,0.0000022763017
243921,0.2535870434284,3.8403065671903,0.0059587902933,0.0434893519094,0.0724257593994,0.0000022307756
244877,0.2535972326962,3.8404608728346,0.0060056243135,0.0434210969475,0.0724236377648,0.0000022307756
246644,0.2536053826214,3.8405842947995,0.0060524583338,0.0433458242040,0.0724185727776,0.0000022307756
247401,0.2536013210471,3.8405227865681,0.0059907548840,0.0433685488950,0.0723993740657,0.0000022307756
248307,0.2536152146803,3.8407331908934,0.0060297437513,0.0432458224082,0.0723752298993,0.0000022307756
248356,0.2536154489089,3.8407367380372,0.0059963908330,0.0432554208885,0.0723644140119,0.0000022307756
248404,0.2536205239259,3.8408135937815,0.0059619415766,0.0432532204868,0.0723499516908,0.0000022307756
249208,0.2536239051989,3.8408647995717,0.0059495568128,0.0432031078677,0.0723274711294,0.0000022307756
249682,0.2536201401725,3.8408077822438,0.0059963908330,0.0431334832024,0.0723218701091,0.0000022307756
249857,0.2536255333560,3.8408894562830,0.0060068749102,0.0431006213775,0.0723157826012,0.0000022307756
250071,0.2536344240577,3.8410240965221,0.0060068749102,0.0430935048019,0.0723151461174,0.0000022307756
250185,0.2536404614178,3.8411155259318,0.0059963908330,0.0430299039044,0.0722892320552,0.0000022307756
250476,0.2536476635620,3.8412245947589,0.0059440751224,0.0430232983950,0.0722659952425,0.0000022307756
251212,0.2536464596326,3.8412063625274,0.0059287263892,0.0429300953038,0.0722258724109,0.0000022307756
251448,0.2536395681944,3.8411019990116,0.0059150910287,0.0428989037531,0.0722074121086,0.0000022307756
251758,0.2536426711792,3.8411489904217,0.0059819841793,0.0428019045232,0.0722021029450,0.0000022307756
252362,0.2536312707984,3.8409763437573,0.0059700787191,0.0428099730331,0.0721974392768,0.0000022307756
252747,0.2536451108585,3.8411859367755,0.0059385934320,0.0428352178802,0.0721959273263,0.0000022307756
253210,0.2536436771719,3.8411642251136,0.0059185343015,0.0428599641873,0.0721958613044,0.0000022307756
253773,0.2536491684691,3.8412473849793,0.0059013014095,0.0427959067782,0.0721667748396,0.0000022307756
253834,0.2536428658466,3.8411519384527,0.0059481354297,0.0426943572807,0.0721492283230,0.0000022307756
253902,0.2536379746244,3.8410778660849,0.0059136861733,0.0427250817105,0.0721443892475,0.0000022307756
254219,0.2536382574571,3.8410821492859,0.0059387476906,0.0426235137534,0.0721189162344,0.0000022307756
255517,0.2536374427259,3.8410698110477,0.0059387476906,0.0425486900314,0.0720920188913,0.0000022307756
256156,0.2536368722718,3.8410611721261,0.0059396897700,0.0425237817435,0.0720834045824,0.0000022307756
256685,0.2536384574121,3.8410851773929,0.0059664646599,0.0424840951202,0.0720810454140,0.0000022307756
257934,0.2536347929696,3.8410296833015,0.0059756981404,0.0424536414421,0.0720733410687,0.0000022307756
258354,0.2536305263627,3.8409650700682,0.0060248790954,0.0423823854742,0.0720680557880,0.0000022307756
258685,0.2536435576992,3.8411624158266,0.0059780450752,0.0423414138835,0.0720361437833,0.0000022307756
258824,0.2536551600170,3.8413381206127,0.0059664646599,0.0422697639347,0.0720080776917,0.0000022307756
259190,0.2536506487417,3.8412698021375,0.0059865237903,0.0421729184873,0.0719811201002,0.0000022307756
259792,0.2536447958553,3.8411811663866,0.0059717920916,0.0421664708028,0.0719712495807,0.0000022307756
263641,0.2536440486562,3.8411698508481,0.0060186261119,0.0420943899539,0.0719654180292,0.0000021861601
263843,0.2536409566747,3.8411230260707,0.0060654601321,0.0420221028847,0.0719590103743,0.0000021861601
263992,0.2536462797199,3.8412036379405,0.0061122941523,0.0419561126586,0.0719566548119,0.0000021861601
264575,0.2536486203358,3.8412390840835,0.0060186261119,0.0420022493607,0.0719334903201,0.0000021861601
264683,0.2536472622854,3.8412185178514,0.0060186261119,0.0419875865407,0.0719279625879,0.0000021861601
264867,0.2536444525996,3.8411759681422,0.0060654601321,0.0419149239502,0.0719214813102,0.0000021861601
265989,0.2536504933569,3.8412674489992,0.0061122941523,0.0418484772124,0.0719191165033,0.0000021861601
266458,0.2536525029688,3.8412978824374,0.0060150285804,0.0419331296007,0.0719080948852,0.0000021861601
266506,0.2536491996742,3.8412478575481,0.0060150285804,0.0418627645112,0.0718822566472,0.0000021861601
266966,0.2536439694477,3.8411686513195,0.0060618626006,0.0417958612617,0.0718773135897,0.0000021861601
267460,0.2536402267957,3.8411119728286,0.0060618626006,0.0417900061578,0.0718744204843,0.0000021861601
267732,0.2536382778822,3.8410824586032,0.0061086966208,0.0417147774838,0.0718672071993,0.0000021861601
267758,0.2536380284539,3.8410786812757,0.0061086966208,0.0416894642439,0.0718581133076,0.0000021861601
267978,0.2536297873946,3.8409538791816,0.0060554388307,0.0417094382984,0.0718406561900,0.0000021861601
268320,0.2536253116633,3.8408860989819,0.0060640552768,0.0416662778476,0.0718279754206,0.0000021861601
268741,0.2536193312667,3.8407955322246,0.0060640552768,0.0416346693113,0.0718154051441,0.0000021861601
270352,0.2536149463413,3.8407291271840,0.0060477479365,0.0416412842489,0.0718098391348,0.0000021861601
271410,0.2536168588760,3.8407580904918,0.0060718673743,0.0415892563978,0.0718020044902,0.0000021861601
271637,0.2536184861956,3.8407827345200,0.0060820594619,0.0415473612755,0.0717917586954,0.0000021861601
271906,0.2536181943005,3.8407783140782,0.0060368010834,0.0415983906392,0.0717905244713,0.0000021861601
272165,0.2536234101039,3.8408573018840,0.0060368010834,0.0415922740681,0.0717894576538,0.0000021861601
273543,0.2536280126836,3.8409270030675,0.0059927767738,0.0416053461676,0.0717762449666,0.0000021861601
273672,0.2536271004574,3.8409131883706,0.0059747725886,0.0415922740681,0.0717636648032,0.0000021861601
274330,0.2536198682532,3.8408036643149,0.0059747725886,0.0415860580470,0.0717598950376,0.0000021861601
274542,0.2536254816733,3.8408886736028,0.0059846396314,0.0415438589695,0.0717502555468,0.0000021861601
275293,0.2536200649446,3.8408066429974,0.0059846396314,0.0415375434983,0.0717468392938,0.0000021861601
275403,0.2536205820396,3.8408144738530,0.0059503281059,0.0415635692086,0.0717415400569,0.0000021861601
275488,0.2536280907850,3.8409281858298,0.0059846396314,0.0414698082160,0.0717243679445,0.0000021424369
275863,0.2536360789916,3.8410491587391,0.0059580024725,0.0414881860573,0.0717212272926,0.0000021424369
275949,0.2536381203859,3.8410800734879,0.0059830639897,0.0414260844832,0.0717102262509,0.0000021424369
276147,0.2536358277208,3.8410453535093,0.0059830639897,0.0414197505525,0.0717074728473,0.0000021424369
276498,0.2536323588026,3.8409928204256,0.0059645805009,0.0414207834917,0.0716991769194,0.0000021424369
276651,0.2536322017609,3.8409904421961,0.0059645805009,0.0413463202977,0.0716725492698,0.0000021424369
276695,0.2536350035336,3.8410328720696,0.0059532920752,0.0413526325267,0.0716705661204,0.0000021424369
276871,0.2536378222013,3.8410755577997,0.0059379433420,0.0413643226177,0.0716687671246,0.0000021424369
277357,0.2536285662077,3.8409353856016,0.0059177464807,0.0413722843639,0.0716609713805,0.0000021424369
277396,0.2536309385765,3.8409713126093,0.0059645805009,0.0412970556899,0.0716546840846,0.0000021424369
277489,0.2536253159588,3.8408861640330,0.0059840060692,0.0412748479001,0.0716538731280,0.0000021424369
278207,0.2536199689121,3.8408051886876,0.0059525207821,0.0413090338123,0.0716514428921,0.0000021424369
278209,0.2536191329366,3.8407925287251,0.0059525207821,0.0412834881831,0.0716421403155,0.0000021424369
278465,0.2536206530819,3.8408155497123,0.0059769652648,0.0411989310956,0.0716227433080,0.0000021424369
278613,0.2536193040523,3.8407951200911,0.0059769652648,0.0411731072910,0.0716132314429,0.0000021424369
278852,0.2536218844681,3.8408341977494,0.0060237992850,0.0411007284887,0.0716080065398,0.0000021424369
279713,0.2536247846966,3.8408781186312,0.0059860610144,0.0411041092439,0.0715936618854,0.0000021424369
281841,0.2536225966631,3.8408449831873,0.0060004511404,0.0410417691438,0.0715770958965,0.0000021424369
282420,0.2536227356348,3.8408470877651,0.0059551927618,0.0410927985075,0.0715759540009,0.0000021424369
282568,0.2536182353439,3.8407789356373,0.0059622335662,0.0410111805239,0.0715488578606,0.0000021424369
283433,0.2536165870762,3.8407539743727,0.0060090675864,0.0409359109084,0.0715416943778,0.0000021424369
283522,0.2536141396553,3.8407169107808,0.0060090675864,0.0408747618519,0.0715193309817,0.0000021424369
284674,0.2536200892009,3.8408070103328,0.0060559016066,0.0408052263027,0.0715158434826,0.0000021424369
285184,0.2536216252980,3.8408302728936,0.0060222236434,0.0408183129506,0.0715064130362,0.0000021424369
285288,0.2536281208089,3.8409286405103,0.0060690576636,0.0407354220025,0.0714982727443,0.0000021424369
288691,0.2536353595653,3.8410382637909,0.0061478562745,0.0406096608343,0.0714886800367,0.0000020995882
289487,0.2536372554092,3.8410669743348,0.0061478562745,0.0405835130681,0.0714797478011,0.0000020995882
289751,0.2536341023078,3.8410192239605,0.0062415243150,0.0404628416939,0.0714761186631,0.0000020995882
289946,0.2536373783760,3.8410688365363,0.0061946902947,0.0405072492705,0.0714726088035,0.0000020995882
290255,0.2536312532716,3.8409760783327,0.0060770570751,0.0404366129374,0.0713956547823,0.0000020995882
291636,0.2536378145650,3.8410754421561,0.0060770570751,0.0404307792527,0.0713949773149,0.0000020995882
293131,0.2536421071630,3.8411404489949,0.0060020267820,0.0404962463946,0.0713871224396,0.0000020995882
293573,0.2536389064619,3.8410919777749,0.0060488608023,0.0403541030146,0.0713557428051,0.0000020995882
293692,0.2536423205596,3.8411436806604,0.0060956948225,0.0402830911601,0.0713511847439,0.0000020995882
294363,0.2536483995557,3.8412357406028,0.0061016392888,0.0402522498296,0.0713440202534,0.0000020995882
295758,0.2536590767023,3.8413974346540,0.0060559016066,0.0402547134057,0.0713275861982,0.0000020995882
295942,0.2536687016107,3.8415431936738,0.0060439961464,0.0402627819156,0.0713274279492,0.0000020995882
296039,0.2536674939636,3.8415249051408,0.0060400900976,0.0402614076910,0.0713250043522,0.0000020995882
296238,0.2536768601515,3.8416667461130,0.0059649055459,0.0403419127282,0.0713235412408,0.0000020995882
296327,0.2536753090325,3.8416432560617,0.0059677152566,0.0403356056082,0.0713221604770,0.0000020995882
296683,0.2536702690348,3.8415669306477,0.0060101639245,0.0402789659835,0.0713190443264,0.0000020995882
297041,0.2536653753451,3.8414928209127,0.0060569979447,0.0401970723016,0.0713088196580,0.0000020995882
297086,0.2536625501475,3.8414500362933,0.0061038319649,0.0401064317306,0.0712959143489,0.0000020995882
297153,0.2536662985365,3.8415068016660,0.0060585735864,0.0401080456429,0.0712778975245,0.0000020995882
298238,0.2536682080966,3.8415357199264,0.0060156456149,0.0401345525749,0.0712693757753,0.0000020995882
298796,0.2536627590251,3.8414531995233,0.0060624796351,0.0400570883750,0.0712606140544,0.0000020995882
300178,0.2536573460169,3.8413712252602,0.0061024105819,0.0400101727115,0.0712598117928,0.0000020995882
300936,0.2536411560794,3.8411260458441,0.0060624796351,0.0400466990294,0.0712522743711,0.0000020995882
301273,0.2536482561393,3.8412335687145,0.0060624796351,0.0400260160320,0.0712464090278,0.0000020995882
301602,0.2536507721625,3.8412716712136,0.0060471309020,0.0400140986510,0.0712361139396,0.0000020995882
301663,0.2536483515771,3.8412350140180,0.0060996008712,0.0399323145306,0.0712288737580,0.0000020995882
301845,0.2536502639533,3.8412639749257,0.0060996008712,0.0399058075986,0.0712198167915,0.0000020995882
302169,0.2536438326726,3.8411665800060,0.0060996008712,0.0398750343823,0.0712074482255,0.0000020995882
302279,0.2536494286954,3.8412513258317,0.0060231657228,0.0398949015908,0.0711829848841,0.0000020995882
303281,0.2536560430023,3.8413514924870,0.0060699997430,0.0398225202013,0.0711786234623,0.0000020995882
304458,0.2536538303145,3.8413179836804,0.0059747560609,0.0398236474399,0.0711377331792,0.0000020995882
304537,0.2536523946456,3.8412962419988,0.0059747560609,0.0398199092609,0.0711360904719,0.0000020995882
304902,0.2536518151323,3.8412874658844,0.0059324616516,0.0398462318147,0.0711272410272,0.0000020995882
305141,0.2536450522061,3.8411850485474,0.0060098388795,0.0397453583588,0.0711229272635,0.0000020995882
308174,0.2536478091748,3.8412267999107,0.0060566728997,0.0396691578000,0.0711163752802,0.0000020995882
309330,0.2536457297658,3.8411953094689,0.0060098388795,0.0397241635139,0.0711155028674,0.0000020995882
309644,0.2536444430294,3.8411758232123,0.0060342833623,0.0396378352325,0.0710948718160,0.0000020575964
312769,0.2536488624400,3.8412427504949,0.0060352254417,0.0396054904599,0.0710846708764,0.0000020164445
312979,0.2536509298789,3.8412740596621,0.0060107809590,0.0395796208091,0.0710653985311,0.0000020164445
315031,0.2536568219458,3.8413632887599,0.0060107809590,0.0395480143361,0.0710553730909,0.0000020164445
315592,0.2536549149277,3.8413344089952,0.0060112602626,0.0395218167088,0.0710458135645,0.0000020164445
315608,0.2536478348245,3.8412271883481,0.0059683322911,0.0395541799411,0.0710374569947,0.0000020164445
319419,0.2536423150473,3.8411435971828,0.0059683322911,0.0395486476024,0.0710342983500,0.0000020164445
336456,0.2536311649183,3.8409747403154,0.0059683322911,0.0395486476024,0.0710319090367,0.0000019761156
364760,0.2536305825603,3.8409659211213,0.0059683322911,0.0395486476024,0.0710317842457,0.0000019365933
407985,0.2536227378012,3.8408471205730,0.0059683322911,0.0395486476024,0.0710301032259,0.0000018599042
430879,0.2536145174364,3.8407226318749,0.0059683322911,0.0395486476024,0.0710283417191,0.0000018227061
438175,0.2536139226081,3.8407136238319,0.0059683322911,0.0395486476024,0.0710282142559,0.0000018227061
448223,0.2536013972112,3.8405239399927,0.0059683322911,0.0395486476024,0.0710255302423,0.0000018227061
492576,0.2535899717289,3.8403509131924,0.0059683322911,0.0395486476024,0.0710230819246,0.0000017505269
503186,0.2535891751505,3.8403388498584,0.0059683322911,0.0395486476024,0.0710229112293,0.0000017155164
518373,0.2535770304933,3.8401549319171,0.0059683322911,0.0395486476024,0.0710203088027,0.0000017155164
531277,0.2535765363233,3.8401474482382,0.0059683322911,0.0395486476024,0.0710202029092,0.0000016812061
590506,0.2535716244034,3.8400730624256,0.0059683322911,0.0395486476024,0.0710191503549,0.0000016146303
651034,0.2535583306668,3.8398717428968,0.0059683322911,0.0395486476024,0.0710163016971,0.0000015196771
658782,0.2535471169236,3.8397019226597,0.0059683322911,0.0395486476024,0.0710138987521,0.0000015196771
688072,0.2535360799578,3.8395347795297,0.0059683322911,0.0395486476024,0.0710115336880,0.0000014892836
719611,0.2535287169279,3.8394232742586,0.0059395189837,0.0395802816656,0.0710089052153,0.0000014303080
719845,0.2535288447171,3.8394252094911,0.0059874493420,0.0394837495643,0.0709949984304,0.0000014303080
721511,0.2535287518687,3.8394238033993,0.0059683322911,0.0394510985639,0.0709751244408,0.0000014303080
722123,0.2535289633451,3.8394270059853,0.0059872950834,0.0394239190864,0.0709735897120,0.0000014303080
732422,0.2535245977250,3.8393608933034,0.0059872950834,0.0394183129092,0.0709706520158,0.0000014303080
738163,0.2535188350091,3.8392736230883,0.0060114145212,0.0393853926002,0.0709679967968,0.0000014017018
738254,0.2535236797743,3.8393469919145,0.0059683322911,0.0393523376370,0.0709387658039,0.0000014017018
739440,0.2535220520273,3.8393223414148,0.0059214982708,0.0394070272191,0.0709378772716,0.0000014017018
740267,0.2535209407737,3.8393055126584,0.0059683322911,0.0393191480195,0.0709263254403,0.0000014017018
765527,0.2535191429934,3.8392782871842,0.0059683322911,0.0393191480195,0.0709259402017,0.0000013736678
788593,0.2535048727331,3.8390621792417,0.0059683322911,0.0393191480195,0.0709228822888,0.0000013461944
804774,0.2535023270044,3.8390236268827,0.0059683322911,0.0393191480195,0.0709223367755,0.0000013461944
862935,0.2534900522030,3.8388377380463,0.0059683322911,0.0393191480195,0.0709197064609,0.0000012670274
884873,0.2534791243614,3.8386722474859,0.0059683322911,0.0393191480195,0.0709173647806,0.0000012416869
1058424,0.2534703458219,3.8385393058249,0.0059683322911,0.0393191480195,0.0709154836650,0.0000010779401
1089130,0.2534587550813,3.8383637763622,0.0059683322911,0.0393191480195,0.0709129999348,0.0000010563813
1158630,0.2534486950062,3.8382114272052,0.0059683322911,0.0393191480195,0.0709108442045,0.0000009942576
1172240,0.2534366877898,3.8380295906590,0.0059683322911,0.0393191480195,0.0709082712295,0.0000009743724
1248251,0.2534237974401,3.8378343799977,0.0059683322911,0.0393191480195,0.0709055090117,0.0000008987301
1352031,0.2534140310808,3.8376864788532,0.0059683322911,0.0393191480195,0.0709034162204,0.0000008289600
1372477,0.2533999490868,3.8374732220040,0.0059683322911,0.0393191480195,0.0709003986503,0.0000008123808
1421407,0.2533996052405,3.8374680148166,0.0059683322911,0.0393191480195,0.0709003249689,0.0000007802106
1432379,0.2533861246576,3.8372638656998,0.0059683322911,0.0393191480195,0.0708974362726,0.0000007646064
1769317,0.2533850572878,3.8372477015167,0.0059683322911,0.0393191480195,0.0708972075505,0.0000005762394
1799866,0.2533843518665,3.8372370186599,0.0059683322911,0.0393191480195,0.0708970563888,0.0000005647146
1849518,0.2533843331969,3.8372367359292,0.0059683322911,0.0393191480195,0.0708970523882,0.0000005423519
1902500,0.2533826382593,3.8372110678978,0.0059683322911,0.0393191480195,0.0708966891873,0.0000005208748
1934238,0.2533823991893,3.8372074474366,0.0059683322911,0.0393191480195,0.0708966379580,0.0000005002482
2225632,0.2533813288979,3.8371912390103,0.0059683322911,0.0393191480195,0.0708964086098,0.0000003925531
2305973,0.2533733143824,3.8370698676810,0.0059683322911,0.0393191480195,0.0708946912136,0.0000003694678
2982598,0.2533608892675,3.8368817025065,0.0059683322911,0.0393191480195,0.0708920286890,0.0000002056519
3288724,0.2533597387510,3.8368642791550,0.0059683322911,0.0393191480195,0.0708917821498,0.0000001581510
