0,0.2063240533919,3.124558757017,0.5553584234398,0.3201241934734,0.3965531191558,10
3,0.2063321388131,3.124681202137,0.5551939562,0.3198703652339,0.3963937128435,10.0000000000000
4,0.2063375877801,3.1247637209578,0.5551939562000,0.3198299672050,0.3963804526118,10.0000000000000
13,0.2063608608525,3.1251161669330,0.5550294889601,0.3198666392037,0.3963280508812,10.0000000000000
16,0.2063671224333,3.1252109919277,0.5548650217203,0.3199610838724,0.3962926369274,10.0000000000000
17,0.2063666005225,3.1252030881417,0.5547473885007,0.3198624595055,0.3962068878642,10.0000000000000
18,0.2063726376356,3.1252945138102,0.5547473885007,0.3197969638584,0.3961847902287,10.0000000000000
19,0.2063759841790,3.1253451936588,0.5547005544804,0.3196993135181,0.3961305605007,10.0000000000000
20,0.2063802807794,3.1254102611103,0.5546537204602,0.3195063819718,0.3960425053542,10.0000000000000
22,0.2063878766791,3.1255252929465,0.5546537204602,0.3194026303763,0.3960070789057,10.0000000000000
23,0.2063821845312,3.1254390914105,0.5546537204602,0.3194045278519,0.3960065368296,10.0000000000000
24,0.2063836915569,3.1254619137139,0.5546537204602,0.3192092373495,0.3959371131557,10.0000000000000
25,0.2063855876158,3.1254906275139,0.5546068864400,0.3190935631208,0.3958761355065,10.0000000000000
29,0.2064089094431,3.1258438118304,0.5546308516191,0.3189450272979,0.3958383553238,10.0000000000000
30,0.2064129386216,3.1259048294613,0.5546308516191,0.3188879986585,0.3958188513480,10.0000000000000
31,0.2064140204753,3.1259212129859,0.5546308516191,0.3188583725496,0.3958085024206,10.0000000000000
32,0.2064184550461,3.1259883698530,0.5546308516191,0.3188446694327,0.3958045587155,10.0000000000000
33,0.2064237698405,3.1260688567729,0.5545132183995,0.3183220470667,0.3955686325180,10.0000000000000
34,0.2064274317029,3.1261243117920,0.5544663843793,0.3182978778488,0.3955407136163,10.0000000000000
35,0.2064376841284,3.1262795738916,0.5544663843793,0.3179318444005,0.3954121843331,10.0000000000000
36,0.2064370627142,3.1262701632329,0.5544663843793,0.3178623728939,0.3953872399205,10.0000000000000
39,0.2064502453316,3.1264697999795,0.5543487511596,0.3178724454565,0.3953432478739,10.0000000000000
42,0.2064515638210,3.1264897671018,0.5543487511596,0.3165251714192,0.3948623611083,10.0000000000000
48,0.2064516311952,3.1264907874120,0.5543487511596,0.3161881833780,0.3947420226738,10.0000000000000
49,0.2064474797540,3.1264279182419,0.5542311179400,0.3159376579671,0.3946012454812,10.0000000000000
51,0.2064440195875,3.1263755176940,0.5542779519603,0.3158566550814,0.3945916461379,10.0000000000000
52,0.2064406987913,3.1263252277603,0.5542779519603,0.3156625055363,0.3945215954155,10.0000000000000
53,0.2064426849369,3.1263553058272,0.5542779519603,0.3151144551429,0.3943262887348,10.0000000000000
59,0.2064369963052,3.1262691575395,0.5543716200007,0.3149992863057,0.3943240814606,10.0000000000000
60,0.2064461760317,3.1264081747516,0.5543716200007,0.3148319097724,0.3942662712115,10.0000000000000
62,0.2064512187791,3.1264845418089,0.5543716200007,0.3143419828622,0.3940923779038,10.0000000000000
63,0.2064559662628,3.1265564374097,0.5542539867811,0.3137864017004,0.3938445591412,10.0000000000000
64,0.2064554397158,3.1265484634137,0.5543008208013,0.3137234781158,0.3938420453239,10.0000000000000
65,0.2064578669035,3.1265852205954,0.5541831875817,0.3131103147942,0.3935731642980,10.0000000000000
66,0.2064552694333,3.1265458846665,0.5541831875817,0.3130514355994,0.3935515794134,10.0000000000000
67,0.2064522333576,3.1264999065232,0.5542300216019,0.3129146624955,0.3935221530116,10.0000000000000
72,0.2064646002012,3.1266871892398,0.5541831875817,0.3124984570586,0.3933560865276,10.0000000000000
74,0.2064706126540,3.1267782414546,0.5540655543621,0.3121817697342,0.3931938580575,10.0000000000000
75,0.2064664061905,3.1267145390305,0.5540655543621,0.3119102333530,0.3930959793935,10.0000000000000
76,0.2064616712632,3.1266428335831,0.5540655543621,0.3118020175760,0.3930563162744,10.0000000000000
77,0.2064662753730,3.1267125579393,0.5540187203419,0.3118534869769,0.3930556130753,10.0000000000000
79,0.2064599168766,3.1266162652613,0.5540187203419,0.3117009980433,0.3929997902070,10.0000000000000
60211,0.2444215516871,3.7015049247652,0.0777267668992,0.7637264697359,0.3584469717954,0.0000005219667
60214,0.2444249067270,3.7015557332819,0.0777267668992,0.7636892880042,0.3584344115427,0.0000005219667
60220,0.2444365584062,3.7017321855937,0.0776799328790,0.7634153378770,0.3583189972770,0.0000005219667
60221,0.2444309178219,3.7016467649326,0.0775622996594,0.7623658175538,0.3578925456565,0.0000005219667
60227,0.2444309024476,3.7016465321055,0.0775622996594,0.7623105430491,0.3578728014675,0.0000005219667
60230,0.2444313665366,3.7016535602415,0.0775475844884,0.7621462346863,0.3578079128552,0.0000005219667
60231,0.2444316913459,3.7016584791334,0.0775046565169,0.7620800761759,0.3577659567156,0.0000005219667
60235,0.2444397696938,3.7017808171359,0.0775046565169,0.7618893388905,0.3576995673311,0.0000005219667
60244,0.2444392220165,3.7017725231450,0.0775046565169,0.7617460216297,0.3576482652357,0.0000005219667
60245,0.2444389612950,3.7017685747943,0.0774578224967,0.7614708147411,0.3575298494693,0.0000005219667
60249,0.2444367430243,3.7017349814397,0.0773401892771,0.7614716719397,0.3574792660310,0.0000005219667
60250,0.2444360123593,3.7017239162941,0.0773401892771,0.7613429183953,0.3574331260512,0.0000005219667
60269,0.2444419055712,3.7018131627318,0.0772225560575,0.7612120211192,0.3573372256182,0.0000005219667
60273,0.2444416021398,3.7018085675856,0.0772225560575,0.7611390669892,0.3573111055507,0.0000005219667
60277,0.2444489171188,3.7019193451765,0.0772225560575,0.7610127158422,0.3572675476366,0.0000005219667
60281,0.2444437303233,3.7018407966657,0.0771757220372,0.7609889547026,0.3572378783362,0.0000005219667
60284,0.2444376390113,3.7017485502110,0.0771757220372,0.7608865836859,0.3572000119776,0.0000005219667
60285,0.2444278200978,3.7015998531905,0.0772225560575,0.7605306151131,0.3570908480146,0.0000005219667
60287,0.2444355056536,3.7017162427736,0.0772225560575,0.7604047146154,0.3570475304559,0.0000005219667
60288,0.2444467153860,3.7018860022705,0.0771757220372,0.7604025560574,0.3570290899049,0.0000005219667
60289,0.2444471101516,3.7018919805774,0.0771757220372,0.7603409797771,0.3570071829689,0.0000005219667
60290,0.2444485061190,3.7019131210214,0.0772225560575,0.7602685833463,0.3570016979595,0.0000005219667
60293,0.2444429711648,3.7018293000158,0.0773212264848,0.7601394726989,0.3569966882784,0.0000005219667
60297,0.2444410154349,3.7017996825630,0.0772035932651,0.7602282077406,0.3569775460428,0.0000005219667
60298,0.2444359841125,3.7017234885254,0.0772035932651,0.7601174316863,0.3569369050257,0.0000005219667
60299,0.2444313680674,3.7016535834238,0.0771567592449,0.7601539651142,0.3569288918030,0.0000005219667
60310,0.2444297782445,3.7016295072434,0.0771567592449,0.7599615518982,0.3568598321210,0.0000005219667
60317,0.2444282075068,3.7016057200877,0.0771567592449,0.7597070245545,0.3567685929116,0.0000005219667
60333,0.2444363655694,3.7017292652865,0.0771567592449,0.7595513475439,0.3567147421355,0.0000005219667
60335,0.2444331411627,3.7016804350701,0.0771567592449,0.7591401161935,0.3565671828518,0.0000005219667
60346,0.2444203467192,3.7014866768055,0.0771567592449,0.7591297016689,0.3565607217123,0.0000005219667
60349,0.2444123887509,3.7013661618227,0.0772035932651,0.7586197337970,0.3563969567735,0.0000005219667
60350,0.2443998580677,3.7011763979291,0.0771567592449,0.7586042972552,0.3563686868535,0.0000005219667
60353,0.2443991604667,3.7011658335017,0.0772743924645,0.7584334563309,0.3563579369887,0.0000005115274
60358,0.2444014349419,3.7012002780146,0.0772743924645,0.7583900565011,0.3563429244370,0.0000005115274
60361,0.2443966476405,3.7011277794169,0.0772743924645,0.7581482789363,0.3562555494564,0.0000005115274
60365,0.2443874919508,3.7009891262156,0.0772743924645,0.7581450195881,0.3562524234700,0.0000005115274
60376,0.2443820226445,3.7009062993782,0.0771567592449,0.7582885947361,0.3562521140774,0.0000005115274
60391,0.2443785303020,3.7008534115587,0.0771567592449,0.7582783161874,0.3562476948080,0.0000005115274
60393,0.2443719404733,3.7007536155978,0.0771193294915,0.7582875909364,0.3562335537894,0.0000005115274
60400,0.2443657117802,3.7006592886544,0.0771193294915,0.7582659450576,0.3562244883984,0.0000005115274
60402,0.2443600137345,3.7005729978014,0.0771661635118,0.7581670890638,0.3562080333995,0.0000005115274
60408,0.2443656873724,3.7006589190232,0.0772129975320,0.7569633045149,0.3557993978488,0.0000005115274
60411,0.2443701601227,3.7007266540786,0.0772129975320,0.7567640323918,0.3557291876799,0.0000005115274
60419,0.2443623889659,3.7006089681582,0.0772471382711,0.7564293023984,0.3556226077512,0.0000005115274
60423,0.2443680242663,3.7006943088015,0.0771295050515,0.7564190486314,0.3555697390189,0.0000005115274
60424,0.2443778143358,3.7008425690102,0.0771763390717,0.7555388785958,0.3552775621726,0.0000005115274
60427,0.2443790503765,3.7008612875348,0.0771295050515,0.7555273758287,0.3552536471844,0.0000005115274
60431,0.2443834676018,3.7009281817222,0.0771295050515,0.7554785432425,0.3552371535233,0.0000005115274
60432,0.2443825133237,3.7009137301935,0.0770953643124,0.7555043251380,0.3552315251097,0.0000005115274
60444,0.2443789249363,3.7008593878760,0.0770953643124,0.7554731179811,0.3552196107563,0.0000005115274
60453,0.2443875235395,3.7009896045928,0.0769777310928,0.7555855679100,0.3552111997661,0.0000005115274
60463,0.2443781008802,3.7008469084207,0.0769777310928,0.7554147293996,0.3551481668711,0.0000005115274
60478,0.2443824863218,3.7009133212791,0.0769777310928,0.7552974447925,0.3551072192489,0.0000005115274
60479,0.2443906146058,3.7010364155104,0.0769308970725,0.7552240563721,0.3550626791509,0.0000005115274
60480,0.2443889523070,3.7010112417603,0.0769777310928,0.7550828831171,0.3550319756474,0.0000005115274
60487,0.2443996519285,3.7011732761698,0.0768790606655,0.7550910257939,0.3549948891963,0.0000005115274
60498,0.2443995073529,3.7011710867246,0.0768322266452,0.7549245123021,0.3549153173886,0.0000005115274
60500,0.2444088251288,3.7013121945500,0.0768322266452,0.7548634737702,0.3548955145792,0.0000005115274
60516,0.2444130118082,3.7013755973646,0.0767853926250,0.7544898791888,0.3547429133656,0.0000005115274
60525,0.2444150030685,3.7014057528885,0.0767907200568,0.7538629077707,0.3545217048857,0.0000005012969
60539,0.2444234659571,3.7015339143513,0.0767907200568,0.7537354815052,0.3544780089813,0.0000005012969
60540,0.2444249960379,3.7015570858013,0.0767438860365,0.7537237662607,0.3544540811169,0.0000005012969
60541,0.2444202788889,3.7014856495868,0.0767438860365,0.7537252501414,0.3544536002567,0.0000005012969
60542,0.2444166169821,3.7014301938959,0.0767907200568,0.7535682544943,0.3544168174113,0.0000005012969
60548,0.2444184447015,3.7014578727655,0.0766730868372,0.7536171514705,0.3543842580343,0.0000005012969
60561,0.2444089803406,3.7013145450682,0.0766730868372,0.7534099655319,0.3543082349789,0.0000005012969
60565,0.2444021355332,3.7012108877264,0.0766262528169,0.7533790435652,0.3542756529519,0.0000005012969
60569,0.2443995035176,3.7011710286432,0.0766262528169,0.7533527871863,0.3542657116704,0.0000005012969
60575,0.2443980080796,3.7011483818230,0.0765086195973,0.7534110102086,0.3542357709190,0.0000005012969
60581,0.2443933373259,3.7010776482163,0.0765086195973,0.7532551821748,0.3541791171740,0.0000005012969
60586,0.2443985789251,3.7011570266715,0.0764617855771,0.7532126611305,0.3541449825636,0.0000005012969
60589,0.2443951521753,3.7011051321834,0.0764564581453,0.7525680407524,0.3539117435114,0.0000005012969
60593,0.2443928350286,3.7010700414564,0.0765740913649,0.7523701978611,0.3538910030415,0.0000005012969
60615,0.2443934632319,3.7010795549285,0.0765412012225,0.7523635432962,0.3538746652508,0.0000005012969
60621,0.2443879016680,3.7009953309486,0.0765412012225,0.7521696724420,0.3538042338964,0.0000005012969
60622,0.2443819678073,3.7009054689272,0.0764943672023,0.7520161543468,0.3537280627407,0.0000005012969
60624,0.2443932681175,3.7010766001284,0.0763767339826,0.7520364587950,0.3536873215874,0.0000005012969
60638,0.2443862829386,3.7009708170096,0.0764235680029,0.7515115020551,0.3535184119363,0.0000005012969
60642,0.2443799561744,3.7008750048815,0.0764235680029,0.7513974271215,0.3534763151534,0.0000005012969
60651,0.2443823634299,3.7009114602109,0.0764235680029,0.7513916988009,0.3534747851651,0.0000005012969
60655,0.2443969195910,3.7011318978185,0.0764235680029,0.7513545170692,0.3534646251526,0.0000005012969
60659,0.2444018061310,3.7012058992789,0.0764564581453,0.7512689995435,0.3534492260701,0.0000005012969
60665,0.2444044203566,3.7012454889505,0.0764096241251,0.7507496429727,0.3532442300488,0.0000005012969
60673,0.2444081801212,3.7013024265941,0.0764564581453,0.7506144374639,0.3532168197539,0.0000005012969
60676,0.2444091545986,3.7013171840201,0.0764096241251,0.7505866199506,0.3531870220214,0.0000005012969
60678,0.2444153161768,3.7014104945808,0.0764614605321,0.7504330323734,0.3531557052564,0.0000005012969
60681,0.2444185527559,3.7014595091350,0.0764836958110,0.7502751572693,0.3531095442486,0.0000005012969
60696,0.2444212485150,3.7015003335444,0.0763660625914,0.7504020134704,0.3531050134604,0.0000004912709
60699,0.2444206910663,3.7014918915761,0.0764128966116,0.7492482825650,0.3527129189781,0.0000004912709
60700,0.2444179780194,3.7014508053613,0.0764128966116,0.7482961220183,0.3523722802728,0.0000004912709
60703,0.2444305440096,3.7016411039426,0.0764128966116,0.7481177241041,0.3523112594442,0.0000004912709
60718,0.2444342260718,3.7016968648661,0.0764128966116,0.7478666681038,0.3522223856003,0.0000004912709
60727,0.2444348997559,3.7017070670958,0.0763660625914,0.7478366987431,0.3521917548951,0.0000004912709
60728,0.2444318450909,3.7016608074381,0.0764836958110,0.7476145940657,0.3521621914620,0.0000004912709
60734,0.2444403921243,3.7017902431859,0.0764368617908,0.7476370857276,0.3521519839825,0.0000004912709
60738,0.2444438539383,3.7018426686835,0.0764146265119,0.7476566488600,0.3521501832276,0.0000004912709
60741,0.2444336722648,3.7016884780472,0.0764146265119,0.7473717440998,0.3520462497403,0.0000004912709
60750,0.2444281901104,3.7016054566385,0.0763677924917,0.7473914095428,0.3520320266425,0.0000004912709
60752,0.2444233036072,3.7015314557349,0.0763868930149,0.7472000210764,0.3519708124495,0.0000004912709
60761,0.2444171820403,3.7014387511021,0.0763868930149,0.7471675724324,0.3519579118837,0.0000004912709
60773,0.2444201868491,3.7014842557418,0.0764539238965,0.7463699723395,0.3517024261160,0.0000004912709
60777,0.2444251425072,3.7015593039235,0.0764070898762,0.7464151474198,0.3516995502770,0.0000004912709
60783,0.2444177676379,3.7014476193566,0.0764539238965,0.7462746857599,0.3516678767923,0.0000004912709
60787,0.2444225216662,3.7015196140682,0.0764539238965,0.7460459462710,0.3515872028380,0.0000004912709
60788,0.2444260665016,3.7015732968368,0.0764539238965,0.7459306531583,0.3515467863339,0.0000004912709
60800,0.2444253599536,3.7015625969182,0.0764539238965,0.7456141673259,0.3514336042764,0.0000004912709
60802,0.2444284413997,3.7016092621479,0.0764539238965,0.7455760951119,0.3514206673669,0.0000004912709
60806,0.2444296482801,3.7016275390711,0.0764070898762,0.7452721112459,0.3512922885948,0.0000004912709
60807,0.2444311380231,3.7016500996472,0.0763602558560,0.7452785409313,0.3512748324187,0.0000004912709
60823,0.2444418701383,3.7018126261375,0.0764070898762,0.7451002963636,0.3512335451064,0.0000004912709
60847,0.2444468035410,3.7018873372847,0.0762894566566,0.7451325578922,0.3511957100017,0.0000004912709
60857,0.2444352970489,3.7017130836767,0.0762894566566,0.7449218211223,0.3511179811927,0.0000004912709
60858,0.2444421305103,3.7018165691957,0.0762426226364,0.7447479524424,0.3510372778258,0.0000004912709
60862,0.2444545566547,3.7020047499608,0.0761957886161,0.7443056334267,0.3508618977710,0.0000004814455
60869,0.2444580102494,3.7020570509864,0.0761489545959,0.7442892512505,0.3508367153269,0.0000004814455
60878,0.2444629896059,3.7021324580543,0.0761951550539,0.7435373059379,0.3505890306308,0.0000004814455
60889,0.2444647879970,3.7021596927782,0.0761483210337,0.7435644763100,0.3505790479817,0.0000004718166
60895,0.2444677344208,3.7022043132401,0.0760306878141,0.7436190533832,0.3505487569331,0.0000004718166
60908,0.2444628765785,3.7021307463748,0.0760560578486,0.7434494893154,0.3504980302431,0.0000004718166
60909,0.2444612642042,3.7021063286770,0.0760560578486,0.7433974849734,0.3504791117551,0.0000004718166
60910,0.2444615562499,3.7021107513995,0.0760560578486,0.7433282983027,0.3504544648110,0.0000004718166
60915,0.2444630810659,3.7021338431188,0.0760092238283,0.7432089652309,0.3503921008802,0.0000004718166
60928,0.2444591931753,3.7020749651440,0.0760092238283,0.7431565546602,0.3503725496998,0.0000004718166
60930,0.2444542024670,3.7019993861650,0.0758915906087,0.7431846308892,0.3503310932500,0.0000004718166
60934,0.2444564935811,3.7020340826555,0.0758915906087,0.7430622427504,0.3502878741534,0.0000004718166
60935,0.2444547412471,3.7020075454176,0.0758953589265,0.7429399503699,0.3502454377964,0.0000004718166
60937,0.2444603150656,3.7020919549808,0.0759421929468,0.7428569964067,0.3502370774936,0.0000004718166
60944,0.2444524405501,3.7019727038033,0.0759421929468,0.7428219359574,0.3502228685084,0.0000004718166
60958,0.2444443847773,3.7018507076770,0.0758953589265,0.7426532420111,0.3501408227105,0.0000004718166
60982,0.2444424944266,3.7018220803222,0.0757777257069,0.7426897206730,0.3501030314919,0.0000004718166
60995,0.2444435240826,3.7018376733696,0.0756600924873,0.7426606920317,0.3500424705236,0.0000004718166
61021,0.2444536468060,3.7019909712683,0.0756600924873,0.7422041791717,0.3498815993714,0.0000004718166
61026,0.2444571178415,3.7020435364160,0.0756132584671,0.7421380536563,0.3498386551863,0.0000004718166
61032,0.2444582503456,3.7020606869885,0.0756132584671,0.7386942147429,0.3486089553967,0.0000004623803
61042,0.2444567618830,3.7020381458026,0.0756029121208,0.7385926318594,0.3485679226908,0.0000004623803
61054,0.2444526112818,3.7019752893542,0.0754852789011,0.7383298316293,0.3484227618142,0.0000004623803
61056,0.2444454827723,3.7018673356443,0.0754852789011,0.7381300889965,0.3483498976218,0.0000004623803
61058,0.2444408180514,3.7017966933986,0.0755321129214,0.7379831106673,0.3483164775013,0.0000004623803
61067,0.2444411916943,3.7018023518235,0.0755130123981,0.7374188923760,0.3481068650965,0.0000004623803
61070,0.2444370541573,3.7017396932184,0.0753953791785,0.7374467098894,0.3480654990707,0.0000004623803
61073,0.2444271641318,3.7015899192814,0.0753953791785,0.7373637200988,0.3480337405686,0.0000004623803
61080,0.2444299068713,3.7016314551594,0.0753953791785,0.7373374641908,0.3480249511885,0.0000004623803
61100,0.2444339905021,3.7016932974133,0.0754422131987,0.7371655810087,0.3479845111245,0.0000004623803
61106,0.2444314000416,3.7016540676382,0.0753953791785,0.7369884137572,0.3479006102844,0.0000004623803
61115,0.2444344312299,3.7016999717675,0.0753485451583,0.7368689869427,0.3478385356680,0.0000004623803
61123,0.2444370182696,3.7017391497374,0.0753017111380,0.7368146305910,0.3477996053280,0.0000004623803
61129,0.2444398121717,3.7017814604187,0.0753017111380,0.7334695262705,0.3466055239068,0.0000004623803
61142,0.2444490209125,3.7019209170218,0.0752548771178,0.7334866282803,0.3465935333461,0.0000004623803
61160,0.2444482240384,3.7019088492101,0.0751372438982,0.7335915672074,0.3465804265387,0.0000004623803
61164,0.2444539800603,3.7019960180510,0.0751372438982,0.7335676663410,0.3465731239482,0.0000004623803
61170,0.2444544216245,3.7020027050726,0.0751801718697,0.7334792442646,0.3465600369582,0.0000004623803
61171,0.2444584782066,3.7020641377017,0.0751801718697,0.7334091917911,0.3465358874852,0.0000004623803
61172,0.2444625050754,3.7021251203546,0.0751801718697,0.7333334445177,0.3465096977880,0.0000004623803
61175,0.2444630780542,3.7021337975105,0.0752270058899,0.7322891321432,0.3461569235870,0.0000004623803
61178,0.2444664615906,3.7021850375771,0.0752270058899,0.7319265006690,0.3460281373897,0.0000004623803
61195,0.2444653818256,3.7021686856824,0.0751801718697,0.7317057341551,0.3459289891050,0.0000004623803
61201,0.2444660722358,3.7021791412123,0.0750625386500,0.7315838238034,0.3458351834018,0.0000004531326
61207,0.2444671396425,3.7021953059542,0.0750625386500,0.7315677648396,0.3458296767876,0.0000004531326
61219,0.2444682065887,3.7022114637204,0.0750625386500,0.7313359971396,0.3457471312403,0.0000004531326
61228,0.2444669824062,3.7021929247767,0.0750157046298,0.7312590253862,0.3456993072806,0.0000004531326
61235,0.2444709890340,3.7022536009007,0.0750157046298,0.7311106644987,0.3456471798124,0.0000004531326
61253,0.2444675961429,3.7022022191672,0.0749688706096,0.7309285857771,0.3455613529266,0.0000004531326
61255,0.2444747367921,3.7023103567198,0.0749688706096,0.7306261615467,0.3454548744120,0.0000004531326
61260,0.2444747136383,3.7023100060788,0.0749688706096,0.7305714048472,0.3454353134863,0.0000004531326
61261,0.2444787156301,3.7023706119965,0.0749688706096,0.7302806312443,0.3453323233406,0.0000004531326
61262,0.2444842396617,3.7024542675907,0.0749688706096,0.7302372737623,0.3453180222467,0.0000004531326
61266,0.2444824993552,3.7024279124960,0.0749688706096,0.7297921405007,0.3451586731590,0.0000004531326
61285,0.2444793651066,3.7023804476281,0.0749688706096,0.7295865778997,0.3450845863197,0.0000004531326
61309,0.2444821678854,3.7024228927387,0.0749688706096,0.7295314443096,0.3450654963473,0.0000004531326
61310,0.2444829973906,3.7024354547140,0.0749220365894,0.7295867474539,0.3450653534984,0.0000004531326
61317,0.2444745704023,3.7023078369221,0.0749220365894,0.7292835905296,0.3449552773851,0.0000004531326
61318,0.2444747522759,3.7023105912049,0.0748752025691,0.7292949727081,0.3449393096988,0.0000004531326
61327,0.2444814218865,3.7024115953773,0.0748283685489,0.7292453022539,0.3449029277302,0.0000004531326
61336,0.2444793061474,3.7023795547540,0.0748752025691,0.7290835345584,0.3448647719035,0.0000004531326
61355,0.2444937809933,3.7025987609284,0.0748752025691,0.7289447774294,0.3448183175387,0.0000004531326
61364,0.2444942835528,3.7026063716591,0.0748752025691,0.7288131352428,0.3447714101633,0.0000004531326
61365,0.2444978027644,3.7026596663836,0.0749220365894,0.7283384901883,0.3446227199122,0.0000004531326
61375,0.2445008520556,3.7027058446614,0.0748752025691,0.7283382747267,0.3446032246582,0.0000004440700
61436,0.2444990026917,3.7026778380083,0.0748322745976,0.7282940730011,0.3445686443333,0.0000004440700
61443,0.2444977420199,3.7026587464719,0.0747854405774,0.7280998751655,0.3444789460965,0.0000004440700
61452,0.2444963008390,3.7026369213170,0.0747386065572,0.7281147412980,0.3444638748822,0.0000004440700
61457,0.2445049562313,3.7027679980449,0.0747386065572,0.7280624283176,0.3444470464018,0.0000004440700
61460,0.2445097708133,3.7028409097777,0.0747347005084,0.7280126567659,0.3444286285229,0.0000004440700
61465,0.2445117676546,3.7028711498206,0.0746878664882,0.7280121865325,0.3444088167540,0.0000004440700
61466,0.2445166865582,3.7029456413931,0.0746878664882,0.7279254630181,0.3443788981210,0.0000004440700
61469,0.2445252189673,3.7030748556714,0.0747347005084,0.7275442291190,0.3442646432534,0.0000004440700
61471,0.2445271238347,3.7031037028664,0.0747347005084,0.7275356354090,0.3442619822571,0.0000004440700
61474,0.2445281031711,3.7031185338757,0.0747057329424,0.7275618097553,0.3442591254246,0.0000004440700
61480,0.2445390216691,3.7032838829373,0.0747525669627,0.7270332774179,0.3440927752766,0.0000004440700
61482,0.2445251232563,3.7030734062298,0.0747525669627,0.7268414981268,0.3440213044414,0.0000004440700
61483,0.2445155935152,3.7029290884174,0.0747057329424,0.7266002695455,0.3439130375663,0.0000004440700
61485,0.2445162979355,3.7029397561151,0.0747057329424,0.7264185928629,0.3438483039840,0.0000004440700
61525,0.2445164119241,3.7029414823509,0.0747057329424,0.7264059459878,0.3438438116690,0.0000004440700
61526,0.2445170408465,3.7029510067139,0.0747057329424,0.7255230337352,0.3435286206336,0.0000004440700
61533,0.2445186497984,3.7029753725821,0.0747057329424,0.7254952001574,0.3435190248455,0.0000004440700
61540,0.2445185719428,3.7029741935419,0.0747057329424,0.7253861960479,0.3434800781230,0.0000004440700
61547,0.2445135307289,3.7028978497082,0.0747057329424,0.7253709550559,0.3434735546515,0.0000004351886
61552,0.2445184849729,3.7029728764743,0.0746932104477,0.7251466017338,0.3433891233053,0.0000004351886
61556,0.2445255446083,3.7030797871582,0.0747221780137,0.7250924190726,0.3433836998050,0.0000004351886
61568,0.2445383158194,3.7032731935926,0.0747221780137,0.7250316908764,0.3433647478516,0.0000004351886
61579,0.2445407940915,3.7033107243920,0.0747690120339,0.7248676511821,0.3433267650277,0.0000004264848
61580,0.2445366189669,3.7032474965623,0.0747690120339,0.7246879279289,0.3432616834820,0.0000004264848
61585,0.2445456115738,3.7033836800485,0.0747690120339,0.7246283384849,0.3432423285250,0.0000004264848
61590,0.2445548382017,3.7035234075326,0.0747690120339,0.7245887101557,0.3432301526848,0.0000004264848
61599,0.2445609788249,3.7036164007521,0.0747690120339,0.7241641600110,0.3430798434809,0.0000004264848
61625,0.2445609565832,3.7036160639257,0.0747690120339,0.7240334145977,0.3430331439244,0.0000004264848
61627,0.2445527410807,3.7034916488610,0.0747221780137,0.7240215794355,0.3430070848930,0.0000004264848
61634,0.2445464086342,3.7033957506821,0.0746932104477,0.7239933769964,0.3429832409694,0.0000004264848
61637,0.2445579352033,3.7035703083335,0.0747400444679,0.7207462920696,0.3418461094832,0.0000004264848
61648,0.2445552762068,3.7035300406546,0.0746932104477,0.7206010415624,0.3417735927942,0.0000004264848
61651,0.2445563899336,3.7035469068642,0.0746463764274,0.7205936536330,0.3417511211808,0.0000004264848
61663,0.2445538479323,3.7035084109538,0.0745995424072,0.7206465916214,0.3417494111677,0.0000004264848
61698,0.2445494179548,3.7034413236470,0.0746463764274,0.7205817580950,0.3417453787789,0.0000004264848
61701,0.2445388792441,3.7032817260623,0.0745995424072,0.7204392089122,0.3416721383384,0.0000004264848
61704,0.2445348593912,3.7032208496566,0.0745995424072,0.7202189216846,0.3415926029314,0.0000004264848
61707,0.2445326773743,3.7031878053270,0.0746134862850,0.7173591110937,0.3405767503787,0.0000004264848
61714,0.2445150733038,3.7029212103683,0.0746134862850,0.7173420924413,0.3405668999877,0.0000004179551
61715,0.2445056771504,3.7027789155992,0.0746134862850,0.7167342488483,0.3403477995288,0.0000004179551
61727,0.2445092585607,3.7028331522567,0.0746134862850,0.7167126023056,0.3403408360657,0.0000004179551
61730,0.2445085814804,3.7028228985944,0.0744958530654,0.7159977930978,0.3400349877373,0.0000004179551
61731,0.2445106221901,3.7028538029769,0.0745956198308,0.7157753717968,0.3399987460385,0.0000004179551
61733,0.2445091895522,3.7028321071961,0.0745956198308,0.7153514795962,0.3398470489730,0.0000004179551
61740,0.2445083148458,3.7028188606958,0.0745956198308,0.7153187487001,0.3398351719302,0.0000004179551
61746,0.2445082332736,3.7028176253714,0.0746424538510,0.7149007775523,0.3397059507635,0.0000004179551
61761,0.2445044478077,3.7027602985091,0.0745248206314,0.7146193368511,0.3395542108190,0.0000004179551
61762,0.2445084859759,3.7028214522799,0.0745248206314,0.7144928020423,0.3395098851377,0.0000004179551
61778,0.2445141928093,3.7029078762129,0.0744969494035,0.7142286724779,0.3394048312313,0.0000004179551
61779,0.2445102847736,3.7028486931614,0.0744969494035,0.7139778910089,0.3393144289847,0.0000004179551
61783,0.2445174484175,3.7029571789432,0.0744969494035,0.7138148605270,0.3392577388792,0.0000004179551
61797,0.2445333347323,3.7031977603169,0.0744969494035,0.7136678221659,0.3392086293891,0.0000004179551
61799,0.2445343232955,3.7032127310571,0.0744501153832,0.7136935411093,0.3391979548381,0.0000004179551
61823,0.2445397253566,3.7032945395378,0.0744501153832,0.7136105779915,0.3391694827376,0.0000004179551
61830,0.2445344713285,3.7032149728585,0.0744501153832,0.7135923179584,0.3391618354341,0.0000004179551
61833,0.2445304120152,3.7031534988694,0.0744969494035,0.7134162946170,0.3391181718251,0.0000004179551
61840,0.2445344616835,3.7032148267965,0.0743793161839,0.7132570607380,0.3390117561317,0.0000004179551
61844,0.2445458507344,3.7033873018811,0.0743793161839,0.7132003541204,0.3389939442792,0.0000004179551
61848,0.2445467203886,3.7034004718709,0.0743793161839,0.7123247035108,0.3386813982731,0.0000004179551
61862,0.2445388852002,3.7032818162602,0.0742616829642,0.7122906726171,0.3386171511765,0.0000004179551
61904,0.2445495291306,3.7034430072867,0.0742148489440,0.7123194349527,0.3386096325585,0.0000004095960
61914,0.2445570862939,3.7035574525024,0.0742148489440,0.7121753997079,0.3385598107918,0.0000004095960
61919,0.2445446771107,3.7033695285970,0.0742148489440,0.7121574863958,0.3385507540696,0.0000004095960
61926,0.2445414986780,3.7033213946074,0.0741680149238,0.7121014926952,0.3385100035038,0.0000004095960
61929,0.2445451457662,3.7033766258859,0.0741680149238,0.7120986036121,0.3385097532072,0.0000004095960
61933,0.2445531683389,3.7034981192330,0.0741598612536,0.7120893245931,0.3385046639646,0.0000004095960
61948,0.2445551895608,3.7035287284927,0.0741927513961,0.7120067690577,0.3384897087391,0.0000004095960
61955,0.2445549446428,3.7035250194701,0.0741927513961,0.7119872590433,0.3384826883944,0.0000004095960
61963,0.2445517139198,3.7034760935999,0.0741927513961,0.7116702879790,0.3383687921451,0.0000004095960
61972,0.2445477937785,3.7034167272212,0.0741595362087,0.7116588522625,0.3383496328500,0.0000004095960
61982,0.2445554115457,3.7035320902194,0.0741595362087,0.7114768825618,0.3382862760499,0.0000004095960
61991,0.2445479553015,3.7034191733162,0.0741127021884,0.7113326271028,0.3382130867535,0.0000004095960
61994,0.2445466986773,3.7034001430763,0.0740237280175,0.7113967303583,0.3381975797092,0.0000004095960
62002,0.2445491502996,3.7034372702930,0.0740237280175,0.7113800296697,0.3381921405252,0.0000004095960
62006,0.2445504462920,3.7034568967219,0.0739768939973,0.7114200131703,0.3381866263365,0.0000004095960
62007,0.2445569885980,3.7035559730023,0.0740237280175,0.7112878254941,0.3381608900979,0.0000004095960
62008,0.2445670037502,3.7037076418502,0.0739707952724,0.7112542589449,0.3381283626864,0.0000004095960
62011,0.2445660550867,3.7036932753488,0.0739707952724,0.7110878100604,0.3380687133712,0.0000004095960
62017,0.2445687793475,3.7037345313859,0.0739421362237,0.7110475485034,0.3380426355644,0.0000004095960
62028,0.2445630980765,3.7036484945677,0.0739263247147,0.7110384298125,0.3380313851129,0.0000004095960
62037,0.2445593093530,3.7035911183726,0.0739263247147,0.7108705515595,0.3379706167246,0.0000004095960
62053,0.2445498667810,3.7034481206439,0.0739731587349,0.7104967075380,0.3378551493173,0.0000004014041
62074,0.2445579428160,3.7035704236206,0.0739731587349,0.7104129957883,0.3378269828428,0.0000004014041
62077,0.2445512892959,3.7034696631218,0.0739263247147,0.7104515104453,0.3378192406002,0.0000004014041
62086,0.2445438283713,3.7033566753394,0.0738794906944,0.7097615004729,0.3375511379746,0.0000004014041
62093,0.2445413570134,3.7033192492472,0.0738794906944,0.7097041760407,0.3375301353864,0.0000004014041
62104,0.2445368152689,3.7032504693476,0.0738794906944,0.7096912230199,0.3375245360766,0.0000004014041
62132,0.2445409804986,3.7033135473299,0.0738794906944,0.7095351970678,0.3374697050715,0.0000004014041
62142,0.2445483786446,3.7034255843982,0.0739393265130,0.7092287916695,0.3373875038114,0.0000004014041
62166,0.2445570558917,3.7035569920934,0.0738216932934,0.7092097081767,0.3373321334514,0.0000004014041
62167,0.2445544957128,3.7035182209012,0.0737748592732,0.7089870730708,0.3372320005808,0.0000004014041
62203,0.2445546019107,3.7035198291560,0.0737634165888,0.7089737995359,0.3372223787817,0.0000004014041
62221,0.2445599671791,3.7036010804510,0.0737634165888,0.7083415072802,0.3369977098194,0.0000003933760
62249,0.2445539392403,3.7035097937165,0.0737634165888,0.7080688362283,0.3368990355997,0.0000003933760
62293,0.2445610801075,3.7036179345696,0.0737634165888,0.7080140401248,0.3368809957485,0.0000003933760
62297,0.2445523356411,3.7034855089085,0.0737165825685,0.7080352143873,0.3368666124479,0.0000003933760
62299,0.2445528447114,3.7034932182380,0.0737165825685,0.7073516841449,0.3366226035907,0.0000003933760
62329,0.2445431175441,3.7033459106164,0.0736697485483,0.7073585567002,0.3366029019588,0.0000003933760
62330,0.2445506520125,3.7034600121410,0.0736697485483,0.7072279060481,0.3365578555406,0.0000003933760
62337,0.2445460785518,3.7033907519341,0.0736697485483,0.7061041239800,0.3361555247747,0.0000003933760
62340,0.2445475212001,3.7034125993115,0.0735521153287,0.7060638514468,0.3360910366290,0.0000003933760
62347,0.2445579819913,3.7035710168894,0.0735521153287,0.7060080933681,0.3360733646276,0.0000003933760
62350,0.2445573817930,3.7035619275233,0.0735521153287,0.7058904179362,0.3360312090737,0.0000003933760
62378,0.2445579085094,3.7035699040834,0.0735052813085,0.7058687419811,0.3360035088060,0.0000003933760
62389,0.2445537568840,3.7035070321233,0.0733876480888,0.7059289056394,0.3359736919559,0.0000003855085
62391,0.2445560413826,3.7035416284305,0.0733876480888,0.7055090696118,0.3358242400528,0.0000003777983
62397,0.2445545231518,3.7035186364371,0.0733408140686,0.7054587891417,0.3357858856840,0.0000003777983
62404,0.2445619935066,3.7036317670298,0.0733876480888,0.7042696411263,0.3353828624775,0.0000003777983
62410,0.2445554142654,3.7035321314054,0.0734344821091,0.7032627693520,0.3350419273008,0.0000003777983
62414,0.2445564138416,3.7035472689264,0.0733207549382,0.7033369803335,0.3350199052015,0.0000003777983
62416,0.2445504504675,3.7034569599560,0.0732031217186,0.7031892083029,0.3349154373734,0.0000003777983
62421,0.2445513649734,3.7034708091775,0.0732031217186,0.7025941920200,0.3347031275237,0.0000003777983
62433,0.2445662106773,3.7036956316033,0.0732031217186,0.7023883228619,0.3346327840466,0.0000003777983
62438,0.2445689341150,3.7037368751754,0.0732031217186,0.7023321817479,0.3346133172426,0.0000003777983
62439,0.2445613926574,3.7036226678058,0.0731562876983,0.7023508295877,0.3345982894358,0.0000003777983
62442,0.2445643008361,3.7036667090849,0.0731094536781,0.7021597262503,0.3345105897020,0.0000003777983
62456,0.2445676748740,3.7037178053073,0.0731094536781,0.7021436732418,0.3345055794928,0.0000003777983
62466,0.2445659938061,3.7036923473191,0.0730626196579,0.7020929648237,0.3344670373917,0.0000003777983
62475,0.2445697411649,3.7037490970888,0.0731094536781,0.6992694336806,0.3334795081404,0.0000003777983
62489,0.2445765955479,3.7038528994428,0.0731094536781,0.6992479257980,0.3334732955502,0.0000003777983
62512,0.2445733920198,3.7038043854117,0.0731562876983,0.6990954355638,0.3334382200049,0.0000003777983
62525,0.2445734409834,3.7038051269133,0.0731562876983,0.6990795194579,0.3334325461736,0.0000003777983
62529,0.2445645595796,3.7036706274810,0.0731562876983,0.6988780339490,0.3333586839053,0.0000003777983
62539,0.2445595539067,3.7035948218793,0.0731208963625,0.6982154788104,0.3331058167105,0.0000003777983
62555,0.2445544472175,3.7035174864923,0.0730032631429,0.6982716206074,0.3330743588248,0.0000003777983
62566,0.2445520597351,3.7034813306051,0.0730500971631,0.6953369918521,0.3320458372460,0.0000003702424
62571,0.2445463858216,3.7033954052085,0.0729324639435,0.6953493978341,0.3319986378783,0.0000003702424
62584,0.2445414456694,3.7033205918489,0.0729210212591,0.6953468022936,0.3319917482879,0.0000003702424
62585,0.2445451963758,3.7033773923145,0.0729171152103,0.6952526509523,0.3319572525108,0.0000003702424
62586,0.2445527759338,3.7034921766744,0.0729171152103,0.6952024466469,0.3319409465927,0.0000003702424
62587,0.2445529056052,3.7034941404098,0.0728741872389,0.6951283166558,0.3318961016805,0.0000003702424
62595,0.2445458695725,3.7033875871642,0.0728273532186,0.6951081754573,0.3318673289511,0.0000003702424
62596,0.2445475625108,3.7034132249179,0.0727805191984,0.6951098014559,0.3318482007144,0.0000003702424
62607,0.2445531746613,3.7034982149796,0.0726628859788,0.6951333681053,0.3318074057417,0.0000003702424
62634,0.2445626956879,3.7036424008195,0.0726628859788,0.6949421581211,0.3317411566816,0.0000003702424
62645,0.2445566667000,3.7035510981975,0.0726628859788,0.6949264561431,0.3317342569063,0.0000003702424
62649,0.2445542081938,3.7035138667314,0.0725452527591,0.6950059693018,0.3317117134032,0.0000003702424
62653,0.2445451445601,3.7033766076215,0.0725452527591,0.6949946999890,0.3317057464414,0.0000003702424
62669,0.2445412855738,3.7033181673711,0.0724984187389,0.6949412154548,0.3316657461735,0.0000003702424
62685,0.2445413396485,3.7033189862747,0.0724515847187,0.6948800306677,0.3316238343283,0.0000003702424
62698,0.2445460008361,3.7033895750130,0.0724476786699,0.6947705008127,0.3315840413280,0.0000003702424
62700,0.2445410411078,3.7033144651931,0.0724298122157,0.6946697784497,0.3315393492047,0.0000003702424
62709,0.2445410538137,3.7033146576098,0.0724298122157,0.6946574106474,0.3315349348552,0.0000003702424
62737,0.2445414415794,3.7033205299098,0.0724298122157,0.6944413614176,0.3314578575086,0.0000003628375
62766,0.2445432244022,3.7033475288689,0.0723868842442,0.6944082031651,0.3314279996070,0.0000003628375
62768,0.2445369314646,3.7032522290095,0.0723400502240,0.6944280327924,0.3314136614071,0.0000003628375
62771,0.2445315352429,3.7031705089597,0.0723400502240,0.6944063398731,0.3314047576027,0.0000003628375
62794,0.2445293659301,3.7031376570208,0.0723400502240,0.6942800765595,0.3313591987094,0.0000003628375
62818,0.2445440853866,3.7033605675628,0.0722932162037,0.6942125109058,0.3313181505651,0.0000003628375
62832,0.2445424525141,3.7033358394424,0.0722463821835,0.6941828230933,0.3312871261507,0.0000003628375
62853,0.2445415255925,3.7033218021987,0.0721995481633,0.6941327038420,0.3312489560691,0.0000003628375
62857,0.2445457433276,3.7033856753191,0.0720819149436,0.6941659179366,0.3312113078091,0.0000003628375
62866,0.2445369401958,3.7032523612343,0.0719642817240,0.6940172590914,0.3311059147420,0.0000003628375
62869,0.2445353746051,3.7032286520242,0.0720111157443,0.6938447254740,0.3310640318322,0.0000003628375
62870,0.2445268316594,3.7030992781810,0.0720579497645,0.6937312019391,0.3310417288043,0.0000003628375
62875,0.2445230228588,3.7030415979387,0.0721047837847,0.6931012681358,0.3308360079974,0.0000003628375
62890,0.2445221441569,3.7030282909324,0.0720579497645,0.6931087768237,0.3308184296555,0.0000003628375
62938,0.2445304545659,3.7031541432541,0.0719403165449,0.6931855251037,0.3307972063204,0.0000003555808
62942,0.2445291635835,3.7031345926961,0.0719403165449,0.6931646774003,0.3307894840729,0.0000003555808
62944,0.2445257058414,3.7030822288630,0.0719871505651,0.6930225286463,0.3307580474390,0.0000003555808
62949,0.2445209959653,3.7030109027885,0.0719871505651,0.6930240839868,0.3307575936586,0.0000003555808
62955,0.2445202867360,3.7030001622636,0.0719871505651,0.6928875950815,0.3307086956433,0.0000003555808
62957,0.2445186821414,3.7029758623817,0.0720339845853,0.6925534167795,0.3306090741310,0.0000003555808
62959,0.2445105254671,3.7028523382085,0.0720808186056,0.6924659455258,0.3305961582617,0.0000003555808
62960,0.2445078989705,3.7028125627069,0.0720808186056,0.6922053513732,0.3305025261008,0.0000003555808
62970,0.2445146189077,3.7029143290216,0.0721054173469,0.6895408183474,0.3295628894673,0.0000003555808
63008,0.2445131851372,3.7028926160892,0.0721054173469,0.6895227974271,0.3295561461878,0.0000003555808
63039,0.2445144376496,3.7029115840604,0.0719877841273,0.6895215869530,0.3295055680341,0.0000003555808
63043,0.2445090275780,3.7028296542694,0.0719877841273,0.6893307590832,0.3294362559224,0.0000003555808
63053,0.2445176944288,3.7029609045242,0.0719567616161,0.6893571150753,0.3294342305971,0.0000003555808
63096,0.2445202601012,3.7029997589076,0.0718391283965,0.6893669248044,0.3293878696217,0.0000003484692
63120,0.2445239843297,3.7030561583951,0.0718552649504,0.6892351469078,0.3293485198022,0.0000003484692
63143,0.2445277447605,3.7031131061276,0.0718552649504,0.6891085699452,0.3293041195507,0.0000003484692
63150,0.2445272464432,3.7031055596407,0.0718552649504,0.6890721439101,0.3292910034702,0.0000003484692
63159,0.2445243917636,3.7030623285496,0.0718552649504,0.6886999248794,0.3291574563850,0.0000003484692
63167,0.2445250309513,3.7030720083690,0.0718084309302,0.6887292343390,0.3291479892950,0.0000003484692
63173,0.2445359974077,3.7032380837080,0.0717861956513,0.6887329702785,0.3291421441088,0.0000003484692
63186,0.2445409166962,3.7033125811100,0.0717861956513,0.6885865996529,0.3290909230186,0.0000003484692
63192,0.2445333766192,3.7031983946488,0.0717861956513,0.6885717792652,0.3290840142922,0.0000003484692
63198,0.2445315793014,3.7031711761788,0.0717393616311,0.6885935909108,0.3290713473032,0.0000003484692
63203,0.2445298205451,3.7031445416811,0.0716925276109,0.6880795768844,0.3288673222659,0.0000003484692
63209,0.2445266707653,3.7030968416112,0.0716925276109,0.6880718424142,0.3288638850023,0.0000003484692
63210,0.2445184734576,3.7029727020873,0.0716925276109,0.6874412211687,0.3286369065629,0.0000003484692
63218,0.2445173510335,3.7029557041656,0.0717393616311,0.6873688985764,0.3286309082692,0.0000003484692
63225,0.2445223497882,3.7030314050001,0.0717861956513,0.6866997355904,0.3284130643732,0.0000003484692
63226,0.2445283950684,3.7031229543503,0.0717861956513,0.6866770448085,0.3284062559397,0.0000003484692
63230,0.2445326876773,3.7031879613549,0.0717861956513,0.6866687678237,0.3284042197184,0.0000003484692
63243,0.2445378560374,3.7032662306824,0.0716685624317,0.6866982791620,0.3283654527509,0.0000003414998
63244,0.2445415172403,3.7033216757142,0.0716217284115,0.6867199040737,0.3283538887542,0.0000003346698
63247,0.2445348782135,3.7032211347006,0.0715809931161,0.6866560154068,0.3283121907408,0.0000003346698
63249,0.2445463086519,3.7033942365560,0.0715809931161,0.6866178533659,0.3283010108201,0.0000003346698
63250,0.2445473169294,3.7034095058486,0.0715280603710,0.6865917175890,0.3282692072114,0.0000003346698
63255,0.2445486964589,3.7034303973581,0.0715280603710,0.6865552404428,0.3282564752726,0.0000003346698
63273,0.2445561893566,3.7035438693391,0.0715280603710,0.6864123628921,0.3282070531969,0.0000003346698
63283,0.2445473041675,3.7034093125829,0.0714622635584,0.6864013638187,0.3281730223533,0.0000003346698
63286,0.2445504616222,3.7034571288821,0.0714622635584,0.6861695365787,0.3280909035079,0.0000003346698
63287,0.2445585977823,3.7035803423900,0.0714622635584,0.6859340267963,0.3280085363342,0.0000003346698
63288,0.2445568004260,3.7035531233367,0.0714622635584,0.6859245671296,0.3280047727340,0.0000003346698
63324,0.2445641207913,3.7036639824982,0.0714622635584,0.6858877622356,0.3279931967788,0.0000003346698
63329,0.2445755555829,3.7038371502783,0.0713446303388,0.6859093186935,0.3279529315892,0.0000003346698
63340,0.2445749793860,3.7038284243864,0.0712269971192,0.6859030943380,0.3279001708974,0.0000003346698
63341,0.2445721050457,3.7037848955552,0.0711622966447,0.6859310246774,0.3278818013138,0.0000003346698
63345,0.2445731805285,3.7038011826002,0.0711622966447,0.6855577588321,0.3277487225439,0.0000003346698
63355,0.2445700318085,3.7037534985780,0.0710550097714,0.6855413820471,0.3276962188778,0.0000003346698
63363,0.2445728939591,3.7037968428112,0.0709373765518,0.6855258698566,0.3276408778908,0.0000003346698
63369,0.2445716719221,3.7037783363582,0.0709373765518,0.6854284477733,0.3276058224245,0.0000003346698
63379,0.2445740588270,3.7038144834989,0.0709373765518,0.6854178458798,0.3276025475136,0.0000003346698
63383,0.2445646575647,3.7036721113615,0.0708905425315,0.6852361795510,0.3275155804027,0.0000003346698
63392,0.2445616443826,3.7036264799165,0.0708507658434,0.6850162108970,0.3274193273352,0.0000003346698
63393,0.2445597172245,3.7035972951539,0.0708507658434,0.6842802926215,0.3271560864172,0.0000003346698
63408,0.2445604219682,3.7036079677487,0.0708507658434,0.6842584819986,0.3271484479256,0.0000003346698
63411,0.2445548270622,3.7035232388372,0.0708039318232,0.6843105497671,0.3271457729258,0.0000003279764
63415,0.2445595535714,3.7035948168003,0.0708039318232,0.5798917262607,0.2898543487826,0.0000003279764
63430,0.2445598691280,3.7035995955702,0.0708039318232,0.5798675730378,0.2898457902509,0.0000003279764
63431,0.2445630507245,3.7036477774713,0.0707570978029,0.5798561162996,0.2898223086063,0.0000003279764
63443,0.2445696898400,3.7037483198290,0.0707570978029,0.5798190998524,0.2898105111143,0.0000003279764
63461,0.2445674927006,3.7037150464848,0.0708039318232,0.5790220320877,0.2895454449628,0.0000003279764
63468,0.2445678682394,3.7037207336204,0.0708039318232,0.5789552915606,0.2895216895329,0.0000003279764
63475,0.2445654969773,3.7036848233742,0.0707570978029,0.5789992437743,0.2895168069015,0.0000003279764
63483,0.2445671117899,3.7037092779963,0.0707570978029,0.5762853835624,0.2885479171428,0.0000003279764
63513,0.2445778891092,3.7038724890562,0.0707793330818,0.5761250690968,0.2885025008073,0.0000003279764
63528,0.2445786464376,3.7038839579906,0.0707793330818,0.5754812588733,0.2882727308693,0.0000003279764
63535,0.2445759500365,3.7038431238580,0.0708211647152,0.5750235473993,0.2881266125284,0.0000003279764
63613,0.2445747807773,3.7038254166696,0.0708351085930,0.5726866126254,0.2872977183583,0.0000003214169
63622,0.2445725669171,3.7037918901060,0.0707174753734,0.5727158589948,0.2872572748547,0.0000003214169
63634,0.2445729974413,3.7037984099388,0.0706756437400,0.5726163354149,0.2872038951313,0.0000003214169
63655,0.2445836758069,3.7039601224499,0.0706756437400,0.5725760394715,0.2871917919441,0.0000003214169
63681,0.2445822206093,3.7039380850264,0.0705580105204,0.5725678371192,0.2871381364676,0.0000003214169
63731,0.2445731798148,3.7038011717916,0.0705111765001,0.5725602031592,0.2871134010172,0.0000003214169
63735,0.2445748170073,3.7038259653337,0.0705111765001,0.5723817511651,0.2870500189891,0.0000003214169
63736,0.2445679934615,3.7037226299766,0.0705111765001,0.5717211923826,0.2868126429499,0.0000003214169
63749,0.2445780238317,3.7038745292859,0.0705580105204,0.5715467211717,0.2867725528911,0.0000003214169
63752,0.2445782303025,3.7038776560664,0.0705580105204,0.5711022607442,0.2866138612679,0.0000003149885
63771,0.2445781028550,3.7038757260100,0.0705111765001,0.5710600798702,0.2865786976369,0.0000003149885
63785,0.2445825785569,3.7039435057633,0.0703935432805,0.5711701105694,0.2865685391572,0.0000003149885
63795,0.2445824903713,3.7039421702856,0.0703935432805,0.5707345216327,0.2864129527829,0.0000003149885
63813,0.2445756369370,3.7038383822996,0.0702762185781,0.5708124251104,0.2863890248451,0.0000003149885
63850,0.2445721422547,3.7037854590460,0.0702293845579,0.5706620539562,0.2863145002780,0.0000003149885
63867,0.2445710100816,3.7037683134862,0.0702293845579,0.5706569205214,0.2863124242999,0.0000003149885
63888,0.2445743599384,3.7038190435101,0.0702701198532,0.5705422158986,0.2862896341734,0.0000003149885
63902,0.2445751189572,3.7038305380441,0.0701524866336,0.5706002869260,0.2862601222359,0.0000003149885
63909,0.2445775955612,3.7038680435831,0.0701056526134,0.5706009924492,0.2862408331864,0.0000003149885
63916,0.2445801338184,3.7039064827934,0.0701056526134,0.5705912377291,0.2862378932700,0.0000003149885
63960,0.2445836646733,3.7039599538431,0.0701056526134,0.5683894683921,0.2854523036901,0.0000003086887
63968,0.2445859063918,3.7039939022902,0.0699880193937,0.5684178091612,0.2854124915246,0.0000003086887
64001,0.2445871578852,3.7040128548288,0.0699133141456,0.5684017149933,0.2853749952497,0.0000003086887
64007,0.2445878360906,3.7040231255300,0.0697956809260,0.5681278513058,0.2852269178826,0.0000003086887
64060,0.2445948831998,3.7041298465179,0.0697956809260,0.5680706794748,0.2852080094664,0.0000003086887
64063,0.2445953079285,3.7041362785830,0.0697211134088,0.5681092190560,0.2851899071084,0.0000003086887
64072,0.2445897448725,3.7040520320053,0.0696034801892,0.5682298271244,0.2851813750982,0.0000003086887
64073,0.2445879289465,3.7040245317334,0.0695768430303,0.5682314009655,0.2851701321320,0.0000003086887
64074,0.2445862703296,3.7039994137413,0.0695768430303,0.5682270985272,0.2851682401290,0.0000003086887
64093,0.2445746809570,3.7038239049962,0.0695768430303,0.5680900704909,0.2851168181076,0.0000003025150
64095,0.2445664967078,3.7036999632311,0.0695664966839,0.5679219195153,0.2850505762717,0.0000003025150
64109,0.2445604613119,3.7036085635675,0.0695664966839,0.5678464481132,0.2850223289004,0.0000003025150
64110,0.2445673900831,3.7037134924512,0.0695664966839,0.5677685446355,0.2849959909665,0.0000003025150
64130,0.2445768843534,3.7038572730955,0.0695295297064,0.5677489619944,0.2849751886622,0.0000003025150
64169,0.2445722088710,3.7037864678792,0.0694118964868,0.5678175228407,0.2849482585527,0.0000003025150
64203,0.2445671286269,3.7037095329750,0.0694118964868,0.5668279423238,0.2845937483158,0.0000003025150
64208,0.2445678495237,3.7037204501920,0.0693865264523,0.5668474389102,0.2845899929883,0.0000003025150
64211,0.2445749074238,3.7038273345963,0.0695003913541,0.5666462518720,0.2845684521254,0.0000003025150
64218,0.2445830081511,3.7039500115119,0.0694953889673,0.5665886431831,0.2845474695838,0.0000003025150
64226,0.2445903787487,3.7040616313879,0.0694953889673,0.5665479575615,0.2845345184184,0.0000003025150
64273,0.2445945236389,3.7041244013493,0.0694524609958,0.5664758729954,0.2844912644192,0.0000002964647
64277,0.2445944932549,3.7041239412153,0.0694524609958,0.5663031971585,0.2844295879666,0.0000002964647
64300,0.2445954200029,3.7041379758311,0.0694853511382,0.5662303202760,0.2844178548727,0.0000002964647
64312,0.2445930845190,3.7041026074066,0.0694488634643,0.5662730129655,0.2844169642265,0.0000002964647
64321,0.2445951835458,3.7041343949391,0.0694488634643,0.4728682195489,0.2510585592263,0.0000002964647
64333,0.2445882484125,3.7040293697077,0.0693349985625,0.4729864812181,0.2510505101931,0.0000002964647
64336,0.2445764749223,3.7038510726974,0.0692173653429,0.4730053577344,0.2510043146783,0.0000002964647
64343,0.2445759473185,3.7038430826966,0.0692173653429,0.4728627743942,0.2509532789989,0.0000002964647
64374,0.2445844266194,3.7039714927076,0.0693050723894,0.4726461222250,0.2509153089514,0.0000002964647
64393,0.2445802234793,3.7039078406133,0.0692883022732,0.4726623432322,0.2509130143027,0.0000002964647
64394,0.2445756410886,3.7038384451704,0.0692883022732,0.4726244243417,0.2508984899010,0.0000002905354
64420,0.2445712133033,3.7037713910624,0.0692414682530,0.4726015276456,0.2508692919754,0.0000002905354
64431,0.2445746950948,3.7038241190992,0.0692414682530,0.4725746456603,0.2508604373646,0.0000002847247
64452,0.2445766882735,3.7038543036738,0.0692883022732,0.4724997291556,0.2508541803027,0.0000002847247
64457,0.2445820836991,3.7039360116672,0.0692883022732,0.4723618334620,0.2508060880033,0.0000002847247
64464,0.2445796439258,3.7038990638905,0.0692414682530,0.4722329546361,0.2507394653197,0.0000002847247
64470,0.2445708644533,3.7037661080999,0.0692883022732,0.4717398523027,0.2505815477509,0.0000002847247
64472,0.2445763018869,3.7038484522599,0.0692414682530,0.4717806843939,0.2505772240820,0.0000002847247
64503,0.2445756242589,3.7038381903019,0.0691238350334,0.4718049904050,0.2505353453573,0.0000002847247
64520,0.2445715289068,3.7037761705426,0.0690770010131,0.4717501229477,0.2504948005384,0.0000002847247
64557,0.2445547828671,3.7035225695490,0.0689593677935,0.4714336602051,0.2503277754563,0.0000002847247
64560,0.2445654166887,3.7036836074888,0.0688417345739,0.4715617021623,0.2503253691658,0.0000002847247
64567,0.2445640369317,3.7036627125330,0.0688417345739,0.4707537863013,0.2500365321246,0.0000002847247
64590,0.2445725118565,3.7037910562731,0.0688417345739,0.4707231021412,0.2500273895513,0.0000002847247
64600,0.2445774804667,3.7038663005997,0.0687909945049,0.4707336469874,0.2500104745262,0.0000002847247
64601,0.2445735230307,3.7038063694327,0.0687909945049,0.4707293445491,0.2500080899191,0.0000002790302
64625,0.2445724016797,3.7037893877619,0.0686733612853,0.4707435014610,0.2499624914326,0.0000002790302
64631,0.2445798964127,3.7039028875372,0.0686733612853,0.4706336849075,0.2499248772491,0.0000002790302
64666,0.2445843055138,3.7039696586923,0.0686733612853,0.4706229730251,0.2499219963842,0.0000002790302
64673,0.2445802211772,3.7039078057505,0.0686265272651,0.4706725675355,0.2499187617714,0.0000002790302
64684,0.2445746609758,3.7038236024020,0.0686265272651,0.4706522872620,0.2499103273448,0.0000002790302
64700,0.2445697352928,3.7037490081629,0.0686733612853,0.4703961665563,0.2498378718837,0.0000002790302
64710,0.2445690602011,3.7037387846162,0.0686265272651,0.4702010451403,0.2497479692782,0.0000002790302
64715,0.2445681280291,3.7037246678608,0.0686733612853,0.4679777338862,0.2489738015164,0.0000002790302
64722,0.2445647644836,3.7036737305343,0.0687201953055,0.4675655929851,0.2488459593007,0.0000002790302
64787,0.2445768160370,3.7038562385175,0.0685682505604,0.4676893502972,0.2488276216400,0.0000002734496
64799,0.2445789360177,3.7038883433743,0.0685557280657,0.4676548753584,0.2488103966599,0.0000002734496
64800,0.2445766817939,3.7038542055479,0.0685088940454,0.4676963627199,0.2488046588038,0.0000002734496
64804,0.2445757489835,3.7038400791247,0.0684620600252,0.4676459627224,0.2487663871938,0.0000002734496
64812,0.2445672577973,3.7037114891238,0.0684680210192,0.4674996681202,0.2487148742935,0.0000002734496
64821,0.2445595401941,3.7035946142161,0.0685856542388,0.4669581494239,0.2485702352239,0.0000002734496
64823,0.2445734643479,3.7038054807434,0.0686324882590,0.4667884786859,0.2485326940020,0.0000002734496
64825,0.2445755058191,3.7038363966577,0.0686324882590,0.4667782001373,0.2485294605499,0.0000002734496
64871,0.2445688084103,3.7037349715115,0.0685981767336,0.4668150731255,0.2485264893757,0.0000002734496
64872,0.2445729127090,3.7037971267572,0.0685981767336,0.4663552166757,0.2483631344219,0.0000002734496
64898,0.2445782446033,3.7038778726365,0.0685981767336,0.4662791298721,0.2483371031123,0.0000002734496
64909,0.2445811054807,3.7039211975883,0.0685704432366,0.4662819919333,0.2483268525377,0.0000002734496
64910,0.2445841450991,3.7039672293821,0.0686172772568,0.4642256995769,0.2476131854802,0.0000002734496
64927,0.2445797319579,3.7039003970430,0.0686172772568,0.4642028373984,0.2476040747433,0.0000002734496
64929,0.2445800339891,3.7039049709846,0.0686172772568,0.4640716888667,0.2475573007030,0.0000002734496
64967,0.2445765408482,3.7038520710738,0.0685704432366,0.4640316944747,0.2475221967384,0.0000002679806
64972,0.2445697733273,3.7037495841545,0.0685286116032,0.4640819400862,0.2475207635737,0.0000002679806
64995,0.2445809944804,3.7039195166066,0.0684780092651,0.4640894292520,0.2475041560923,0.0000002679806
65010,0.2445787504551,3.7038855332259,0.0684780092651,0.4640772888778,0.2474993393818,0.0000002679806
65011,0.2445799555013,3.7039037823706,0.0684311752449,0.4640591869672,0.2474730609149,0.0000002679806
65040,0.2445898849415,3.7040541532021,0.0684311752449,0.4638281802509,0.2473926862535,0.0000002679806
65045,0.2445834432846,3.7039566011469,0.0683843412247,0.4635841066275,0.2472840650243,0.0000002679806
65074,0.2445797245999,3.7039002856149,0.0684311752449,0.4630204960593,0.2471020503976,0.0000002679806
65082,0.2445841191415,3.7039668362816,0.0684186527501,0.4629925441244,0.2470876424677,0.0000002679806
65102,0.2445786920582,3.7038846488665,0.0684186527501,0.4629237118352,0.2470618965608,0.0000002679806
65121,0.2445836643024,3.7039599482256,0.0684186527501,0.4627235044239,0.2469914593948,0.0000002626210
65165,0.2445809717461,3.7039191723187,0.0684654867704,0.4622299021886,0.2468346676288,0.0000002626210
65176,0.2445823883013,3.7039406245447,0.0683478535507,0.4623093822528,0.2468129426766,0.0000002626210
65229,0.2445904772332,3.7040631228309,0.0683478535507,0.4622451769088,0.2467917455391,0.0000002626210
65230,0.2445975032134,3.7041695238417,0.0682302203311,0.4622931391081,0.2467599662262,0.0000002626210
65236,0.2446022693042,3.7042417012272,0.0682302203311,0.4621832410503,0.2467217382251,0.0000002626210
65241,0.2445960923343,3.7041481575755,0.0682569952209,0.4619849275810,0.2466610633024,0.0000002626210
65292,0.2445904757270,3.7040631000206,0.0682701512779,0.4613526500888,0.2464396846638,0.0000002573685
65324,0.2445899808019,3.7040556049053,0.0681525180583,0.4613879642638,0.2464017765767,0.0000002573685
65354,0.2445849495615,3.7039794121106,0.0681056840381,0.4614284165543,0.2463950739774,0.0000002573685
65366,0.2445858947810,3.7039937264566,0.0680387908874,0.4614735728322,0.2463827352735,0.0000002573685
65380,0.2445880993264,3.7040271119569,0.0680387908874,0.4614654131352,0.2463802934986,0.0000002573685
65409,0.2445930027924,3.7041013697433,0.0679211576678,0.4614781872729,0.2463354921963,0.0000002573685
65412,0.2446031884315,3.7042556204344,0.0679211576678,0.4614202987125,0.2463170003474,0.0000002573685
65424,0.2446058392933,3.7042957649233,0.0678743236476,0.4614252360399,0.2462992599975,0.0000002573685
65453,0.2446054719017,3.7042902011665,0.0678743236476,0.4614085992889,0.2462932395739,0.0000002522212
65465,0.2445960892009,3.7041481101233,0.0678743236476,0.4613241449780,0.2462610667413,0.0000002522212
65469,0.2445927539106,3.7040976006926,0.0678274896273,0.4610959409188,0.2461587788635,0.0000002522212
65478,0.2445982191310,3.7041803656547,0.0678274896273,0.4610575466367,0.2461462377386,0.0000002522212
65495,0.2445996530457,3.7042020807697,0.0677098564077,0.4611370636202,0.2461245296917,0.0000002522212
65504,0.2445948980153,3.7041300708817,0.0677098564077,0.4611052113138,0.2461121349329,0.0000002522212
65519,0.2445920344696,3.7040867055231,0.0676630223875,0.4611073802904,0.2460922242275,0.0000002522212
65526,0.2445901551761,3.7040582456184,0.0675453891678,0.4611425067047,0.2460539524328,0.0000002522212
65531,0.2445793510352,3.7038946283728,0.0674985551476,0.4611928192404,0.2460495342995,0.0000002522212
65577,0.2445819234518,3.7039335848927,0.0674985551476,0.4611855254870,0.2460474806197,0.0000002522212
65579,0.2445896941164,3.7040512633584,0.0674794546244,0.4611353471573,0.2460230389916,0.0000002522212
65583,0.2445972779617,3.7041661126449,0.0673798255899,0.4611586653375,0.2459902938651,0.0000002522212
65586,0.2445982727172,3.7041811771605,0.0673798255899,0.4611464566144,0.2459861467688,0.0000002522212
65595,0.2445983978056,3.7041830714915,0.0673705755817,0.4611443255306,0.2459814481828,0.0000002522212
65604,0.2445959884706,3.7041465846710,0.0673798255899,0.4610978552519,0.2459682996579,0.0000002522212
65618,0.2445873989319,3.7040165052256,0.0673798255899,0.4609270133563,0.2459054440798,0.0000002522212
65637,0.2445841972831,3.7039680196529,0.0673798255899,0.4609168714541,0.2459011359042,0.0000002471768
65641,0.2445868318276,3.7040079170332,0.0674266596101,0.4608423642858,0.2458951624695,0.0000002471768
65648,0.2445847239882,3.7039759960424,0.0673798255899,0.4608533546834,0.2458785642086,0.0000002422332
65657,0.2445905794734,3.7040646711500,0.0673329915697,0.4608860583954,0.2458714271297,0.0000002422332
65668,0.2445976119468,3.7041711704934,0.0673268928448,0.4608302877606,0.2458504022651,0.0000002422332
65687,0.2445929576657,3.7041006863484,0.0673268928448,0.4606646357209,0.2457902434765,0.0000002422332
65693,0.2445915354207,3.7040791479564,0.0673268928448,0.4605764566157,0.2457584461721,0.0000002422332
65700,0.2445950132394,3.7041318158284,0.0673055996454,0.4605476614495,0.2457397817741,0.0000002422332
65714,0.2445963478619,3.7041520272706,0.0673055996454,0.4605111185377,0.2457270167248,0.0000002422332
65746,0.2445993848642,3.7041980194459,0.0671879664257,0.4605673698791,0.2456973430387,0.0000002422332
65749,0.2446077293586,3.7043243879553,0.0671411324055,0.4605998688468,0.2456906661959,0.0000002422332
65754,0.2446112988617,3.7043784442906,0.0670942983853,0.4604537696014,0.2456191810645,0.0000002422332
65760,0.2446046084562,3.7042771252008,0.0670942983853,0.4604023605325,0.2455993870245,0.0000002422332
65772,0.2446100377895,3.7043593466899,0.0670675234955,0.4604218696950,0.2455960430583,0.0000002422332
65812,0.2446060338944,3.7042987119503,0.0670675234955,0.4603802103827,0.2455803067550,0.0000002373886
65816,0.2446098379998,3.7043563210869,0.0670941606544,0.4603414587074,0.2455786979616,0.0000002373886
65843,0.2446099685559,3.7043582982205,0.0670686198335,0.4603531233681,0.2455719458221,0.0000002373886
65874,0.2446118264619,3.7043864342348,0.0669509866139,0.4603055551424,0.2455049410558,0.0000002373886
65955,0.2446071683652,3.7043158923054,0.0668333533943,0.4584693253337,0.2447977322950,0.0000002373886
65986,0.2446048461174,3.7042807243278,0.0668067162354,0.4584740250939,0.2447874972310,0.0000002326408
66000,0.2445980442829,3.7041777177659,0.0667865193741,0.4584649063607,0.2447741272069,0.0000002326408
66018,0.2445887451864,3.7040368928203,0.0666688861544,0.4584587839068,0.2447195337157,0.0000002326408
66025,0.2445849981071,3.7039801472831,0.0666688861544,0.4582537470514,0.2446455033218,0.0000002326408
66047,0.2445885951195,3.7040346202166,0.0666488270240,0.4582713016695,0.2446439468465,0.0000002326408
66050,0.2445881948756,3.7040285589478,0.0666145154986,0.4582984073920,0.2446388367556,0.0000002326408
66059,0.2445880484545,3.7040263415558,0.0665676814783,0.4583179544984,0.2446257147661,0.0000002326408
66065,0.2445928601431,3.7040992094709,0.0664500482587,0.4583475128400,0.2445868881558,0.0000002326408
66086,0.2445923845442,3.7040920070311,0.0664032142385,0.4582936414823,0.2445474747482,0.0000002326408
66096,0.2445968577065,3.7041597483252,0.0663731503344,0.4583120954303,0.2445421394484,0.0000002326408
66097,0.2445926855834,3.7040965659500,0.0663084498599,0.4583765686816,0.2445365428084,0.0000002326408
66110,0.2445826703057,3.7039448952018,0.0663084498599,0.4583629316436,0.2445295263068,0.0000002326408
66118,0.2445765591537,3.7038523482926,0.0662904456748,0.4583481321930,0.2445152151768,0.0000002326408
66121,0.2445799373478,3.7039035074554,0.0662904456748,0.4583443494927,0.2445145881111,0.0000002326408
66160,0.2445800592586,3.7039053536654,0.0662904456748,0.4583030666573,0.2444998703651,0.0000002279880
66162,0.2445873461603,3.7040157060562,0.0661908166403,0.4583267250103,0.2444671830982,0.0000002279880
66179,0.2445886111581,3.7040348631035,0.0661032473247,0.4582942724601,0.2444183342659,0.0000002279880
66213,0.2445863423162,3.7040005039025,0.0661032473247,0.4582484064042,0.2444014673513,0.0000002279880
66270,0.2445893669202,3.7040463083191,0.0660564133045,0.4582236909045,0.2443732167936,0.0000002279880
66274,0.2445890873736,3.7040420748828,0.0660095792843,0.4582437878636,0.2443602626532,0.0000002279880
66276,0.2445994109951,3.7041984151702,0.0659627452641,0.4582369581367,0.2443399639466,0.0000002279880
66312,0.2445973929230,3.7041678536105,0.0659159112438,0.4581807067953,0.2442993700149,0.0000002234282
66376,0.2445984819903,3.7041843463791,0.0659002374657,0.4581972869057,0.2442988075210,0.0000002234282
66380,0.2445986745355,3.7041872622725,0.0657826042461,0.4583168863010,0.2442911486135,0.0000002234282
66434,0.2445993643210,3.7041977083414,0.0657646000609,0.4581484721745,0.2442234324429,0.0000002234282
66457,0.2445891148484,3.7040424909595,0.0657177660407,0.4581405668747,0.2441983410831,0.0000002234282
66461,0.2445966239298,3.7041562080254,0.0657177660407,0.4580454314915,0.2441659732494,0.0000002234282
66482,0.2445949564462,3.7041309557566,0.0657177660407,0.4580338330786,0.2441614736411,0.0000002189596
66488,0.2445955279707,3.7041396108890,0.0657085160325,0.4580313618220,0.2441567492298,0.0000002189596
66552,0.2445922259498,3.7040896052875,0.0657177660407,0.4579694833204,0.2441379064783,0.0000002189596
66554,0.2445865755847,3.7040040365065,0.0656709320205,0.4579420855219,0.2441068390348,0.0000002189596
66558,0.2445916342027,3.7040806439049,0.0656584095257,0.4579486523215,0.2441049015264,0.0000002189596
66599,0.2445987616704,3.7041885818378,0.0656115755055,0.4579500358581,0.2440868512382,0.0000002189596
66629,0.2446068989877,3.7043118128700,0.0656115755055,0.4578919410774,0.2440678468131,0.0000002189596
66637,0.2446098585022,3.7043566315754,0.0656115755055,0.4578842675337,0.2440657404434,0.0000002189596
66638,0.2446089257870,3.7043425065931,0.0654939422859,0.4579595567746,0.2440420153535,0.0000002189596
66745,0.2446032107920,3.7042559590613,0.0654471082656,0.4578316383105,0.2439750338230,0.0000002145805
66818,0.2445992566040,3.7041960770811,0.0654002742454,0.4578805238168,0.2439715738834,0.0000002102888
66821,0.2446057236292,3.7042940133129,0.0652826410258,0.4579161300230,0.2439352619398,0.0000002102888
66844,0.2446134268371,3.7044106702186,0.0651650078061,0.4580010037604,0.2439168104393,0.0000002102888
66853,0.2446162038132,3.7044527245729,0.0651435438204,0.4579329804629,0.2438839126197,0.0000002102888
66872,0.2446163408800,3.7044548003054,0.0650967098002,0.4579823138835,0.2438814893471,0.0000002102888
66881,0.2446199734636,3.7045098119276,0.0649790765805,0.4580647269647,0.2438612867641,0.0000002102888
66886,0.2446212123201,3.7045285730942,0.0649790765805,0.4580287904471,0.2438487177628,0.0000002102888
66915,0.2446230384026,3.7045562271746,0.0648739658557,0.4579888853886,0.2437898098061,0.0000002102888
66923,0.2446274848336,3.7046235636511,0.0647563326361,0.4563698048643,0.2431621053313,0.0000002102888
66965,0.2446232650483,3.7045596594833,0.0647524265873,0.4563286187853,0.2431448177568,0.0000002102888
66981,0.2446210355898,3.7045258967013,0.0647055925671,0.4563810073724,0.2431429785024,0.0000002060831
67035,0.2446179935165,3.7044798277303,0.0647055925671,0.4563731439283,0.2431395182567,0.0000002060831
67051,0.2446181993637,3.7044829450682,0.0647055925671,0.4563620834931,0.2431356122114,0.0000002060831
67163,0.2446194257054,3.7045015167104,0.0647055925671,0.4563135167300,0.2431185297263,0.0000002019614
67166,0.2446108922552,3.7043722866667,0.0647055925671,0.4562272818249,0.2430859029495,0.0000002019614
67198,0.2446172143618,3.7044680282587,0.0647055925671,0.4562219250710,0.2430853445602,0.0000002019614
67201,0.2446257584986,3.7045974201413,0.0646767627320,0.4562344756576,0.2430793021554,0.0000002019614
67234,0.2446279044697,3.7046299185947,0.0646806687808,0.4562274581701,0.2430789297817,0.0000002019614
67276,0.2446329528906,3.7047063715709,0.0646806687808,0.4562003679011,0.2430703364902,0.0000002019614
67313,0.2446370456360,3.7047683518544,0.0645630355612,0.4562755236410,0.2430476406057,0.0000002019614
67320,0.2446422896539,3.7048477669391,0.0645569368362,0.4562467164718,0.2430358623099,0.0000002019614
67321,0.2446328730508,3.7047051624814,0.0645569368362,0.4562203569416,0.2430244303484,0.0000001979222
67340,0.2446287670576,3.7046429815729,0.0645101028160,0.4561524089127,0.2429792116166,0.0000001979222
67365,0.2446336009260,3.7047161853789,0.0644632687958,0.4561847031362,0.2429717093739,0.0000001979222
67372,0.2446415969945,3.7048372773479,0.0644164347756,0.4561852367476,0.2429535416696,0.0000001979222
67374,0.2446400595672,3.7048139946432,0.0642988015559,0.4562680650599,0.2429323795241,0.0000001979222
67394,0.2446356339040,3.7047469726725,0.0643456355762,0.4560957264719,0.2428899533949,0.0000001979222
67421,0.2446304008781,3.7046677240496,0.0642988015559,0.4560399884285,0.2428488538652,0.0000001979222
67450,0.2446287218197,3.7046422964928,0.0642988015559,0.4560262962971,0.2428436040200,0.0000001979222
67451,0.2446325295812,3.7046999609981,0.0642580662606,0.4559722751540,0.2428076687198,0.0000001979222
67464,0.2446359476833,3.7047517245263,0.0642269060185,0.4559411708440,0.2427839380986,0.0000001979222
67491,0.2446264137004,3.7046073424767,0.0642269060185,0.4557517107004,0.2427142307653,0.0000001900845
67502,0.2446221621724,3.7045429575985,0.0641092727988,0.4557599522257,0.2426658488885,0.0000001900845
67556,0.2446173524858,3.7044701200007,0.0641092727988,0.4556511904439,0.2426259747478,0.0000001900845
67579,0.2446206722382,3.7045203941260,0.0640624387786,0.4556896021780,0.2426203328769,0.0000001900845
67616,0.2446243539401,3.7045761495930,0.0640624387786,0.4556315546035,0.2426003905364,0.0000001900845
67623,0.2446157664997,3.7044461019245,0.0640156047584,0.4555388403077,0.2425453663991,0.0000001900845
67652,0.2446195562414,3.7045034935391,0.0640624387786,0.4554740067813,0.2425430953787,0.0000001900845
67705,0.2446175298957,3.7044728066854,0.0640156047584,0.4555034641398,0.2425331099240,0.0000001862828
67720,0.2446246249750,3.7045802541299,0.0640156047584,0.4554854421443,0.2425281938712,0.0000001862828
67725,0.2446230543996,3.7045564694319,0.0639687707381,0.4554915044214,0.2425099506953,0.0000001862828
67729,0.2446277017151,3.7046268480917,0.0638511375185,0.4555201436198,0.2424707605968,0.0000001862828
67731,0.2446249404618,3.7045850318417,0.0638511375185,0.4555172290626,0.2424691279864,0.0000001862828
67807,0.2446209939586,3.7045252662413,0.0638511375185,0.4554697530052,0.2424513265723,0.0000001862828
67818,0.2446209940004,3.7045252668742,0.0637574694781,0.4554458924983,0.2424026615258,0.0000001862828
67829,0.2446273820109,3.7046220065113,0.0637106354578,0.4553173785442,0.2423380608215,0.0000001862828
67860,0.2446181018249,3.7044814679456,0.0637068671400,0.4553220562561,0.2423361278282,0.0000001825571
67885,0.2446198717654,3.7045082718155,0.0636600331198,0.4552907071983,0.2423052392862,0.0000001825571
67889,0.2446085472510,3.7043367740678,0.0636600331198,0.4552806453015,0.2422992190699,0.0000001825571
67894,0.2446077375637,3.7043245122119,0.0636131990995,0.4553287314502,0.2422961474671,0.0000001825571
67959,0.2446044603485,3.7042748822669,0.0636600331198,0.4552734283059,0.2422957658067,0.0000001825571
67960,0.2446051909795,3.7042859468976,0.0636600331198,0.4532630088762,0.2415779154313,0.0000001825571
67992,0.2445986899516,3.7041874957326,0.0635423999001,0.4532977597693,0.2415385191502,0.0000001825571
68009,0.2445971689846,3.7041644623009,0.0635423999001,0.4532629826297,0.2415257728216,0.0000001789060
68015,0.2446040292382,3.7042683535604,0.0635123359961,0.4532318301924,0.2415032324753,0.0000001789060
68093,0.2446074683874,3.7043204358237,0.0633947027765,0.4532313954638,0.2414533999386,0.0000001789060
68094,0.2446027963888,3.7042496833648,0.0633947027765,0.4531543973753,0.2414248994787,0.0000001789060
68173,0.2445997263188,3.7042031904126,0.0633478687562,0.4531874196265,0.2414159635447,0.0000001753279
68257,0.2446011136769,3.7042242004794,0.0633478687562,0.4531286692657,0.2413952785641,0.0000001753279
68264,0.2446017386971,3.7042336657464,0.0633734095771,0.4530830615999,0.2413900701109,0.0000001753279
68268,0.2445976740895,3.7041721115787,0.0633265755568,0.4531071879240,0.2413777439450,0.0000001753279
68313,0.2445936978772,3.7041118960645,0.0632797415366,0.4531555071923,0.2413740770580,0.0000001753279
68341,0.2445883236445,3.7040305090153,0.0633265755568,0.4530573003618,0.2413579232917,0.0000001718213
68363,0.2446050802653,3.7042842702500,0.0632089423372,0.4530690291263,0.2413152886036,0.0000001718213
68427,0.2446060985346,3.7042996908569,0.0631741680359,0.4530252126200,0.2412849547799,0.0000001718213
68464,0.2446054086093,3.7042892426708,0.0631464345389,0.4530577319019,0.2412845351836,0.0000001718213
68482,0.2446025153726,3.7042454276726,0.0630996005186,0.4531105703095,0.2412827143412,0.0000001718213
68493,0.2446094320815,3.7043501738852,0.0630931767488,0.4530948436612,0.2412758267888,0.0000001718213
68510,0.2446045004733,3.7042754899151,0.0630463427286,0.4530506410043,0.2412389116295,0.0000001718213
68541,0.2446083944038,3.7043344593582,0.0630892707000,0.4529953872263,0.2412384102531,0.0000001683849
68578,0.2446071832523,3.7043161177553,0.0630831719751,0.4529775777389,0.2412291764502,0.0000001683849
68619,0.2446025157189,3.7042454329173,0.0630424366798,0.4530008614803,0.2412190339027,0.0000001683849
68649,0.2446024524186,3.7042444743006,0.0630168958590,0.4530125261410,0.2412122402225,0.0000001683849
68653,0.2446058930285,3.7042965786849,0.0628992626394,0.4529891402099,0.2411542111408,0.0000001683849
68672,0.2445911910514,3.7040739328489,0.0628992626394,0.4529232878575,0.2411275420198,0.0000001683849
68686,0.2445847671203,3.7039766492325,0.0628524286191,0.4529372864596,0.2411110932410,0.0000001650172
68704,0.2445861244538,3.7039972046080,0.0628779694400,0.4528915168130,0.2411059838619,0.0000001650172
68722,0.2445856333597,3.7039897675081,0.0628779694400,0.4528669001239,0.2410970869527,0.0000001650172
68744,0.2445834148440,3.7039561704430,0.0628588689167,0.4528901521467,0.2410967299118,0.0000001650172
68816,0.2445904717052,3.7040630391156,0.0628540042608,0.4528726961917,0.2410899229742,0.0000001650172
68821,0.2445891725836,3.7040433652981,0.0628479055359,0.4528619517768,0.2410831935607,0.0000001650172
68828,0.2445952630409,3.7041355988081,0.0628479055359,0.4528116886933,0.2410665475575,0.0000001650172
68840,0.2445899709800,3.7040554561631,0.0628947395561,0.4512122983522,0.2405142744313,0.0000001650172
68859,0.2445887506202,3.7040369751093,0.0627771063365,0.4512368441232,0.2404723650354,0.0000001617168
68872,0.2445878465871,3.7040232844880,0.0627515655157,0.4512382833766,0.2404617392670,0.0000001617168
68873,0.2445972067875,3.7041650347865,0.0627047314955,0.4512612725361,0.2404518837154,0.0000001617168
68881,0.2445911099146,3.7040727041185,0.0625870982758,0.4512128980573,0.2403828864061,0.0000001617168
68913,0.2445932593596,3.7041052551808,0.0625593647789,0.4511717904965,0.2403567799453,0.0000001617168
68916,0.2446033568904,3.7042581715662,0.0625186294835,0.4511773653464,0.2403434767360,0.0000001617168
68918,0.2446043595188,3.7042733553080,0.0625186294835,0.4511496857291,0.2403338060073,0.0000001617168
68949,0.2446077536710,3.7043247561410,0.0625125307586,0.4511201074572,0.2403213559179,0.0000001617168
68951,0.2446048881687,3.7042813611509,0.0626301639782,0.4509640104193,0.2403154071766,0.0000001617168
68978,0.2446055898405,3.7042919872252,0.0625833299580,0.4510113375932,0.2403123883740,0.0000001617168
69060,0.2446080771893,3.7043296554822,0.0624656967384,0.4510805824996,0.2402872374640,0.0000001584825
69095,0.2446189923904,3.7044949546145,0.0624656967384,0.4510215889994,0.2402685073284,0.0000001584825
69138,0.2446171579938,3.7044671746252,0.0624656967384,0.4509510594389,0.2402429251147,0.0000001584825
69142,0.2446241018169,3.7045723314555,0.0624656967384,0.4509362770961,0.2402391336687,0.0000001584825
69184,0.2446285338207,3.7046394494473,0.0624227687669,0.4509554276984,0.2402285251825,0.0000001584825
69205,0.2446272135627,3.7046194555425,0.0624227687669,0.4509529855018,0.2402273700571,0.0000001553128
69233,0.2446279246280,3.7046302238713,0.0624260577811,0.4508869894846,0.2402053619996,0.0000001553128
69234,0.2446304649418,3.7046686942267,0.0623084245615,0.4508936872962,0.2401578841911,0.0000001553128
69249,0.2446229394104,3.7045547280425,0.0622741130360,0.4509096422945,0.2401472648514,0.0000001553128
69269,0.2446094432366,3.7043503428183,0.0622741130360,0.3674415852322,0.2103343524348,0.0000001553128
69303,0.2446134639017,3.7044112315231,0.0622741130360,0.3674322108091,0.2103318659977,0.0000001553128
69335,0.2446008290150,3.7042198895768,0.0622741130360,0.3674371908879,0.2103309371215,0.0000001553128
69349,0.2446013365193,3.7042275751906,0.0623084245615,0.3673929956752,0.2103299668074,0.0000001553128
69424,0.2445984188626,3.7041833903770,0.0622615905413,0.3674431184895,0.2103271708773,0.0000001522066
69461,0.2445992044879,3.7041952878379,0.0622147565211,0.3673954582016,0.2102902459713,0.0000001522066
69482,0.2446001535596,3.7042096605215,0.0621679225008,0.3674046798136,0.2102736710537,0.0000001522066
69496,0.2446007828929,3.7042191911070,0.0621875023277,0.3673380651156,0.2102584063016,0.0000001522066
69510,0.2446041688061,3.7042704671675,0.0622468753704,0.3672068340884,0.2102377092202,0.0000001522066
69546,0.2446010191082,3.7042227683367,0.0622061400750,0.3671829125085,0.2102110328798,0.0000001491625
69565,0.2445992201127,3.7041955244593,0.0621593060548,0.3671839434800,0.2101909438619,0.0000001491625
69571,0.2445939716354,3.7041160418418,0.0620846008067,0.3671431805073,0.2101432444487,0.0000001491625
69572,0.2445974729857,3.7041690660758,0.0620377667864,0.3669020706072,0.2100378123366,0.0000001461792
69605,0.2445918662790,3.7040841584551,0.0619925084079,0.3669517611550,0.2100349610757,0.0000001461792
69626,0.2445883997613,3.7040316617245,0.0619456743876,0.3668935594450,0.2099933602025,0.0000001461792
69681,0.2445916156690,3.7040803632317,0.0619456743876,0.3668900321592,0.2099927895806,0.0000001461792
69713,0.2445905269833,3.7040638762430,0.0619456743876,0.3668362842946,0.2099733606249,0.0000001432556
69772,0.2445844417232,3.7039717214391,0.0618988403674,0.3668845141076,0.2099692098509,0.0000001432556
69794,0.2445831798185,3.7039526112322,0.0618988403674,0.3668686025909,0.2099632567582,0.0000001432556
69809,0.2445790819916,3.7038905539930,0.0617812071478,0.3668488504622,0.2099049100838,0.0000001432556
69810,0.2445797837380,3.7039011811985,0.0618280411680,0.3653123485015,0.2093763814807,0.0000001432556
69814,0.2445758085396,3.7038409810382,0.0617851131965,0.3653009358334,0.2093530559975,0.0000001432556
69849,0.2445739104755,3.7038122368718,0.0616674799769,0.3653269637476,0.2093115307161,0.0000001432556
69852,0.2445723023889,3.7037878841073,0.0616674799769,0.3653081754261,0.2093044760113,0.0000001432556
69865,0.2445707532033,3.7037644233372,0.0616206459567,0.3652793071535,0.2092737622227,0.0000001432556
69872,0.2445672782626,3.7037117990484,0.0616167399079,0.3652135925156,0.2092478740581,0.0000001403905
69914,0.2445570200182,3.7035564488270,0.0616167399079,0.3651998644146,0.2092407729697,0.0000001403905
69943,0.2445571150403,3.7035578878361,0.0616167399079,0.3651913570501,0.2092377549871,0.0000001403905
69945,0.2445547277135,3.7035217343066,0.0615699058877,0.3649529230830,0.2091320167058,0.0000001403905
69975,0.2445482991512,3.7034243805552,0.0615269779162,0.3649739629652,0.2091197556984,0.0000001403905
69994,0.2445542257594,3.7035141327439,0.0614093446966,0.3649525744446,0.2090629726915,0.0000001403905
69998,0.2445590135420,3.7035866386296,0.0613625106763,0.3649076913288,0.2090278972377,0.0000001403905
70053,0.2445533807548,3.7035013360461,0.0613156766561,0.3649390368660,0.2090178133236,0.0000001375827
70061,0.2445590194113,3.7035867275137,0.0612688426359,0.3649130089518,0.2089896542006,0.0000001375827
70076,0.2445616167887,3.7036260620370,0.0611512094163,0.3649612294530,0.2089570181520,0.0000001375827
70187,0.2445693693905,3.7037434669608,0.0611512094163,0.3649278840266,0.2089467703430,0.0000001375827
70219,0.2445701048354,3.7037546044928,0.0610335761966,0.3649358457729,0.2088993571822,0.0000001348310
70255,0.2445756199041,3.7038381243531,0.0609159429770,0.3650284070645,0.2088831823498,0.0000001348310
70260,0.2445773217727,3.7038638973467,0.0609159429770,0.3650145916483,0.2088786129587,0.0000001348310
70263,0.2445689376606,3.7037369288697,0.0608691089568,0.3650621561684,0.2088737319689,0.0000001348310
70272,0.2445752215452,3.7038320916314,0.0608691089568,0.3649984816090,0.2088523376015,0.0000001348310
70280,0.2445797205880,3.7039002248590,0.0608467028916,0.3649746508918,0.2088351881123,0.0000001348310
70347,0.2445842531427,3.7039688655875,0.0607998688714,0.3649033021994,0.2087906059752,0.0000001348310
70353,0.2445828637018,3.7039478239798,0.0607982932297,0.3649052198103,0.2087903178239,0.0000001348310
70402,0.2445846026065,3.7039741578454,0.0607982932297,0.3648953522865,0.2087871663307,0.0000001321344
70531,0.2445843550261,3.7039704085038,0.0607982932297,0.3648631086748,0.2087755977022,0.0000001321344
70541,0.2445819932703,3.7039346422186,0.0607514592095,0.3649127358402,0.2087727438763,0.0000001321344
70543,0.2445791368851,3.7038913852971,0.0607046251892,0.3649647276557,0.2087706285764,0.0000001321344
70570,0.2445820711026,3.7039358209072,0.0606577911690,0.3649969315922,0.2087626870202,0.0000001294917
70676,0.2445811476944,3.7039218368692,0.0607046251892,0.3649188915912,0.2087546894410,0.0000001294917
70690,0.2445952514537,3.7041354233317,0.0606571576068,0.3648581495396,0.2087156748357,0.0000001294917
70749,0.2445970064801,3.7041620013436,0.0606571576068,0.3648526422487,0.2087140840232,0.0000001269019
70764,0.2445997519763,3.7042035789687,0.0606571576068,0.3648176715197,0.2087021827977,0.0000001269019
70769,0.2445983750688,3.7041827271660,0.0606103235866,0.3647640614513,0.2086626695702,0.0000001269019
70772,0.2446019579541,3.7042369861607,0.0606103235866,0.3647405257541,0.2086550317252,0.0000001269019
70930,0.2445956923676,3.7041421005046,0.0604926903669,0.3635252605992,0.2081692515929,0.0000001243639
70948,0.2445950144515,3.7041318341854,0.0603750571473,0.3635945055057,0.2081434224119,0.0000001243639
70965,0.2445978796374,3.7041752243842,0.0603750571473,0.3634195306463,0.2080815453591,0.0000001243639
71000,0.2445948265371,3.7041289884207,0.0603750571473,0.3634137502543,0.2080788266976,0.0000001243639
71088,0.2445853175975,3.7039849856251,0.0603750571473,0.3633332600336,0.2080480425603,0.0000001218766
71104,0.2445946846855,3.7041268402290,0.0604027906443,0.3632883155869,0.2080458839898,0.0000001218766
71246,0.2445895235001,3.7040486795553,0.0603684791188,0.3633213706042,0.2080418784453,0.0000001194391
71283,0.2445947104203,3.7041272299554,0.0603684791188,0.3633159103851,0.2080410398499,0.0000001194391
71297,0.2445957163446,3.7041424636112,0.0603684791188,0.3632876904412,0.2080311768538,0.0000001194391
71328,0.2445917108997,3.7040818054008,0.0603216450986,0.3633435099124,0.2080301823466,0.0000001194391
71343,0.2446016593997,3.7042324648707,0.0603216450986,0.3633175447825,0.2080230409074,0.0000001194391
71358,0.2445982218816,3.7041804073088,0.0603216450986,0.2902181290837,0.1819153701182,0.0000001194391
71361,0.2445930738735,3.7041024461909,0.0603216450986,0.2902083578760,0.1819107772566,0.0000001194391
71365,0.2445952983382,3.7041361333478,0.0602748110784,0.2902428867212,0.1819035139350,0.0000001194391
71366,0.2445922770361,3.7040903789344,0.0602279770581,0.2902704238508,0.1818926294793,0.0000001194391
71414,0.2445932750616,3.7041054929710,0.0601811430379,0.2902229665396,0.1818558225793,0.0000001170503
71437,0.2445967443599,3.7041580318112,0.0601761406511,0.2901943458398,0.1818442004418,0.0000001170503
71442,0.2445939319365,3.7041154406450,0.0601761406511,0.2901921235883,0.1818428041184,0.0000001170503
71477,0.2445859828310,3.7039950598807,0.0601761406511,0.2901362218870,0.1818211358453,0.0000001170503
71486,0.2445913271290,3.7040759936002,0.0601929107672,0.2901088503269,0.1818196926875,0.0000001170503
71555,0.2445952307651,3.7041351100256,0.0601929107672,0.2900645811760,0.1818047187699,0.0000001170503
71636,0.2445903010419,3.7040604546003,0.0600752775476,0.2900406886918,0.1817447151336,0.0000001147093
71644,0.2445850211242,3.7039804958523,0.0600752775476,0.2900410262899,0.1817437042934,0.0000001147093
71653,0.2445881428329,3.7040277708168,0.0600802799344,0.2899439646493,0.1817118522394,0.0000001147093
71713,0.2445892413746,3.7040444070647,0.0600802799344,0.2898696295231,0.1816855393819,0.0000001147093
71796,0.2445807884000,3.7039163957367,0.0600802799344,0.2898692919250,0.1816836074594,0.0000001124151
71819,0.2445817391806,3.7039307942997,0.0600334459142,0.2898805372392,0.1816677556588,0.0000001124151
71881,0.2445800731690,3.7039055643234,0.0600334459142,0.2898656182153,0.1816620704335,0.0000001124151
71899,0.2445813368414,3.7039247013004,0.0599158126946,0.2898282968738,0.1815985979329,0.0000001124151
71917,0.2445818976357,3.7039331939344,0.0599158126946,0.2897641612207,0.1815758125127,0.0000001101668
71927,0.2445862323555,3.7039988386642,0.0598689786744,0.2897192411856,0.1815406267886,0.0000001101668
71981,0.2445923840599,3.7040919996964,0.0598221446541,0.2897499724901,0.1815328487539,0.0000001101668
71993,0.2445885612441,3.7040341072103,0.0598221446541,0.2897242016504,0.1815228257078,0.0000001101668
72023,0.2445839048671,3.7039635913237,0.0598171422673,0.2896424397387,0.1814904833499,0.0000001101668
72109,0.2445832527282,3.7039537153715,0.0598415867500,0.2896133475586,0.1814904297484,0.0000001079634
72123,0.2445852805590,3.7039844247173,0.0598171422673,0.2896109515902,0.1814795323737,0.0000001079634
72142,0.2445870458892,3.7040111587679,0.0598171422673,0.2895791192270,0.1814685419576,0.0000001079634
72165,0.2445941417731,3.7041186183975,0.0598171422673,0.2895466829014,0.1814584781021,0.0000001079634
72183,0.2445927818759,3.7040980241976,0.0598003721511,0.2895445987397,0.1814502551595,0.0000001079634
72198,0.2445954163445,3.7041379204284,0.0598003721511,0.2895183761697,0.1814414544849,0.0000001079634
72272,0.2445972116109,3.7041651078317,0.0597703082471,0.2895105663297,0.1814261654260,0.0000001058042
72342,0.2445952816616,3.7041358807988,0.0597234742268,0.2895424107292,0.1814170531423,0.0000001058042
72376,0.2445904466236,3.7040626592812,0.0596766402066,0.2895326049444,0.1813924432737,0.0000001036881
72401,0.2445858734265,3.7039934030657,0.0596348085732,0.2893960419056,0.1813247629462,0.0000001036881
72460,0.2445886945263,3.7040361256274,0.0595890708910,0.2267402392264,0.1589286932184,0.0000001016143
72481,0.2445897585963,3.7040522398380,0.0595890708910,0.2267344087118,0.1589268389067,0.0000001016143
72488,0.2445799632361,3.7039038995058,0.0595890708910,0.2267396683367,0.1589266183384,0.0000001016143
72502,0.2445852596994,3.7039841088196,0.0595422368708,0.2267532849985,0.1589125446654,0.0000001016143
72510,0.2445802454524,3.7039081733727,0.0594954028506,0.2268116897220,0.1589122572908,0.0000001016143
72550,0.2445826725018,3.7039449284592,0.0595422368708,0.2267437903221,0.1589085993101,0.0000001016143
72575,0.2445759366842,3.7038429216527,0.0595890708910,0.2266475017405,0.1588928388644,0.0000001016143
72688,0.2445752827972,3.7038330192270,0.0595422368708,0.2266937823274,0.1588891558038,0.0000000995820
72694,0.2445855090487,3.7039878849506,0.0595145033738,0.2267045623589,0.1588833113703,0.0000000995820
72718,0.2445924743123,3.7040933664742,0.0593968701542,0.2267627853812,0.1588551836263,0.0000000995820
72784,0.2445825682251,3.7039433492991,0.0592792369346,0.2268285738577,0.1588261425408,0.0000000975904
72799,0.2445852618115,3.7039841408056,0.0592699869264,0.2268367044947,0.1588256592476,0.0000000975904
72879,0.2445872163891,3.7040137408087,0.0592699869264,0.2268081653738,0.1588158855425,0.0000000975904
72889,0.2445849455742,3.7039793517278,0.0592231529061,0.2267626571781,0.1587790742893,0.0000000975904
72950,0.2445792305614,3.7038928039250,0.0593407861258,0.2265930037195,0.1587676733597,0.0000000956386
72964,0.2445828109727,3.7039470254537,0.0592939521055,0.2265667190177,0.1587389814743,0.0000000956386
72969,0.2445856517599,3.7039900461605,0.0593032021137,0.2265237650006,0.1587282137832,0.0000000956386
72995,0.2445868199190,3.7040077366898,0.0592563680935,0.2265276182844,0.1587097685529,0.0000000956386
73027,0.2445803816605,3.7039102360992,0.0592095340733,0.2265575306120,0.1586990001772,0.0000000956386
73039,0.2445852507345,3.7039839730564,0.0591871445358,0.2264998114211,0.1586698340374,0.0000000956386
73068,0.2445840140682,3.7039652450573,0.0591871445358,0.2264824564304,0.1586633708265,0.0000000956386
73076,0.2445802452073,3.7039081696612,0.0590695113162,0.2264694073300,0.1586074885835,0.0000000956386
73088,0.2445840712588,3.7039661111488,0.0589518780965,0.2264956230048,0.1585672569557,0.0000000956386
73090,0.2445779116372,3.7038728302194,0.0589518780965,0.2264364449081,0.1585448020023,0.0000000956386
73096,0.2445811152464,3.7039213454791,0.0588619783739,0.2265223564422,0.1585376427281,0.0000000956386
73103,0.2445839743427,3.7039646434581,0.0588619783739,0.2264896149283,0.1585265619938,0.0000000937258
73149,0.2445827373859,3.7039459110599,0.0588619783739,0.2264720129515,0.1585200105113,0.0000000937258
73172,0.2445790452659,3.7038899978212,0.0589033307037,0.2263958815908,0.1585097519982,0.0000000937258
73196,0.2445725672736,3.7037918955062,0.0588564966835,0.2264091163122,0.1584930188202,0.0000000937258
73248,0.2445780045071,3.7038742366341,0.0588096626633,0.2263368795931,0.1584483133904,0.0000000937258
73318,0.2445849230432,3.7039790105199,0.0588134309811,0.2262924179425,0.1584355317664,0.0000000918513
73364,0.2445811929206,3.7039225217720,0.0588041809729,0.2262981063829,0.1584327997510,0.0000000918513
73432,0.2445861105895,3.7039969946470,0.0587589225943,0.2262524467858,0.1583981500902,0.0000000918513
73455,0.2445799801698,3.7039041559483,0.0587589225943,0.2262540788063,0.1583974192933,0.0000000900143
73461,0.2445870681667,3.7040114961378,0.0587709823132,0.2261711705272,0.1583744965011,0.0000000900143
73492,0.2445914505620,3.7040778628627,0.0586533490936,0.2261320475390,0.1583110488531,0.0000000900143
73571,0.2445903982348,3.7040619264841,0.0586289046108,0.2261572620576,0.1583093523327,0.0000000900143
