0,0.2063240533919,3.124558757017,0.5553584234398,0.3201241934734,0.3965531191558,10
1,0.2063274625041,3.124610384402,0.5552407902202,0.3199513238135,0.3964416962786,10.0000000000000
7,0.2063407043333,3.1248109178474,0.5550763229804,0.3196660550109,0.3962721661383,10.0000000000000
9,0.2063571283715,3.1250596424709,0.5550763229804,0.3194559323640,0.3962006417726,10.0000000000000
11,0.2063650847395,3.1251801332171,0.5549586897607,0.3193705778218,0.3961214487066,10.0000000000000
12,0.2063636622640,3.1251585913364,0.5549586897607,0.3193682409758,0.3961203093025,10.0000000000000
13,0.2063535959707,3.1250061480105,0.5549586897607,0.3193739298152,0.3961201839680,10.0000000000000
14,0.2063499342157,3.1249506946180,0.5548410565411,0.3192260636737,0.3960161757330,10.0000000000000
15,0.2063528824106,3.1249953419001,0.5547942225209,0.3191138903781,0.3959566738748,10.0000000000000
16,0.2063495595110,3.1249450201127,0.5547942225209,0.3190418999921,0.3959302509728,10.0000000000000
31,0.2064096493886,3.1258550175186,0.5548878905614,0.3184019527498,0.3957547182345,10.0000000000000
32,0.2064180925306,3.1259828799419,0.5548878905614,0.3183500531317,0.3957379919013,10.0000000000000
36,0.2064300440802,3.1261638734726,0.5548410565411,0.3182114358288,0.3956709750451,10.0000000000000
37,0.2064475597674,3.1264291299611,0.5548410565411,0.3176979322094,0.3954913342569,10.0000000000000
39,0.2064604992888,3.1266250852750,0.5547942225209,0.3174876731191,0.3953989427562,10.0000000000000
40,0.2064647103472,3.1266888572842,0.5547942225209,0.3174131487664,0.3953732292856,10.0000000000000
41,0.2064695586202,3.1267622792324,0.5547942225209,0.3173425320091,0.3953490479308,10.0000000000000
45,0.2064663449289,3.1267136112886,0.5547473885007,0.3173987554287,0.3953483673524,10.0000000000000
47,0.2064580341012,3.1265877526257,0.5547005544804,0.3174460127622,0.3953433923569,10.0000000000000
48,0.2064509404985,3.1264803275436,0.5547005544804,0.3174284236053,0.3953355904575,10.0000000000000
50,0.2064685002103,3.1267462507379,0.5547005544804,0.3173918091513,0.3953262766621,10.0000000000000
52,0.2064789204652,3.1269040544359,0.5547005544804,0.3173188809051,0.3953024637717,10.0000000000000
54,0.2064826569027,3.1269606388157,0.5547005544804,0.3172751541171,0.3952876477269,10.0000000000000
56,0.2064786259377,3.1268995941298,0.5547473885007,0.3170515992423,0.3952270146449,10.0000000000000
57,0.2064814806590,3.1269428258541,0.5547473885007,0.3170023914717,0.3952100521671,10.0000000000000
59,0.2064784954837,3.1268976185424,0.5547473885007,0.3169898398104,0.3952049297505,10.0000000000000
60,0.2064806251859,3.1269298706216,0.5547473885007,0.3168694142866,0.3951623769996,10.0000000000000
61,0.2064770645906,3.1268759491865,0.5547473885007,0.3168258916291,0.3951460702087,10.0000000000000
62,0.2064743253378,3.1268344661097,0.5547473885007,0.3167066946607,0.3951029128800,10.0000000000000
63,0.2064801280576,3.1269223421416,0.5547473885007,0.3166804950299,0.3950947993090,10.0000000000000
64,0.2064760437329,3.1268604893791,0.5547473885007,0.3162062372280,0.3949245463102,10.0000000000000
65,0.2064701638275,3.1267714444551,0.5547005544804,0.3162244498485,0.3949097191148,10.0000000000000
66,0.2064715061677,3.1267917727723,0.5547005544804,0.3161044140136,0.3948671368181,10.0000000000000
68,0.2064819202970,3.1269494837051,0.5547005544804,0.3160558211070,0.3948520138078,10.0000000000000
69,0.2064838554257,3.1269787891738,0.5547005544804,0.3160170479367,0.3948385809173,10.0000000000000
73,0.2064845438439,3.1269892145376,0.5547473885007,0.3156140840131,0.3947148844715,10.0000000000000
75,0.2064850230293,3.1269964712916,0.5547473885007,0.3154318012851,0.3946498861798,10.0000000000000
76,0.2064868254419,3.1270237669167,0.5546297552810,0.3153969714676,0.3945874189536,10.0000000000000
77,0.2064986686151,3.1272031192028,0.5546297552810,0.3152319050677,0.3945310044907,10.0000000000000
79,0.2064965244214,3.1271706476648,0.5545829212608,0.3149783003240,0.3944199001749,10.0000000000000
83,0.2065118707566,3.1274030516200,0.5545589560816,0.3146810662948,0.3943067628738,10.0000000000000
70900,0.2441204050106,3.6969443780436,0.0662622494019,0.7873967873507,0.3619227605855,0.0000001079634
70913,0.2441222067352,3.6969716632495,0.0662154153817,0.7874106478848,0.3619080251371,0.0000001079634
70916,0.2441165846949,3.6968865234181,0.0661685813614,0.7874147920743,0.3618882287589,0.0000001079634
70924,0.2441226535387,3.6969784296142,0.0660509481418,0.7874977589446,0.3618687460136,0.0000001079634
70970,0.2441285048582,3.6970670416372,0.0660041141216,0.7875000614937,0.3618507504838,0.0000001079634
71018,0.2441245455316,3.6970070818390,0.0659572801014,0.7875566277471,0.3618500325670,0.0000001079634
71028,0.2441213668264,3.6969589437221,0.0659448953375,0.7875678396048,0.3618480478949,0.0000001079634
71030,0.2441245455975,3.6970070828359,0.0658549956149,0.7876539357353,0.3618409492256,0.0000001079634
71043,0.2441149387300,3.6968615970271,0.0658549956149,0.7876257404299,0.3618288208592,0.0000001079634
71048,0.2441103105300,3.6967915078516,0.0658549956149,0.7875851788379,0.3618133428192,0.0000001079634
71063,0.2441189664223,3.6969225921507,0.0658549956149,0.7875283772720,0.3617949113797,0.0000001058042
71102,0.2441228819412,3.6969818885272,0.0659018296351,0.7874588414003,0.3617909879025,0.0000001058042
71118,0.2441257850594,3.6970258531711,0.0658549956149,0.7874931024861,0.3617837743784,0.0000001058042
71129,0.2441226757361,3.6969787657702,0.0658549956149,0.7874070063556,0.3617523594768,0.0000001058042
71148,0.2441238115693,3.6969959667589,0.0658549956149,0.7873778417841,0.3617421869512,0.0000001058042
71159,0.2441298549276,3.6970874870047,0.0658186621996,0.7873575909816,0.3617206780635,0.0000001058042
71166,0.2441246328861,3.6970084047301,0.0658186621996,0.7873573729950,0.3617194812022,0.0000001058042
71190,0.2441238863208,3.6969970987911,0.0658186621996,0.7863660032454,0.3613652605991,0.0000001058042
71210,0.2441137591952,3.6968437342249,0.0657718281793,0.7862224374250,0.3612917452705,0.0000001058042
71228,0.2441125559043,3.6968255116607,0.0657528653870,0.7862037099288,0.3612766721199,0.0000001058042
71233,0.2441115817407,3.6968107589876,0.0657528653870,0.7861956672332,0.3612735909793,0.0000001036881
71247,0.2441165507524,3.6968860093943,0.0657249941591,0.7862142550819,0.3612693494729,0.0000001036881
71294,0.2441203755216,3.6969439314641,0.0656781601389,0.7862600477519,0.3612664518684,0.0000001036881
71309,0.2441189681240,3.6969226179206,0.0656313261186,0.7862956946728,0.3612588096034,0.0000001036881
71315,0.2441300101950,3.6970898383638,0.0655959347828,0.7863257878931,0.3612567556248,0.0000001036881
71325,0.2441288315415,3.6970719889087,0.0655959347828,0.7862935472740,0.3612449885494,0.0000001036881
71339,0.2441224617364,3.6969755249721,0.0655959347828,0.7862949529817,0.3612441256296,0.0000001036881
71344,0.2441233533974,3.6969890282310,0.0655959347828,0.7862825612598,0.3612398910848,0.0000001036881
71381,0.2441296441634,3.6970842952041,0.0655491007626,0.7862574053736,0.3612121831381,0.0000001036881
71417,0.2441303406311,3.6970948424688,0.0655491007626,0.7861488118165,0.3611735489680,0.0000001016143
71497,0.2441376356422,3.6972053176677,0.0655491007626,0.7860723167641,0.3611477925230,0.0000001016143
71526,0.2441357906196,3.6971773767591,0.0655491007626,0.7860171736561,0.3611277031939,0.0000001016143
71540,0.2441285816204,3.6970682041180,0.0655268654837,0.7851593710359,0.3608102709245,0.0000001016143
71559,0.2441272316362,3.6970477600405,0.0655202874552,0.7851666751212,0.3608097710890,0.0000001016143
71562,0.2441283997644,3.6970654501031,0.0654026542356,0.7851403746329,0.3607502141337,0.0000001016143
71564,0.2441228291238,3.6969810886641,0.0653606848713,0.7851819411605,0.3607458787430,0.0000001016143
71568,0.2441292438069,3.6970782322307,0.0654783180909,0.7842370828663,0.3604602181641,0.0000001016143
71579,0.2441266587850,3.6970390848177,0.0654783180909,0.7841300429694,0.3604214356962,0.0000000995820
71589,0.2441352781108,3.6971696153570,0.0654783180909,0.7816610989905,0.3595415169879,0.0000000975904
71593,0.2441313267837,3.6971097767029,0.0654783180909,0.7816160544202,0.3595245829284,0.0000000975904
71599,0.2441235587454,3.6969921380091,0.0654783180909,0.7808534087429,0.3592505448926,0.0000000975904
71614,0.2441175357624,3.6969009263257,0.0653606848713,0.7809363940729,0.3592284776342,0.0000000975904
71621,0.2441170405621,3.6968934270433,0.0653138508510,0.7809824166706,0.3592247364390,0.0000000975904
71623,0.2441251289718,3.6970159174215,0.0653138508510,0.7785607882010,0.3583616023591,0.0000000975904
71628,0.2441296444506,3.6970842995535,0.0653606848713,0.7784985838926,0.3583604258602,0.0000000975904
71630,0.2441347760380,3.6971620119976,0.0653606848713,0.7784243682239,0.3583350198901,0.0000000975904
71652,0.2441338845395,3.6971485111984,0.0653606848713,0.7784037068849,0.3583274498050,0.0000000975904
71653,0.2441472857178,3.6973514578176,0.0652915990445,0.7784096836431,0.3583028478311,0.0000000975904
71675,0.2441537328055,3.6974490921171,0.0652867343886,0.7783806003773,0.3582917576167,0.0000000975904
71704,0.2441595170316,3.6975366880804,0.0652867343886,0.7783597090904,0.3582855359199,0.0000000975904
71710,0.2441590305516,3.6975293208566,0.0652399003683,0.7783649261968,0.3582672232035,0.0000000975904
71756,0.2441591950319,3.6975318117374,0.0651930663481,0.7783504594953,0.3582420200472,0.0000000956386
71799,0.2441581467275,3.6975159362797,0.0651930663481,0.7782914014288,0.3582207032439,0.0000000956386
71815,0.2441621943110,3.6975772326354,0.0651271318046,0.7782848973325,0.3581909900302,0.0000000956386
71824,0.2441606171764,3.6975533486056,0.0650602386540,0.7782237382135,0.3581401410372,0.0000000956386
71831,0.2441641708689,3.6976071655057,0.0649551444568,0.7783181807502,0.3581295916499,0.0000000956386
71846,0.2441623227645,3.6975791779272,0.0649083104366,0.7783311583982,0.3581137587789,0.0000000956386
71876,0.2441717552071,3.6977220222562,0.0649083104366,0.7782902967242,0.3581011865616,0.0000000956386
71877,0.2441659770570,3.6976345183067,0.0649083104366,0.7782497631279,0.3580854721021,0.0000000956386
71879,0.2441752754050,3.6977753319168,0.0647906772170,0.7782850796178,0.3580496634004,0.0000000956386
71881,0.2441788226122,3.6978290506042,0.0646730439973,0.7784193684612,0.3580479695805,0.0000000956386
71886,0.2441816101559,3.6978712649938,0.0646730439973,0.7761936634156,0.3572536722521,0.0000000956386
71895,0.2441869494116,3.6979521223542,0.0646262099771,0.7761650387827,0.3572245215722,0.0000000956386
71897,0.2441805137745,3.6978546614622,0.0646262099771,0.7761135926429,0.3572047688858,0.0000000956386
71930,0.2441772539051,3.6978052941998,0.0645793759569,0.7760897704129,0.3571754906801,0.0000000937258
71942,0.2441788845011,3.6978299878454,0.0646970091765,0.7759472544787,0.3571753557825,0.0000000937258
71951,0.2441803471753,3.6978521384931,0.0645793759569,0.7760110169333,0.3571480272809,0.0000000937258
71953,0.2441834456709,3.6978990619207,0.0645793759569,0.7760068323145,0.3571471967376,0.0000000937258
71960,0.2441827168418,3.6978880245770,0.0645325419366,0.7760151354146,0.3571299342299,0.0000000937258
71976,0.2441857322304,3.6979336894371,0.0645325419366,0.7759482252402,0.3571066838937,0.0000000937258
71979,0.2441921628571,3.6980310744506,0.0644857079164,0.7759271174616,0.3570804516698,0.0000000937258
71983,0.2441996482230,3.6981444323718,0.0644388738962,0.7758762899582,0.3570438312741,0.0000000937258
71987,0.2441933630900,3.6980492507037,0.0644349678474,0.7757990326265,0.3570132185348,0.0000000937258
71989,0.2441989623827,3.6981340460485,0.0643881338272,0.7756022265466,0.3569240587746,0.0000000937258
71991,0.2442020859890,3.6981813497494,0.0644349678474,0.7755315877802,0.3569195717109,0.0000000937258
72005,0.2442033972601,3.6982012075586,0.0644349678474,0.7755261951231,0.3569179267486,0.0000000937258
72010,0.2441920971635,3.6980300795914,0.0644818018677,0.7753320922151,0.3568662545551,0.0000000937258
72031,0.2441899042127,3.6979968696791,0.0644818018677,0.7752153348423,0.3568240855754,0.0000000937258
72038,0.2442008622681,3.6981628177963,0.0644818018677,0.7751703374200,0.3568103632222,0.0000000937258
72048,0.2442036742439,3.6982054021843,0.0644818018677,0.7751475678910,0.3568028338138,0.0000000937258
72064,0.2441992812456,3.6981388748881,0.0643641686480,0.7752701549826,0.3567952593242,0.0000000937258
72079,0.2441977688744,3.6981159716315,0.0643173346278,0.7752062763334,0.3567520497184,0.0000000937258
72086,0.2441998854055,3.6981480242490,0.0641997014082,0.7752705517542,0.3567250445312,0.0000000918513
72090,0.2441884816254,3.6979753261053,0.0641528673880,0.7752893501142,0.3567092428411,0.0000000918513
72094,0.2441814837511,3.6978693507275,0.0641528673880,0.7752118202298,0.3566800540522,0.0000000918513
72148,0.2441807229302,3.6978578289031,0.0641060333677,0.7751244401634,0.3566286121296,0.0000000918513
72194,0.2441871778103,3.6979555812097,0.0640591993475,0.7751460650751,0.3566176467780,0.0000000918513
72215,0.2441905021479,3.6980059247732,0.0640123653273,0.7751146863530,0.3565870807266,0.0000000918513
72254,0.2441908316287,3.6980109144103,0.0639655313070,0.7751476645702,0.3565788575414,0.0000000900143
72285,0.2441888518873,3.6979809333292,0.0639186972868,0.7751309271498,0.3565523839380,0.0000000900143
72295,0.2441901280765,3.6980002598593,0.0639186972868,0.7750925705372,0.3565389586169,0.0000000900143
72307,0.2441865692092,3.6979463645916,0.0639186972868,0.7750558781637,0.3565250915834,0.0000000900143
72315,0.2441887871533,3.6979799530015,0.0639186972868,0.7750463777104,0.3565221738381,0.0000000900143
72316,0.2441929153315,3.6980424698778,0.0639243332358,0.7729491835369,0.3557764759353,0.0000000900143
72322,0.2441887294626,3.6979790793364,0.0639243332358,0.7722206131218,0.3555153752437,0.0000000900143
72324,0.2441858614753,3.6979356467138,0.0639243332358,0.7722024823079,0.3555082853843,0.0000000900143
72335,0.2441818503539,3.6978749025386,0.0639243332358,0.7719578017189,0.3554200399337,0.0000000900143
72337,0.2441764628703,3.6977933148180,0.0638067000162,0.7721015441218,0.3554198078084,0.0000000900143
72387,0.2441714185849,3.6977169244706,0.0638067000162,0.7720495069152,0.3554001421734,0.0000000900143
72410,0.2441757864703,3.6977830714583,0.0637598659960,0.7720323610127,0.3553748828893,0.0000000900143
72420,0.2441763604850,3.6977917643021,0.0637598659960,0.7718633741571,0.3553146534440,0.0000000900143
