0,0.2063240533919,3.124558757017,0.5553584234398,0.3201241934734,0.3965531191558,10
1,0.2063166675577,3.124446906398,0.5553584234398,0.3200398660116,0.3965214195264,10.0000000000000
4,0.2063108444027,3.1243587208979,0.5553115894196,0.3195980707928,0.3963423159778,10.0000000000000
5,0.2063182471004,3.1244708268953,0.5553115894196,0.3192522729545,0.3962204030422,10.0000000000000
7,0.2063149363128,3.1244206885326,0.5552179213791,0.3193376464951,0.3962100406921,10.0000000000000
8,0.2063204837264,3.1245046982224,0.5552179213791,0.3191792493619,0.3961546590188,10.0000000000000
9,0.2063153373878,3.1244267623867,0.5552179213791,0.3187813672293,0.3960114554703,10.0000000000000
10,0.2063181170230,3.1244688570112,0.5551002881595,0.3186771786605,0.3959244266663,10.0000000000000
11,0.2063287395907,3.1246297245224,0.5551002881595,0.3185170245665,0.3958695050401,10.0000000000000
12,0.2063318798352,3.1246772801912,0.5550534541393,0.3185297804657,0.3958546619050,10.0000000000000
14,0.2063488666254,3.1249345270969,0.5550066201191,0.3185722818102,0.3958534092601,10.0000000000000
15,0.2063459148291,3.1248898252749,0.5548889868994,0.3186026622076,0.3958132126373,10.0000000000000
16,0.2063500703894,3.1249527568241,0.5548421528792,0.3185364073950,0.3957703689584,10.0000000000000
17,0.2063444139480,3.1248670960239,0.5548421528792,0.3172087708465,0.3952950009537,10.0000000000000
18,0.2063379610865,3.1247693742873,0.5548421528792,0.3170143116626,0.3952241684891,10.0000000000000
19,0.2063391383975,3.1247872034130,0.5547245196596,0.3168826607105,0.3951269883359,10.0000000000000
20,0.2063448467754,3.1248736507351,0.5546776856393,0.3169226531397,0.3951224228472,10.0000000000000
21,0.2063493814610,3.1249423237356,0.5545600524197,0.3169645245006,0.3950879343860,10.0000000000000
22,0.2063566528898,3.1250524418057,0.5545600524197,0.3168701279304,0.3950557794886,10.0000000000000
26,0.2063630613518,3.1251494911583,0.5546068864400,0.3166622120183,0.3950029687705,10.0000000000000
27,0.2063632488767,3.1251523310251,0.5545600524197,0.3166058129030,0.3949627946903,10.0000000000000
28,0.2063603543152,3.1251084959636,0.5545132183995,0.3166132850650,0.3949447713334,10.0000000000000
29,0.2063565333893,3.1250506320964,0.5545132183995,0.3163820636446,0.3948613734848,10.0000000000000
30,0.2063545404717,3.1250204514761,0.5545132183995,0.3161581919701,0.3947809922616,10.0000000000000
31,0.2063593389738,3.1250931196951,0.5544663843793,0.3160017652273,0.3947060820952,10.0000000000000
32,0.2063639019822,3.1251622216139,0.5544195503590,0.3160415783168,0.3947012071203,10.0000000000000
33,0.2063648547168,3.1251766497673,0.5544195503590,0.3153118518917,0.3944407946973,10.0000000000000
53,0.2063737228897,3.1253109488321,0.5545840175989,0.3147118941804,0.3942989103689,10.0000000000000
54,0.2063805926685,3.1254149843386,0.5545840175989,0.3147036918395,0.3942974530569,10.0000000000000
55,0.2063792108827,3.1253940586596,0.5545840175989,0.3146848240793,0.3942904184741,10.0000000000000
56,0.2063724666107,3.1252919238204,0.5545840175989,0.3146132530352,0.3942634121858,10.0000000000000
63,0.2064101755891,3.1258629862674,0.5545840175989,0.3135007748890,0.3938741790576,10.0000000000000
66,0.2064281110532,3.1261345998300,0.5544903495584,0.3135470741189,0.3938544143646,10.0000000000000
67,0.2064216548964,3.1260368281897,0.5544903495584,0.3133368084629,0.3937779360253,10.0000000000000
68,0.2064252804335,3.1260917331001,0.5544903495584,0.3131482018031,0.3937113534048,10.0000000000000
69,0.2064225023662,3.1260496622195,0.5544903495584,0.3130164674375,0.3936637101169,10.0000000000000
72,0.2064211733979,3.1260295364062,0.5545611487578,0.3128333937540,0.3936283843936,10.0000000000000
74,0.2064182418488,3.1259851412064,0.5544903495584,0.3128660720890,0.3936090845244,10.0000000000000
76,0.2064237976974,3.1260692786351,0.5544195503590,0.3127000739855,0.3935206475124,10.0000000000000
78,0.2064284529206,3.1261397770493,0.5544195503590,0.3126646927893,0.3935090089188,10.0000000000000
81,0.2064252346214,3.1260910393239,0.5543727163388,0.3126754322366,0.3934920830771,10.0000000000000
83,0.2064271154419,3.1261195223549,0.5543727163388,0.3123083855148,0.3933613979952,10.0000000000000
84,0.2064321287236,3.1261954431832,0.5542550831192,0.3122697104565,0.3932982455120,10.0000000000000
85,0.2064320389432,3.1261940835541,0.5542550831192,0.3121384136847,0.3932513345691,10.0000000000000
88,0.2064476309490,3.1264302079304,0.5542550831192,0.3120043276893,0.3932067878577,9.8000000000000
89,0.2064473748429,3.1264263294759,0.5542550831192,0.3118715874908,0.3931593257641,9.8000000000000
91,0.2064547791388,3.1265384596768,0.5542082490989,0.3117882803179,0.3931110881143,9.8000000000000
92,0.2064512369509,3.1264848170015,0.5542082490989,0.3117378183241,0.3930923069334,9.8000000000000
93,0.2064503635278,3.1264715899349,0.5542082490989,0.3116870417548,0.3930739852822,9.8000000000000
95,0.2064515974555,3.1264902764606,0.5542082490989,0.3113867267301,0.3929669943293,9.8000000000000
97,0.2064580413715,3.1265878627273,0.5540906158793,0.3114049928623,0.3929244845501,9.8000000000000
101,0.2064929315980,3.1271162381684,0.5541374498996,0.3112480202422,0.3928959711002,9.8000000000000
102,0.2065079150928,3.1273431472911,0.5541374498996,0.3110522393621,0.3928292601061,9.8000000000000
103,0.2065148836544,3.1274486787594,0.5540198166799,0.3110093556299,0.3927650235138,9.8000000000000
107,0.2065281983316,3.1276503154096,0.5539729826597,0.3107909576339,0.3926698056516,9.8000000000000
108,0.2065358193478,3.1277657276098,0.5539729826597,0.3107706675650,0.3926641922733,9.8000000000000
109,0.2065338771691,3.1277363153760,0.5539729826597,0.3107635896198,0.3926612482546,9.8000000000000
110,0.2065295373105,3.1276705928238,0.5539729826597,0.3103681733776,0.3925190981984,9.8000000000000
111,0.2065330095323,3.1277231759365,0.5539729826597,0.3103436354489,0.3925110787000,9.8000000000000
113,0.2065358319333,3.1277659182043,0.5538553494401,0.3102090933495,0.3924132185134,9.8000000000000
116,0.2065377158160,3.1277944476084,0.5539490174805,0.3100892789032,0.3924109747748,9.8000000000000
118,0.2065403674033,3.1278346030828,0.5538313842609,0.3098133265802,0.3922625743340,9.8000000000000
124,0.2065516159489,3.1280049503638,0.5537845502407,0.3097594127891,0.3922256580883,9.8000000000000
125,0.2065584185626,3.1281079687276,0.5537845502407,0.3097435589779,0.3922214537158,9.8000000000000
126,0.2065615675965,3.1281556575020,0.5538313842609,0.3096415216093,0.3922057583144,9.8000000000000
127,0.2065628165402,3.1281745714297,0.5538782182812,0.3092533219411,0.3920874549295,9.8000000000000
128,0.2065713352654,3.1283035784782,0.5538782182812,0.3091869006703,0.3920655584882,9.8000000000000
129,0.2065774695003,3.1283964749548,0.5538782182812,0.3089708337141,0.3919897061970,9.8000000000000
130,0.2065796173978,3.1284290025819,0.5538782182812,0.3088558219494,0.3919490908305,9.8000000000000
132,0.2065763351367,3.1283792962220,0.5538782182812,0.3088291303218,0.3919388547647,9.8000000000000
133,0.2065829488875,3.1284794544564,0.5538782182812,0.3087477457449,0.3919112060767,9.8000000000000
135,0.2065875581944,3.1285492575159,0.5537845502407,0.3088296934210,0.3919013173666,9.8000000000000
136,0.2065744598529,3.1283508970399,0.5537845502407,0.3087940852084,0.3918857933604,9.8000000000000
137,0.2065780014900,3.1284045313734,0.5536669170211,0.3087960808494,0.3918368507745,9.8000000000000
138,0.2065761407122,3.1283763518697,0.5536200830008,0.3088221071201,0.3918256754102,9.8000000000000
139,0.2065846012445,3.1285044776489,0.5535024497812,0.3087585198928,0.3917543644203,9.8000000000000
140,0.2065864538782,3.1285325338198,0.5535024497812,0.3086920966030,0.3917310388098,9.8000000000000
142,0.2065926705874,3.1286266792813,0.5535024497812,0.3086248475695,0.3917083534498,9.8000000000000
143,0.2065917195478,3.1286122767965,0.5533848165616,0.3084952154591,0.3916114382363,9.8000000000000
144,0.2065955030973,3.1286695746366,0.5533379825414,0.3084932198181,0.3915914645450,9.8000000000000
145,0.2066023589955,3.1287733999366,0.5533379825414,0.3084768799207,0.3915870979884,9.8000000000000
146,0.2066029372761,3.1287821573831,0.5533379825414,0.3079182847145,0.3913877236178,9.8000000000000
147,0.2066108715387,3.1289023133672,0.5533379825414,0.3078776252775,0.3913749025894,9.8000000000000
155,0.2066288108491,3.1291739851777,0.5531735153015,0.3079379751367,0.3913298142885,9.8000000000000
159,0.2066487063486,3.1294752813968,0.5530090480617,0.3080304497138,0.3912966182846,9.8000000000000
160,0.2066518521890,3.1295229218115,0.5528914148420,0.3080270735799,0.3912456723942,9.8000000000000
161,0.2066481473938,3.1294668166197,0.5527737816224,0.3078317303467,0.3911246988321,9.8000000000000
162,0.2066537269377,3.1295513128902,0.5528206156426,0.3077710115204,0.3911242808765,9.8000000000000
163,0.2066573182822,3.1296056999890,0.5527029824230,0.3077480528925,0.3910664367034,9.8000000000000
164,0.2066687152500,3.1297782949687,0.5525853492034,0.3077370152660,0.3910145226643,9.8000000000000
166,0.2066845143834,3.1300175560707,0.5525853492034,0.3077007530383,0.3910049573973,9.8000000000000
167,0.2066820753826,3.1299806199934,0.5525853492034,0.3076887526102,0.3910001488871,9.8000000000000
168,0.2066914677151,3.1301228568974,0.5524677159838,0.3075019408684,0.3908850288136,9.8000000000000
170,0.2066865887929,3.1300489708007,0.5524677159838,0.3075034068261,0.3908845068866,9.8000000000000
171,0.2066845888681,3.1300186840621,0.5524677159838,0.3074823015493,0.3908765407324,9.6040000000000
172,0.2066816814553,3.1299746543830,0.5524677159838,0.3073986110803,0.3908460282622,9.6040000000000
173,0.2066819512693,3.1299787404293,0.5524677159838,0.3072293888856,0.3907856495813,9.6040000000000
59233,0.2447297769440,3.7061726690718,0.0788275399156,0.8525187046216,0.3906962923881,0.0000005326191
59240,0.2447337820942,3.7062333228189,0.0788275399156,0.8523925947941,0.3906521114105,0.0000005326191
59254,0.2447324600046,3.7062133011757,0.0787807058954,0.8523132906020,0.3906034334569,0.0000005326191
59256,0.2447367436386,3.7062781722660,0.0787807058954,0.8522442264557,0.3905796856119,0.0000005326191
59272,0.2447459013670,3.7064168563408,0.0788275399156,0.8521188861254,0.3905569553016,0.0000005326191
59282,0.2447475704864,3.7064421333812,0.0788743739359,0.8518313018087,0.3904746760084,0.0000005326191
59292,0.2447465961353,3.7064273778681,0.0788275399156,0.8517517343140,0.3904259785335,0.0000005326191
59303,0.2447507154203,3.7064897600668,0.0787855705513,0.8517308179327,0.3904014042309,0.0000005326191
59305,0.2447492802626,3.7064680261271,0.0787387365311,0.8516509871354,0.3903525139751,0.0000005326191
59310,0.2447395384609,3.7063204968820,0.0788563697507,0.8506662671738,0.3900491549826,0.0000005326191
59315,0.2447419598399,3.7063571660972,0.0789032037709,0.8498226371599,0.3897684491389,0.0000005326191
59318,0.2447370847659,3.7062833382762,0.0789032037709,0.8490517622889,0.3894920920263,0.0000005326191
59322,0.2447420862463,3.7063590803866,0.0789032037709,0.8488451384563,0.3894193695461,0.0000005326191
59325,0.2447443640346,3.7063935750729,0.0788563697507,0.8488666019823,0.3894074514657,0.0000005326191
59337,0.2447393576868,3.7063177592498,0.0788563697507,0.8461901759726,0.3884505122448,0.0000005219667
59339,0.2447448277924,3.7064005981927,0.0788252095086,0.8460604581832,0.3883920022389,0.0000005219667
59354,0.2447439937723,3.7063879678434,0.0788720435288,0.8460035946772,0.3883915868482,0.0000005219667
59367,0.2447420625057,3.7063587208615,0.0787544103092,0.8460535983504,0.3883586172232,0.0000005219667
59368,0.2447376477260,3.7062918637098,0.0787075762889,0.8460031983529,0.3883195994769,0.0000005219667
59370,0.2447434863632,3.7063802836714,0.0786607422687,0.8459010747597,0.3882643061786,0.0000005219667
59372,0.2447404834198,3.7063348072817,0.0786607422687,0.8459026672998,0.3882642314550,0.0000005219667
59382,0.2447449312338,3.7064021647028,0.0786139082485,0.8459014064356,0.3882446625264,0.0000005219667
59389,0.2447503100017,3.7064836204334,0.0786139082485,0.8456737144205,0.3881644965428,0.0000005219667
59396,0.2447487788812,3.7064604332383,0.0785670742282,0.8456462431413,0.3881342855514,0.0000005219667
59408,0.2447597097240,3.7066259692488,0.0785670742282,0.8454997949063,0.3880843249338,0.0000005219667
59412,0.2447564825753,3.7065770975066,0.0785670742282,0.8454580139955,0.3880687116481,0.0000005219667
59414,0.2447627058668,3.7066713426507,0.0786139082485,0.8453329229171,0.3880454415483,0.0000005219667
59422,0.2447650996213,3.7067075935212,0.0786607422687,0.8451522089120,0.3880014855026,0.0000005219667
59429,0.2447660086408,3.7067213596556,0.0786607422687,0.8451336178508,0.3879950406278,0.0000005219667
59430,0.2447723660472,3.7068176358267,0.0787075762889,0.8449449214209,0.3879490830700,0.0000005219667
59440,0.2447692434584,3.7067703475342,0.0787075762889,0.8449267906071,0.3879419386531,0.0000005219667
59443,0.2447726444387,3.7068218517705,0.0787075762889,0.8447596925998,0.3878829895749,0.0000005219667
59447,0.2447679234564,3.7067503575055,0.0786607422687,0.8445523845932,0.3877878676391,0.0000005219667
59448,0.2447643714723,3.7066965664770,0.0785431090491,0.8445810038012,0.3877469134084,0.0000005219667
59451,0.2447656174742,3.7067154358529,0.0785431090491,0.8444318572317,0.3876939137768,0.0000005219667
59455,0.2447617767332,3.7066572719089,0.0784962750288,0.8442433443119,0.3876056929952,0.0000005219667
59458,0.2447662885258,3.7067255982178,0.0784494410086,0.8441901918288,0.3875676050552,0.0000005219667
59474,0.2447608807949,3.7066437038737,0.0783318077890,0.8442350840919,0.3875320649699,0.0000005219667
59490,0.2447642528848,3.7066947705954,0.0783318077890,0.8442092899277,0.3875235753591,0.0000005219667
59491,0.2447771901517,3.7068906917689,0.0782849737688,0.8438283962695,0.3873702424582,0.0000005219667
59494,0.2447745429655,3.7068506029439,0.0782572402718,0.8438470942118,0.3873644672561,0.0000005219667
59510,0.2447663824019,3.7067270198708,0.0782104062515,0.8438259864331,0.3873351083486,0.0000005115274
59511,0.2447704228731,3.7067882085190,0.0781635722313,0.8436629597729,0.3872576786337,0.0000005012969
59519,0.2447670309692,3.7067368417354,0.0781635722313,0.8436217324425,0.3872422277506,0.0000005012969
59528,0.2447772257448,3.7068912307890,0.0781635722313,0.8435835150234,0.3872307632671,0.0000005012969
59533,0.2447807444993,3.7069445185906,0.0782104062515,0.8433547755344,0.3871698963343,0.0000005012969
59563,0.2447745973677,3.7068514268079,0.0782174635836,0.8433457167195,0.3871683683716,0.0000005012969
59573,0.2447810090691,3.7069485252181,0.0782174635836,0.8433384507762,0.3871671473278,0.0000005012969
59588,0.2447821204885,3.7069653564859,0.0782083843617,0.8430509735526,0.3870608239570,0.0000005012969
59591,0.2447876678029,3.7070493646730,0.0780907511421,0.8431222432969,0.3870370519104,0.0000005012969
59603,0.2447882644100,3.7070583996539,0.0781375851623,0.8421046896992,0.3866938394786,0.0000005012969
59620,0.2447872271459,3.7070426913900,0.0780907511421,0.8420965015635,0.3866706211506,0.0000005012969
59634,0.2447822804079,3.7069677782947,0.0780907511421,0.8413573946590,0.3864055943836,0.0000005012969
59653,0.2447840945489,3.7069952515347,0.0780907511421,0.8413420161452,0.3864004908018,0.0000005012969
59661,0.2447778840690,3.7069012004096,0.0780439171219,0.8412687689237,0.3863529285398,0.0000005012969
59666,0.2447826644548,3.7069735942772,0.0779970831016,0.8412281775382,0.3863193842618,0.0000005012969
59668,0.2447769724487,3.7068873948875,0.0780769615229,0.8404776578599,0.3860843554131,0.0000005012969
59674,0.2447752343193,3.7068610727628,0.0780769615229,0.8404719203364,0.3860819338412,0.0000004912709
59683,0.2447782528501,3.7069067852078,0.0780901175799,0.8394853380326,0.3857358681566,0.0000004912709
59691,0.2447761434134,3.7068748400290,0.0780432835597,0.8393943028974,0.3856828318632,0.0000004912709
59692,0.2447719617608,3.7068115133384,0.0780307445372,0.8392281284768,0.3856172139207,0.0000004912709
59696,0.2447681164602,3.7067532803434,0.0780307445372,0.8391494873549,0.3855883038127,0.0000004912709
59711,0.2447645415385,3.7066991419494,0.0780213567980,0.8390566632033,0.3855503629586,0.0000004912709
59715,0.2447601737980,3.7066329971565,0.0780591115964,0.8390137479760,0.3855502807752,0.0000004912709
59745,0.2447586754769,3.7066103066740,0.0781059456166,0.8388493697295,0.3855113249127,0.0000004912709
59753,0.2447557441288,3.7065659145192,0.0781059456166,0.8388237723314,0.3855015548388,0.0000004912709
59759,0.2447575647284,3.7065934855676,0.0781527796368,0.8379150973552,0.3851974899130,0.0000004912709
59768,0.2447549016340,3.7065531558296,0.0781527796368,0.8377824735533,0.3851495536064,0.0000004912709
59769,0.2447629353355,3.7066748177102,0.0781527796368,0.8374616190597,0.3850366842233,0.0000004912709
59770,0.2447710436667,3.7067976097786,0.0781059456166,0.8374818937649,0.3850255909660,0.0000004912709
59783,0.2447574114394,3.7065911641673,0.0780591115964,0.8374835275592,0.3850031815494,0.0000004912709
59785,0.2447542166767,3.7065427828777,0.0779414783768,0.8375935582584,0.3849913793988,0.0000004912709
59830,0.2447539216417,3.7065383148867,0.0778946443565,0.8375960481170,0.3849721336892,0.0000004912709
59834,0.2447571748320,3.7065875809997,0.0778946443565,0.8375479338066,0.3849556471192,0.0000004912709
59837,0.2447501881004,3.7064817743671,0.0777770111369,0.8371111221680,0.3847477315688,0.0000004912709
59843,0.2447522777001,3.7065134191358,0.0778238451571,0.8362606846607,0.3844645233819,0.0000004814455
59848,0.2447486224306,3.7064580639604,0.0778706791774,0.8352753694788,0.3841319135536,0.0000004814455
59862,0.2447466836179,3.7064287026996,0.0778238451571,0.8350571557660,0.3840334929019,0.0000004814455
59865,0.2447447259876,3.7063990564673,0.0777770111369,0.8349216446982,0.3839646048768,0.0000004814455
59867,0.2447428350451,3.7063704201500,0.0777392563386,0.8347405377443,0.3838833379920,0.0000004814455
59886,0.2447461849129,3.7064211503425,0.0776216231189,0.8347725751661,0.3838450835202,0.0000004814455
59888,0.2447444262680,3.7063945175322,0.0775747890987,0.8343651093035,0.3836791114224,0.0000004814455
59892,0.2447441212540,3.7063898984183,0.0775279550785,0.8343374837237,0.3836491080608,0.0000004814455
59914,0.2447421420977,3.7063599261971,0.0774811210582,0.8342891155455,0.3836113378836,0.0000004814455
59919,0.2447440952353,3.7063895043936,0.0774811210582,0.8342558611826,0.3835998798549,0.0000004814455
59928,0.2447402337784,3.7063310267277,0.0774811210582,0.8341383442085,0.3835570820519,0.0000004814455
59931,0.2447425555323,3.7063661872255,0.0774811210582,0.8338159840239,0.3834424509333,0.0000004814455
59942,0.2447442600371,3.7063920001415,0.0774342870380,0.8337453946226,0.3833975339609,0.0000004814455
59963,0.2447519925484,3.7065091008165,0.0774342870380,0.8337174609301,0.3833892146088,0.0000004814455
59981,0.2447627134151,3.7066714569608,0.0773166538184,0.8337314230368,0.3833460841671,0.0000004814455
60011,0.2447687184290,3.7067623965219,0.0773255787817,0.8335478003110,0.3832856163951,0.0000004718166
60015,0.2447705408256,3.7067899947833,0.0772787447614,0.8335350990349,0.3832613990157,0.0000004718166
60026,0.2447730531473,3.7068280412286,0.0773963779811,0.8333637287745,0.3832511479429,0.0000004718166
60039,0.2447764184295,3.7068790048546,0.0773963779811,0.8333056782418,0.3832311367417,0.0000004718166
60040,0.2447832044904,3.7069817725433,0.0773495439608,0.8333100903530,0.3832140949287,0.0000004718166
60058,0.2447833561783,3.7069840696954,0.0773027099406,0.8330483698264,0.3831005840936,0.0000004718166
60062,0.2447814596884,3.7069553493698,0.0773027099406,0.8329560360015,0.3830672013369,0.0000004718166
60066,0.2447816639061,3.7069584420304,0.0773027099406,0.8325389822089,0.3829182973148,0.0000004718166
60070,0.2447854812578,3.7070162517684,0.0772558759204,0.8325898336387,0.3829172048207,0.0000004718166
60071,0.2447823469786,3.7069687864380,0.0772558759204,0.8325662177557,0.3829080989455,0.0000004718166
60085,0.2447852955915,3.7070134400504,0.0772558759204,0.8325443102166,0.3829009066700,0.0000004718166
60115,0.2447892153091,3.7070728000111,0.0773229068019,0.8323530520567,0.3828621676444,0.0000004718166
60128,0.2447943178096,3.7071500719653,0.0772052735823,0.8324367841526,0.3828427511204,0.0000004718166
60129,0.2448063065468,3.7073316286635,0.0771584395621,0.8322265082101,0.3827501498617,0.0000004718166
60152,0.2448094081570,3.7073785992565,0.0772052735823,0.8298564903636,0.3819244512702,0.0000004718166
60175,0.2448117578388,3.7074141826927,0.0770876403627,0.8298840127449,0.3818843699584,0.0000004718166
60177,0.2448194120929,3.7075300982454,0.0770654050838,0.8298531238195,0.3818654489914,0.0000004718166
60178,0.2448223746741,3.7075749633932,0.0771830383034,0.8296292548265,0.3818365448554,0.0000004718166
60216,0.2448325375439,3.7077288692667,0.0770654050838,0.8296524220302,0.3817965823775,0.0000004623803
60239,0.2448339136129,3.7077497083708,0.0770452082225,0.8294083063109,0.3817010372663,0.0000004623803
60250,0.2448352100839,3.7077693420491,0.0770452082225,0.8292831435927,0.3816566141107,0.0000004623803
60258,0.2448350092933,3.7077663012880,0.0770185710636,0.8292907293341,0.3816478643523,0.0000004623803
60259,0.2448252907213,3.7076191238319,0.0769842595381,0.8293277573390,0.3816443011491,0.0000004623803
60269,0.2448293868540,3.7076811554140,0.0770310935583,0.8292113541197,0.3816236780365,0.0000004623803
60271,0.2448349225668,3.7077649879067,0.0770779275786,0.8290329824540,0.3815812318173,0.0000004623803
60275,0.2448369579186,3.7077958111499,0.0769602943590,0.8280899081533,0.3811944414768,0.0000004623803
60284,0.2448405960652,3.7078509070169,0.0768426611393,0.8281433195945,0.3811638823574,0.0000004623803
60294,0.2448392242650,3.7078301325594,0.0767958271191,0.8281140382219,0.3811330590442,0.0000004623803
60303,0.2448286986254,3.7076707329225,0.0767958271191,0.8281004450092,0.3811259488312,0.0000004623803
60309,0.2448316388023,3.7077152587797,0.0767958271191,0.8280208177546,0.3810981405639,0.0000004623803
60312,0.2448259041408,3.7076284134191,0.0767527614167,0.8278608319125,0.3810213171775,0.0000004623803
60316,0.2448263955341,3.7076358550487,0.0767059273965,0.8278625104265,0.3810019502224,0.0000004623803
60320,0.2448235725455,3.7075931038835,0.0767059273965,0.8278353898690,0.3809916593829,0.0000004623803
60321,0.2448298167405,3.7076876655888,0.0767059273965,0.8277860408373,0.3809753727705,0.0000004623803
60328,0.2448304851082,3.7076977873069,0.0766934049017,0.8275579455122,0.3808886865926,0.0000004623803
60336,0.2448413529234,3.7078623688313,0.0766934049017,0.8274033897004,0.3808358169059,0.0000004623803
60339,0.2448402869761,3.7078462261914,0.0766934049017,0.8272434982511,0.3807784843996,0.0000004623803
60349,0.2448470248038,3.7079482634392,0.0766934049017,0.8272356293028,0.3807771178811,0.0000004531326
60357,0.2448437846971,3.7078991954630,0.0766934049017,0.8270964948062,0.3807267326809,0.0000004440700
60391,0.2448377736633,3.7078081647373,0.0766934049017,0.8269838873160,0.3806852276414,0.0000004440700
60410,0.2448282347287,3.7076637076985,0.0766934049017,0.8268232029018,0.3806257962932,0.0000004440700
60417,0.2448310160335,3.7077058276073,0.0766934049017,0.8265504007941,0.3805289629629,0.0000004440700
60427,0.2448351754420,3.7077688174339,0.0767103127488,0.8259729780568,0.3803308780788,0.0000004440700
60453,0.2448362884546,3.7077856728276,0.0767103127488,0.8259533103370,0.3803240923958,0.0000004440700
60480,0.2448251996441,3.7076177445649,0.0767103127488,0.8259028831516,0.3803037065131,0.0000004440700
60504,0.2448111412936,3.7074048457709,0.0767103127488,0.8253125822169,0.3800898722470,0.0000004440700
60507,0.2448101697222,3.7073901323539,0.0766634787286,0.8252326406617,0.3800410417748,0.0000004440700
60508,0.2448036311099,3.7072911120119,0.0765458455089,0.8253466412589,0.3800299409056,0.0000004440700
60509,0.2448033060321,3.7072861890523,0.0765369205457,0.8252755368647,0.3800006518352,0.0000004440700
60526,0.2448012163516,3.7072545430599,0.0765369205457,0.8252032415320,0.3799743842849,0.0000004351886
60575,0.2448045319026,3.7073047535606,0.0764908743463,0.8252000830460,0.3799542326440,0.0000004351886
60586,0.2447967303183,3.7071866068485,0.0765377083665,0.8250982656206,0.3799362692326,0.0000004351886
60590,0.2448054103540,3.7073180567743,0.0765377083665,0.8250191811661,0.3799098847922,0.0000004351886
60594,0.2448071191400,3.7073439345237,0.0765377083665,0.8250069779957,0.3799058926855,0.0000004351886
60637,0.2448056086847,3.7073210602824,0.0765377083665,0.8249978712330,0.3799023166013,0.0000004351886
60674,0.2448022180477,3.7072697126842,0.0764908743463,0.8249805811458,0.3798753432821,0.0000004351886
60689,0.2448063750277,3.7073326657340,0.0763857801491,0.8250748944651,0.3798648770217,0.0000004351886
60697,0.2448010810313,3.7072524937780,0.0763389461289,0.8250669849274,0.3798408460360,0.0000004264848
60708,0.2448209865951,3.7075539424101,0.0763389461289,0.8243247656979,0.3795800332177,0.0000004264848
60714,0.2448197470697,3.7075351711131,0.0763389461289,0.8243123653424,0.3795753389067,0.0000004264848
60716,0.2448197530720,3.7075352620123,0.0763143473875,0.8242949518983,0.3795585787880,0.0000004264848
60724,0.2448291808244,3.7076780353143,0.0763143473875,0.8241967392763,0.3795255230843,0.0000004264848
60736,0.2448306645279,3.7077005044281,0.0763143473875,0.8239206141218,0.3794272248941,0.0000004264848
60749,0.2448361960954,3.7077842741457,0.0762675133673,0.8238807140172,0.3793940884697,0.0000004264848
60821,0.2448403772975,3.7078475940130,0.0762206793470,0.8238769141096,0.3793735556088,0.0000004264848
60837,0.2448484327193,3.7079695848250,0.0761030461274,0.8237176170180,0.3792679757152,0.0000004264848
60847,0.2448463833916,3.7079385499321,0.0760562121072,0.8236937070542,0.3792389255778,0.0000004264848
60891,0.2448367559581,3.7077927526722,0.0760562121072,0.8236933138297,0.3792367221190,0.0000004179551
60893,0.2448363832351,3.7077871081786,0.0761738453268,0.8233869682457,0.3791776473496,0.0000004179551
60897,0.2448255844811,3.7076235725121,0.0761738453268,0.8226681479484,0.3789186117961,0.0000004179551
60921,0.2448331040796,3.7077374488486,0.0760562121072,0.8227035638943,0.3788824574538,0.0000004179551
60970,0.2448390917285,3.7078281254357,0.0760562121072,0.8226116451940,0.3788509124142,0.0000004179551
60977,0.2448423898652,3.7078780722136,0.0760562121072,0.8223904884079,0.3787726345913,0.0000004179551
60993,0.2448384537347,3.7078184636967,0.0759385788876,0.8224143301064,0.3787298917901,0.0000004179551
60994,0.2448395641918,3.7078352803906,0.0758209456680,0.8224829402657,0.3787042191366,0.0000004179551
61018,0.2448401503660,3.7078441573757,0.0758209456680,0.8224712045004,0.3787001534005,0.0000004179551
61025,0.2448438656358,3.7079004211931,0.0758677796882,0.8220784854293,0.3785807644416,0.0000004179551
61031,0.2448378206582,3.7078088764247,0.0758552406657,0.8220521125864,0.3785646763501,0.0000004095960
61043,0.2448323350570,3.7077258028179,0.0758084066455,0.8220843266696,0.3785549341708,0.0000004095960
61044,0.2448327338514,3.7077318421356,0.0758084066455,0.8218588924710,0.3784745074130,0.0000004095960
61056,0.2448328331811,3.7077333463788,0.0758084066455,0.8218561862024,0.3784735621734,0.0000004095960
61058,0.2448293293839,3.7076802850894,0.0757653409431,0.8218021077543,0.3784350408987,0.0000004095960
61074,0.2448205312446,3.7075470466104,0.0757185069228,0.8217292086586,0.3783870484688,0.0000004095960
61093,0.2448359894656,3.7077811449576,0.0757185069228,0.8216986680384,0.3783794535804,0.0000004095960
61096,0.2448355030325,3.7077737784446,0.0757185069228,0.8194718267169,0.3775840488728,0.0000004095960
61112,0.2448410752390,3.7078581635959,0.0757185069228,0.8192632570675,0.3775107537566,0.0000004095960
61113,0.2448424924526,3.7078796257922,0.0756716729026,0.8188919358683,0.3773583710082,0.0000004095960
61114,0.2448448518928,3.7079153570084,0.0756716729026,0.8185974830220,0.3772537148717,0.0000004095960
61115,0.2448528827722,3.7080369761511,0.0756248388824,0.8182978322493,0.3771283459184,0.0000004095960
61117,0.2448539032044,3.7080524295136,0.0755072056628,0.8183810851333,0.3771078835183,0.0000004095960
61162,0.2448535081961,3.7080464475322,0.0755540396830,0.8177994201757,0.3769201331118,0.0000004095960
61167,0.2448527377751,3.7080347803242,0.0754364064634,0.8177803366829,0.3768627382514,0.0000004095960
61169,0.2448484283874,3.7079695192229,0.0754364064634,0.8176507104865,0.3768155197411,0.0000004095960
61184,0.2448463367730,3.7079378439427,0.0754364064634,0.7030236806257,0.3358768465877,0.0000004095960
61207,0.2448517088406,3.7080191982044,0.0754364064634,0.7010832647486,0.3351849920747,0.0000004014041
61252,0.2448457317728,3.7079286818568,0.0754107279116,0.7010939241830,0.3351765131216,0.0000004014041
61258,0.2448439314636,3.7079014180856,0.0753638938914,0.7010253929040,0.3351315801614,0.0000004014041
61275,0.2448418479241,3.7078698650915,0.0753638938914,0.7008929334286,0.3350838267331,0.0000004014041
61289,0.2448499816515,3.7079930417580,0.0753638938914,0.7006251431886,0.3349899303033,0.0000004014041
61325,0.2448552916738,3.7080734564089,0.0753638938914,0.7003778165569,0.3349027372253,0.0000004014041
61338,0.2448485521672,3.7079713937358,0.0753638938914,0.7003757387516,0.3349005509720,0.0000004014041
61344,0.2448519005465,3.7080221013866,0.0753427384229,0.7003669850948,0.3348890755465,0.0000004014041
61400,0.2448622854153,3.7081793691999,0.0753427384229,0.5960224967145,0.2976254121683,0.0000003933760
61412,0.2448675541753,3.7082591589771,0.0753895724431,0.5958874816398,0.2975983932417,0.0000003933760
61448,0.2448629274398,3.7081890919787,0.0753427384229,0.5958897684820,0.2975781468048,0.0000003933760
61453,0.2448580574370,3.7081153409571,0.0753427384229,0.5958350647838,0.2975575661977,0.0000003933760
61458,0.2448651597237,3.7082228975483,0.0752959044027,0.5956415943809,0.2974699198208,0.0000003933760
61476,0.2448649423240,3.7082196052618,0.0752490703824,0.5956717867266,0.2974605844928,0.0000003933760
61485,0.2448722015843,3.7083295390529,0.0752959044027,0.5953589046841,0.2973704681850,0.0000003933760
61489,0.2448706992322,3.7083067875248,0.0751782711830,0.5953971129771,0.2973333778343,0.0000003933760
61497,0.2448720648770,3.7083274687646,0.0750606379634,0.5953939652573,0.2972821320498,0.0000003933760
61526,0.2448774728556,3.7084093668597,0.0750606379634,0.5953568380073,0.2972700311703,0.0000003933760
61527,0.2448833641085,3.7084985836316,0.0750349594117,0.5951575741074,0.2971891228095,0.0000003933760
61530,0.2448866315273,3.7085480652205,0.0750138039432,0.5951660921307,0.2971837984925,0.0000003933760
61532,0.2448896451675,3.7085937036012,0.0749669699230,0.5951406500872,0.2971552861055,0.0000003933760
61538,0.2448838985618,3.7085066773585,0.0749632016051,0.5951144939752,0.2971430982280,0.0000003933760
61545,0.2448855468922,3.7085316395733,0.0749632016051,0.5950923844280,0.2971355551748,0.0000003855085
61564,0.2448814224836,3.7084691797828,0.0749475278270,0.5950545011347,0.2971144242919,0.0000003855085
61601,0.2448820515903,3.7084787069367,0.0749475278270,0.5950374624293,0.2971084738486,0.0000003855085
61648,0.2448719297534,3.7083254224618,0.0749475278270,0.5943391926239,0.2968569228101,0.0000003855085
61675,0.2448674185634,3.7082571052785,0.0749475278270,0.5943321008278,0.2968534233422,0.0000003855085
61721,0.2448681298611,3.7082678771267,0.0749475278270,0.5941424312197,0.2967858366174,0.0000003777983
61725,0.2448659766840,3.7082352695451,0.0749475278270,0.5940165164901,0.2967404056760,0.0000003702424
61728,0.2448593539216,3.7081349748393,0.0749132163016,0.5940334578656,0.2967303320644,0.0000003702424
61753,0.2448567580427,3.7080956630100,0.0749600503218,0.5939540958379,0.2967215039463,0.0000003702424
61763,0.2448526429901,3.7080333449070,0.0749334131629,0.5939789168615,0.2967180708754,0.0000003702424
61767,0.2448496003826,3.7079872678455,0.0750375652806,0.5938369361621,0.2967113481173,0.0000003702424
61772,0.2448477660790,3.7079594892645,0.0750375652806,0.5936291166677,0.2966367338042,0.0000003702424
61799,0.2448490959336,3.7079796285013,0.0750375652806,0.5935952727238,0.2966249316502,0.0000003702424
61807,0.2448473534370,3.7079532402405,0.0749907312604,0.5936476613109,0.2966231967448,0.0000003702424
61811,0.2448435695647,3.7078959375109,0.0749907312604,0.5935669669316,0.2965935664939,0.0000003702424
61842,0.2448464543889,3.7079396251116,0.0749738234133,0.5933614208172,0.2965135291238,0.0000003702424
61850,0.2448470017167,3.7079479138095,0.0749269893930,0.5932814423427,0.2964650109444,0.0000003702424
61852,0.2448561308123,3.7080861642707,0.0748093561734,0.5933644653999,0.2964462040340,0.0000003702424
61885,0.2448607741527,3.7081564827320,0.0748561901937,0.5928931895295,0.2962989579477,0.0000003628375
61888,0.2448599545541,3.7081440707814,0.0748561901937,0.5928614441052,0.2962874446679,0.0000003628375
61893,0.2448705954509,3.7083052158666,0.0748561901937,0.5926265483946,0.2962058335348,0.0000003628375
61910,0.2448702781691,3.7083004109716,0.0748300323383,0.5926234775274,0.2961934582982,0.0000003628375
61930,0.2448725417081,3.7083346898668,0.0748768663586,0.5925639102222,0.2961927410276,0.0000003628375
61935,0.2448695812290,3.7082898565527,0.0748300323383,0.5925401516523,0.2961635497128,0.0000003628375
61979,0.2448633529129,3.7081955353172,0.0748300323383,0.5923716926325,0.2961020511380,0.0000003628375
62002,0.2448653956898,3.7082264710048,0.0748300323383,0.5923306096374,0.2960878163776,0.0000003628375
62009,0.2448671735721,3.7082533951446,0.0748359933323,0.5923175644888,0.2960860930824,0.0000003628375
62023,0.2448653200836,3.7082253260289,0.0748828273526,0.5920270910889,0.2960020271293,0.0000003628375
62041,0.2448672688295,3.7082548377180,0.0749296613728,0.5909746142404,0.2956466318520,0.0000003628375
62048,0.2448753342516,3.7083769799727,0.0748854993323,0.5909746469271,0.2956294452417,0.0000003628375
62079,0.2448758287853,3.7083844691602,0.0748386653121,0.5909983047226,0.2956179287029,0.0000003555808
62098,0.2448783089877,3.7084220291929,0.0747918312918,0.5910467629056,0.2956156949459,0.0000003555808
62148,0.2448764167088,3.7083933726382,0.0747714636442,0.5905473558511,0.2954282008034,0.0000003555808
62157,0.2448684820286,3.7082732103302,0.0746538304246,0.5905424185237,0.2953743229465,0.0000003555808
62164,0.2448604241589,3.7081511824470,0.0746784291659,0.5905016089455,0.2953685637286,0.0000003555808
62209,0.2448643725833,3.7082109771429,0.0745607959463,0.5904600378144,0.2953041487500,0.0000003555808
62212,0.2448687741925,3.7082776348413,0.0745607959463,0.5904216215396,0.2952913718538,0.0000003555808
62246,0.2448775507939,3.7084105471531,0.0745607959463,0.5902968753265,0.2952487003351,0.0000003484692
62262,0.2448666192170,3.7082450000254,0.0745570276285,0.5902722922699,0.2952359631979,0.0000003484692
62271,0.2448663987744,3.7082416616570,0.0746038616487,0.5897987676881,0.2950868717612,0.0000003484692
62287,0.2448765695870,3.7083956878161,0.0746038616487,0.5897446013352,0.2950697060949,0.0000003484692
62300,0.2448826512123,3.7084877875746,0.0744862284291,0.5898274574477,0.2950501865321,0.0000003484692
62346,0.2448792243020,3.7084358906563,0.0744862284291,0.5898242562751,0.2950483089183,0.0000003484692
62372,0.2448863004031,3.7085430506954,0.0744862284291,0.5876663876662,0.2942791578653,0.0000003484692
62391,0.2448824233976,3.7084843375636,0.0744393944088,0.5874576570928,0.2941837087221,0.0000003414998
62392,0.2448866627333,3.7085485378024,0.0743925603886,0.5874116214193,0.2941481041163,0.0000003414998
62401,0.2448925956378,3.7086383853423,0.0743343002117,0.5874587217448,0.2941412283505,0.0000003414998
62433,0.2448884849095,3.7085761327266,0.0743343002117,0.5871076144711,0.2940149520253,0.0000003414998
62448,0.2448843959816,3.7085142102532,0.0742166669921,0.5863111873774,0.2936792233417,0.0000003414998
62460,0.2448887690667,3.7085804359849,0.0742635010123,0.5862401936785,0.2936748772619,0.0000003414998
62478,0.2448852459057,3.7085270814523,0.0742635010123,0.5859211953557,0.2935601943264,0.0000003414998
62503,0.2448851653796,3.7085258619695,0.0742635010123,0.5858994433379,0.2935524084930,0.0000003414998
62524,0.2448858745119,3.7085366010257,0.0741458677927,0.5859289392481,0.2935126804666,0.0000003414998
62527,0.2448827795255,3.7084897307418,0.0741458677927,0.5858966180040,0.2935004739538,0.0000003414998
62530,0.2448859083080,3.7085371128310,0.0740990337725,0.5857909194619,0.2934433232049,0.0000003414998
62547,0.2448819044104,3.7084764780528,0.0741458677927,0.5854611469944,0.2933447610685,0.0000003414998
62559,0.2448774798772,3.7084094731941,0.0741458677927,0.5853357943758,0.2932990441619,0.0000003414998
62577,0.2448708969674,3.7083097820139,0.0742542510041,0.5851324644159,0.2932714656433,0.0000003346698
62592,0.2448700352747,3.7082967325924,0.0742074169838,0.5851495040506,0.2932572948557,0.0000003346698
62593,0.2448671918005,3.7082536711953,0.0742074169838,0.5851265606827,0.2932484914799,0.0000003346698
62595,0.2448731891648,3.7083444949110,0.0742542510041,0.5844386552391,0.2930241678367,0.0000003346698
62603,0.2448751922451,3.7083748294357,0.0741366177845,0.5845078241808,0.2929988860247,0.0000003346698
62612,0.2448647327705,3.7082164317953,0.0741366177845,0.5845001902208,0.2929939182944,0.0000003346698
62623,0.2448626046461,3.7081842036110,0.0741366177845,0.5844839310147,0.2929876554085,0.0000003346698
62631,0.2448573815009,3.7081051046218,0.0740467180618,0.5845323361122,0.2929652952453,0.0000003346698
62644,0.2448498664555,3.7079912972379,0.0741049782387,0.5844627713301,0.2929638089607,0.0000003346698
62654,0.2448505434207,3.7080015491565,0.0741049782387,0.5843233146556,0.2929141480695,0.0000003346698
62655,0.2448516786608,3.7080187411633,0.0739873450191,0.5843416454475,0.2928705238096,0.0000003346698
62670,0.2448600737625,3.7081458760662,0.0739290848422,0.5843568934665,0.2928527998338,0.0000003346698
62689,0.2448585128186,3.7081222372278,0.0738114516226,0.5844519770993,0.2928360095491,0.0000003346698
62699,0.2448637217698,3.7082011212640,0.0738114516226,0.5844158319805,0.2928242167820,0.0000003346698
62708,0.2448602142983,3.7081480043310,0.0738582856428,0.5843601713267,0.2928236580989,0.0000003346698
62711,0.2448686755062,3.7082761403429,0.0738582856428,0.5843324621597,0.2928155750839,0.0000003346698
62716,0.2448623555990,3.7081804320570,0.0738114516226,0.5843578112815,0.2928032023528,0.0000003346698
62729,0.2448712878430,3.7083157014096,0.0738336869014,0.5841740833331,0.2927490286859,0.0000003346698
62746,0.2448745114839,3.7083645200297,0.0738336869014,0.5841153370849,0.2927287386632,0.0000003279764
62766,0.2448754291202,3.7083784166577,0.0737160536818,0.5841738728907,0.2926994267075,0.0000003279764
62772,0.2448733911300,3.7083475534595,0.0736692196616,0.5841737332433,0.2926788683983,0.0000003279764
62773,0.2448759203762,3.7083858562071,0.0736223856414,0.5840156768174,0.2926028899331,0.0000003279764
62784,0.2448761025808,3.7083886155023,0.0735946521444,0.5840087580167,0.2925885721923,0.0000003279764
62872,0.2448770982968,3.7084036945644,0.0735478181241,0.5836949588717,0.2924566427139,0.0000003279764
62923,0.2448783175056,3.7084221581877,0.0735009841039,0.5837451751785,0.2924547666452,0.0000003214169
62939,0.2448717921715,3.7083233389307,0.0735009841039,0.5836171826435,0.2924076567397,0.0000003214169
62968,0.2448747136245,3.7083675812349,0.0733833508843,0.5836173222910,0.2923579184025,0.0000003214169
62979,0.2448801065729,3.7084492517126,0.0733365168641,0.5836293351418,0.2923432926151,0.0000003214169
62997,0.2448786252631,3.7084268188480,0.0733833508843,0.5833790687284,0.2922736660527,0.0000003214169
63011,0.2448794676264,3.7084395755457,0.0733833508843,0.5833448435656,0.2922616232866,0.0000003214169
63031,0.2448734815821,3.7083489232607,0.0732657176647,0.5831853154586,0.2921529520020,0.0000003214169
63043,0.2448706691638,3.7083063321708,0.0732657176647,0.5831586200498,0.2921428152663,0.0000003214169
63052,0.2448749919339,3.7083717959346,0.0732657176647,0.5831241184842,0.2921314195865,0.0000003214169
63057,0.2448818123606,3.7084750840563,0.0732657176647,0.5824512683284,0.2918925774794,0.0000003149885
63070,0.2448843886191,3.7085140987572,0.0732657176647,0.5824119908348,0.2918791018585,0.0000003149885
63089,0.2448817945914,3.7084748149610,0.0731480844450,0.5823889081358,0.2918198879374,0.0000003086887
63092,0.2448836987612,3.7085036515918,0.0731480844450,0.5822506878823,0.2917709315975,0.0000003086887
63103,0.2448863770704,3.7085442117409,0.0731421234511,0.5822526328886,0.2917696454543,0.0000003086887
63184,0.2448914503471,3.7086210411298,0.0730952894308,0.5822225551559,0.2917399188147,0.0000003086887
63207,0.2448841591233,3.7085106232868,0.0730952894308,0.5816344414076,0.2915283157852,0.0000003086887
63236,0.2448903682708,3.7086046542332,0.0730484554106,0.5816013180892,0.2914977448373,0.0000003086887
63237,0.2448943465713,3.7086649013710,0.0729308221910,0.5816473353030,0.2914646178125,0.0000003086887
63245,0.2449062458317,3.7088451030387,0.0729308221910,0.5814857120856,0.2914094450764,0.0000003025150
63259,0.2449183705248,3.7090287186443,0.0728131889714,0.5814877831771,0.2913623686634,0.0000003025150
63266,0.2449115500432,3.7089254296902,0.0727771640733,0.5806522614529,0.2910470672738,0.0000003025150
63287,0.2449147492044,3.7089738775901,0.0727771640733,0.5803384123269,0.2909356638348,0.0000003025150
63301,0.2449164378052,3.7089994496571,0.0727771640733,0.5803359701303,0.2909351534648,0.0000003025150
63321,0.2449161465882,3.7089950394842,0.0726872643507,0.5803331969999,0.2908955722049,0.0000003025150
63326,0.2449166613009,3.7090028342617,0.0727340983709,0.5802001461730,0.2908682360709,0.0000003025150
63351,0.2449129188962,3.7089461595155,0.0726872643507,0.5802559656441,0.2908672979295,0.0000003025150
63365,0.2449128998828,3.7089458715778,0.0726404303304,0.5802689223504,0.2908518495274,0.0000003025150
63371,0.2449145699829,3.7089711634709,0.0725935963102,0.5803055859637,0.2908452298306,0.0000003025150
63387,0.2449169485387,3.7090071841744,0.0724537278117,0.5796081396503,0.2905367079098,0.0000003025150
63423,0.2449112758128,3.7089212767619,0.0723585006573,0.5797147895607,0.2905327699418,0.0000002964647
63424,0.2449039842472,3.7088108537411,0.0724053346775,0.5796224695087,0.2905183077393,0.0000002964647
63436,0.2449010881480,3.7087669953943,0.0724053346775,0.5795950856707,0.2905079072045,0.0000002964647
63438,0.2449012576124,3.7087695617519,0.0724173943964,0.5787944824291,0.2902271822401,0.0000002964647
63458,0.2448995774174,3.7087441169820,0.0724053346775,0.5780247486388,0.2899467488222,0.0000002964647
63462,0.2448955419848,3.7086830046401,0.0724053346775,0.5780114709566,0.2899411420573,0.0000002964647
63465,0.2448990656802,3.7087363672657,0.0723585006573,0.5778476846950,0.2898633303185,0.0000002964647
63480,0.2448968746619,3.7087031866191,0.0723644616513,0.5778346395464,0.2898607565447,0.0000002964647
63516,0.2448961132080,3.7086916552086,0.0723644616513,0.5777596334085,0.2898338054696,0.0000002964647
63532,0.2448975236991,3.7087130155989,0.0723987566490,0.5777106219725,0.2898313014896,0.0000002964647
63536,0.2448918300925,3.7086267919716,0.0723987566490,0.5770333082400,0.2895881836694,0.0000002964647
63552,0.2448990320468,3.7087358579240,0.0723987566490,0.5770162228308,0.2895836250135,0.0000002964647
63571,0.2448845840695,3.7085170586449,0.0723987566490,0.5769676407805,0.2895631782861,0.0000002964647
63593,0.2448772105897,3.7084053951219,0.0723987566490,0.5769627860186,0.2895598644112,0.0000002905354
63594,0.2448768035276,3.7083992305981,0.0723519226288,0.5767775550039,0.2894735515268,0.0000002905354
63597,0.2448795788861,3.7084412604562,0.0723519226288,0.5767704281918,0.2894716009564,0.0000002905354
63611,0.2448706007566,3.7083052962166,0.0723491129182,0.5766218769987,0.2894154189123,0.0000002905354
63624,0.2448677400595,3.7082619739955,0.0723491129182,0.5755693289800,0.2890388958991,0.0000002905354
63637,0.2448693583454,3.7082864812180,0.0723022788979,0.5756243914492,0.2890388361193,0.0000002905354
63639,0.2448696706101,3.7082912101352,0.0722527728979,0.5756512933633,0.2890272940025,0.0000002905354
63646,0.2448762145810,3.7083903116265,0.0722059388777,0.5754086697961,0.2889219732850,0.0000002905354
63647,0.2448766101481,3.7083963020707,0.0721716438799,0.5754216138897,0.2889119830837,0.0000002905354
63666,0.2448805467731,3.7084559180780,0.0721716438799,0.5735029797694,0.2882276001747,0.0000002905354
63670,0.2448853121280,3.7085280843186,0.0721754121978,0.5734777174631,0.2882212140633,0.0000002905354
63672,0.2448802876428,3.7084519938238,0.0721754121978,0.5734021025016,0.2881931320445,0.0000002905354
63678,0.2448795083299,3.7084401919581,0.0722930454174,0.5732163034618,0.2881770224860,0.0000002905354
63680,0.2448717508635,3.7083227133636,0.0722930454174,0.5730001613306,0.2880981665534,0.0000002905354
63684,0.2448704864403,3.7083035650169,0.0723398794376,0.5711927569386,0.2874724657600,0.0000002905354
63719,0.2448749217638,3.7083707332830,0.0722930454174,0.5711099192858,0.2874237595875,0.0000002905354
63725,0.2448815718030,3.7084714410669,0.0722930454174,0.5710156059665,0.2873915012676,0.0000002905354
63733,0.2448847851183,3.7085201033163,0.0724106786370,0.5707170490725,0.2873359766100,0.0000002905354
63735,0.2448819387232,3.7084769976844,0.0723638446168,0.5707433495608,0.2873246879768,0.0000002905354
63749,0.2448903095093,3.7086037643536,0.0722892770996,0.5707775867037,0.2873067517603,0.0000002905354
63771,0.2448895825202,3.7085927548748,0.0722424430793,0.5705425533474,0.2872025837696,0.0000002847247
63790,0.2448908804723,3.7086124109816,0.0721993773769,0.5705060136555,0.2871713552826,0.0000002847247
63807,0.2448870635974,3.7085546084636,0.0721525433567,0.5704663816943,0.2871363113860,0.0000002847247
63831,0.2448867774223,3.7085502746456,0.0721525433567,0.5701901140788,0.2870375830572,0.0000002847247
63842,0.2448782101397,3.7084205322453,0.0721525433567,0.5701526356396,0.2870223620541,0.0000002847247
63844,0.2448733475285,3.7083468931609,0.0721085190471,0.5701568998004,0.2870039754193,0.0000002847247
63846,0.2448722473656,3.7083302323611,0.0721085190471,0.5701465619765,0.2870000475901,0.0000002847247
63855,0.2448716886324,3.7083217709407,0.0720616850269,0.5701326215253,0.2869748774061,0.0000002847247
63865,0.2448755666726,3.7083804997424,0.0720148510067,0.5700898055983,0.2869403452892,0.0000002847247
63879,0.2448748389896,3.7083694797551,0.0720148510067,0.5700698467689,0.2869330612038,0.0000002847247
63891,0.2448744346657,3.7083633566994,0.0720616850269,0.5700094504985,0.2869314761893,0.0000002847247
63921,0.2448812103498,3.7084659672424,0.0719440518073,0.5700477946672,0.2868962082307,0.0000002790302
63927,0.2448884519531,3.7085756336371,0.0719908858275,0.5699174297279,0.2868712728189,0.0000002790302
63934,0.2448902684030,3.7086031418420,0.0719908858275,0.5698893837253,0.2868616456286,0.0000002790302
63973,0.2448916743627,3.7086244336090,0.0718732526079,0.5699690988972,0.2868400023729,0.0000002790302
64003,0.2449015064777,3.7087733305534,0.0718508465427,0.5698922612737,0.2868050646470,0.0000002790302
64010,0.2448997157669,3.7087462121382,0.0718976805629,0.5694039669977,0.2866503618333,0.0000002790302
64011,0.2449036131548,3.7088052339408,0.0718976805629,0.5693639095364,0.2866368907517,0.0000002790302
64019,0.2449052927243,3.7088306692382,0.0718508465427,0.5693702166564,0.2866194314794,0.0000002790302
64020,0.2449048728080,3.7088243100513,0.0718448855487,0.5693565633571,0.2866119106073,0.0000002790302
64032,0.2449119057146,3.7089308159559,0.0718917195689,0.5692882676415,0.2866090980546,0.0000002790302
64039,0.2449029211618,3.7087947544417,0.0718649446791,0.5692933007728,0.2865974953874,0.0000002790302
64052,0.2449070502736,3.7088572854568,0.0718649446791,0.5691536976806,0.2865485219499,0.0000002790302
64054,0.2449065644679,3.7088499284452,0.0718649446791,0.5691438940632,0.2865449165567,0.0000002790302
64067,0.2449067100358,3.7088521329167,0.0717473114595,0.5692037950300,0.2865159267153,0.0000002790302
64070,0.2449082607157,3.7088756163169,0.0717473114595,0.5691411431149,0.2864938833199,0.0000002790302
64074,0.2448979379877,3.7087192895603,0.0717004774393,0.5684807803556,0.2862357557412,0.0000002790302
64090,0.2448927482223,3.7086406960728,0.0717004774393,0.5684634049793,0.2862284381571,0.0000002790302
64095,0.2448900134049,3.7085992801667,0.0716536434190,0.5684396464094,0.2861992951983,0.0000002734496
64107,0.2448892254183,3.7085873469456,0.0716068093988,0.5683830398340,0.2861588379870,0.0000002734496
64116,0.2448824425364,3.7084846274006,0.0715599753786,0.5683594605015,0.2861288915991,0.0000002734496
64139,0.2448815155249,3.7084705887954,0.0715599753786,0.5674526257235,0.2858048233903,0.0000002679806
64153,0.2448796670538,3.7084425956628,0.0715131413583,0.5675012831699,0.2858017332258,0.0000002679806
64169,0.2448768314997,3.7083996542058,0.0715006023359,0.5673239868274,0.2857324316179,0.0000002679806
64172,0.2448826121186,3.7084871955420,0.0713829691162,0.5673819288779,0.2857039496745,0.0000002679806
64175,0.2448934242133,3.7086509332394,0.0714298031365,0.5672474462016,0.2856783087476,0.0000002679806
64206,0.2448815076557,3.7084704696237,0.0714298031365,0.5670930357574,0.2856206086123,0.0000002679806
64207,0.2448719319615,3.7083254559009,0.0714298031365,0.5670963470861,0.2856197392953,0.0000002679806
64224,0.2448770460532,3.7084029033902,0.0713829691162,0.5670396243161,0.2855805053170,0.0000002679806
64251,0.2448764027864,3.7083931617980,0.0712778749191,0.5670825531871,0.2855506588435,0.0000002679806
64259,0.2448803865972,3.7084534923841,0.0712272725810,0.5670563738024,0.2855204760207,0.0000002679806
64270,0.2448858147970,3.7085356967063,0.0711804385608,0.5670004011444,0.2854815772484,0.0000002626210
64276,0.2448760059661,3.7083871523758,0.0710628053412,0.5670186121100,0.2854355650354,0.0000002626210
64277,0.2448721359688,3.7083285453756,0.0710628053412,0.5668239573926,0.2853652162083,0.0000002626210
64289,0.2448672342116,3.7082543134655,0.0710628053412,0.5667993330674,0.2853553714299,0.0000002626210
64381,0.2448643956149,3.7082113259321,0.0710628053412,0.5667752057658,0.2853461462658,0.0000002626210
64386,0.2448641240158,3.7082072128520,0.0710628053412,0.5667668962788,0.2853431203920,0.0000002626210
64393,0.2448645116972,3.7082130838763,0.0710628053412,0.5667212807483,0.2853269122057,0.0000002626210
64402,0.2448647201853,3.7082162412068,0.0710350718442,0.5667487594986,0.2853248849367,0.0000002626210
64421,0.2448614358855,3.7081665039721,0.0709882378240,0.5660107767815,0.2850405441791,0.0000002626210
64422,0.2448639948872,3.7082052573362,0.0709414038037,0.5660616943031,0.2850392056428,0.0000002626210
64424,0.2448470417538,3.7079485201281,0.0709414038037,0.5660320847193,0.2850249979772,0.0000002626210
64434,0.2448574608061,3.7081063056156,0.0708945697835,0.5660535006399,0.2850148074513,0.0000002573685
64436,0.2448599330341,3.7081437448830,0.0707769365639,0.5661406776503,0.2849960576241,0.0000002573685
64446,0.2448670507180,3.7082515346501,0.0707769365639,0.5660851514190,0.2849777520452,0.0000002573685
64450,0.2448635753100,3.7081989032851,0.0707769365639,0.5660085130313,0.2849496364621,0.0000002573685
64459,0.2448605403818,3.7081529425204,0.0707468726598,0.5660114616444,0.2849371546662,0.0000002573685
64491,0.2448654304110,3.7082269968206,0.0707468726598,0.5652915249950,0.2846810822976,0.0000002573685
64503,0.2448665905263,3.7082445655361,0.0706292394402,0.5651264401409,0.2845719577803,0.0000002573685
64542,0.2448705651071,3.7083047563419,0.0705116062206,0.5649978019343,0.2844764530226,0.0000002573685
64549,0.2448680036202,3.7082659653430,0.0704647722003,0.5650168854270,0.2844626479427,0.0000002573685
64576,0.2448650271105,3.7082208892630,0.0704179381801,0.5649566032051,0.2844204090313,0.0000002573685
64582,0.2448600474689,3.7081454778765,0.0703711041599,0.5649109288727,0.2843829579807,0.0000002573685
64585,0.2448569061447,3.7080979058563,0.0703988376569,0.5642491412546,0.2841578179034,0.0000002573685
64639,0.2448575845784,3.7081081800154,0.0703988376569,0.5641989320017,0.2841400314061,0.0000002522212
64706,0.2448606244742,3.7081542160106,0.0703988376569,0.5632574731904,0.2838044475226,0.0000002522212
64709,0.2448523457896,3.7080288441205,0.0703988376569,0.5626347481928,0.2835802717339,0.0000002522212
64745,0.2448485440594,3.7079712709524,0.0702812044372,0.5610826748487,0.2829747309318,0.0000002522212
64758,0.2448353726516,3.7077718039637,0.0702812044372,0.5610254425996,0.2829514683983,0.0000002522212
64763,0.2448381751932,3.7078142454813,0.0701635712176,0.5610973986086,0.2829273532806,0.0000002522212
64768,0.2448278599731,3.7076580324233,0.0701167371974,0.5604723586667,0.2826818426026,0.0000002522212
64769,0.2448309553283,3.7077049082924,0.0700699031772,0.5604685640584,0.2826610789528,0.0000002522212
64784,0.2448260447103,3.7076305421959,0.0700027015093,0.5602957295974,0.2825694993696,0.0000002471768
64797,0.2448229090895,3.7075830565474,0.0700495355295,0.5587732252789,0.2820451476314,0.0000002471768
64837,0.2448226440884,3.7075790433864,0.0700495355295,0.5587186614304,0.2820256037567,0.0000002471768
64840,0.2448253554864,3.7076201046305,0.0700495355295,0.5586625145129,0.2820061323000,0.0000002471768
64851,0.2448207573585,3.7075504708655,0.0699319023099,0.5586764100674,0.2819596954480,0.0000002471768
64928,0.2448279619030,3.7076595760431,0.0698850682896,0.5587224295389,0.2819576030815,0.0000002471768
64945,0.2448292078270,3.7076784442391,0.0697674350700,0.5587408452487,0.2819140328675,0.0000002422332
64952,0.2448307388071,3.7077016293084,0.0697206010498,0.5587907840240,0.2819121244886,0.0000002422332
64957,0.2448295048989,3.7076829430779,0.0697206010498,0.5587586982616,0.2819004008788,0.0000002422332
64958,0.2448317651127,3.7077171716164,0.0698277336645,0.5584993208805,0.2818541644091,0.0000002422332
64962,0.2448280779328,3.7076613331911,0.0698277336645,0.5579253028794,0.2816483678701,0.0000002422332
64970,0.2448261143384,3.7076315966383,0.0697808996442,0.5577610956051,0.2815692299218,0.0000002422332
64972,0.2448172820848,3.7074978415338,0.0697808996442,0.5577586286181,0.2815664562293,0.0000002422332
64976,0.2448165361911,3.7074865457662,0.0697428363286,0.5577750405410,0.2815558449464,0.0000002422332
64998,0.2448218605984,3.7075671782617,0.0697428363286,0.5576938218292,0.2815279792081,0.0000002422332
65001,0.2448168855121,3.7074918358613,0.0697428363286,0.5575161138135,0.2814634459697,0.0000002422332
65022,0.2448186579507,3.7075186775632,0.0696960023084,0.5575423708871,0.2814531315813,0.0000002422332
65024,0.2448274020259,3.7076510972985,0.0697428363286,0.5574577805366,0.2814448661952,0.0000002422332
65095,0.2448319684184,3.7077202504662,0.0696960023084,0.5573011305727,0.2813698265692,0.0000002422332
65101,0.2448382555262,3.7078154620388,0.0696491682882,0.5573519162052,0.2813692398095,0.0000002422332
65110,0.2448405619785,3.7078503908109,0.0696491682882,0.5572186692888,0.2813221458649,0.0000002422332
65124,0.2448465598121,3.7079412216334,0.0695315350686,0.5572323667688,0.2812779088351,0.0000002373886
65128,0.2448477758696,3.7079596375334,0.0694634078489,0.5572616746586,0.2812594391425,0.0000002373886
65156,0.2448520702191,3.7080246708973,0.0694634078489,0.5572070048239,0.2812408344193,0.0000002373886
65178,0.2448503061317,3.7079979556661,0.0694148439284,0.5572238077146,0.2812256443242,0.0000002373886
65182,0.2448618309181,3.7081724863224,0.0693785105131,0.5572327077267,0.2812157210333,0.0000002373886
65211,0.2448719682888,3.7083260060395,0.0693316764929,0.5572625068480,0.2812084641474,0.0000002373886
65215,0.2448701996488,3.7082992218641,0.0692848424726,0.5571925004697,0.2811630111522,0.0000002373886
65233,0.2448648120049,3.7082176317162,0.0692547785686,0.5572142826978,0.2811567514939,0.0000002373886
65314,0.2448649434154,3.7082196217900,0.0692547785686,0.5571598536456,0.2811373407061,0.0000002326408
65335,0.2448646395673,3.7082150203325,0.0692079445483,0.5571693738534,0.2811206039471,0.0000002326408
65348,0.2448620774652,3.7081762200164,0.0692079445483,0.5571289720748,0.2811056257186,0.0000002326408
65401,0.2448571670760,3.7081018573837,0.0692079445483,0.5565712326438,0.2809053808383,0.0000002326408
65444,0.2448629914852,3.7081900618789,0.0690903113287,0.5565693268662,0.2808555340542,0.0000002326408
65459,0.2448679805139,3.7082656154214,0.0690903113287,0.5565083823249,0.2808348372242,0.0000002279880
65481,0.2448649467873,3.7082196728538,0.0690903113287,0.5564223231137,0.2808034517074,0.0000002279880
65500,0.2448709441511,3.7083104965606,0.0689726781091,0.5564171642393,0.2807524801646,0.0000002279880
65513,0.2448657751792,3.7082322179689,0.0689258440889,0.5564762036260,0.2807523863001,0.0000002279880
65600,0.2448731388995,3.7083437336966,0.0689258440889,0.5564538401402,0.2807459772809,0.0000002279880
65618,0.2448667614768,3.7082471543990,0.0689258440889,0.5564271199931,0.2807350677806,0.0000002279880
65620,0.2448669966110,3.7082507152568,0.0688082108692,0.5558060855940,0.2804629059299,0.0000002279880
65731,0.2448685370858,3.7082740441126,0.0686905776496,0.5558724434987,0.2804365210463,0.0000002234282
65746,0.2448700291162,3.7082966393284,0.0686905776496,0.4618308201896,0.2468505467282,0.0000002234282
65750,0.2448640769621,3.7082065002747,0.0686905776496,0.4615778405684,0.2467589214019,0.0000002234282
65753,0.2448688294984,3.7082784723907,0.0686905776496,0.4614965664777,0.2467309133415,0.0000002189596
65766,0.2448654751964,3.7082276750484,0.0685729444300,0.4599223892723,0.2461175741808,0.0000002189596
65769,0.2448656326536,3.7082300595707,0.0685729444300,0.4599122550023,0.2461139885394,0.0000002189596
65773,0.2448676290490,3.7082602928593,0.0685729444300,0.4597937618267,0.2460720973472,0.0000002189596
65777,0.2448707975477,3.7083082764078,0.0685261104098,0.4598287180455,0.2460651889521,0.0000002189596
65833,0.2448681172592,3.7082676862841,0.0685261104098,0.4598019366187,0.2460550498092,0.0000002145805
65854,0.2448667928205,3.7082476290667,0.0685261104098,0.4597912917310,0.2460509642554,0.0000002145805
65860,0.2448720875311,3.7083278118371,0.0685261104098,0.4597099807210,0.2460230591898,0.0000002145805
65902,0.2448739960915,3.7083567149590,0.0684792763895,0.4596876354590,0.2459954159933,0.0000002145805
65903,0.2448758001750,3.7083840358879,0.0684792763895,0.4596271666058,0.2459742065637,0.0000002145805
65905,0.2448728172417,3.7083388625305,0.0684324423693,0.4596152800044,0.2459492504259,0.0000002145805
65925,0.2448725701250,3.7083351202092,0.0684586002246,0.4595677910295,0.2459434476336,0.0000002145805
65934,0.2448834168240,3.7084993819520,0.0684117662044,0.4595337539110,0.2459135440895,0.0000002145805
65937,0.2448885495701,3.7085771119427,0.0682941329848,0.4596265018984,0.2458973540079,0.0000002145805
65946,0.2448854515034,3.7085301950103,0.0682914610050,0.4596118466004,0.2458903109673,0.0000002145805
65948,0.2448864081222,3.7085446819870,0.0682914610050,0.4596026249884,0.2458872225242,0.0000002145805
65978,0.2448793392395,3.7084376312629,0.0682914610050,0.4595756170731,0.2458760620796,0.0000002102888
65991,0.2448887175262,3.7085796554595,0.0681738277854,0.4596800808377,0.2458649659628,0.0000002102888
66036,0.2448956090101,3.7086840196668,0.0681269937652,0.4591028773079,0.2456402268686,0.0000002102888
66047,0.2448854287581,3.7085298505581,0.0681269937652,0.4590988735963,0.2456366154891,0.0000002102888
66075,0.2448920093563,3.7086295067310,0.0681269937652,0.4589678739977,0.2455912400463,0.0000002102888
66102,0.2448983906370,3.7087261444534,0.0681269937652,0.4588903994922,0.2455649379974,0.0000002102888
66122,0.2448905609187,3.7086075716809,0.0682446269848,0.4587263033106,0.2455550686584,0.0000002102888
66151,0.2448846607554,3.7085182199724,0.0682446269848,0.4587246712902,0.2455532214733,0.0000002060831
66170,0.2448824007459,3.7084839945270,0.0681977929646,0.4587555826444,0.2455437052319,0.0000002060831
66297,0.2448788540223,3.7084302831632,0.0681977929646,0.4587460594706,0.2455395440862,0.0000002060831
66309,0.2448779476164,3.7084165566082,0.0680801597449,0.4587987181990,0.2455077423081,0.0000002019614
66331,0.2448812597931,3.7084667160079,0.0680479031647,0.4586602745059,0.2454451836355,0.0000002019614
66336,0.2448860839413,3.7085397726117,0.0679302699451,0.4587475807338,0.2454269839402,0.0000002019614
66342,0.2448863033107,3.7085430947290,0.0679329419248,0.4587384588429,0.2454249182640,0.0000002019614
66348,0.2448853141034,3.7085281142345,0.0678953579128,0.4587827167931,0.2454244052680,0.0000002019614
66350,0.2448814938943,3.7084702612232,0.0678436592367,0.4588150388271,0.2454129736599,0.0000002019614
66372,0.2448848797106,3.7085215358160,0.0678436592367,0.4587084901613,0.2453756460971,0.0000002019614
66374,0.2448847146025,3.7085190354284,0.0678290817967,0.4586608048597,0.2453523327776,0.0000002019614
66415,0.2448840783753,3.7085094004433,0.0677822477765,0.4586655860731,0.2453338322964,0.0000002019614
66420,0.2448991587705,3.7087377770193,0.0677354137562,0.4586676709742,0.2453177366943,0.0000002019614
66427,0.2448944963448,3.7086671695322,0.0677354137562,0.4586163266096,0.2452984003300,0.0000002019614
66428,0.2448903019597,3.7086036500225,0.0676885797360,0.4586059933729,0.2452737393686,0.0000002019614
66442,0.2448916240715,3.7086236720027,0.0675709465164,0.4585342799487,0.2451979965040,0.0000002019614
66507,0.2448884456867,3.7085755387383,0.0675709465164,0.4584568054432,0.2451696459553,0.0000001979222
66512,0.2448880478200,3.7085695134690,0.0675671781985,0.4583326013155,0.2451235870878,0.0000001979222
66542,0.2448898024302,3.7085960851789,0.0675203441783,0.4582620377717,0.2450786900871,0.0000001979222
66555,0.2448925648480,3.7086379190632,0.0675203441783,0.4575802474416,0.2448357854873,0.0000001979222
66616,0.2448971778092,3.7087077774633,0.0675203441783,0.4575538816673,0.2448273576310,0.0000001979222
66646,0.2448953712468,3.7086804189944,0.0674735101581,0.4574830949196,0.2447816178062,0.0000001939637
66667,0.2448976818650,3.7087154108541,0.0674708381783,0.4574451742786,0.2447674247184,0.0000001939637
66674,0.2449020604123,3.7087817193038,0.0675176721986,0.4559531865671,0.2442555819474,0.0000001939637
66705,0.2448961615636,3.7086923875032,0.0674708381783,0.4559787814761,0.2442433872244,0.0000001939637
66706,0.2448966518931,3.7086998130221,0.0673532049587,0.4560370848927,0.2442139007068,0.0000001939637
66771,0.2448999005762,3.7087490108791,0.0673532049587,0.4560216069454,0.2442090690148,0.0000001939637
66781,0.2449101001157,3.7089034720769,0.0673532049587,0.4559699517047,0.2441928063302,0.0000001939637
66782,0.2449022324912,3.7087843252563,0.0673063709385,0.4559814695424,0.2441751622012,0.0000001939637
66790,0.2449067492289,3.7088527264548,0.0672741143583,0.4559438708847,0.2441488777329,0.0000001939637
66797,0.2448998481569,3.7087482170450,0.0672272803380,0.4559656825304,0.2441351170822,0.0000001939637
66798,0.2448985935423,3.7087292172382,0.0671096471184,0.4559947761543,0.2440948245792,0.0000001939637
66799,0.2449051028035,3.7088277930889,0.0671096471184,0.4559094144367,0.2440657330932,0.0000001939637
66800,0.2449176777676,3.7090182275710,0.0671564811386,0.4558249902230,0.2440583479464,0.0000001939637
66802,0.2449152723851,3.7089818006066,0.0671940651506,0.4557807322729,0.2440581335303,0.0000001939637
66806,0.2449076254678,3.7088659961622,0.0671472311304,0.4557466306514,0.2440242440316,0.0000001939637
66809,0.2449126657444,3.7089423258000,0.0670295979108,0.4558321135568,0.2440054394630,0.0000001939637
66838,0.2449116625566,3.7089271335856,0.0670295979108,0.4558062633356,0.2439959922723,0.0000001900845
66841,0.2449134580258,3.7089543240608,0.0669827638906,0.4558562097261,0.2439941432894,0.0000001900845
66853,0.2449113622520,3.7089225857922,0.0669920138988,0.4558451645318,0.2439937137720,0.0000001900845
66873,0.2449043787715,3.7088168283926,0.0669451798786,0.4558495680843,0.2439737182862,0.0000001900845
66874,0.2449008585836,3.7087635188840,0.0669451798786,0.4552467590571,0.2437576750220,0.0000001900845
66876,0.2449036844007,3.7088063128854,0.0669010178381,0.4552420428584,0.2437376696088,0.0000001900845
66888,0.2448976193781,3.7087144645567,0.0667833846184,0.4552439414754,0.2436866338016,0.0000001900845
66901,0.2449004032959,3.7087566240355,0.0668302186387,0.4551815766534,0.2436850289276,0.0000001900845
66945,0.2449060454367,3.7088420682690,0.0667833846184,0.4552266847659,0.2436822762750,0.0000001900845
66964,0.2449149355867,3.7089767001529,0.0667833846184,0.4550890808134,0.2436350370384,0.0000001900845
66976,0.2449324778856,3.7092423596472,0.0667365505982,0.4551011040928,0.2436230184079,0.0000001900845
66977,0.2449329276207,3.7092491704078,0.0666897165780,0.4551384202727,0.2436163702638,0.0000001900845
66991,0.2449287000039,3.7091851476389,0.0666897165780,0.4550029909768,0.2435670967402,0.0000001862828
67033,0.2449291283514,3.7091916345070,0.0666897165780,0.4549938563172,0.2435639261506,0.0000001862828
67037,0.2449249263357,3.7091279994402,0.0666428825578,0.4549978843483,0.2435443925782,0.0000001862828
67043,0.2449212042073,3.7090716317571,0.0665960485375,0.4549516169138,0.2435069991726,0.0000001862828
67071,0.2449228157959,3.7090960375559,0.0665575059184,0.4549050477673,0.2434741944096,0.0000001862828
67078,0.2449224985374,3.7090912330118,0.0666043399386,0.4548240895068,0.2434652844841,0.0000001862828
67093,0.2449156793812,3.7089879641307,0.0665575059184,0.4548611800930,0.2434569981514,0.0000001862828
67094,0.2449058655834,3.7088393445818,0.0665106718981,0.4549128831586,0.2434532888523,0.0000001862828
67095,0.2448967480398,3.7087012690631,0.0665023804971,0.4548450564248,0.2434235578018,0.0000001862828
67120,0.2448924932316,3.7086368345086,0.0664555464768,0.4546215511639,0.2433227510268,0.0000001862828
67129,0.2448884145793,3.7085750676499,0.0664555464768,0.4537675099929,0.2430168623260,0.0000001862828
67151,0.2448795963643,3.7084415251449,0.0664364459536,0.4537870991135,0.2430137828844,0.0000001825571
67154,0.2448803631278,3.7084531369639,0.0664364459536,0.4536625041610,0.2429694489936,0.0000001825571
67161,0.2448734255577,3.7083480748293,0.0664364459536,0.4536651095054,0.2429688928515,0.0000001789060
67188,0.2448683300270,3.7082709084269,0.0664087124566,0.4536959072533,0.2429669143634,0.0000001789060
67208,0.2448625488397,3.7081833584828,0.0664087124566,0.4536176704686,0.2429377338287,0.0000001789060
67223,0.2448607183405,3.7081556375148,0.0664087124566,0.4535868727207,0.2429263423832,0.0000001789060
67236,0.2448653662539,3.7082260252294,0.0662910792370,0.4536699318892,0.2429065881164,0.0000001789060
67239,0.2448587183306,3.7081253494888,0.0662993706380,0.4536563737744,0.2429038748352,0.0000001789060
67264,0.2448607445096,3.7081560338183,0.0662525366178,0.4537051180537,0.2429016459646,0.0000001789060
67349,0.2448598276923,3.7081421495937,0.0662057025976,0.4537201102461,0.2428867321352,0.0000001753279
67359,0.2448700581114,3.7082970784312,0.0660880693779,0.4537778722825,0.2428591394296,0.0000001753279
67404,0.2448745427903,3.7083649941312,0.0660880693779,0.4532275280973,0.2426635489375,0.0000001753279
67409,0.2448634496669,3.7081970005536,0.0662030306178,0.4529295703726,0.2426040274693,0.0000001753279
67434,0.2448641075108,3.7082069629015,0.0662030306178,0.4528203786605,0.2425651713958,0.0000001753279
67445,0.2448633517368,3.7081955175073,0.0661561965976,0.4527856687256,0.2425325413160,0.0000001753279
67447,0.2448602433725,3.7081484446295,0.0660385633780,0.4528520156445,0.2425051563291,0.0000001753279
67451,0.2448548186429,3.7080662928584,0.0660385633780,0.4527621138395,0.2424718860996,0.0000001753279
67480,0.2448441399398,3.7079045752365,0.0660853973982,0.4527104107739,0.2424712041485,0.0000001753279
67501,0.2448390554139,3.7078275754885,0.0659677641786,0.4528343191925,0.2424639533768,0.0000001718213
67510,0.2448386500005,3.7078214359335,0.0659209301583,0.4528503035491,0.2424495034784,0.0000001718213
67513,0.2448400782434,3.7078430651558,0.0659209301583,0.4528393130822,0.2424458843637,0.0000001718213
67515,0.2448426179381,3.7078815261365,0.0659677641786,0.4527666643087,0.2424405543164,0.0000001718213
67531,0.2448392287639,3.7078302006905,0.0659209301583,0.4527821764991,0.2424252964098,0.0000001718213
67557,0.2448357554281,3.7077776007068,0.0658740961381,0.4528347235596,0.2424232472079,0.0000001718213
67565,0.2448331084966,3.7077375157400,0.0658272621179,0.4528915649839,0.2424229087941,0.0000001718213
67580,0.2448379816003,3.7078113137224,0.0657096288983,0.4528702222759,0.2423659163978,0.0000001718213
67583,0.2448395196126,3.7078346052855,0.0657096288983,0.4528167213973,0.2423471385153,0.0000001718213
67595,0.2448481650550,3.7079655313326,0.0656627948780,0.4528114693550,0.2423270436577,0.0000001718213
67628,0.2448536355222,3.7080483757520,0.0656159608578,0.4528470319849,0.2423208451170,0.0000001718213
67634,0.2448701969971,3.7082991817077,0.0656159608578,0.4528231643863,0.2423158698621,0.0000001718213
67637,0.2448704124197,3.7083024440533,0.0655691268376,0.4526573419622,0.2422366220068,0.0000001718213
67676,0.2448687294072,3.7082769566162,0.0655691268376,0.4526412607966,0.2422305180879,0.0000001683849
67677,0.2448739323203,3.7083557492115,0.0655691268376,0.4521118828951,0.2420425694616,0.0000001683849
67691,0.2448737143203,3.7083524478334,0.0655691268376,0.4520955972460,0.2420367064440,0.0000001683849
67703,0.2448713925526,3.7083172871263,0.0655501640452,0.4520643587922,0.2420169254207,0.0000001683849
67715,0.2448780532674,3.7084181565808,0.0655501640452,0.4519398974373,0.2419739022328,0.0000001683849
67719,0.2448819907018,3.7084777848443,0.0655033300250,0.4519067741188,0.2419428444893,0.0000001683849
67728,0.2448813051659,3.7084674031307,0.0655033300250,0.4515376904752,0.2418108820017,0.0000001683849
67782,0.2448794764949,3.7084397098500,0.0654564960048,0.4515365357567,0.2417900060212,0.0000001683849
67783,0.2448786275144,3.7084268529420,0.0654287625078,0.4515508328020,0.2417830444000,0.0000001683849
67817,0.2448759593827,3.7083864469196,0.0654287625078,0.4511604899016,0.2416430644788,0.0000001683849
67830,0.2448771765133,3.7084048790711,0.0654287625078,0.4503428287113,0.2413513034388,0.0000001683849
67831,0.2448809263903,3.7084616669769,0.0654287625078,0.4502311629803,0.2413122263656,0.0000001650172
67833,0.2448839298572,3.7085071512943,0.0653111292882,0.4503021966268,0.2412878248882,0.0000001650172
67879,0.2448877222874,3.7085645836247,0.0652642952679,0.4502457940365,0.2412484220466,0.0000001650172
67908,0.2448852862783,3.7085276928528,0.0652392337507,0.4502475015224,0.2412377692108,0.0000001650172
67921,0.2448920036996,3.7086294210673,0.0652392337507,0.4502322605305,0.2412337654468,0.0000001650172
67929,0.2448943830746,3.7086654541747,0.0651923997305,0.4502108925423,0.2412065721656,0.0000001650172
67944,0.2448955984661,3.7086838599891,0.0651732992072,0.4502309716218,0.2412058177679,0.0000001650172
67947,0.2448891426896,3.7085860941075,0.0651732992072,0.4500181592043,0.2411284299524,0.0000001650172
67964,0.2448902790034,3.7086033023736,0.0651732992072,0.4500150238173,0.2411275536671,0.0000001650172
67965,0.2448849675452,3.7085228659783,0.0651520060078,0.4500087229092,0.2411150395163,0.0000001650172
67981,0.2448885562869,3.7085772136604,0.0651520060078,0.4499856476779,0.2411075673784,0.0000001650172
67988,0.2448826324391,3.7084875032744,0.0651242725108,0.4499868023965,0.2410948245975,0.0000001650172
68006,0.2448839253323,3.7085070827698,0.0651242725108,0.4499501230400,0.2410820018758,0.0000001617168
68052,0.2448905818515,3.7086078886874,0.0651242725108,0.4491904393531,0.2408121126703,0.0000001617168
68079,0.2448829709192,3.7084926291965,0.0650812068084,0.4491466914719,0.2407764007834,0.0000001617168
68107,0.2448818968527,3.7084763635991,0.0650812068084,0.4491423890336,0.2407746340412,0.0000001617168
68188,0.2448825300361,3.7084859524906,0.0650812068084,0.4490725640183,0.2407498322179,0.0000001584825
68189,0.2448832414863,3.7084967266477,0.0650812068084,0.4488189241607,0.2406593990080,0.0000001584825
68190,0.2448919935562,3.7086292674554,0.0650229466315,0.4488432036954,0.2406449770667,0.0000001584825
68212,0.2449017040129,3.7087763220139,0.0650027497702,0.4488370691081,0.2406362111572,0.0000001584825
68281,0.2449098212356,3.7088992487348,0.0650027497702,0.4488251403839,0.2406336903034,0.0000001584825
68297,0.2449096714310,3.7088969801022,0.0650027497702,0.4487598211285,0.2406103298969,0.0000001584825
68324,0.2449118770191,3.7089303813938,0.0650027497702,0.4487279215075,0.2405994098011,0.0000001584825
68368,0.2449150524939,3.7089784705886,0.0649936705483,0.4486279266175,0.2405604867042,0.0000001553128
68396,0.2449191317845,3.7090402471130,0.0649468365280,0.4485945793982,0.2405293793937,0.0000001553128
68475,0.2449235766444,3.7091075597976,0.0649212957072,0.4486009635735,0.2405216658603,0.0000001553128
68500,0.2449259085196,3.7091428735725,0.0648946585483,0.4486278001934,0.2405203341297,0.0000001553128
68508,0.2449258264299,3.7091416304119,0.0648946585483,0.4485740260364,0.2405011114830,0.0000001553128
68516,0.2449241379456,3.7091160601090,0.0648935622102,0.4485619635209,0.2404959717645,0.0000001522066
68531,0.2449300552290,3.7092056710841,0.0648722690108,0.4483808278163,0.2404234227738,0.0000001522066
68540,0.2449361928508,3.7092986188508,0.0648813482327,0.4482031039367,0.2403651562594,0.0000001522066
68554,0.2449298681691,3.7092028382601,0.0648813482327,0.4481853263347,0.2403574518269,0.0000001522066
68567,0.2449314306332,3.7092265001203,0.0648595757297,0.4481794196445,0.2403463460357,0.0000001522066
68579,0.2449200132518,3.7090535959998,0.0648127417095,0.4482311227100,0.2403422931116,0.0000001522066
68628,0.2449158386185,3.7089903756111,0.0648127417095,0.4480540907347,0.2402781728419,0.0000001522066
68665,0.2449157621727,3.7089892179206,0.0647659076893,0.4479972044826,0.2402377682190,0.0000001522066
68679,0.2449198913179,3.7090517494403,0.0646482744696,0.4481345435434,0.2402372884635,0.0000001522066
68733,0.2449210993553,3.7090700438846,0.0646482744696,0.4481227181223,0.2402333239639,0.0000001491625
68764,0.2449241345470,3.7091160086411,0.0646014404494,0.4481207993119,0.2402132173498,0.0000001491625
68782,0.2449296687224,3.7091998178516,0.0644838072298,0.4480983166094,0.2401559594709,0.0000001491625
68804,0.2449315068447,3.7092276542637,0.0644838072298,0.4480546062772,0.2401407425214,0.0000001491625
68811,0.2449408243573,3.7093687580995,0.0644838072298,0.4480234946084,0.2401316278209,0.0000001491625
68813,0.2449422008533,3.7093896036702,0.0644838072298,0.4479877510396,0.2401191572241,0.0000001491625
68819,0.2449423701313,3.7093921672068,0.0644396451893,0.4479306347748,0.2400798682431,0.0000001491625
68837,0.2449441562003,3.7094192153249,0.0644396451893,0.4478088350670,0.2400367510765,0.0000001491625
68983,0.2449411870973,3.7093742514124,0.0644396451893,0.4477584695890,0.2400181271695,0.0000001432556
68988,0.2449431281815,3.7094036470718,0.0644396451893,0.4477078978908,0.2400004817953,0.0000001432556
69052,0.2449417833459,3.7093832809650,0.0645546064292,0.4475402326770,0.2399895822855,0.0000001403905
69073,0.2449397135777,3.7093519365229,0.0644647067065,0.4475994740060,0.2399717679288,0.0000001403905
69078,0.2449430972326,3.7094031783841,0.0644647067065,0.4475888169040,0.2399686868898,0.0000001403905
69096,0.2449484441305,3.7094841514768,0.0643470734869,0.4477217108102,0.2399668805260,0.0000001403905
69108,0.2449482759504,3.7094816045663,0.0643002394667,0.4477018679389,0.2399396860247,0.0000001403905
69121,0.2449546549847,3.7095782082693,0.0642534054464,0.4476953379581,0.2399186491017,0.0000001403905
69126,0.2449572802006,3.7096179643775,0.0642534054464,0.4476826736599,0.2399146886843,0.0000001403905
69142,0.2449623109226,3.7096941493215,0.0641357722268,0.4477397753389,0.2398857459160,0.0000001403905
69169,0.2449583835547,3.7096346735038,0.0640889382066,0.4476926662503,0.2398480079396,0.0000001403905
69209,0.2449578763346,3.7096269921948,0.0640421041864,0.4477183670344,0.2398370063782,0.0000001375827
69238,0.2449663457350,3.7097552522722,0.0639686330072,0.4477512362905,0.2398190726215,0.0000001375827
69286,0.2449629632456,3.7097040280611,0.0639217989870,0.4477887617445,0.2398116780273,0.0000001375827
69304,0.2449687241429,3.7097912707347,0.0639217989870,0.4477443307884,0.2397970443066,0.0000001375827
69334,0.2449647061888,3.7097304230856,0.0638749649668,0.4477908825894,0.2397927372367,0.0000001375827
69364,0.2449656648776,3.7097449414100,0.0638449010627,0.4477704789533,0.2397727711268,0.0000001348310
69380,0.2449797825575,3.7099587386845,0.0638007390222,0.4477199644110,0.2397388288472,0.0000001348310
69395,0.2449771010794,3.7099181305449,0.0637539050020,0.4477357136578,0.2397238072528,0.0000001348310
69451,0.2449676439362,3.7097749121504,0.0638007390222,0.4475741690195,0.2396841579314,0.0000001348310
69452,0.2449732605585,3.7098599699333,0.0638007390222,0.4474851418357,0.2396535660705,0.0000001348310
69458,0.2449757479141,3.7098976382927,0.0636831058026,0.4475281921198,0.2396190599398,0.0000001348310
69510,0.2449778884931,3.7099300550898,0.0635654725830,0.4475650927862,0.2395822832077,0.0000001348310
69519,0.2449847730976,3.7100343151163,0.0635186385627,0.4475742392178,0.2395669533399,0.0000001348310
69527,0.2449824747507,3.7099995090922,0.0634010053431,0.4468543805993,0.2392589542362,0.0000001348310
69536,0.2449885562849,3.7100916074721,0.0633541713229,0.4468996094169,0.2392563388483,0.0000001321344
69557,0.2449898268823,3.7101108493207,0.0633073373027,0.4469381737763,0.2392503123817,0.0000001321344
69563,0.2450029771510,3.7103099961796,0.0633049738402,0.4468803490136,0.2392314656830,0.0000001321344
69573,0.2449914291570,3.7101351140697,0.0633049738402,0.4468295931025,0.2392108640017,0.0000001321344
69611,0.2449898481343,3.7101111711590,0.0631873406205,0.4468511828185,0.2391678215870,0.0000001321344
69621,0.2449926375471,3.7101534138557,0.0631782613986,0.4468316862321,0.2391575651567,0.0000001321344
69635,0.2449860974306,3.7100543707339,0.0631330030201,0.4468251355953,0.2391344277420,0.0000001321344
69655,0.2449860914443,3.7100542800775,0.0631391017450,0.4467219799677,0.2391001989030,0.0000001321344
69752,0.2449881737337,3.7100858141392,0.0631013469466,0.4466695205451,0.2390657289719,0.0000001294917
69757,0.2449864671753,3.7100599701253,0.0631013469466,0.4466567212462,0.2390607921026,0.0000001294917
69830,0.2449836821120,3.7100177932977,0.0631013469466,0.4466541900802,0.2390592913155,0.0000001294917
69851,0.2449766982154,3.7099120295982,0.0630790951401,0.4466520098874,0.2390474796374,0.0000001294917
69852,0.2449705430051,3.7098188154722,0.0630545129264,0.4466775760112,0.2390447561878,0.0000001294917
69875,0.2449607329894,3.7096702531990,0.0630518409467,0.4466675323629,0.2390379218902,0.0000001269019
69897,0.2449576036052,3.7096228619970,0.0629342077270,0.4466875651345,0.2389939916322,0.0000001269019
69937,0.2449625873945,3.7096983361954,0.0628873737068,0.4467152497665,0.2389848752326,0.0000001269019
69975,0.2449668669815,3.7097631459967,0.0628873737068,0.4466947258966,0.2389784623335,0.0000001269019
70026,0.2449728504594,3.7098537594171,0.0628651219002,0.4466937385957,0.2389698554113,0.0000001269019
70057,0.2449736114102,3.7098652832097,0.0627474886806,0.4465333856009,0.2388623353085,0.0000001243639
70118,0.2449760724016,3.7099025523115,0.0627033266401,0.4465329268123,0.2388437722219,0.0000001243639
70143,0.2449767345693,3.7099125801395,0.0626058902818,0.4466158688393,0.2388317778283,0.0000001243639
70160,0.2449775806317,3.7099253928563,0.0624882570622,0.4466019812824,0.2387765850486,0.0000001243639
70217,0.2449821398438,3.7099944372833,0.0624414230420,0.4466512063792,0.2387750706914,0.0000001218766
70225,0.2449800889019,3.7099633779451,0.0623945890217,0.4466117616103,0.2387404720634,0.0000001218766
70249,0.2449720174583,3.7098411445005,0.0623945890217,0.4465878907078,0.2387302171460,0.0000001218766
70285,0.2449738668490,3.7098691515586,0.0623945890217,0.4465626654656,0.2387216044289,0.0000001218766
70290,0.2449741003702,3.7098726879904,0.0623945890217,0.4465197383524,0.2387063233574,0.0000001218766
70295,0.2449713038019,3.7098303369312,0.0623477550015,0.4465682619102,0.2387029822118,0.0000001218766
70304,0.2449747694940,3.7098828211595,0.0623477550015,0.4465090831577,0.2386825895914,0.0000001218766
70354,0.2449733272860,3.7098609804505,0.0623477550015,0.4464287724097,0.2386535981368,0.0000001218766
70370,0.2449745358849,3.7098792833970,0.0623200215045,0.4464422504782,0.2386467849338,0.0000001218766
70371,0.2449754244823,3.7098927402614,0.0622731874843,0.4464875924989,0.2386430972034,0.0000001218766
70383,0.2449746882183,3.7098815903254,0.0621555542647,0.4465185155784,0.2386035691525,0.0000001194391
70402,0.2449724167685,3.7098471916296,0.0621832877617,0.4464792128789,0.2386009315193,0.0000001194391
70412,0.2449752682345,3.7098903740556,0.0621832877617,0.4464473095519,0.2385901485024,0.0000001194391
70417,0.2449766405533,3.7099111563663,0.0622096164033,0.4463744770500,0.2385757146664,0.0000001194391
70447,0.2449805511211,3.7099703777641,0.0621832877617,0.4462928891455,0.2385361304043,0.0000001194391
70464,0.2449705600994,3.7098190743476,0.0621347403689,0.4462680615571,0.2385043164498,0.0000001194391
70483,0.2449740460032,3.7098718646588,0.0620171071492,0.4463283414101,0.2384761777111,0.0000001194391
70515,0.2449782347124,3.7099352982141,0.0618994739296,0.4462681069537,0.2384051487488,0.0000001194391
70533,0.2449762626724,3.7099054337609,0.0619275159438,0.4461865005894,0.2383875990448,0.0000001194391
70567,0.2449779568954,3.7099310909703,0.0618098827242,0.4463054104961,0.2383800156794,0.0000001170503
70577,0.2449838754640,3.7100207214077,0.0617630487040,0.4462759827100,0.2383507022976,0.0000001170503
70693,0.2449887783618,3.7100949705914,0.0617630487040,0.4462406850204,0.2383391466008,0.0000001170503
70698,0.2449939996213,3.7101740410229,0.0617162146838,0.4461454136270,0.2382861682215,0.0000001170503
70711,0.2449833197801,3.7100123061653,0.0617162146838,0.4460943187304,0.2382656315068,0.0000001170503
70803,0.2449896224437,3.7101077533145,0.0617162146838,0.4460807236400,0.2382621266881,0.0000001147093
70837,0.2449946569295,3.7101839952574,0.0616632819386,0.4460027977153,0.2382126893569,0.0000001147093
70886,0.2450005989089,3.7102739802284,0.0616598221380,0.4459895296388,0.2382077412678,0.0000001147093
70931,0.2450019387693,3.7102942709912,0.0616526270751,0.4459752066777,0.2381998294390,0.0000001124151
71037,0.2450001915976,3.7102678119302,0.0615879266006,0.4460071100047,0.2381831203157,0.0000001124151
71038,0.2450074629614,3.7103779290166,0.0615666334012,0.4459765355090,0.2381646333455,0.0000001124151
71052,0.2449959919550,3.7102042128022,0.0615232591815,0.4460276488653,0.2381618410915,0.0000001124151
71053,0.2449918191449,3.7101410200220,0.0615232591815,0.4460256034402,0.2381602164089,0.0000001124151
71075,0.2449925884292,3.7101526700169,0.0614764251613,0.4460643466277,0.2381541463853,0.0000001101668
71083,0.2449913215198,3.7101334840183,0.0614295911410,0.4461103692254,0.2381502398237,0.0000001101668
71094,0.2449916462788,3.7101384021498,0.0614018576441,0.4461349785958,0.2381472126914,0.0000001101668
71112,0.2449904038841,3.7101195873997,0.0614295911410,0.4460986610413,0.2381458616932,0.0000001101668
71124,0.2449987805920,3.7102464437482,0.0613827571208,0.4460997060671,0.2381279582026,0.0000001101668
71148,0.2449903037011,3.7101180702350,0.0613359231006,0.4461254233796,0.2381152547575,0.0000001079634
71160,0.2449856715702,3.7100479215304,0.0613572163000,0.4460761982828,0.2381058074232,0.0000001079634
71164,0.2449783913262,3.7099376699633,0.0613561199619,0.4460817038221,0.2381057437757,0.0000001079634
71173,0.2449836627992,3.7100175008259,0.0614029539821,0.4460017183804,0.2380983788709,0.0000001079634
71208,0.2449822084995,3.7099954770001,0.0614029539821,0.4460005934307,0.2380976654675,0.0000001079634
71255,0.2449813528145,3.7099825185594,0.0614029539821,0.4459560958677,0.2380815901196,0.0000001058042
71264,0.2449823974490,3.7099983384398,0.0613545443202,0.4459921407584,0.2380739401472,0.0000001058042
71334,0.2449900866010,3.7101147824849,0.0613077103000,0.4460040902684,0.2380597837818,0.0000001058042
71340,0.2449888038654,3.7100953568156,0.0613077103000,0.4459921613628,0.2380552485864,0.0000001058042
71353,0.2449833401276,3.7100126143062,0.0612608762798,0.4460416813787,0.2380516917825,0.0000001058042
71392,0.2449800501261,3.7099627907270,0.0613077103000,0.4459798851493,0.2380489884232,0.0000001058042
71513,0.2449837781892,3.7100192482841,0.0611900770804,0.4459805843547,0.2379996227731,0.0000001036881
71590,0.2449913713424,3.7101342385296,0.0611900770804,0.4459353133641,0.2379850816664,0.0000001016143
71598,0.2449875490383,3.7100763537915,0.0611432430602,0.4459007580102,0.2379518496805,0.0000001016143
71624,0.2449874045932,3.7100741663236,0.0611432430602,0.4458895519523,0.2379478165644,0.0000001016143
71626,0.2449839295870,3.7100215410443,0.0611397832596,0.4458273010339,0.2379233566777,0.0000001016143
71639,0.2449889673227,3.7100978322028,0.0611397832596,0.4457960710428,0.2379132826242,0.0000001016143
71644,0.2449969932364,3.7102193761457,0.0611397832596,0.4457614500446,0.2379026378207,0.0000001016143
71677,0.2449873533470,3.7100733902540,0.0610929492393,0.4457575670441,0.2378791136212,0.0000001016143
71698,0.2449846790902,3.7100328914733,0.0610461152191,0.4458017255982,0.2378742397555,0.0000001016143
71763,0.2449885752924,3.7100918953196,0.0609507338061,0.4457656415623,0.2378213097518,0.0000000995820
71792,0.2449863356698,3.7100579786132,0.0609305369447,0.4457884542726,0.2378203214315,0.0000000995820
71835,0.2449785191592,3.7099396058584,0.0608837029245,0.4458215383812,0.2378103904951,0.0000000995820
71837,0.2449766251356,3.7099109228816,0.0608368689043,0.4458333581817,0.2377941342672,0.0000000995820
71863,0.2449804025430,3.7099681277068,0.0608146170977,0.3620964612551,0.2078793726065,0.0000000995820
71982,0.2449796640426,3.7099569439020,0.0606969838781,0.3621315016797,0.2078413145568,0.0000000975904
72018,0.2449807034895,3.7099726852217,0.0606969838781,0.3621074430602,0.2078329449313,0.0000000975904
72084,0.2449853368729,3.7100428528942,0.0606501498578,0.3621311149476,0.2078223203217,0.0000000956386
72105,0.2449924763515,3.7101509727182,0.0606033158376,0.3621345322586,0.2078049989552,0.0000000956386
72109,0.2449932843591,3.7101632091362,0.0606333797417,0.3620610735811,0.2077918213881,0.0000000956386
72151,0.2449934785153,3.7101661494259,0.0605865457214,0.3620848650025,0.2077802882062,0.0000000956386
72155,0.2450003148319,3.7102696781837,0.0605431715018,0.3620339209472,0.2077449698745,0.0000000956386
72167,0.2450115283759,3.7104394954025,0.0605431715018,0.3619998578541,0.2077352073864,0.0000000956386
72186,0.2450203550782,3.7105731664389,0.0605431715018,0.3619921948103,0.2077343620212,0.0000000956386
72196,0.2450157309400,3.7105031387751,0.0605431715018,0.3619282584684,0.2077105367266,0.0000000956386
72201,0.2450173298468,3.7105273525208,0.0604255382822,0.3619846326546,0.2076805987505,0.0000000956386
72208,0.2450154782784,3.7104993124825,0.0603787042619,0.3620062390678,0.2076678468390,0.0000000956386
72216,0.2450126593092,3.7104566221879,0.0603981133024,0.3619196999061,0.2076446540909,0.0000000956386
72330,0.2450167863461,3.7105191217800,0.0602804800828,0.3618980934928,0.2075874076428,0.0000000937258
72375,0.2450187642955,3.7105490757240,0.0602804800828,0.3618815729025,0.2075819312783,0.0000000937258
72502,0.2450196972851,3.7105632048614,0.0601628468632,0.3619242476653,0.2075469579544,0.0000000918513
72527,0.2450212695423,3.7105870150277,0.0601628468632,0.3618887487894,0.2075346166967,0.0000000918513
72541,0.2450185548265,3.7105459035382,0.0600936233055,0.3619191670123,0.2075152313838,0.0000000918513
72597,0.2450187735903,3.7105492164833,0.0600467892852,0.3618940228172,0.2074862264692,0.0000000900143
72629,0.2450117440487,3.7104427615380,0.0599291560656,0.3619166532379,0.2074423881949,0.0000000900143
72634,0.2450110027104,3.7104315347573,0.0598823220454,0.3619604023036,0.2074377822801,0.0000000900143
72652,0.2450077680705,3.7103825495696,0.0598339123835,0.3619762530147,0.2074220031133,0.0000000900143
72679,0.2450007626368,3.7102764597126,0.0597870783632,0.3619877346764,0.2074045308194,0.0000000900143
72728,0.2450036744085,3.7103205554040,0.0597648430844,0.3619811114816,0.2073932599385,0.0000000900143
72736,0.2449973914885,3.7102254072503,0.0597393022636,0.3620096888165,0.2073911737235,0.0000000900143
72740,0.2449956187584,3.7101985611351,0.0597393022636,0.3619358712010,0.2073644304187,0.0000000900143
