0,0.2063240533919,3.124558757017,0.5553584234398,0.3201241934734,0.3965531191558,10
1,0.2063261351332,3.124590282778,0.5553584234398,0.3201217685529,0.3965526992002,10.0000000000000
2,0.2063298288760,3.1246462205924,0.5552407902202,0.3197071784591,0.3963550085889,10.0000000000000
3,0.2063322250910,3.1246825087242,0.5551231570006,0.3195992262397,0.3962665534625,10.0000000000000
4,0.2063300763872,3.1246499688864,0.5550055237810,0.3196150042525,0.3962213137936,10.0000000000000
5,0.2063402795631,3.1248044851538,0.5550055237810,0.3193722027778,0.3961367853760,10.0000000000000
7,0.2063437851538,3.1248575736036,0.5548410565411,0.3191890796643,0.3960016495021,10.0000000000000
8,0.2063464626923,3.1248981220818,0.5548410565411,0.3190831688311,0.3959643979628,10.0000000000000
9,0.2063474334692,3.1249128234675,0.5547234233215,0.3189586027182,0.3958697038520,10.0000000000000
11,0.2063478058276,3.1249184624404,0.5547234233215,0.3188719165933,0.3958388243127,10.0000000000000
14,0.2063512193546,3.1249701566827,0.5547234233215,0.3187715802217,0.3958037213644,10.0000000000000
15,0.2063496180310,3.1249459063371,0.5547234233215,0.3187616952047,0.3957998478604,10.0000000000000
16,0.2063604428435,3.1251098366303,0.5547234233215,0.3187132184109,0.3957848543224,10.0000000000000
17,0.2063660494325,3.1251947424689,0.5547234233215,0.3183574546419,0.3956589972454,10.0000000000000
18,0.2063686901336,3.1252347330843,0.5547702573417,0.3180359224063,0.3955648018916,10.0000000000000
19,0.2063810034284,3.1254212048623,0.5546526241221,0.3180405744009,0.3955186876445,10.0000000000000
20,0.2063766884142,3.1253558585533,0.5546057901019,0.3180674765458,0.3955072991845,10.0000000000000
21,0.2063847988379,3.1254786823091,0.5546057901019,0.3180189374932,0.3954917017565,10.0000000000000
22,0.2063841643647,3.1254690738868,0.5544881568823,0.3166692404864,0.3949591169157,10.0000000000000
23,0.2063865625511,3.1255053918741,0.5544881568823,0.3163124776518,0.3948322155147,10.0000000000000
26,0.2064007521858,3.1257202788279,0.5543705236626,0.3158358599347,0.3946146213005,10.0000000000000
28,0.2064204583463,3.1260187077088,0.5542528904430,0.3155616127470,0.3944704843880,10.0000000000000
30,0.2064229502878,3.1260564455175,0.5542060564228,0.3155127752199,0.3944335046786,10.0000000000000
31,0.2064273614290,3.1261232475675,0.5540884232032,0.3154684958484,0.3943682216248,10.0000000000000
62185,0.2442295017600,3.6985965324966,0.0764070733485,0.8417019323542,0.3856886147958,0.0000003702424
62190,0.2442299634992,3.6986035250472,0.0764070733485,0.8416757828865,0.3856793746444,0.0000003702424
62191,0.2442263482383,3.6985487757581,0.0764070733485,0.8410763716951,0.3854645245201,0.0000003702424
62204,0.2442330515400,3.6986502901467,0.0764302507068,0.8409071140438,0.3854154449343,0.0000003702424
62209,0.2442335652640,3.6986580699514,0.0763126174872,0.8409570735483,0.3853829834612,0.0000003702424
62212,0.2442337617386,3.6986610453507,0.0763126174872,0.8409462355309,0.3853791548424,0.0000003702424
62213,0.2442385362778,3.6987333506779,0.0762657834670,0.8407946124570,0.3853059551371,0.0000003702424
62215,0.2442498676349,3.6989049520523,0.0762189494468,0.8407733367453,0.3852807130937,0.0000003702424
62223,0.2442487314291,3.6988877454213,0.0761721154265,0.8404368774301,0.3851402338569,0.0000003628375
62246,0.2442553470257,3.6989879316097,0.0761497258890,0.8403995204916,0.3851187142050,0.0000003628375
62248,0.2442636634992,3.6991138757714,0.0761028918688,0.8402673306106,0.3850532139117,0.0000003628375
62257,0.2442562197997,3.6990011488440,0.0760560578486,0.8394060743105,0.3847239555745,0.0000003628375
62258,0.2442529928668,3.6989522803712,0.0760560578486,0.8390648126135,0.3846013849114,0.0000003628375
62272,0.2442489130534,3.6988904959294,0.0760092238283,0.8390148428284,0.3845625925909,0.0000003628375
62281,0.2442480820781,3.6988779116904,0.0759623898081,0.8390609749523,0.3845588185603,0.0000003628375
62301,0.2442599577207,3.6990577556896,0.0759155557879,0.8385205671894,0.3843482888455,0.0000003628375
62318,0.2442646765481,3.6991292173221,0.0759155557879,0.8384437309403,0.3843218585052,0.0000003628375
62348,0.2442646691061,3.6991291046208,0.0759623898081,0.8382458217145,0.3842712467671,0.0000003628375
62351,0.2442535479964,3.6989606872207,0.0760208042436,0.8374402461039,0.3840061928550,0.0000003628375
62357,0.2442599061115,3.6990569741241,0.0759031710240,0.8375176284600,0.3839847776271,0.0000003628375
62362,0.2442591233156,3.6990451195112,0.0759031710240,0.8374916801817,0.3839753426428,0.0000003628375
62391,0.2442661200635,3.6991510778297,0.0758273529101,0.8374624730879,0.3839339173636,0.0000003555808
62395,0.2442653543460,3.6991394818506,0.0758273529101,0.8345036056226,0.3828770149008,0.0000003555808
62397,0.2442595560162,3.6990516723018,0.0757805188899,0.8345447200501,0.3828703844028,0.0000003555808
62398,0.2442526596787,3.6989472345922,0.0758981521095,0.8333664437433,0.3824985078864,0.0000003555808
62412,0.2442478416672,3.6988742709222,0.0758981521095,0.8333387179810,0.3824875733974,0.0000003555808
62425,0.2442333345724,3.6986545763717,0.0758981521095,0.8331134886379,0.3824040256831,0.0000003555808
62439,0.2442266280528,3.6985530132525,0.0758481833336,0.8329919946838,0.3823377826842,0.0000003555808
62440,0.2442310536590,3.6986200343601,0.0758481833336,0.8328044829016,0.3822717625348,0.0000003555808
62445,0.2442257084422,3.6985390867254,0.0757736158164,0.8327973143840,0.3822360994389,0.0000003555808
62461,0.2442301828237,3.6986068464840,0.0757267817962,0.8323076911620,0.3820421210756,0.0000003555808
62466,0.2442384597139,3.6987321911989,0.0757267817962,0.8321649688680,0.3819929224471,0.0000003555808
62467,0.2442399231560,3.6987543534761,0.0756576959694,0.8321549854704,0.3819600623312,0.0000003555808
62471,0.2442384531919,3.6987320924306,0.0756576959694,0.8312882880954,0.3816502125621,0.0000003555808
62474,0.2442448993413,3.6988297125198,0.0756108619492,0.8313059370294,0.3816378253475,0.0000003555808
62476,0.2442436166683,3.6988102877988,0.0756108619492,0.8307927303201,0.3814542623786,0.0000003555808
62485,0.2442441616198,3.6988185405114,0.0754932287295,0.8309213162957,0.3814498884797,0.0000003555808
62497,0.2442434128876,3.6988072017571,0.0756108619492,0.8303887196559,0.3813099291884,0.0000003555808
62501,0.2442394581406,3.6987473113115,0.0755640279289,0.8303117367454,0.3812615161230,0.0000003555808
62513,0.2442340601450,3.6986655643981,0.0756108619492,0.8302344422161,0.3812528259436,0.0000003555808
62518,0.2442411804798,3.6987733943105,0.0754932287295,0.8303466547183,0.3812440133863,0.0000003555808
62521,0.2442381732420,3.6987278528858,0.0754463947093,0.8302786842938,0.3811990221036,0.0000003555808
62526,0.2442463059709,3.6988510144316,0.0754463947093,0.8293991982644,0.3808866626779,0.0000003555808
62593,0.2442436866687,3.6988113478804,0.0754932287295,0.8292296906118,0.3808456346745,0.0000003484692
62609,0.2442501574653,3.6989093412264,0.0755165603465,0.8290429491755,0.3807903271680,0.0000003484692
62623,0.2442553886537,3.6989885620201,0.0754697263262,0.8289411066120,0.3807350040699,0.0000003484692
62624,0.2442551264938,3.6989845918874,0.0754228923060,0.8289745325899,0.3807268140191,0.0000003484692
62625,0.2442517526423,3.6989334984884,0.0754228923060,0.8289588916347,0.3807205049955,0.0000003484692
62628,0.2442499004467,3.6989054489527,0.0754228923060,0.8289324884990,0.3807106784051,0.0000003484692
62632,0.2442395637135,3.6987489101012,0.0754228923060,0.8289275117384,0.3807066859763,0.0000003484692
62659,0.2442448637651,3.6988291737567,0.0754228923060,0.8286560818137,0.3806108824429,0.0000003484692
62660,0.2442456316079,3.6988408019198,0.0754327593487,0.8286289885226,0.3806055995378,0.0000003484692
62661,0.2442459507945,3.6988456356618,0.0754327593487,0.8285853832096,0.3805900946088,0.0000003484692
62665,0.2442520505664,3.6989380102331,0.0754919781328,0.8284720305356,0.3805762980839,0.0000003484692
62667,0.2442536526545,3.6989622721562,0.0754675336501,0.8284466243726,0.3805570915519,0.0000003484692
62703,0.2442486054900,3.6988858382072,0.0754675336501,0.8277072696775,0.3802919547684,0.0000003484692
62704,0.2442475904769,3.6988704669110,0.0754675336501,0.8272137483650,0.3801154796540,0.0000003484692
62705,0.2442503589078,3.6989123918591,0.0754675336501,0.8272108431306,0.3801150353055,0.0000003484692
62714,0.2442663512265,3.6991545785485,0.0754675336501,0.8271516622525,0.3800973262030,0.0000003484692
62715,0.2442678360946,3.6991770652993,0.0754675336501,0.8271442440598,0.3800949950345,0.0000003484692
62717,0.2442670418874,3.6991650378736,0.0754675336501,0.8270172625161,0.3800494742959,0.0000003484692
62718,0.2442635591902,3.6991122961225,0.0754675336501,0.8264963896628,0.3798627019847,0.0000003484692
62719,0.2442661471969,3.6991514887361,0.0754675336501,0.8264703294356,0.3798539493335,0.0000003414998
62731,0.2442624910867,3.6990961208291,0.0753591504387,0.8265150001682,0.3798226697667,0.0000003346698
62746,0.2442667540137,3.6991606783324,0.0753591504387,0.8264552444510,0.3798022419234,0.0000003346698
62752,0.2442633844256,3.6991096494979,0.0753123164185,0.8263059858395,0.3797281414989,0.0000003346698
62754,0.2442587515884,3.6990394900974,0.0752654823982,0.8261755522210,0.3796604935900,0.0000003346698
62765,0.2442619441375,3.6990878378639,0.0752186483780,0.8254646175404,0.3793872007416,0.0000003346698
62769,0.2442600537716,3.6990592102784,0.0752186483780,0.8253266064828,0.3793375059997,0.0000003346698
62771,0.2442608432460,3.6990711660306,0.0751718143578,0.8252895777751,0.3793043789114,0.0000003346698
62812,0.2442604701596,3.6990655160335,0.0751299992521,0.8253237020572,0.3792985654484,0.0000003346698
62818,0.2442595037513,3.6990508808055,0.0750831652318,0.8253659028921,0.3792933583647,0.0000003346698
62903,0.2442577757784,3.6990247124907,0.0750831652318,0.8253496227626,0.3792871737528,0.0000003279764
62942,0.2442566960864,3.6990083617016,0.0750831652318,0.8252445914443,0.3792494312051,0.0000003279764
62951,0.2442625914769,3.6990976411314,0.0750363312116,0.8250539632782,0.3791625412922,0.0000003279764
62954,0.2442629534652,3.6991031230609,0.0750831652318,0.8249917220404,0.3791604615706,0.0000003279764
62962,0.2442662854369,3.6991535822350,0.0750831652318,0.8249759142480,0.3791555299244,0.0000003279764
62969,0.2442755976538,3.6992946058732,0.0750831652318,0.8247887771149,0.3790906907090,0.0000003279764
62987,0.2442654972026,3.6991416452632,0.0750740860099,0.8247967621080,0.3790874870148,0.0000003279764
62992,0.2442667504429,3.6991606242568,0.0750740860099,0.8241240270544,0.3788474930472,0.0000003279764
62995,0.2442654122400,3.6991403585950,0.0750740860099,0.8241165066403,0.3788445204272,0.0000003279764
63004,0.2442627324687,3.6990997763033,0.0750740860099,0.8240713152313,0.3788278064016,0.0000003279764
63008,0.2442554838736,3.6989900040258,0.0750740860099,0.8237807031685,0.3787224631088,0.0000003279764
63024,0.2442562907056,3.6990022226394,0.0750740860099,0.8237706474065,0.3787190446578,0.0000003279764
63026,0.2442500476712,3.6989076785107,0.0750272519897,0.8235767481571,0.3786283854098,0.0000003279764
63047,0.2442555792387,3.6989914482283,0.0749804179695,0.8235368480526,0.3785952489854,0.0000003279764
63055,0.2442584406079,3.6990347806266,0.0749804179695,0.8235213499655,0.3785903271049,0.0000003279764
63065,0.2442598104326,3.6990555251680,0.0749804179695,0.8234854290473,0.3785777917394,0.0000003279764
63075,0.2442607506588,3.6990697638961,0.0749804179695,0.8233572305237,0.3785322080294,0.0000003214169
63097,0.2442690703365,3.6991957565821,0.0748627847499,0.8234751504971,0.3785256908567,0.0000003214169
63099,0.2442715402660,3.6992331610433,0.0748627847499,0.8234506887864,0.3785174838021,0.0000003214169
63102,0.2442870591578,3.6994681781847,0.0748627847499,0.8234319466239,0.3785141156494,0.0000003214169
63114,0.2442852053837,3.6994401047433,0.0748627847499,0.8233747689375,0.3784932978098,0.0000003214169
63117,0.2442748549431,3.6992833583080,0.0747451515302,0.8235210290717,0.3784929013835,0.0000003214169
63119,0.2442777177149,3.6993267119488,0.0747451515302,0.8234600588141,0.3784717397426,0.0000003214169
63122,0.2442799834744,3.6993610244714,0.0747451515302,0.8233524222234,0.3784337836230,0.0000003214169
63125,0.2442797940555,3.6993581559226,0.0747073967319,0.8231728458835,0.3783534279982,0.0000003214169
63139,0.2442882001288,3.6994854569787,0.0746164006712,0.8232652813628,0.3783492436591,0.0000003214169
63143,0.2442871628628,3.6994697486863,0.0745695666509,0.8233018839599,0.3783420220210,0.0000003214169
63161,0.2442798509271,3.6993590171823,0.0745227326307,0.8231851846088,0.3782787051150,0.0000003214169
63165,0.2442771686061,3.6993183962789,0.0744758986105,0.8231167358219,0.3782336126136,0.0000003214169
63192,0.2442832018218,3.6994097629249,0.0744290645902,0.8231118186336,0.3782130775839,0.0000003214169
63207,0.2442780978686,3.6993324689733,0.0743822305700,0.8231398230386,0.3782019137299,0.0000003214169
63210,0.2442816471188,3.6993862185996,0.0743822305700,0.8231231045183,0.3781967033835,0.0000003214169
63221,0.2442839142387,3.6994205517239,0.0743822305700,0.8231169130680,0.3781949779626,0.0000003214169
63223,0.2442867632639,3.6994636971850,0.0743588989531,0.8231146094471,0.3781847664818,0.0000003214169
63249,0.2442879331737,3.6994814142267,0.0743365094156,0.8229639161049,0.3781216026099,0.0000003149885
63256,0.2442881331174,3.6994844421623,0.0742896753953,0.8230128877122,0.3781190635918,0.0000003149885
63257,0.2442859862279,3.6994519298004,0.0743806714561,0.8228758110769,0.3781086459146,0.0000003149885
63270,0.2442895690963,3.6995061885390,0.0743806714561,0.8228164197838,0.3780882024960,0.0000003149885
63283,0.2442972688716,3.6996227934609,0.0743134697882,0.8228208759862,0.3780626432339,0.0000003149885
63296,0.2442911800447,3.6995305846420,0.0744311030078,0.8218650151930,0.3777703738676,0.0000003149885
63302,0.2442919382215,3.6995420664248,0.0745487362274,0.8215780571892,0.3777184655697,0.0000003149885
63306,0.2443000916061,3.6996655407793,0.0745153833091,0.8213731138744,0.3776327245747,0.0000003149885
63312,0.2443012082244,3.6996824507775,0.0745153833091,0.8213257004773,0.3776160304939,0.0000003149885
63314,0.2442932174390,3.6995614388161,0.0744685492889,0.8212075642138,0.3775520549371,0.0000003149885
63339,0.2442989528945,3.6996482962009,0.0743509160692,0.8211305873500,0.3774753779892,0.0000003149885
63361,0.2442986061395,3.6996430449643,0.0743977500895,0.8210556000779,0.3774685942389,0.0000003149885
63375,0.2442921349442,3.6995450455805,0.0742801168699,0.8211576308541,0.3774532328802,0.0000003149885
63379,0.2442869822693,3.6994670137901,0.0742801168699,0.8211424600832,0.3774467106031,0.0000003149885
63391,0.2442803261670,3.6993662141864,0.0743977500895,0.8204548685416,0.3772501301247,0.0000003149885
63400,0.2442802659124,3.6993653016950,0.0743385313054,0.8205227497873,0.3772489810362,0.0000003149885
63415,0.2442786831387,3.6993413322667,0.0743385313054,0.8203688842916,0.3771936899076,0.0000003086887
63418,0.2442797473332,3.6993574483626,0.0743151831607,0.8203919790497,0.3771921597295,0.0000003086887
63458,0.2442911558438,3.6995302181442,0.0743134697882,0.8203728786623,0.3771870485408,0.0000003086887
63465,0.2442922241884,3.6995463970897,0.0743134697882,0.8203357410447,0.3771740140370,0.0000003086887
63504,0.2442848610796,3.6994348906238,0.0742666357679,0.8203943581647,0.3771732991907,0.0000003086887
63515,0.2442764076360,3.6993068721942,0.0742198017477,0.8201478230343,0.3770633677547,0.0000003086887
63526,0.2442790843819,3.6993474086689,0.0741729677275,0.8201088289147,0.3770299431488,0.0000003086887
63527,0.2442871610150,3.6994697207042,0.0741729677275,0.8169648382795,0.3759088200577,0.0000003086887
63547,0.2442871716017,3.6994698810282,0.0741729677275,0.8166881157230,0.3758099928418,0.0000003086887
63552,0.2442816930644,3.6993869143962,0.0741261337072,0.8167448970401,0.3758090261884,0.0000003086887
63559,0.2442809909411,3.6993762814849,0.0741261337072,0.8162847111272,0.3756445236216,0.0000003086887
63561,0.2442913843957,3.6995336793205,0.0741261337072,0.8160408863486,0.3755596705124,0.0000003086887
63567,0.2442862102017,3.6994553216462,0.0740792996870,0.8160077170493,0.3755266438553,0.0000003086887
63570,0.2442844513108,3.6994286851098,0.0740324656668,0.8159536085706,0.3754868707704,0.0000003086887
63572,0.2442775825180,3.6993246645351,0.0740324656668,0.8153927249272,0.3752850832993,0.0000003086887
63575,0.2442811076857,3.6993780494571,0.0740324656668,0.8152463443875,0.3752335599282,0.0000003086887
63593,0.2442813399919,3.6993815674878,0.0740324656668,0.8151829621995,0.3752109732124,0.0000003025150
63603,0.2442817114347,3.6993871925954,0.0740324656668,0.8150656354936,0.3751691504123,0.0000003025150
63618,0.2442821956714,3.6993945258465,0.0739856316465,0.8150929153539,0.3751589252616,0.0000003025150
63621,0.2442837828242,3.6994185615902,0.0739856316465,0.8148619086376,0.3750767629671,0.0000003025150
63623,0.2442780910132,3.6993323651556,0.0739856316465,0.8148568692900,0.3750737435263,0.0000003025150
63624,0.2442779070491,3.6993295792146,0.0739387976263,0.8148946751558,0.3750671344775,0.0000003025150
63630,0.2442824911143,3.6993990000152,0.0738919636061,0.8146703329042,0.3749679228215,0.0000003025150
63640,0.2442759172700,3.6992994461224,0.0738675191233,0.8147034548569,0.3749678672025,0.0000003025150
63652,0.2442757318403,3.6992966379862,0.0738206851031,0.8145434856008,0.3748906238674,0.0000003025150
63665,0.2442784128322,3.6993372387619,0.0738072040012,0.8145563551281,0.3748900170103,0.0000002964647
63677,0.2442838134902,3.6994190259941,0.0738072040012,0.8145128419650,0.3748756338788,0.0000002964647
63680,0.2442823504059,3.6993968691361,0.0738072040012,0.8142904953479,0.3747959108546,0.0000002964647
63718,0.2442895957760,3.6995065925742,0.0737603699809,0.8143233516248,0.3747891260955,0.0000002964647
63737,0.2442995054518,3.6996566640941,0.0738072040012,0.8140309303328,0.3747068851447,0.0000002964647
63743,0.2442866974617,3.6994627006807,0.0737603699809,0.8130917016436,0.3743486300349,0.0000002964647
63747,0.2442877443983,3.6994785554249,0.0737135359607,0.8131240882411,0.3743403492975,0.0000002964647
63750,0.2442937602283,3.6995696587838,0.0736667019405,0.8131747722395,0.3743396681089,0.0000002964647
63757,0.2442972454068,3.6996224381117,0.0736911464232,0.8130433133895,0.3743039415505,0.0000002905354
63760,0.2443064640516,3.6997620447011,0.0735735132036,0.8131367476112,0.3742888721023,0.0000002905354
63778,0.2443022346031,3.6996979941933,0.0735266791834,0.8130179824595,0.3742254779434,0.0000002905354
63817,0.2442959467146,3.6996027707976,0.0734356831226,0.8129936222445,0.3741764321502,0.0000002905354
63884,0.2442974766850,3.6996259405754,0.0734356831226,0.8129851848295,0.3741737466385,0.0000002905354
63891,0.2442862344751,3.6994556892401,0.0734356831226,0.8121174607927,0.3738614361517,0.0000002905354
63892,0.2442818023915,3.6993885700399,0.0734356831226,0.8112805374963,0.3735615852423,0.0000002905354
63921,0.2442840383246,3.6994224308718,0.0733180499030,0.8113742908565,0.3735451334767,0.0000002847247
63933,0.2442908398385,3.6995254325802,0.0733648839232,0.8112556219461,0.3735242809132,0.0000002847247
63945,0.2442846401880,3.6994315454553,0.0733648839232,0.8112281105173,0.3735131269064,0.0000002847247
63951,0.2442793612688,3.6993516018280,0.0733180499030,0.8112406789746,0.3734964127213,0.0000002847247
63979,0.2442778393242,3.6993285535928,0.0733180499030,0.8112241473024,0.3734901824216,0.0000002847247
63990,0.2442764012675,3.6993067757496,0.0733180499030,0.8111329674576,0.3734573100363,0.0000002847247
64008,0.2442680924260,3.6991809471661,0.0733180499030,0.8104323800913,0.3732053197966,0.0000002847247
64014,0.2442599027349,3.6990569229884,0.0733180499030,0.8101939240249,0.3731184019819,0.0000002847247
64025,0.2442606767051,3.6990686439456,0.0733180499030,0.8101833221313,0.3731147814421,0.0000002847247
64043,0.2442643290818,3.6991239553135,0.0732004166834,0.8102159281488,0.3730767948636,0.0000002847247
64048,0.2442733163440,3.6992600578586,0.0731535826632,0.8102140008924,0.3730579606767,0.0000002847247
64050,0.2442682161738,3.6991828211955,0.0731535826632,0.8101748769001,0.3730428949286,0.0000002847247
64051,0.2442641202199,3.6991207923215,0.0731067486429,0.8102013302069,0.3730313931108,0.0000002847247
64059,0.2442683566639,3.6991849487694,0.0730147939750,0.8102313906965,0.3730036276660,0.0000002847247
64063,0.2442752029494,3.6992886284948,0.0730616279953,0.8101464498858,0.3729948304464,0.0000002847247
64064,0.2442702245494,3.6992132359114,0.0730616279953,0.8098978922363,0.3729049930573,0.0000002847247
64074,0.2442627908044,3.6991006597347,0.0730207549690,0.8098385345197,0.3728646839161,0.0000002847247
64114,0.2442577120450,3.6990237473156,0.0730207549690,0.8097857119479,0.3728447304063,0.0000002790302
64135,0.2442520401672,3.6989378527477,0.0730207549690,0.8097826351638,0.3728424161525,0.0000002790302
64136,0.2442523341770,3.6989423052145,0.0730207549690,0.8092966030006,0.3726688962392,0.0000002790302
64150,0.2442584342510,3.6990346843589,0.0729739209488,0.8093429865367,0.3726666972235,0.0000002790302
64154,0.2442555484085,3.6989909813384,0.0729270869286,0.8092827586072,0.3726244971309,0.0000002790302
64158,0.2442489755072,3.6988914417245,0.0729270869286,0.8092676989792,0.3726177102135,0.0000002790302
64162,0.2442359846482,3.6986947089574,0.0729270869286,0.8091351417739,0.3725675845990,0.0000002790302
64192,0.2442413096583,3.6987753505818,0.0729264698941,0.8090746869680,0.3725468702271,0.0000002790302
64202,0.2442456892372,3.6988416746550,0.0729733039143,0.8088521819756,0.3724884143625,0.0000002790302
64203,0.2442486266264,3.6988861582957,0.0728556706947,0.8088544616437,0.3724394437333,0.0000002790302
64209,0.2442454172496,3.6988375556911,0.0727380374751,0.8088053271593,0.3723707937426,0.0000002790302
64257,0.2442327352052,3.6986454995914,0.0726912034548,0.8088353940609,0.3723587426178,0.0000002790302
64262,0.2442343800725,3.6986704093609,0.0725735702352,0.8088599785737,0.3723174610355,0.0000002734496
64264,0.2442361806628,3.6986976773894,0.0725503928769,0.8088858732492,0.3723171618211,0.0000002734496
64281,0.2442468166559,3.6988587482147,0.0725510099114,0.8088393089519,0.3723030752997,0.0000002734496
64284,0.2442416734160,3.6987808593058,0.0725041758911,0.8086370289186,0.3722096585849,0.0000002734496
64313,0.2442400036939,3.6987555731378,0.0724573418709,0.8085843758008,0.3721704243794,0.0000002734496
64323,0.2442353928042,3.6986857461079,0.0724105078507,0.8056854000508,0.3711140161265,0.0000002734496
64324,0.2442410957753,3.6987721115503,0.0722928746311,0.8056733374664,0.3710605158889,0.0000002734496
64350,0.2442422608422,3.6987897552514,0.0722460406108,0.8056557910769,0.3710344272554,0.0000002734496
64369,0.2442524342945,3.6989438213866,0.0721284073912,0.8056773475348,0.3709938917789,0.0000002734496
64397,0.2442550542102,3.6989834972287,0.0721245013425,0.8056193499978,0.3709720657624,0.0000002734496
64402,0.2442499182028,3.6989057178491,0.0722421345621,0.8054405982262,0.3709575395080,0.0000002734496
64425,0.2442536384724,3.6989620573835,0.0721953005419,0.8054795275886,0.3709521683294,0.0000002734496
64477,0.2442468470372,3.6988592083059,0.0721953005419,0.8053522245658,0.3709052476566,0.0000002679806
64490,0.2442435008423,3.6988085337365,0.0721953005419,0.8053503643241,0.3709038662427,0.0000002679806
64543,0.2442384346039,3.6987318109351,0.0721953005419,0.8053172870398,0.3708909673044,0.0000002679806
64556,0.2442408031803,3.6987676805105,0.0721953005419,0.8052719773933,0.3708752928399,0.0000002679806
64560,0.2442364617807,3.6987019346221,0.0721484665216,0.8053284553047,0.3708744614997,0.0000002679806
64570,0.2442300239797,3.6986044409604,0.0721484665216,0.8052873584266,0.3708584045144,0.0000002679806
64601,0.2442361725149,3.6986975539983,0.0721484665216,0.8052304949205,0.3708394136626,0.0000002626210
64616,0.2442323605272,3.6986398254922,0.0721484665216,0.8051976888965,0.3708268803710,0.0000002626210
64618,0.2442303854451,3.6986099149701,0.0721016325014,0.8052545230275,0.3708266833201,0.0000002626210
64639,0.2442337441272,3.6986607786441,0.0720762624669,0.8044752294005,0.3705382110132,0.0000002626210
64671,0.2442262664760,3.6985475375561,0.0720762624669,0.8043956801391,0.3705081982089,0.0000002626210
64693,0.2442225193883,3.6984907918904,0.0720294284467,0.8043986421295,0.3704883813923,0.0000002626210
64705,0.2442207248288,3.6984636151920,0.0720526058050,0.8041631775523,0.3704138355056,0.0000002626210
64720,0.2442224098186,3.6984891325737,0.0720057717848,0.8041421057144,0.3703865991955,0.0000002626210
64724,0.2442154703900,3.6983840422945,0.0720057717848,0.8040535923688,0.3703535002659,0.0000002626210
64732,0.2442132158821,3.6983499001657,0.0720803393020,0.8039229459895,0.3703383152433,0.0000002626210
64749,0.2442148240460,3.6983742541000,0.0720803393020,0.8039056058036,0.3703324669263,0.0000002626210
64753,0.2442197104547,3.6984482535731,0.0720546607502,0.8038609741973,0.3703065690609,0.0000002626210
64764,0.2442132072073,3.6983497687949,0.0720213078319,0.8038813058405,0.3702981427012,0.0000002626210
64806,0.2442128088153,3.6983437355699,0.0720213078319,0.8033902592643,0.3701226835542,0.0000002573685
64821,0.2442112419432,3.6983200069561,0.0720213078319,0.8027434135875,0.3698913314828,0.0000002573685
64822,0.2442136146921,3.6983559397186,0.0719744738117,0.8026742103379,0.3698470527597,0.0000002573685
64862,0.2442135034823,3.6983542555650,0.0718568405921,0.8027135891991,0.3698106785711,0.0000002573685
64867,0.2442052827724,3.6982297616401,0.0718568405921,0.8026883886843,0.3697999168065,0.0000002573685
64875,0.2442071248955,3.6982576586391,0.0717392073725,0.8027269952527,0.3697636853703,0.0000002573685
64879,0.2442073046407,3.6982603806899,0.0717392073725,0.8024406740659,0.3696614663204,0.0000002573685
64889,0.2442037942326,3.6982072192850,0.0716923733522,0.8024214395735,0.3696337729056,0.0000002573685
64890,0.2441983252270,3.6981243970012,0.0716923733522,0.8024215695989,0.3696326474135,0.0000002522212
64900,0.2442018156848,3.6981772562799,0.0716886050344,0.8023799837238,0.3696169282771,0.0000002522212
64901,0.2441996315415,3.6981441797483,0.0716886050344,0.8023607783011,0.3696096011669,0.0000002522212
64921,0.2441955697781,3.6980826686523,0.0716886050344,0.8016418865388,0.3693519837310,0.0000002522212
64927,0.2442064515559,3.6982474616261,0.0715709718148,0.8016615697104,0.3693109310077,0.0000002522212
64935,0.2442019423424,3.6981791743741,0.0716178058350,0.8015672504190,0.3692963510095,0.0000002522212
64982,0.2441995589226,3.6981430800111,0.0715709718148,0.8015927148855,0.3692848630060,0.0000002471768
65025,0.2441990952731,3.6981360585316,0.0715709718148,0.8015840378816,0.3692816647226,0.0000002471768
65034,0.2442044702973,3.6982174575669,0.0714533385952,0.8015989769891,0.3692377376720,0.0000002471768
65039,0.2442133162702,3.6983514204370,0.0714533385952,0.8015369844897,0.3692174930593,0.0000002471768
65054,0.2442133547912,3.6983520037968,0.0714288941124,0.8015532913289,0.3692128489780,0.0000002471768
65061,0.2442146157227,3.6983710992653,0.0714757281327,0.6866495389115,0.3281961364658,0.0000002471768
65112,0.2442200723941,3.6984537347602,0.0714757281327,0.6863165494213,0.3280783809346,0.0000002422332
65124,0.2442233876453,3.6985039407205,0.0714288941124,0.6862917771479,0.3280501723821,0.0000002422332
65134,0.2442242425836,3.6985168878531,0.0714376648171,0.6862632249399,0.3280439172395,0.0000002422332
65152,0.2442193905147,3.6984434084217,0.0713908307968,0.6863165948977,0.3280418664867,0.0000002422332
65155,0.2442137221374,3.6983575668639,0.0713908307968,0.6861994236821,0.3279988049717,0.0000002422332
65159,0.2442184037941,3.6984284655846,0.0713439967766,0.6862015962059,0.3279805123622,0.0000002422332
65180,0.2442261074953,3.6985451299607,0.0713009310742,0.6862269129153,0.3279727481077,0.0000002422332
65198,0.2442239407605,3.6985123170633,0.0714185642938,0.6860466001424,0.3279583006255,0.0000002422332
65202,0.2442234336048,3.6985046367289,0.0714185642938,0.6860257337308,0.3279507396594,0.0000002422332
65203,0.2442222575741,3.6984868269917,0.0713717302736,0.6860804813144,0.3279499686383,0.0000002422332
65213,0.2442205996696,3.6984617197886,0.0713717302736,0.6856923228783,0.3278109853601,0.0000002422332
65253,0.2442295819907,3.6985977475053,0.0713248962534,0.6855613170875,0.3277460506378,0.0000002422332
65274,0.2442274939231,3.6985661259386,0.0712780622331,0.6855534643341,0.3277227269171,0.0000002422332
65283,0.2442356286622,3.6986893179272,0.0712780622331,0.6852882264974,0.3276297422766,0.0000002373886
65298,0.2442339746902,3.6986642702766,0.0712780622331,0.6852513672935,0.3276162238526,0.0000002373886
65318,0.2442299966416,3.6986040269539,0.0712312282129,0.6852878890468,0.3276083431740,0.0000002373886
65324,0.2442392185029,3.6987436822526,0.0711843941927,0.6852042669700,0.3275603825368,0.0000002373886
65361,0.2442362910148,3.6986993485532,0.0711843941927,0.6850201931252,0.3274940145590,0.0000002373886
65370,0.2442295164436,3.6985967548645,0.0711632387242,0.6850143059733,0.3274813936816,0.0000002373886
65399,0.2442376053755,3.6987192531508,0.0711375601724,0.6849503092514,0.3274492659584,0.0000002373886
65419,0.2442338476243,3.6986623459990,0.0710907261522,0.6849551910663,0.3274301325084,0.0000002373886
65420,0.2442257677657,3.6985399851178,0.0711375601724,0.6848638827375,0.3274158627157,0.0000002373886
65423,0.2442119318092,3.6983304542439,0.0711375601724,0.6840794438587,0.3271327411254,0.0000002373886
65435,0.2442048318138,3.6982229323514,0.0710907261522,0.6841059935499,0.3271206300075,0.0000002373886
65449,0.2442054698452,3.6982325946601,0.0710907261522,0.6840446312387,0.3270988516173,0.0000002373886
65457,0.2441970190092,3.6981046157196,0.0710907261522,0.6840001448836,0.3270811527399,0.0000002326408
65483,0.2441982900274,3.6981238639410,0.0710907261522,0.6836639264780,0.3269613470989,0.0000002326408
65484,0.2441871342594,3.6979549216778,0.0711375601724,0.6836102116521,0.3269598444338,0.0000002326408
65487,0.2441913938789,3.6980194290926,0.0711375601724,0.6835720923684,0.3269471431795,0.0000002326408
65516,0.2441934673083,3.6980508289794,0.0711375601724,0.6835344475068,0.3269341428924,0.0000002326408
65535,0.2441996850568,3.6981449901803,0.0710199269528,0.5819396762650,0.2906012141580,0.0000002326408
65554,0.2441873810953,3.6979586597453,0.0711375601724,0.5817658122701,0.2905868975479,0.0000002326408
65571,0.2441911959285,3.6980164313441,0.0710907261522,0.5790758957450,0.2896069588160,0.0000002326408
65579,0.2442012097525,3.6981680800778,0.0710438921320,0.5791035727147,0.2895989175445,0.0000002326408
65587,0.2442050793720,3.6982266813580,0.0710438921320,0.5790719293466,0.2895884455458,0.0000002326408
65588,0.2442042057057,3.6982134506090,0.0710438921320,0.5789233811707,0.2895352054116,0.0000002326408
65602,0.2442068127146,3.6982529309903,0.0709970581117,0.5789761879719,0.2895345519052,0.0000002326408
65604,0.2442102906224,3.6983056002118,0.0709027565091,0.5789380042202,0.2894812451444,0.0000002326408
65613,0.2441990064611,3.6981347135693,0.0708559224888,0.5789947773883,0.2894790315184,0.0000002326408
65629,0.2441919302086,3.6980275512362,0.0708090884686,0.5790204117181,0.2894665985734,0.0000002279880
65682,0.2441939433767,3.6980580385306,0.0707622544484,0.5788839869081,0.2893982350972,0.0000002279880
65700,0.2441973630511,3.6981098258690,0.0707622544484,0.5788507218631,0.2893870875114,0.0000002279880
65706,0.2441933685296,3.6980493330808,0.0707622544484,0.5787538964005,0.2893516510201,0.0000002279880
65764,0.2441926844491,3.6980389734086,0.0707622544484,0.5787170945036,0.2893383608968,0.0000002279880
65802,0.2441930556027,3.6980445941355,0.0707154204281,0.5787244190157,0.2893209846040,0.0000002234282
65824,0.2441929888475,3.6980435831990,0.0706811089027,0.5786706077399,0.2892870470470,0.0000002234282
65829,0.2441895330688,3.6979912490988,0.0706588570961,0.5786761091884,0.2892787348375,0.0000002234282
65848,0.2441914289819,3.6980199606906,0.0706217358600,0.5786714586686,0.2892615711035,0.0000002234282
65870,0.2441922169255,3.6980318932603,0.0705749018397,0.5778657654694,0.2889539206544,0.0000002234282
65931,0.2441887258153,3.6979790241017,0.0705749018397,0.5772917474683,0.2887481661304,0.0000002234282
65961,0.2441836942233,3.6979028259823,0.0705503196261,0.5771203853954,0.2886753519574,0.0000002189596
65970,0.2441797643765,3.6978433126244,0.0705034856058,0.5770661207766,0.2886350579034,0.0000002189596
65979,0.2441793643607,3.6978372548102,0.0705503196261,0.5769320167169,0.2886071496017,0.0000002189596
65986,0.2441787252807,3.6978275766219,0.0705034856058,0.5769625694709,0.2885978526308,0.0000002189596
65988,0.2441806357317,3.6978565083747,0.0705503196261,0.5767976350111,0.2885594285720,0.0000002189596
66012,0.2441838656324,3.6979054217917,0.0705836725444,0.5767258771320,0.2885487869874,0.0000002189596
66016,0.2441835148357,3.6979001093471,0.0704660393248,0.5766948198368,0.2884872056885,0.0000002189596
66018,0.2441934785771,3.6980509996338,0.0703827176306,0.5767279431552,0.2884654612351,0.0000002189596
66035,0.2441878491641,3.6979657481499,0.0703827176306,0.5767306716035,0.2884652293781,0.0000002189596
66047,0.2441877790678,3.6979646866154,0.0703363629140,0.5767415741837,0.2884492418290,0.0000002189596
66058,0.2441876372189,3.6979625384658,0.0702466009222,0.5767472646059,0.2884127743014,0.0000002189596
66059,0.2441850628964,3.6979235530830,0.0701997669020,0.5767364153919,0.2883882762186,0.0000002189596
66065,0.2441812654401,3.6978660446392,0.0701529328818,0.5766821323135,0.2883480039413,0.0000002189596
66069,0.2441764067773,3.6977924653499,0.0701997669020,0.5765429696725,0.2883173335790,0.0000002189596
66091,0.2441729661936,3.6977403613612,0.0701775150954,0.5765372598074,0.2883050205850,0.0000002189596
66135,0.2441689492091,3.6976795283962,0.0701775150954,0.5764926556209,0.2882882297360,0.0000002145805
66154,0.2441634309342,3.6975959599807,0.0701715541014,0.5764883880386,0.2882829684003,0.0000002145805
66179,0.2441704625294,3.6977024460248,0.0700539208818,0.5764622960281,0.2882247423585,0.0000002145805
66235,0.2441712475212,3.6977143338919,0.0700539208818,0.5764165140516,0.2882085598652,0.0000002145805
66238,0.2441765490408,3.6977946197795,0.0700539208818,0.5763351052449,0.2881806213313,0.0000002145805
66246,0.2441624948151,3.6975817834508,0.0700539208818,0.5762814933799,0.2881584626168,0.0000002145805
66270,0.2441544788019,3.6974603894407,0.0700539208818,0.5762781820511,0.2881555622823,0.0000002145805
66314,0.2441562025127,3.6974864932104,0.0700070868616,0.5762514892057,0.2881263267669,0.0000002102888
66351,0.2441545523225,3.6974615028311,0.0700070868616,0.5762347109640,0.2881199809255,0.0000002060831
66361,0.2441500363174,3.6973931127292,0.0699602528413,0.5762705772431,0.2881117508725,0.0000002060831
66371,0.2441552385623,3.6974718952043,0.0699602528413,0.5762299053602,0.2880983399668,0.0000002060831
66391,0.2441624460148,3.6975810444219,0.0699602528413,0.5761868276000,0.2880844995066,0.0000002060831
66392,0.2441670996802,3.6976515192433,0.0699602528413,0.5760847798545,0.2880490510972,0.0000002060831
66397,0.2441623042230,3.6975788971355,0.0699134188211,0.5761298572821,0.2880440508576,0.0000002060831
66438,0.2441587716345,3.6975253998335,0.0699043395992,0.5761397604499,0.2880429396249,0.0000002060831
66448,0.2441586262863,3.6975231986886,0.0698575055790,0.5760593204845,0.2879941081968,0.0000002060831
66450,0.2441557152451,3.6974791140597,0.0698106715588,0.5759877623425,0.2879478562000,0.0000002060831
66468,0.2441612849029,3.6975634606150,0.0696930383391,0.5760711353248,0.2879284115262,0.0000002060831
66479,0.2441720682841,3.6977267634761,0.0696930383391,0.5760430669871,0.2879206978445,0.0000002019614
66566,0.2441707507734,3.6977068111740,0.0696930383391,0.5760266418390,0.2879145493964,0.0000002019614
66572,0.2441680384946,3.6976657365911,0.0696930383391,0.5760065312710,0.2879067858481,0.0000002019614
66595,0.2441609180482,3.6975579049894,0.0696462043189,0.5759918494384,0.2878799448036,0.0000002019614
66613,0.2441647401899,3.6976157872679,0.0695993702987,0.5759374925215,0.2878412789264,0.0000002019614
66617,0.2441660430033,3.6976355169948,0.0695525362784,0.5759189278487,0.2878148561374,0.0000002019614
66618,0.2441645074825,3.6976122631618,0.0695525362784,0.5759139991535,0.2878127668490,0.0000002019614
66630,0.2441685705266,3.6976737936514,0.0695057022582,0.5759404654637,0.2878030180320,0.0000002019614
66638,0.2441719165410,3.6977244654872,0.0695147814801,0.5759116219241,0.2877973248660,0.0000002019614
66645,0.2441713396320,3.6977157288130,0.0693971482605,0.5759301865969,0.2877534172460,0.0000001979222
66680,0.2441660103834,3.6976350230001,0.0693503142402,0.5759565315439,0.2877416124508,0.0000001979222
66691,0.2441703249885,3.6977003631147,0.0693503142402,0.5759445863507,0.2877382708686,0.0000001979222
66694,0.2441771652131,3.6978039510537,0.0692701273017,0.5759592056526,0.2877105919794,0.0000001979222
66695,0.2441852547916,3.6979264591329,0.0692701273017,0.5759472769283,0.2877080652019,0.0000001979222
66704,0.2441846763476,3.6979176992131,0.0692701273017,0.5759123590984,0.2876954705961,0.0000001979222
66708,0.2441838892148,3.6979057789213,0.0692423938047,0.5759438758840,0.2876946721352,0.0000001979222
66717,0.2441854998022,3.6979301695577,0.0692423938047,0.5759263738353,0.2876887665294,0.0000001979222
66740,0.2441802655554,3.6978509024470,0.0691955597845,0.5759459296589,0.2876745574048,0.0000001979222
66748,0.2441881654220,3.6979705375405,0.0691612482590,0.5759790109067,0.2876733600253,0.0000001979222
66752,0.2441882257906,3.6979714517593,0.0691612482590,0.5750405719049,0.2873382161751,0.0000001979222
66767,0.2442032322004,3.6981987079048,0.0691612482590,0.5724177521039,0.2864047104768,0.0000001979222
66784,0.2442015310310,3.6981729455001,0.0691802110514,0.5723939654965,0.2864039776345,0.0000001979222
66790,0.2441989532564,3.6981339078398,0.0691611105281,0.5723942393500,0.2863953371206,0.0000001979222
66800,0.2442071454075,3.6982579692714,0.0690434773085,0.5723956495979,0.2863471820045,0.0000001979222
66806,0.2442074189582,3.6982621119070,0.0690434773085,0.5723726800894,0.2863390372266,0.0000001979222
66807,0.2442043911084,3.6982162583353,0.0690434773085,0.5720600249228,0.2862267258421,0.0000001979222
66825,0.2442010864050,3.6981662121110,0.0690434773085,0.5720540806382,0.2862238947326,0.0000001939637
66845,0.2442049297673,3.6982244157530,0.0689449446121,0.5720284139951,0.2861733233536,0.0000001939637
66855,0.2442130478087,3.6983473548715,0.0690625778317,0.5718438856051,0.2861595741744,0.0000001939637
66892,0.2442003428817,3.6981549522401,0.0690157438115,0.5718524598937,0.2861398422130,0.0000001939637
66909,0.2442098842084,3.6982994455035,0.0690157438115,0.5692789407514,0.2852227728036,0.0000001939637
66915,0.2442115490907,3.6983246583791,0.0690157438115,0.5692728784743,0.2852209644652,0.0000001939637
66934,0.2442113819234,3.6983221268077,0.0690342273003,0.5692267933340,0.2852123911601,0.0000001939637
66959,0.2442095939036,3.6982950491459,0.0690342273003,0.5687157219890,0.2850294825327,0.0000001939637
66968,0.2442011667126,3.6981674282847,0.0689873932800,0.5687730634717,0.2850280840840,0.0000001939637
66990,0.2441999326674,3.6981487399800,0.0689405592598,0.5687179419779,0.2849880616750,0.0000001900845
66993,0.2442017814776,3.6981767382475,0.0689873932800,0.5686426061219,0.2849816239087,0.0000001900845
67005,0.2442063750688,3.6982463033104,0.0689405592598,0.5686662561250,0.2849709829564,0.0000001900845
67014,0.2442168168174,3.6984044325072,0.0689662378115,0.5685942543497,0.2849585106478,0.0000001900845
67025,0.2442128052108,3.6983436809848,0.0689662378115,0.5680976432409,0.2847802899076,0.0000001900845
67028,0.2442092179526,3.6982893557675,0.0689662378115,0.5680700334625,0.2847696605742,0.0000001900845
67055,0.2442097844110,3.6982979341787,0.0689287915304,0.5680242705723,0.2847373896627,0.0000001900845
67056,0.2442135488398,3.6983549424554,0.0688819575102,0.5680269473694,0.2847190806020,0.0000001900845
67096,0.2442148235274,3.6983742462465,0.0688857258280,0.5679531898681,0.2846946267779,0.0000001900845
67112,0.2442035079256,3.6982028834700,0.0688388918078,0.5680079765424,0.2846916969526,0.0000001900845
67122,0.2442098389620,3.6982987602953,0.0688388918078,0.5679755790291,0.2846814830627,0.0000001900845
67126,0.2442115394094,3.6983245117660,0.0687212585882,0.5680149366400,0.2846454894970,0.0000001900845
67136,0.2442153044686,3.6983815295903,0.0687680926084,0.5678328118323,0.2846013234441,0.0000001900845
67138,0.2442126913723,3.6983419570216,0.0687680926084,0.5678228344499,0.2845972001441,0.0000001900845
67141,0.2442144488655,3.6983685723896,0.0687212585882,0.5652614442688,0.2836627228193,0.0000001900845
67173,0.2442293301014,3.6985939329098,0.0687212585882,0.5650556324487,0.2835924074341,0.0000001862828
67200,0.2442299936002,3.6986039808944,0.0687212585882,0.5643199104605,0.2833297917594,0.0000001862828
67225,0.2442258735871,3.6985415876696,0.0687087195657,0.5642892062108,0.2833125692292,0.0000001862828
67234,0.2442285546396,3.6985821893644,0.0686618855455,0.5642165260015,0.2832671147999,0.0000001862828
67285,0.2442175092300,3.6984149183620,0.0686150515252,0.5642561543307,0.2832588291782,0.0000001862828
67308,0.2442140646508,3.6983627538661,0.0685682175050,0.5641832349402,0.2832119766917,0.0000001862828
67311,0.2442146818262,3.6983721003324,0.0685213834848,0.5641884520466,0.2831939004729,0.0000001862828
67314,0.2442107813731,3.6983130321105,0.0686390167044,0.5634487588846,0.2829793027692,0.0000001862828
67331,0.2442231415681,3.6985002141430,0.0686390167044,0.5633132887137,0.2829335691785,0.0000001825571
67371,0.2442231488045,3.6985003237295,0.0686390167044,0.5632918056339,0.2829258982007,0.0000001825571
67473,0.2442221606570,3.6984853592860,0.0685921826842,0.5632111004293,0.2828767914445,0.0000001825571
67479,0.2442212756404,3.6984719566485,0.0685921826842,0.5631430772158,0.2828523077932,0.0000001825571
67483,0.2442200361297,3.6984531855751,0.0686864842868,0.5629867170446,0.2828366142381,0.0000001825571
67492,0.2442245885339,3.6985221269039,0.0686864842868,0.5629451879579,0.2828227579366,0.0000001789060
67516,0.2442284058271,3.6985799357568,0.0686864842868,0.5621377503671,0.2825352053598,0.0000001789060
67518,0.2442228356385,3.6984955811643,0.0686864842868,0.5613402033978,0.2822491735447,0.0000001789060
67529,0.2442244467707,3.6985199800512,0.0686864842868,0.5612333891055,0.2822113708258,0.0000001789060
67543,0.2442294908423,3.6985963671593,0.0685688510672,0.5611587670210,0.2821353867168,0.0000001789060
67571,0.2442371063893,3.6987116965356,0.0684512178476,0.5611867132259,0.2820965851702,0.0000001789060
67612,0.2442474665988,3.6988685909096,0.0684026704548,0.5611666960493,0.2820708501980,0.0000001789060
67636,0.2442375330770,3.6987181582666,0.0683558364346,0.5611547264889,0.2820443750202,0.0000001789060
67662,0.2442298293758,3.6986014938904,0.0683558364346,0.5611299014954,0.2820338581580,0.0000001753279
67677,0.2442285011153,3.6985813787958,0.0683808979518,0.5610886523473,0.2820295823424,0.0000001753279
67716,0.2442332317970,3.6986530199475,0.0683808979518,0.5610514206599,0.2820172990287,0.0000001753279
67718,0.2442356379050,3.6986894578986,0.0684086314488,0.5610061127221,0.2820135190013,0.0000001753279
67725,0.2442312447714,3.6986229285548,0.0683617974285,0.5610312292037,0.2820014760646,0.0000001718213
67732,0.2442344230219,3.6986710597846,0.0682718977059,0.5611177868251,0.2819945421019,0.0000001718213
67744,0.2442393744169,3.6987460434045,0.0682718977059,0.5611058613906,0.2819913440314,0.0000001718213
67747,0.2442372824122,3.6987143622151,0.0682250636857,0.5611599859003,0.2819901542037,0.0000001718213
67763,0.2442429736683,3.6988005502466,0.0681782296654,0.5611398277474,0.2819641026953,0.0000001718213
67768,0.2442471276357,3.6988634576736,0.0681782296654,0.5610580921657,0.2819358015520,0.0000001718213
67807,0.2442484990797,3.6988842267367,0.0681313956452,0.5609034605735,0.2818607981413,0.0000001718213
67821,0.2442480599239,3.6988775761888,0.0681313956452,0.5608871394382,0.2818548750596,0.0000001718213
67832,0.2442476593685,3.6988715102025,0.0681313956452,0.5608763374961,0.2818509313898,0.0000001683849
67836,0.2442476000612,3.6988706120564,0.0680939493641,0.5609169752306,0.2818493837515,0.0000001683849
67875,0.2442447007153,3.6988267045396,0.0680688878469,0.5609357521700,0.2818447278626,0.0000001683849
67932,0.2442450056577,3.6988313225685,0.0679512546273,0.5609358918174,0.2817944288446,0.0000001683849
68012,0.2442381327852,3.6987272402113,0.0679512546273,0.5609350466468,0.2817926542395,0.0000001650172
68025,0.2442328526299,3.6986472778645,0.0679044206070,0.5609548554067,0.2817785256118,0.0000001650172
68058,0.2442311090202,3.6986208727465,0.0679044206070,0.5609513763889,0.2817769094748,0.0000001650172
68092,0.2442253410145,3.6985335224229,0.0678575865868,0.5602942288310,0.2815209061942,0.0000001650172
68114,0.2442244021107,3.6985193037226,0.0678575865868,0.5602567333006,0.2815073137397,0.0000001650172
68130,0.2442300825055,3.6986053272719,0.0678766871100,0.5601951882355,0.2814947365253,0.0000001650172
68133,0.2442393352364,3.6987454500580,0.0677590538904,0.5602383571146,0.2814617224732,0.0000001650172
68140,0.2442350265798,3.6986802000273,0.0677590538904,0.5602093288608,0.2814504319561,0.0000001650172
68141,0.2442350055224,3.6986798811360,0.0677590538904,0.5601899944243,0.2814435222880,0.0000001650172
68164,0.2442405982333,3.6987645768053,0.0677122198702,0.5602023460415,0.2814290602949,0.0000001650172
68187,0.2442406190393,3.6987648918895,0.0677122198702,0.5600606031044,0.2813784422758,0.0000001617168
68204,0.2442395165024,3.6987481951385,0.0676653858500,0.5601130985014,0.2813768826510,0.0000001617168
68240,0.2442372187215,3.6987133976873,0.0676185518297,0.5601447558082,0.2813676247274,0.0000001617168
68248,0.2442336498149,3.6986593503851,0.0676365560149,0.5600447651827,0.2813388651034,0.0000001617168
68260,0.2442278015036,3.6985707839183,0.0676365560149,0.5600190362958,0.2813284230057,0.0000001617168
68276,0.2442372656568,3.6987141084721,0.0676365560149,0.5599333053855,0.2812998328562,0.0000001617168
68281,0.2442326680961,3.6986444832962,0.0675897219947,0.5599497789597,0.2812846593611,0.0000001617168
68294,0.2442352034998,3.6986828792929,0.0675422544122,0.5599136158076,0.2812519440008,0.0000001617168
68313,0.2442315072035,3.6986269028094,0.0675231538890,0.5598946286091,0.2812361848564,0.0000001617168
68314,0.2442342378270,3.6986682552040,0.0674763198687,0.5599287322442,0.2812288781367,0.0000001617168
68320,0.2442460016003,3.6988464050627,0.0674294858485,0.5599703074527,0.2812261755111,0.0000001617168
68336,0.2442316718797,3.6986293966565,0.0674294858485,0.5599163894174,0.2812038484155,0.0000001617168
68337,0.2442367824446,3.6987067907368,0.0674017523515,0.5598699075194,0.2811764570743,0.0000001617168
68345,0.2442448693089,3.6988292577109,0.0674017523515,0.5598578795643,0.2811738942755,0.0000001584825
68384,0.2442358994814,3.6986934191964,0.0673455305922,0.5597907917093,0.2811239171817,0.0000001584825
68416,0.2442274371431,3.6985652660664,0.0672986965719,0.5597910385904,0.2811021202724,0.0000001584825
68426,0.2442343243585,3.6986695656323,0.0673455305922,0.5597167451353,0.2810971344503,0.0000001584825
68472,0.2442374806045,3.6987173636274,0.0673438172196,0.5597082771408,0.2810940522025,0.0000001584825
68476,0.2442408651084,3.6987686183459,0.0672969831993,0.5597612672979,0.2810936307865,0.0000001584825
68480,0.2442407873677,3.6987674410444,0.0671793499797,0.5596861817137,0.2810163836107,0.0000001584825
68510,0.2442431913573,3.6988038469155,0.0671793499797,0.5574675672358,0.2802245364378,0.0000001584825
68523,0.2442429921897,3.6988008307330,0.0671793499797,0.5574458270513,0.2802167294074,0.0000001553128
68573,0.2442534290731,3.6989588862525,0.0670617167601,0.5574478981427,0.2801692913209,0.0000001553128
68601,0.2442479268926,3.6988755615696,0.0670148827399,0.5574815572064,0.2801600616535,0.0000001553128
68611,0.2442503569777,3.6989123626290,0.0669680487196,0.5574076810913,0.2801141263362,0.0000001553128
68616,0.2442582146016,3.6990313580014,0.0669680487196,0.5573869980939,0.2801084233280,0.0000001553128
68624,0.2442580052617,3.6990281877706,0.0670856819393,0.5550543053460,0.2793256881536,0.0000001553128
68651,0.2442560591596,3.6989987161212,0.0670388479190,0.5550978490291,0.2793207507242,0.0000001553128
68658,0.2442565373810,3.6990059582768,0.0670208437339,0.5550813533086,0.2793072457921,0.0000001553128
68663,0.2442553114377,3.6989873926665,0.0669740097136,0.5550780419798,0.2792857287496,0.0000001553128
68669,0.2442502880471,3.6989113187494,0.0670465222856,0.5546769377369,0.2791724776100,0.0000001553128
68692,0.2442491002028,3.6988933301084,0.0669996882654,0.5546370660606,0.2791379114645,0.0000001522066
68697,0.2442468375254,3.6988590642606,0.0669996882654,0.5546335544322,0.2791361724521,0.0000001522066
68727,0.2442442424878,3.6988197651716,0.0669528542451,0.5546821542636,0.2791329017323,0.0000001522066
68736,0.2442394917406,3.6987478201478,0.0669060202249,0.5546978230087,0.2791174079725,0.0000001522066
68739,0.2442399633393,3.6987549620100,0.0667883870053,0.5546773322239,0.2790597766549,0.0000001522066
68761,0.2442406739159,3.6987657229384,0.0667883870053,0.5546454779934,0.2790485524104,0.0000001522066
68778,0.2442407237838,3.6987664781350,0.0667883870053,0.5545385898625,0.2790103887640,0.0000001522066
68802,0.2442412588787,3.6987745815779,0.0667883870053,0.5545355420059,0.2790094149069,0.0000001522066
68808,0.2442515138275,3.6989298818921,0.0667883870053,0.5545267085022,0.2790084575732,0.0000001522066
68863,0.2442527968114,3.6989493113204,0.0666707537856,0.5545097768109,0.2789522712287,0.0000001491625
68869,0.2442588083226,3.6990403492766,0.0666707537856,0.5526181531617,0.2782779795350,0.0000001491625
68891,0.2442668186825,3.6991616576726,0.0666707537856,0.5525763052410,0.2782647503547,0.0000001491625
68901,0.2442690042536,3.6991947558270,0.0666561763456,0.5525363525743,0.2782447024076,0.0000001491625
68917,0.2442805647155,3.6993698267503,0.0666561763456,0.5524923772864,0.2782314741895,0.0000001491625
68977,0.2442741682298,3.6992729587654,0.0666370758224,0.5525172915372,0.2782308155221,0.0000001491625
68980,0.2442751359112,3.6992876132721,0.0666370758224,0.5523399510500,0.2781676869941,0.0000001491625
68990,0.2442795970000,3.6993551717268,0.0665194426028,0.5523794964215,0.2781323520517,0.0000001491625
69009,0.2442899748511,3.6995123332643,0.0664726085825,0.5523984269950,0.2781212650731,0.0000001491625
69018,0.2442948778755,3.6995865843632,0.0663549753629,0.5524843898510,0.2781026025042,0.0000001491625
69051,0.2442899644423,3.6995121756345,0.0663227187827,0.5525140215715,0.2780983081343,0.0000001461792
69062,0.2442878037854,3.6994794547795,0.0662758847625,0.5525573445331,0.2780932458998,0.0000001461792
69097,0.2442887909625,3.6994944045279,0.0662970402310,0.5525267159429,0.2780915852848,0.0000001461792
69123,0.2442866233556,3.6994615784234,0.0662970402310,0.5525175497609,0.2780878471612,0.0000001461792
69127,0.2442912249590,3.6995312648210,0.0661794070113,0.5526014487322,0.2780683829004,0.0000001461792
69131,0.2442939269127,3.6995721830419,0.0661794070113,0.5525476050392,0.2780497320002,0.0000001461792
69163,0.2442970019715,3.6996187515431,0.0661794070113,0.5525443524384,0.2780492292982,0.0000001461792
69190,0.2443021980408,3.6996974404963,0.0661353827018,0.5525497091923,0.2780333883067,0.0000001461792
69191,0.2442956678001,3.6995985469336,0.0660885486815,0.5525972115775,0.2780288823841,0.0000001432556
69197,0.2443017296396,3.6996903470566,0.0660885486815,0.5525472379357,0.2780123336204,0.0000001432556
69204,0.2443121988970,3.6998488928463,0.0660417146613,0.5524808672478,0.2779708014927,0.0000001432556
69207,0.2443155993343,3.6999003888589,0.0660417146613,0.5524289454869,0.2779529866718,0.0000001432556
69209,0.2443142340926,3.6998797137229,0.0659948806411,0.5524578602870,0.2779429491114,0.0000001432556
69239,0.2443096444050,3.6998102077770,0.0659480466208,0.5524849045196,0.2779315525384,0.0000001403905
69271,0.2443056596369,3.6997498626943,0.0659203131239,0.5524460072333,0.2779049209872,0.0000001403905
69281,0.2442919763115,3.6995426432570,0.0659666678405,0.5523819123837,0.2778989641354,0.0000001403905
69350,0.2442926688471,3.6995531309742,0.0659520904005,0.5523380928834,0.2778772152401,0.0000001403905
69371,0.2442902189505,3.6995160298904,0.0659525697041,0.5523388065281,0.2778771505512,0.0000001375827
69390,0.2442827178067,3.6994024330313,0.0659057356838,0.5523877900929,0.2778729655706,0.0000001375827
69401,0.2442907549050,3.6995241463528,0.0659057356838,0.5502206998720,0.2771007270127,0.0000001375827
69476,0.2442905579321,3.6995211634075,0.0659057356838,0.5501944360256,0.2770913048591,0.0000001375827
69514,0.2442908093558,3.6995249709525,0.0658769058488,0.5502273338614,0.2770907523191,0.0000001375827
69522,0.2442882558842,3.6994863013358,0.0658491723518,0.5502526011130,0.2770873433806,0.0000001375827
69546,0.2442853140453,3.6994417503081,0.0658491723518,0.5502481348907,0.2770851179072,0.0000001348310
69556,0.2442820055469,3.6993916466122,0.0658491723518,0.5501564835943,0.2770516763374,0.0000001348310
69576,0.2442789517834,3.6993454006053,0.0658023383316,0.5500821106572,0.2770043884732,0.0000001348310
69589,0.2442800808322,3.6993624988517,0.0657555043113,0.5501037230276,0.2769922773930,0.0000001348310
69608,0.2442854507772,3.6994438209670,0.0657086702911,0.5501170626499,0.2769781205234,0.0000001348310
69630,0.2442967248294,3.6996145545203,0.0656764137109,0.5500502376966,0.2769428460883,0.0000001348310
69659,0.2442873899512,3.6994731876989,0.0656759344073,0.5500450429857,0.2769387850876,0.0000001348310
69693,0.2442811579822,3.6993788111451,0.0656291003871,0.5500397909434,0.2769155022133,0.0000001348310
69712,0.2442825365268,3.6993996877397,0.0655822663668,0.5500877154894,0.2769128418020,0.0000001321344
69724,0.2442780041183,3.6993310492241,0.0655354323466,0.5501358800773,0.2769090004872,0.0000001321344
69819,0.2442785546060,3.6993393857761,0.0655354323466,0.5498635507853,0.2768118579874,0.0000001321344
69825,0.2442738956340,3.6992688305910,0.0654885983264,0.5498852467826,0.2767985364838,0.0000001321344
69860,0.2442743876486,3.6992762816295,0.0654885983264,0.5498845276259,0.2767983850738,0.0000001321344
69873,0.2442772454317,3.6993195597214,0.0653954095895,0.5499377378501,0.2767780630773,0.0000001294917
69919,0.2442808033868,3.6993734411730,0.0653954095895,0.5498303680138,0.2767404791262,0.0000001294917
69970,0.2442762604646,3.6993046434399,0.0653954095895,0.5496319443970,0.2766686400654,0.0000001294917
69973,0.2442708290370,3.6992223902352,0.0653954095895,0.5495508199475,0.2766385031704,0.0000001294917
69994,0.2442605527413,3.6990667666459,0.0654177991270,0.5495224758331,0.2766357737251,0.0000001294917
70000,0.2442632096299,3.6991070024028,0.0655086574568,0.5493846785781,0.2766260690372,0.0000001294917
70020,0.2442690854890,3.6991959860509,0.0655086574568,0.5492920345645,0.2765942410022,0.0000001294917
70066,0.2442679910435,3.6991794118361,0.0655363909538,0.5492245966864,0.2765818073061,0.0000001269019
70139,0.2442663806707,3.6991550244488,0.0655086574568,0.5492218457381,0.2765685939602,0.0000001269019
70148,0.2442685394228,3.6991877164589,0.0654618234365,0.5492733825523,0.2765673908321,0.0000001269019
70229,0.2442629620304,3.6991032527709,0.0654149894163,0.5493052605597,0.2765575089562,0.0000001243639
70249,0.2442727102298,3.6992508789031,0.0654558624426,0.5492229360736,0.2765477132652,0.0000001243639
70252,0.2442704966930,3.6992173572379,0.0655026964628,0.5491350907936,0.2765359373446,0.0000001243639
70276,0.2442662318075,3.6991527700746,0.0655026964628,0.5491039743024,0.2765239104080,0.0000001243639
70282,0.2442718657465,3.6992380900987,0.0655086574568,0.5490920589521,0.2765234169100,0.0000001243639
70298,0.2442769108257,3.6993144924679,0.0653910242372,0.5491858808262,0.2765075915736,0.0000001243639
70315,0.2442748801303,3.6992837397421,0.0653698687687,0.5491737354305,0.2764937521539,0.0000001243639
70352,0.2442735279071,3.6992632617565,0.0652893567852,0.5491781853068,0.2764605464976,0.0000001243639
70356,0.2442765764066,3.6993094280452,0.0652425227649,0.5492044951749,0.2764505244060,0.0000001243639
70412,0.2442728613496,3.6992531674514,0.0651984984554,0.5491910714793,0.2764260665841,0.0000001218766
70438,0.2442653370222,3.6991392195007,0.0651728199036,0.5492095406996,0.2764200452847,0.0000001218766
70443,0.2442665680363,3.6991578619027,0.0651728199036,0.5491816931062,0.2764103635044,0.0000001218766
70476,0.2442641598353,3.6991213922549,0.0651259858834,0.5491875432729,0.2763918650836,0.0000001218766
70498,0.2442574724539,3.6990201189634,0.0651308505393,0.5491788049813,0.2763893961074,0.0000001218766
70507,0.2442593664909,3.6990488021421,0.0651096950708,0.5491823260188,0.2763819928565,0.0000001218766
70528,0.2442602953725,3.6990628690686,0.0651096950708,0.5491772021232,0.2763803619399,0.0000001218766
70534,0.2442582725729,3.6990322359154,0.0651096950708,0.5491716126631,0.2763779322471,0.0000001218766
70634,0.2442562355425,3.6990013872534,0.0651048304149,0.5491696367713,0.2763747052124,0.0000001194391
70639,0.2442513861315,3.6989279480715,0.0651253523212,0.5491289013416,0.2763679127878,0.0000001194391
70682,0.2442561353079,3.6989998693060,0.0650202581240,0.5492238976674,0.2763578173575,0.0000001194391
70686,0.2442483103442,3.6988813685379,0.0649734241038,0.5471633965109,0.2756001755864,0.0000001194391
70723,0.2442455140859,3.6988390221745,0.0649734241038,0.5470231334942,0.2755494824537,0.0000001170503
70729,0.2442427158735,3.6987966462176,0.0649265900836,0.5470708996587,0.2755458704582,0.0000001170503
70732,0.2442459987699,3.6988463621996,0.0648797560633,0.5470897053835,0.2755332185434,0.0000001170503
70753,0.2442392187983,3.6987436867271,0.0648606555401,0.5470936257589,0.2755249798879,0.0000001170503
70802,0.2442473535146,3.6988668783693,0.0648606555401,0.5470726454223,0.2755192300640,0.0000001170503
70816,0.2442487336443,3.6988877789685,0.0648606555401,0.5470539145094,0.2755128361943,0.0000001170503
70865,0.2442492714898,3.6988959240670,0.0649113956091,0.5469876999958,0.2755110491502,0.0000001170503
70872,0.2442540745363,3.6989686611077,0.0648645615888,0.5469241481204,0.2754693095531,0.0000001170503
70895,0.2442567862580,3.6990097272541,0.0648645615888,0.5453462499614,0.2749063555796,0.0000001147093
70911,0.2442518998347,3.6989357275601,0.0648645615888,0.5453324596898,0.2749003833919,0.0000001147093
70951,0.2442545231199,3.6989754544311,0.0648520225664,0.5452968733566,0.2748828622529,0.0000001147093
70967,0.2442559410980,3.6989969282035,0.0648988565866,0.5452000816892,0.2748686693757,0.0000001147093
70990,0.2442530882197,3.6989537243907,0.0648520225664,0.5451249912086,0.2748211682929,0.0000001147093
71015,0.2442583974572,3.6990341271557,0.0648520225664,0.5450727836476,0.2748036604291,0.0000001147093
71051,0.2442652518402,3.6991379295096,0.0648051885461,0.5450386951610,0.2747728830430,0.0000001147093
71074,0.2442624727694,3.6990958434328,0.0647774550491,0.5450601270230,0.2747680559799,0.0000001124151
71123,0.2442573423154,3.6990181481539,0.0647306210289,0.5450922410361,0.2747583541643,0.0000001124151
71135,0.2442601207894,3.6990602251926,0.0647306210289,0.5450398253028,0.2747402296468,0.0000001124151
71137,0.2442681711904,3.6991821399700,0.0646837870087,0.5450662569784,0.2747313228940,0.0000001124151
71156,0.2442752685607,3.6992896221076,0.0645661537891,0.5450448139176,0.2746747712860,0.0000001124151
71171,0.2442745942672,3.6992794106487,0.0645661537891,0.5445883974242,0.2745116209041,0.0000001124151
71180,0.2442789995162,3.6993461234686,0.0644959881519,0.5445906807910,0.2744833093868,0.0000001124151
71239,0.2442809307806,3.6993753704181,0.0644959881519,0.5445410764740,0.2744660074016,0.0000001101668
71243,0.2442834537644,3.6994135783281,0.0644959881519,0.5444957045467,0.2744503437813,0.0000001101668
71282,0.2442950950247,3.6995898728585,0.0644060884292,0.5444771025855,0.2744076663269,0.0000001101668
71321,0.2442896643110,3.6995076304635,0.0644060884292,0.5443956882803,0.2743774260650,0.0000001101668
71323,0.2442892836787,3.6995018661923,0.0644060884292,0.5443860711845,0.2743739098238,0.0000001101668
71360,0.2442903732744,3.6995183669617,0.0644060884292,0.5443801093274,0.2743720140740,0.0000001101668
71362,0.2442909490780,3.6995270868960,0.0643509630079,0.5443082247342,0.2743228392109,0.0000001101668
71437,0.2442992469541,3.6996527494211,0.0642333297883,0.5443958278797,0.2743054899279,0.0000001079634
71496,0.2442894114783,3.6995038015807,0.0642273687943,0.5443800191297,0.2742951816321,0.0000001079634
71510,0.2442881864691,3.6994852501173,0.0642273687943,0.5443571011003,0.2742867341196,0.0000001058042
71551,0.2442832839507,3.6994110066810,0.0641805347741,0.5443884381744,0.2742768036692,0.0000001058042
71560,0.2442805705225,3.6993699146912,0.0641180269758,0.5444289856935,0.2742639144207,0.0000001058042
71576,0.2442743276408,3.6992753728756,0.0640711929555,0.5444462044136,0.2742486544803,0.0000001036881
71588,0.2442719526507,3.6992394061715,0.0640711929555,0.5444346751902,0.2742440279740,0.0000001036881
71624,0.2442764481310,3.6993074854480,0.0640237253731,0.5444110033028,0.2742161937961,0.0000001036881
71638,0.2442735688590,3.6992638819296,0.0640237253731,0.5443667999292,0.2741997898901,0.0000001036881
71669,0.2442809063497,3.6993750004369,0.0639501164631,0.5443615828228,0.2741679522815,0.0000001036881
71708,0.2442788815114,3.6993443364113,0.0639501164631,0.5443502341794,0.2741634653007,0.0000001036881
71792,0.2442770166579,3.6993160951842,0.0639060921535,0.5443772033037,0.2741538299581,0.0000001016143
71840,0.2442787397106,3.6993421889876,0.0637884589339,0.5444315549166,0.2741231962370,0.0000001016143
71881,0.2442891620709,3.6995000245714,0.0636708257142,0.5444143361965,0.2740688658201,0.0000001016143
71906,0.2443000833316,3.6996654154697,0.0635531924946,0.5444184249032,0.2740222521056,0.0000001016143
72025,0.2443002973931,3.6996686572044,0.0635542888327,0.5443932336346,0.2740137709535,0.0000000995820
72026,0.2442935086068,3.6995658482428,0.0635542888327,0.5443601570522,0.2740005031484,0.0000000995820
72036,0.2442894430419,3.6995042795788,0.0635542888327,0.5443282606324,0.2739882403774,0.0000000995820
72045,0.2442885566635,3.6994908563181,0.0635542888327,0.5442952701044,0.2739762681078,0.0000000995820
72152,0.2442874840586,3.6994746128553,0.0635542888327,0.5442831988826,0.2739717271132,0.0000000975904
72163,0.2442879343371,3.6994814318457,0.0635542888327,0.5442513423602,0.2739604462721,0.0000000975904
72176,0.2442880518447,3.6994832113729,0.0635074548125,0.5442832356518,0.2739517901905,0.0000000975904
72316,0.2442941516534,3.6995755865011,0.0633898215928,0.5443667932305,0.2739325250478,0.0000000956386
72329,0.2442934815981,3.6995654392249,0.0632721883732,0.5443433592848,0.2738735979613,0.0000000956386
72332,0.2443036494674,3.6997194208105,0.0631545551536,0.5443154293786,0.2738153875869,0.0000000956386
72379,0.2442975100495,3.6996264458454,0.0631077211334,0.5443725671895,0.2738144066355,0.0000000956386
72394,0.2442940357758,3.6995738316583,0.0630608871131,0.5442968514636,0.2737665490946,0.0000000956386
72414,0.2442879421853,3.6994815506987,0.0630608871131,0.5442686246430,0.2737551623179,0.0000000956386
72492,0.2442856135879,3.6994462865634,0.0630140530929,0.5443257770302,0.2737550031766,0.0000000937258
72502,0.2442815580262,3.6993848693859,0.0630140530929,0.5442817463634,0.2737384088895,0.0000000937258
72522,0.2442773808621,3.6993216106701,0.0628979955150,0.5443342118573,0.2737065124973,0.0000000937258
72538,0.2442848427454,3.6994346129716,0.0628511614947,0.5443659287322,0.2736993672047,0.0000000937258
72546,0.2442887146268,3.6994932485044,0.0628043274745,0.5443679515023,0.2736808475885,0.0000000937258
72613,0.2442991122294,3.6996507091591,0.0627574934543,0.5444101460846,0.2736780734169,0.0000000918513
72652,0.2443023581423,3.6996998650634,0.0627307185644,0.5443457605424,0.2736442991804,0.0000000918513
72670,0.2443016442603,3.6996890540789,0.0627307185644,0.5443285679392,0.2736380059903,0.0000000918513
72705,0.2442911097534,3.6995295201547,0.0627291429228,0.5443046623921,0.2736265356255,0.0000000918513
72713,0.2442942780689,3.6995775009290,0.0627291429228,0.5442691929100,0.2736145468781,0.0000000918513
72733,0.2442971981207,3.6996217220140,0.0627014094258,0.5442718538518,0.2736042371554,0.0000000918513
72745,0.2442914220175,3.6995342490632,0.0626768272121,0.5442938991700,0.2736003375125,0.0000000918513
72781,0.2442887360631,3.6994935731345,0.0626768272121,0.5442117624446,0.2735704274061,0.0000000900143
72823,0.2442897584253,3.6995090557248,0.0627236612324,0.5441446990789,0.2735667670046,0.0000000900143
72849,0.2442870146586,3.6994675042918,0.0627236612324,0.5441134495854,0.2735550185212,0.0000000900143
72880,0.2442855154779,3.6994448007912,0.0627236612324,0.5441111726415,0.2735538840740,0.0000000900143
72895,0.2442851234736,3.6994388643020,0.0627036021020,0.5441009302956,0.2735415453222,0.0000000900143
72899,0.2442841159345,3.6994236061921,0.0625859688823,0.5440912273368,0.2734874498415,0.0000000900143
72909,0.2442840031407,3.6994218980490,0.0625859688823,0.5440805866739,0.2734836254347,0.0000000900143
