0,0.2063240533919,3.124558757017,0.5553584234398,0.3201241934734,0.3965531191558,10
2,0.2063302673384,3.12465286064,0.5551939562,0.3202655515003,0.3965344497655,10.0000000000000
3,0.2063321114443,3.1246807876665,0.5550763229804,0.3202635218615,0.3964837058230,10.0000000000000
4,0.2063366297708,3.1247492129239,0.5550763229804,0.3202367737677,0.3964751211452,10.0000000000000
5,0.2063398924681,3.1247986230106,0.5550294889601,0.3202622287211,0.3964648396265,10.0000000000000
6,0.2063358029091,3.1247366909817,0.5550294889601,0.3201757593199,0.3964330813634,10.0000000000000
7,0.2063467956323,3.1249031641044,0.5549118557405,0.3201318897300,0.3963693549993,10.0000000000000
8,0.2063507656392,3.1249632856442,0.5547942225209,0.3201115822699,0.3963125388137,10.0000000000000
9,0.2063521469796,3.1249842045783,0.5547942225209,0.3200443419665,0.3962888204212,10.0000000000000
10,0.2063523883548,3.1249878599490,0.5547942225209,0.3200316057989,0.3962843235131,10.0000000000000
11,0.2063616939572,3.1251287834193,0.5547942225209,0.3199874412453,0.3962705445160,10.0000000000000
12,0.2063632622737,3.1251525339072,0.5547942225209,0.3199524535558,0.3962583849804,10.0000000000000
15,0.2063634683026,3.1251556539966,0.5547473885007,0.3199820043472,0.3962489112605,10.0000000000000
16,0.2063692864860,3.1252437642079,0.5547005544804,0.3199445900870,0.3962167240554,10.0000000000000
17,0.2063699075104,3.1252531689626,0.5547005544804,0.3198866605604,0.3961961680154,10.0000000000000
18,0.2063710212826,3.1252700358601,0.5547005544804,0.3198502905333,0.3961834173855,10.0000000000000
19,0.2063802576597,3.1254099109866,0.5547005544804,0.3196271807314,0.3961057145370,10.0000000000000
20,0.2063955434288,3.1256413977325,0.5546537204602,0.3195990726138,0.3960788797226,10.0000000000000
21,0.2064038954362,3.1257678800174,0.5546537204602,0.3195403779806,0.3960597070695,10.0000000000000
22,0.2064069996770,3.1258148904489,0.5546537204602,0.3194924776179,0.3960432649916,10.0000000000000
25,0.2064119743394,3.1258902264308,0.5546537204602,0.3193186325486,0.3959822434659,10.0000000000000
26,0.2064206077392,3.1260209701052,0.5546537204602,0.3193107631296,0.3959812829733,10.0000000000000
27,0.2064264702631,3.1261097518069,0.5546068864400,0.3192609560834,0.3959446792747,10.0000000000000
28,0.2064207447173,3.1260230444937,0.5546068864400,0.3191197605919,0.3958930254108,10.0000000000000
29,0.2064161301832,3.1259531622731,0.5546068864400,0.3190702437025,0.3958743519787,10.0000000000000
30,0.2064176294930,3.1259758677280,0.5546068864400,0.3189493973406,0.3958315138444,10.0000000000000
31,0.2064161694845,3.1259537574492,0.5546537204602,0.3188559556411,0.3958179006728,10.0000000000000
32,0.2064198592849,3.1260096355591,0.5546537204602,0.3186801011025,0.3957558861520,10.0000000000000
34,0.2064181926523,3.1259843961776,0.5547005544804,0.3185221892976,0.3957192036662,10.0000000000000
35,0.2064179657874,3.1259809605508,0.5547005544804,0.3184659319706,0.3956990631499,10.0000000000000
37,0.2064244561936,3.1260792508612,0.5547005544804,0.3183717245179,0.3956668084323,10.0000000000000
38,0.2064254662853,3.1260945476276,0.5547005544804,0.3183674915628,0.3956655131109,10.0000000000000
39,0.2064322115896,3.1261966981012,0.5547005544804,0.3183302381756,0.3956536537521,10.0000000000000
40,0.2064327975291,3.1262055715321,0.5545829212608,0.3183166218751,0.3955985021091,10.0000000000000
42,0.2064348514616,3.1262366761597,0.5544652880412,0.3183021550237,0.3955433612679,10.0000000000000
43,0.2064338434406,3.1262214107517,0.5545121220614,0.3182325103536,0.3955383438899,10.0000000000000
44,0.2064349057527,3.1262374983414,0.5545121220614,0.3179603702359,0.3954413786290,10.0000000000000
46,0.2064439024997,3.1263737445243,0.5544652880412,0.3179535204122,0.3954207884148,10.0000000000000
48,0.2064422361176,3.1263485089362,0.5543476548216,0.3180265665009,0.3953961049848,10.0000000000000
49,0.2064477607195,3.1264321731664,0.5543476548216,0.3179670652740,0.3953760383898,10.0000000000000
51,0.2064350640251,3.1262398952086,0.5544652880412,0.3174705975181,0.3952464219938,10.0000000000000
52,0.2064351726650,3.1262415404450,0.5544652880412,0.3174605640121,0.3952428618788,10.0000000000000
53,0.2064406464031,3.1263244343965,0.5545121220614,0.3168854871538,0.3950587219533,10.0000000000000
54,0.2064467885209,3.1264174502505,0.5543944888418,0.3167575706544,0.3949639394204,10.0000000000000
56,0.2064555009047,3.1265493900548,0.5543236896424,0.3166756176776,0.3949061949255,10.0000000000000
59,0.2064544754320,3.1265338603595,0.5543236896424,0.3166472438355,0.3948958416663,10.0000000000000
60,0.2064583127499,3.1265919724655,0.5543236896424,0.3165296103457,0.3948546519881,10.0000000000000
61,0.2064637853224,3.1266748487665,0.5543236896424,0.3164342629834,0.3948217720528,10.0000000000000
62,0.2064684690910,3.1267457794691,0.5542060564228,0.3163654293080,0.3947477780250,10.0000000000000
63,0.2064629566086,3.1266622987759,0.5542060564228,0.3163076500096,0.3947259613150,10.0000000000000
66,0.2064579838829,3.1265869921233,0.5542528904430,0.3157368400909,0.3945411067687,10.0000000000000
67,0.2064517562098,3.1264926806257,0.5542528904430,0.3155082112103,0.3944581190956,10.0000000000000
68,0.2064564236075,3.1265633634084,0.5542528904430,0.3154656989311,0.3944439362954,10.0000000000000
69,0.2064662411280,3.1267120393348,0.5541352572234,0.3154151428646,0.3943775700748,10.0000000000000
70,0.2064598586706,3.1266153837937,0.5541820912436,0.3149887214281,0.3942439807581,10.0000000000000
71,0.2064502409650,3.1264697338519,0.5541820912436,0.3143692834042,0.3940206919555,10.0000000000000
72,0.2064514854831,3.1264885807579,0.5540644580240,0.3142284250547,0.3939202378476,10.0000000000000
73,0.2064525661849,3.1265049468390,0.5539468248044,0.3135834756353,0.3936397161112,10.0000000000000
74,0.2064668686758,3.1267215428806,0.5539468248044,0.3135273620547,0.3936227403662,10.0000000000000
75,0.2064667569397,3.1267198507553,0.5539468248044,0.3122652188865,0.3931719510056,10.0000000000000
76,0.2064803203211,3.1269252537677,0.5539468248044,0.3122337595590,0.3931636219703,10.0000000000000
87,0.2065189633301,3.1275104611169,0.5535710563044,0.3119089422406,0.3928948527871,9.8000000000000
89,0.2065240850088,3.1275880235030,0.5535710563044,0.3118663019805,0.3928807216254,9.8000000000000
92,0.2065308022437,3.1276897488952,0.5534065890646,0.3118128351092,0.3927925797618,9.8000000000000
93,0.2065307472061,3.1276889154090,0.5534065890646,0.3116978471334,0.3927515008338,9.8000000000000
94,0.2065247984747,3.1275988281873,0.5532889558450,0.3116530664379,0.3926838187631,9.8000000000000
95,0.2065217901335,3.1275532700525,0.5532421218247,0.3116534602979,0.3926632430599,9.8000000000000
96,0.2065277786310,3.1276439594897,0.5532889558450,0.3115092710341,0.3926331018666,9.8000000000000
105,0.2065635955946,3.1281863693813,0.5530068553855,0.3117511445691,0.3926062601387,9.8000000000000
106,0.2065729715733,3.1283283586241,0.5529600213653,0.3117036805499,0.3925712461186,9.8000000000000
107,0.2065733408604,3.1283339510855,0.5529600213653,0.3116741238592,0.3925607692906,9.8000000000000
108,0.2065841686714,3.1284979267890,0.5529600213653,0.3114481796864,0.3924823951884,9.8000000000000
109,0.2065911064550,3.1286029921562,0.5528423881456,0.3114584382615,0.3924371313962,9.8000000000000
110,0.2065958681996,3.1286751037240,0.5528423881456,0.3113406881139,0.3923960981459,9.8000000000000
111,0.2065882132509,3.1285591776512,0.5528892221659,0.3112571320950,0.3923846880873,9.8000000000000
112,0.2066007344316,3.1287487976408,0.5528423881456,0.3112668877824,0.3923707836486,9.8000000000000
114,0.2065910122396,3.1286015653634,0.5528423881456,0.3112269319802,0.3923544303924,9.8000000000000
115,0.2065911525871,3.1286036907783,0.5528423881456,0.3112243525753,0.3923535392508,9.8000000000000
116,0.2065936674940,3.1286417763733,0.5527955541254,0.3112026026259,0.3923262385974,9.8000000000000
117,0.2066091156091,3.1288757216773,0.5527955541254,0.3109179028833,0.3922278704283,9.8000000000000
118,0.2066097992441,3.1288860746031,0.5526779209058,0.3109383585487,0.3921849082793,9.8000000000000
119,0.2066019825553,3.1287676991496,0.5526779209058,0.3108595496318,0.3921550872328,9.8000000000000
120,0.2066026178286,3.1287773196896,0.5525602876862,0.3107116219783,0.3920519778210,9.8000000000000
121,0.2066091259568,3.1288758783823,0.5525602876862,0.3106849239143,0.3920438373971,9.8000000000000
123,0.2066188306378,3.1290228454725,0.5525602876862,0.3106699288788,0.3920405616017,9.8000000000000
124,0.2066275619519,3.1291550719559,0.5525602876862,0.3106383089059,0.3920311397501,9.8000000000000
125,0.2066412065930,3.1293617055607,0.5525602876862,0.3100102493773,0.3918097566273,9.8000000000000
126,0.2066384210209,3.1293195210288,0.5525134536659,0.3099120742882,0.3917540254642,9.8000000000000
127,0.2066367327336,3.1292939537095,0.5525134536659,0.3098389475156,0.3917275469839,9.8000000000000
128,0.2066315807849,3.1292159329157,0.5525602876862,0.3095144946748,0.3916306387033,9.8000000000000
129,0.2066340223504,3.1292529078325,0.5525602876862,0.3094714374992,0.3916157843331,9.8000000000000
130,0.2066381865533,3.1293159702660,0.5525602876862,0.3094392599938,0.3916051846962,9.8000000000000
131,0.2066436537968,3.1293987658637,0.5525602876862,0.3093197042335,0.3915636577625,9.8000000000000
132,0.2066459766752,3.1294339433918,0.5525602876862,0.3092905836675,0.3915537553200,9.8000000000000
134,0.2066605725828,3.1296549829170,0.5525602876862,0.3088089111101,0.3913848571011,9.8000000000000
136,0.2066672028192,3.1297553908095,0.5525602876862,0.3087654676605,0.3913707623484,9.8000000000000
137,0.2066698816972,3.1297959595721,0.5525602876862,0.3086786066994,0.3913403146218,9.8000000000000
138,0.2066741745409,3.1298609701333,0.5524426544665,0.3085996086913,0.3912626067056,9.8000000000000
140,0.2066777936019,3.1299157769693,0.5524426544665,0.3085909494445,0.3912602896305,9.8000000000000
141,0.2066781392775,3.1299210118594,0.5523250212469,0.3084545986443,0.3911612527525,9.8000000000000
142,0.2066820574233,3.1299803480179,0.5523250212469,0.3084026701560,0.3911435464665,9.8000000000000
143,0.2066753992018,3.1298795163216,0.5522781872267,0.3083419033087,0.3911003455363,9.8000000000000
144,0.2066756394245,3.1298831542403,0.5523250212469,0.3082387009150,0.3910836107378,9.8000000000000
145,0.2066849749043,3.1300245301717,0.5523718552672,0.3078120083050,0.3909532927029,9.8000000000000
146,0.2066929445902,3.1301452226043,0.5523718552672,0.3076367124011,0.3908923948128,9.8000000000000
147,0.2066887413779,3.1300815694150,0.5523718552672,0.3074745011293,0.3908335615274,9.8000000000000
148,0.2066874964466,3.1300627162520,0.5523250212469,0.3074567567897,0.3908068857693,9.8000000000000
149,0.2067050631678,3.1303287455964,0.5523250212469,0.3073322965156,0.3907661999688,9.8000000000000
150,0.2067109745629,3.1304182674003,0.5522073880273,0.3071965051439,0.3906685555409,9.8000000000000
151,0.2067120823914,3.1304350442859,0.5522073880273,0.3069056080891,0.3905649011274,9.8000000000000
152,0.2067141581551,3.1304664795239,0.5522073880273,0.3069041063948,0.3905648096145,9.8000000000000
153,0.2067172876602,3.1305138725565,0.5520897548077,0.3069004364701,0.3905137552984,9.8000000000000
154,0.2067176301932,3.1305190598544,0.5520897548077,0.3068835456971,0.3905077962794,9.8000000000000
155,0.2067160625546,3.1304953196327,0.5519721215881,0.3069142632235,0.3904680166650,9.8000000000000
156,0.2067199358510,3.1305539765955,0.5519721215881,0.3068085357886,0.3904310868589,9.8000000000000
157,0.2067239227994,3.1306143546963,0.5519721215881,0.3066402369388,0.3903718344729,9.8000000000000
160,0.2067254822995,3.1306379716692,0.5520189556083,0.3064382138703,0.3903200892785,9.8000000000000
161,0.2067265966950,3.1306548480065,0.5520189556083,0.3061056222665,0.3902015453620,9.8000000000000
164,0.2067370665104,3.1308134022459,0.5520189556083,0.3060953538848,0.3902001216146,9.8000000000000
167,0.2067647405756,3.1312324965850,0.5519721215881,0.3061349158370,0.3902001093172,9.8000000000000
169,0.2067587978774,3.1311425007284,0.5519721215881,0.3060827942273,0.3901802210212,9.8000000000000
170,0.2067607863265,3.1311726136802,0.5518544883684,0.3058555033283,0.3900490575594,9.8000000000000
171,0.2067617702138,3.1311875136078,0.5518544883684,0.3057659405849,0.3900172816983,9.6040000000000
172,0.2067473681410,3.1309694095047,0.5518544883684,0.3056064471270,0.3899572335906,9.6040000000000
173,0.2067401417900,3.1308599740910,0.5518544883684,0.3056067791860,0.3899558036793,9.6040000000000
174,0.2067439735558,3.1309180021153,0.5518544883684,0.3054446449742,0.3898987196963,9.6040000000000
175,0.2067446311497,3.1309279606776,0.5518544883684,0.3054358900486,0.3898957338502,9.6040000000000
178,0.2067598910345,3.1311590554330,0.5519721215881,0.3050641965278,0.3898166703765,9.6040000000000
179,0.2067576630733,3.1311253153263,0.5518544883684,0.3050107501472,0.3897466907262,9.6040000000000
180,0.2067577053645,3.1311259557803,0.5518544883684,0.3048779730294,0.3896992793894,9.6040000000000
184,0.2067697849764,3.1313088886801,0.5516431871084,0.3050387131076,0.3896687173655,9.6040000000000
185,0.2067734486011,3.1313643703860,0.5515255538887,0.3050838327255,0.3896352023402,9.6040000000000
186,0.2067824039241,3.1314999892469,0.5515255538887,0.3050546242648,0.3896266897449,9.6040000000000
187,0.2067854080431,3.1315454834399,0.5515255538887,0.3047497709769,0.3895184573104,9.6040000000000
188,0.2067797768616,3.1314602051739,0.5515255538887,0.3047509090153,0.3895176570710,9.6040000000000
189,0.2067849980555,3.1315392746125,0.5514079206691,0.3046165069842,0.3894203609359,9.6040000000000
190,0.2067881662630,3.1315872537522,0.5514079206691,0.3044945463980,0.3893774824853,9.6040000000000
191,0.2067843627884,3.1315296541661,0.5514079206691,0.3044842615220,0.3893729942850,9.6040000000000
192,0.2067851390621,3.1315414100082,0.5514079206691,0.3042007925615,0.3892719217149,9.6040000000000
193,0.2067819043709,3.1314924240430,0.5514079206691,0.3039537113060,0.3891829852612,9.6040000000000
194,0.2067820473480,3.1314945892806,0.5514079206691,0.3035890446975,0.3890527778247,9.6040000000000
195,0.2067743478416,3.1313779884285,0.5514079206691,0.3034530110446,0.3890025444830,9.6040000000000
197,0.2067998577038,3.1317643082114,0.5513610866489,0.3034460064331,0.3889854375122,9.6040000000000
