0,0.2063240533919,3.124558757017,0.5553584234398,0.3201241934734,0.3965531191558,10
1,0.2063258720279,3.124586298329,0.5552407902202,0.3200967222181,0.396493283464,10.0000000000000
2,0.2063213944162,3.1245184896527,0.5552407902202,0.3194818763116,0.3962727361520,10.0000000000000
5,0.2063304949348,3.1246563073463,0.5550763229804,0.3196063277696,0.3962486472525,10.0000000000000
7,0.2063216370780,3.1245221645071,0.5551231570006,0.3195491138239,0.3962463873112,10.0000000000000
9,0.2063349663965,3.1247240228855,0.5551231570006,0.3194990868548,0.3962313768191,10.0000000000000
13,0.2063385222393,3.1247778723512,0.5549586897607,0.3195266343037,0.3961714912001,10.0000000000000
14,0.2063453804479,3.1248817326388,0.5549118557405,0.3195552770789,0.3961631186558,10.0000000000000
15,0.2063506247002,3.1249611512736,0.5549118557405,0.3195220745617,0.3961523843823,10.0000000000000
17,0.2063572499756,3.1250614840362,0.5549118557405,0.3193858095021,0.3961051379915,10.0000000000000
18,0.2063579067629,3.1250714303826,0.5547942225209,0.3194025102260,0.3960608290389,10.0000000000000
22,0.2063606736138,3.1251133314021,0.5547942225209,0.3192526731928,0.3960079087093,10.0000000000000
23,0.2063577715489,3.1250693827099,0.5547942225209,0.3191666426125,0.3959765616310,10.0000000000000
24,0.2063578820781,3.1250710565569,0.5547942225209,0.3187302668863,0.3958207368422,10.0000000000000
25,0.2063592712215,3.1250920936591,0.5546765893013,0.3188077009953,0.3957982753178,10.0000000000000
33,0.2063812584968,3.1254250676025,0.5546297552810,0.3188241872485,0.3957888031014,10.0000000000000
34,0.2063755183684,3.1253381394508,0.5546297552810,0.3185891777184,0.3957036410988,10.0000000000000
35,0.2063750988219,3.1253317858653,0.5546297552810,0.3183899423847,0.3956323957197,10.0000000000000
36,0.2063840340991,3.1254671011523,0.5546297552810,0.3178576186692,0.3954441948093,10.0000000000000
38,0.2063882697572,3.1255312456982,0.5545829212608,0.3177690302323,0.3953933919998,10.0000000000000
39,0.2063961237405,3.1256501859377,0.5545829212608,0.3176524322853,0.3953534328723,10.0000000000000
