0,0.2063240533919,3.124558757017,0.5553584234398,0.3201241934734,0.3965531191558,10
2,0.2063489372736,3.124935596988,0.5554052574601,0.3196684334226,0.3964157516924,10.0000000000000
3,0.2063578896954,3.1250711719125,0.5554052574601,0.3190793577599,0.3962072859033,10.0000000000000
4,0.2063572159079,3.1250609681158,0.5553584234398,0.3190765706910,0.3961860744156,10.0000000000000
5,0.2063552376509,3.1250310095141,0.5553584234398,0.3190188143607,0.3961650232425,10.0000000000000
6,0.2063550926826,3.1250288141240,0.5553584234398,0.3185244859696,0.3959884463239,10.0000000000000
9,0.2063575952548,3.1250667129224,0.5553584234398,0.3185154352990,0.3959857502070,10.0000000000000
17,0.2063628972368,3.1251470058109,0.5553584234398,0.3185111215000,0.3959853457035,10.0000000000000
18,0.2063666520904,3.1252038690838,0.5553115894196,0.3184874236792,0.3959576150846,10.0000000000000
19,0.2063754067416,3.1253364489815,0.5551939562000,0.3183401097351,0.3958564647215,10.0000000000000
20,0.2063831319186,3.1254534385858,0.5551939562000,0.3180711379143,0.3957620587519,10.0000000000000
21,0.2063875297464,3.1255200390192,0.5550763229804,0.3179740106894,0.3956778986120,10.0000000000000
22,0.2063969163526,3.1256621892051,0.5550763229804,0.3178142454282,0.3956228510058,10.0000000000000
