0,0.2063240533919,3.124558757017,0.5553584234398,0.3201241934734,0.3965531191558,10
2,0.2063289946446,3.124633587043,0.5553584234398,0.3196222839832,0.3963749246064,10.0000000000000
3,0.2063270119581,3.1246035613614,0.5553584234398,0.3194722519863,0.3963209168889,10.0000000000000
4,0.2063304215830,3.1246551965109,0.5552407902202,0.3191301440847,0.3961490518924,10.0000000000000
5,0.2063387440297,3.1247812311310,0.5552407902202,0.3186095356505,0.3959649036902,10.0000000000000
6,0.2063384391343,3.1247766138134,0.5551939562000,0.3186556235494,0.3959612265964,10.0000000000000
7,0.2063399892657,3.1248000889083,0.5550763229804,0.3186211606518,0.3958988363527,10.0000000000000
8,0.2063349847598,3.1247243009784,0.5550294889601,0.3186369824471,0.3958833428768,10.0000000000000
9,0.2063417732847,3.1248271059814,0.5550294889601,0.3186147153911,0.3958768450407,10.0000000000000
10,0.2063376697049,3.1247649616228,0.5550294889601,0.3179404307496,0.3956351497588,10.0000000000000
11,0.2063469286511,3.1249051785328,0.5549118557405,0.3176605403674,0.3954867587310,10.0000000000000
13,0.2063554084117,3.1250335955048,0.5548650217203,0.3177086306723,0.3954856792084,10.0000000000000
14,0.2063616761511,3.1251285137643,0.5549118557405,0.3172179435261,0.3953318486091,10.0000000000000
17,0.2063539355848,3.1250112911050,0.5549826549399,0.3170694682912,0.3953075055607,10.0000000000000
19,0.2063701821355,3.1252573278680,0.5549826549399,0.3169973084061,0.3952852155769,10.0000000000000
22,0.2063651784948,3.1251815530424,0.5549358209197,0.3169484201202,0.3952466115431,10.0000000000000
23,0.2063736540100,3.1253099057219,0.5549358209197,0.3169318668905,0.3952425158572,10.0000000000000
24,0.2063619054587,3.1251319863844,0.5549358209197,0.3155756970126,0.3947556519255,10.0000000000000
25,0.2063575175764,3.1250655365652,0.5549358209197,0.3153546330132,0.3946757602366,10.0000000000000
26,0.2063504244209,3.1249581182553,0.5549826549399,0.3152770939785,0.3946666194853,10.0000000000000
27,0.2063500571913,3.1249525569532,0.5549358209197,0.3152668581514,0.3946428134178,10.0000000000000
29,0.2063540974911,3.1250137430040,0.5549358209197,0.3151239416098,0.3945926375743,10.0000000000000
30,0.2063510575622,3.1249677065080,0.5550534541393,0.3149542477225,0.3945817954382,10.0000000000000
31,0.2063529600291,3.1249965173503,0.5549358209197,0.3148285824899,0.3944869084325,10.0000000000000
32,0.2063512144664,3.1249700826557,0.5548889868994,0.3147887949821,0.3944522528362,10.0000000000000
33,0.2063486518122,3.1249312739789,0.5549358209197,0.3147056377352,0.3944420764022,10.0000000000000
34,0.2063511749357,3.1249694840057,0.5548181877000,0.3142889315168,0.3942433791851,10.0000000000000
35,0.2063523539668,3.1249873391803,0.5548181877000,0.3141928831931,0.3942093288619,10.0000000000000
36,0.2063515344868,3.1249749290245,0.5548181877000,0.3141519138966,0.3941945213674,10.0000000000000
37,0.2063554019566,3.1250334977496,0.5548181877000,0.3137488010420,0.3940513812343,10.0000000000000
38,0.2063545641376,3.1250208098709,0.5547005544804,0.3136956197321,0.3939817941397,10.0000000000000
39,0.2063544278484,3.1250187459156,0.5547005544804,0.3136391884117,0.3939616108919,10.0000000000000
40,0.2063573658663,3.1250632390777,0.5547005544804,0.3136238839305,0.3939567745810,10.0000000000000
41,0.2063505151257,3.1249594918831,0.5547005544804,0.3135897624902,0.3939431203365,10.0000000000000
42,0.2063549605544,3.1250268131817,0.5547005544804,0.3135834011357,0.3939418010160,10.0000000000000
50,0.2063657922932,3.1251908483667,0.5546068864400,0.3135706785302,0.3938994348693,10.0000000000000
51,0.2063665412872,3.1252021910860,0.5545600524197,0.3135255844685,0.3938634186230,10.0000000000000
52,0.2063761866985,3.1253482606013,0.5545600524197,0.3129506930536,0.3936601671344,10.0000000000000
53,0.2063783342867,3.1253807835448,0.5544424192001,0.3128880945000,0.3935878564686,10.0000000000000
54,0.2063809375914,3.1254202078300,0.5544424192001,0.3128734146157,0.3935831715038,10.0000000000000
55,0.2063800274514,3.1254064247260,0.5544424192001,0.3127345109699,0.3935333680289,10.0000000000000
56,0.2063749111531,3.1253289438203,0.5544424192001,0.3125952600579,0.3934825392107,10.0000000000000
57,0.2063856430911,3.1254914676280,0.5543955851799,0.3126142418853,0.3934715464128,10.0000000000000
59,0.2063871838527,3.1255148008266,0.5545132183995,0.3121715876537,0.3933642000160,10.0000000000000
61,0.2063951739708,3.1256358026826,0.5543955851799,0.3120714372356,0.3932797299407,10.0000000000000
62,0.2064064106649,3.1258059704862,0.5543955851799,0.3120338110295,0.3932686998730,10.0000000000000
64,0.2064112399751,3.1258791052633,0.5543487511596,0.3120121319725,0.3932419204818,10.0000000000000
66,0.2064222923017,3.1260464810163,0.5541842839198,0.3120221155456,0.3931773684394,10.0000000000000
67,0.2064257255981,3.1260984746451,0.5541374498996,0.3119170829844,0.3931205207938,10.0000000000000
68,0.2064375354821,3.1262773228013,0.5541374498996,0.3117420887017,0.3930605535252,10.0000000000000
70,0.2064404970111,3.1263221720141,0.5542311179400,0.3115901592105,0.3930470710518,10.0000000000000
72,0.2064455794603,3.1263991403115,0.5541842839198,0.3116061847421,0.3930338118293,10.0000000000000
74,0.2064611286212,3.1266346158473,0.5540666507002,0.3114505965157,0.3929311623317,10.0000000000000
75,0.2064660845518,3.1267096681550,0.5540666507002,0.3113528572692,0.3928973174430,10.0000000000000
76,0.2064660449452,3.1267090683552,0.5540666507002,0.3112819676439,0.3928719912326,10.0000000000000
83,0.2064961907039,3.1271655938680,0.5541134847204,0.3111552456714,0.3928532649136,10.0000000000000
84,0.2064979775470,3.1271926537090,0.5541134847204,0.3110979387519,0.3928331810516,10.0000000000000
85,0.2065009676373,3.1272379354525,0.5541134847204,0.3109049047102,0.3927648810561,10.0000000000000
97,0.2065487199963,3.1279610942359,0.5541603187406,0.3107329499062,0.3927337729974,9.8000000000000
99,0.2065690216244,3.1282685408419,0.5541603187406,0.3105834848565,0.3926847429714,9.8000000000000
101,0.2065805662777,3.1284433723607,0.5540426855210,0.3105336491569,0.3926190041245,9.8000000000000
102,0.2065778707166,3.1284025509489,0.5540426855210,0.3104741242722,0.3925971676169,9.8000000000000
103,0.2065846292676,3.1285049020288,0.5540426855210,0.3103668642917,0.3925603087420,9.8000000000000
105,0.2065907518671,3.1285976222984,0.5539958515008,0.3103223253989,0.3925256422572,9.8000000000000
106,0.2065824147144,3.1284713649724,0.5539490174805,0.3102674911655,0.3924842003467,9.8000000000000
107,0.2065823004719,3.1284696348904,0.5539021834603,0.3102495168333,0.3924576847389,9.8000000000000
108,0.2065869509232,3.1285400610383,0.5539021834603,0.3101752991071,0.3924321749333,9.8000000000000
109,0.2065849367256,3.1285095581538,0.5539021834603,0.3101538114297,0.3924240691491,9.8000000000000
110,0.2065829381321,3.1284792915772,0.5539021834603,0.3100501239718,0.3923866096441,9.8000000000000
112,0.2065947201106,3.1286577171336,0.5539490174805,0.3094201189160,0.3921842042711,9.8000000000000
113,0.2066036982645,3.1287936817432,0.5538313842609,0.3091196257007,0.3920283949188,9.8000000000000
115,0.2065977643310,3.1287038186198,0.5538782182812,0.3087722382980,0.3919231281550,9.8000000000000
119,0.2066126695282,3.1289295420093,0.5537845502407,0.3086022373930,0.3918254640710,9.8000000000000
121,0.2066201027111,3.1290421096734,0.5538313842609,0.3084912198649,0.3918074795017,9.8000000000000
122,0.2066099973409,3.1288890745693,0.5537137510413,0.3083512070759,0.3917048952607,9.8000000000000
123,0.2066213543735,3.1290610647708,0.5537137510413,0.3082426699981,0.3916685656685,9.8000000000000
62011,0.2452954711854,3.7147395078221,0.0746911555024,0.8597564830050,0.3916296972568,0.0000004014041
62013,0.2453057024837,3.7148944499735,0.0746911555024,0.8597365191145,0.3916247597170,0.0000004014041
62025,0.2453049470641,3.7148830099456,0.0746443214822,0.8597590536883,0.3916125741805,0.0000004014041
62036,0.2453012621538,3.7148272058914,0.0746443214822,0.8596024453691,0.3915558530143,0.0000004014041
62046,0.2453042615883,3.7148726291425,0.0746208356066,0.8595813442035,0.3915388942444,0.0000004014041
62058,0.2453007173835,3.7148189559223,0.0745082047738,0.8596785478734,0.3915245800115,0.0000003933760
62064,0.2453080322386,3.7149297316382,0.0744613707536,0.8597195638847,0.3915207243329,0.0000003933760
62088,0.2452979670713,3.7147773053643,0.0744613707536,0.8596972417106,0.3915105953063,0.0000003933760
62095,0.2452985568065,3.7147862362780,0.0744613707536,0.8596432776640,0.3914914488043,0.0000003933760
62112,0.2452952089851,3.7147355370769,0.0744613707536,0.8595439604688,0.3914552609872,0.0000003933760
62145,0.2452927972925,3.7146990145530,0.0744613707536,0.8594733476367,0.3914295253273,0.0000003933760
62157,0.2452866184391,3.7146054423773,0.0744613707536,0.8594449134841,0.3914180462328,0.0000003933760
62166,0.2452927188401,3.7146978264736,0.0744613707536,0.8594295348254,0.3914138610835,0.0000003933760
62183,0.2452932068479,3.7147052168343,0.0744613707536,0.8592732291755,0.3913581422102,0.0000003933760
62184,0.2452960430240,3.7147481677108,0.0744613707536,0.8583369415802,0.3910243615353,0.0000003933760
62189,0.2452925086227,3.7146946429554,0.0744613707536,0.8582885625383,0.3910063259344,0.0000003933760
62193,0.2452962588853,3.7147514367012,0.0744613707536,0.8582767584641,0.3910029138213,0.0000003933760
62195,0.2452892617768,3.7146454729212,0.0744145367334,0.8582820730036,0.3909832407678,0.0000003933760
62228,0.2452878980183,3.7146248202466,0.0743677027131,0.8579744258237,0.3908530028180,0.0000003855085
62245,0.2452946276980,3.7147267341010,0.0744145367334,0.8578429573501,0.3908275635889,0.0000003855085
62248,0.2452850667659,3.7145819439343,0.0744145367334,0.8576933995842,0.3907721013299,0.0000003855085
62299,0.2452890544195,3.7146423327146,0.0743677027131,0.8577089125092,0.3907584244345,0.0000003855085
62301,0.2452863113856,3.7146007923774,0.0743677027131,0.8575248886860,0.3906921138475,0.0000003855085
62334,0.2452847218907,3.7145767211654,0.0744145367334,0.8573812999082,0.3906605632581,0.0000003855085
62347,0.2452848214265,3.7145782285289,0.0742969035137,0.8574429773685,0.3906321980146,0.0000003855085
62360,0.2452870633713,3.7146121804033,0.0743222735482,0.8572338163708,0.3905688509470,0.0000003855085
62371,0.2452808039262,3.7145173877515,0.0743222735482,0.8570775237824,0.3905116908557,0.0000003855085
62377,0.2452772922947,3.7144642078214,0.0743222735482,0.8569725595239,0.3904734511281,0.0000003855085
62386,0.2452751751758,3.7144321463031,0.0743222735482,0.8569685600172,0.3904715690645,0.0000003855085
62397,0.2452680717171,3.7143245719618,0.0743222735482,0.8569473161896,0.3904624598135,0.0000003777983
62402,0.2452727344556,3.7143951841870,0.0743222735482,0.8561388943003,0.3901747368684,0.0000003777983
62437,0.2452692699624,3.7143427181148,0.0742046403286,0.8561678060690,0.3901339058717,0.0000003777983
62443,0.2452655252073,3.7142860077742,0.0742046403286,0.8561569798629,0.3901292369220,0.0000003777983
62451,0.2452588756457,3.7141853072221,0.0742046403286,0.8561257352656,0.3901166532312,0.0000003777983
62458,0.2452609641401,3.7142169352535,0.0740870071090,0.8561767262095,0.3900848975801,0.0000003777983
62474,0.2452661244378,3.7142950824844,0.0739693738894,0.8562862269242,0.3900746965194,0.0000003777983
62492,0.2452713256837,3.7143738498319,0.0739225398691,0.8559502338294,0.3899357418152,0.0000003702424
62511,0.2452783126409,3.7144796598804,0.0738326401465,0.8559722054860,0.3899065575880,0.0000003702424
62526,0.2452821008445,3.7145370282025,0.0738326401465,0.8557961054355,0.3898444764707,0.0000003702424
62528,0.2452773653944,3.7144653148377,0.0738191755723,0.8557346901449,0.3898157571672,0.0000003702424
62547,0.2452744617602,3.7144213423804,0.0737723415520,0.8556836992011,0.3897768521856,0.0000003702424
62558,0.2452729251940,3.7143980727168,0.0737770354216,0.8548722142850,0.3894887185383,0.0000003702424
62566,0.2452825660258,3.7145440728795,0.0737770354216,0.8545047837168,0.3893595592279,0.0000003628375
62576,0.2452947283345,3.7147282581342,0.0737770354216,0.8544919186875,0.3893575707836,0.0000003628375
62601,0.2453110652930,3.7149756640273,0.0737770354216,0.8544776691288,0.3893559824324,0.0000003628375
62602,0.2453134073918,3.7150111326275,0.0737770354216,0.8542834682417,0.3892871268510,0.0000003628375
62605,0.2453079851637,3.7149290187386,0.0737770354216,0.8542653381665,0.3892794899181,0.0000003628375
62611,0.2453006734853,3.7148182911306,0.0737770354216,0.8542034795301,0.3892558307597,0.0000003628375
62629,0.2452965760988,3.7147562405628,0.0737770354216,0.8540783272049,0.3892102554893,0.0000003628375
62641,0.2452967440257,3.7147587836377,0.0737770354216,0.8540569487230,0.3892026563016,0.0000003628375
62650,0.2452968505083,3.7147603962028,0.0737770354216,0.8540104135522,0.3891860594154,0.0000003628375
62655,0.2452949874453,3.7147321820922,0.0737302014014,0.8539412043148,0.3891408708799,0.0000003628375
62667,0.2452999865866,3.7148078887795,0.0736833673812,0.8536803253410,0.3890286993394,0.0000003628375
62672,0.2452982852305,3.7147821235483,0.0735657341615,0.8537065672042,0.3889872926201,0.0000003628375
62674,0.2453078823532,3.7149274617829,0.0735657341615,0.8536955602120,0.3889854180778,0.0000003628375
62686,0.2453089170644,3.7149431313856,0.0734481009419,0.8537649117695,0.3889599939780,0.0000003628375
62701,0.2453064081122,3.7149051359672,0.0734012669217,0.8537547247786,0.3889357464114,0.0000003628375
62713,0.2452993147866,3.7147977150821,0.0733544329014,0.8537908855021,0.3889270692342,0.0000003628375
62723,0.2453036706284,3.7148636796818,0.0733910748340,0.8536801214210,0.3889041477139,0.0000003628375
62727,0.2453051757842,3.7148864736691,0.0733442408138,0.8537185622835,0.3888981274038,0.0000003628375
62739,0.2453097631797,3.7149559449036,0.0733442408138,0.8527962557577,0.3885697152293,0.0000003555808
62745,0.2453018569824,3.7148362139387,0.0733083701743,0.8519435469984,0.3882481090704,0.0000003555808
62748,0.2453037821018,3.7148653678278,0.0731907369547,0.8519705488481,0.3882077508767,0.0000003555808
62756,0.2453049836324,3.7148835637337,0.0731907369547,0.8517226001904,0.3881194552555,0.0000003555808
62765,0.2453050508285,3.7148845813467,0.0730731037351,0.8517470011041,0.3880777700297,0.0000003555808
62768,0.2453039230087,3.7148675017130,0.0731199377553,0.8515636226048,0.3880321077558,0.0000003555808
62774,0.2452979008023,3.7147763017903,0.0731756967388,0.8507717792408,0.3877719127888,0.0000003555808
62775,0.2452942364956,3.7147208097559,0.0731756967388,0.8507600836528,0.3877669505845,0.0000003555808
62801,0.2452911962424,3.7146747683488,0.0731971607246,0.8506807216251,0.3877471543714,0.0000003555808
62813,0.2452948850300,3.7147306311213,0.0732225307591,0.8506106844265,0.3877338044126,0.0000003555808
62814,0.2452862127487,3.7145992986263,0.0731756967388,0.8506026866958,0.3877090180113,0.0000003555808
62823,0.2452924358588,3.7146935410235,0.0731288627186,0.8504545532753,0.3876373750189,0.0000003555808
62832,0.2452901482592,3.7146588977550,0.0730820286984,0.8504209990080,0.3876048294291,0.0000003555808
62837,0.2452928746790,3.7147001864893,0.0729789729188,0.8503733598019,0.3875442328971,0.0000003555808
62845,0.2452901097663,3.7146583148206,0.0728613396991,0.8467870413562,0.3862123981625,0.0000003555808
62875,0.2452858753954,3.7145941897692,0.0728563373123,0.8466815609231,0.3861716753340,0.0000003555808
62879,0.2452962891360,3.7147518948156,0.0728563373123,0.8466674928634,0.3861688825428,0.0000003555808
62895,0.2452996625339,3.7148029813455,0.0727387040927,0.8465816507886,0.3860885332929,0.0000003555808
62901,0.2452955435718,3.7147406040371,0.0727387040927,0.8458547632592,0.3858280479691,0.0000003484692
62926,0.2452858492045,3.7145937931352,0.0727387040927,0.8450442110533,0.3855364876740,0.0000003484692
62928,0.2452832933329,3.7145550871744,0.0727387040927,0.8450456815049,0.3855364651485,0.0000003484692
62954,0.2452900635440,3.7146576148330,0.0727020621601,0.8449689284961,0.3854948004338,0.0000003484692
62984,0.2452844506815,3.7145726139902,0.0726552281399,0.8449553653462,0.3854686819725,0.0000003484692
62986,0.2452772129096,3.7144630056183,0.0726083941197,0.8448740821319,0.3854180295790,0.0000003484692
62987,0.2452818947894,3.7145339077176,0.0726083941197,0.8448711675746,0.3854179919257,0.0000003484692
62989,0.2452848663996,3.7145789095983,0.0725241303461,0.8448640312769,0.3853799669757,0.0000003484692
62991,0.2452852126070,3.7145841525428,0.0725241303461,0.8448574228234,0.3853776810010,0.0000003484692
63011,0.2452795805339,3.7144988607741,0.0725241303461,0.8447868099913,0.3853512552596,0.0000003484692
63012,0.2452796019319,3.7144991848240,0.0725241303461,0.8443945203522,0.3852111564024,0.0000003484692
63017,0.2452927858828,3.7146988417652,0.0725241303461,0.8443232480840,0.3851885271532,0.0000003484692
63025,0.2452943475618,3.7147224917350,0.0725241303461,0.8442593550884,0.3851660428717,0.0000003484692
63048,0.2452934834096,3.7147094050680,0.0725709643663,0.8441602190010,0.3851505236737,0.0000003484692
63054,0.2452976935290,3.7147731628571,0.0725709643663,0.8441519998775,0.3851484904409,0.0000003484692
63109,0.2452984976599,3.7147853405658,0.0725709643663,0.8441511547068,0.3851483609080,0.0000003414998
63111,0.2452982687379,3.7147818737841,0.0725563869263,0.8441384044954,0.3851375107320,0.0000003414998
63123,0.2453051145004,3.7148855455904,0.0725651576309,0.8431825715408,0.3848013676422,0.0000003414998
63129,0.2453082972193,3.7149337444895,0.0724475244113,0.8432336178636,0.3847698662460,0.0000003414998
63135,0.2453044999323,3.7148762386091,0.0724006903911,0.8432603631381,0.3847585327024,0.0000003414998
63151,0.2453020200046,3.7148386827368,0.0723538563709,0.8429650515682,0.3846324611486,0.0000003414998
63152,0.2453061903063,3.7149018375288,0.0723070223506,0.8428986504395,0.3845895683729,0.0000003414998
63156,0.2453034434101,3.7148602387014,0.0723070223506,0.8428345458908,0.3845660852706,0.0000003414998
63157,0.2453030313024,3.7148539977681,0.0722183566970,0.8428887877277,0.3845473694805,0.0000003414998
63161,0.2453031158855,3.7148552786893,0.0721715226767,0.8428278139441,0.3845055395313,0.0000003414998
63181,0.2453065629200,3.7149074803675,0.0721715226767,0.8428174108443,0.3845025627887,0.0000003414998
63184,0.2453019621347,3.7148378063590,0.0721715226767,0.8428182560150,0.3845018787528,0.0000003414998
63221,0.2453018517580,3.7148361348208,0.0722781925156,0.8422472905518,0.3843436545090,0.0000003414998
63222,0.2453077008252,3.7149247127342,0.0721605592959,0.8423688415514,0.3843379047149,0.0000003414998
63228,0.2453008901414,3.7148215721586,0.0721137252757,0.8424105283344,0.3843312616965,0.0000003414998
63243,0.2453060261580,3.7148993516765,0.0720086310786,0.8424502652747,0.3843015136656,0.0000003346698
63244,0.2453050548584,3.7148846423756,0.0719547397263,0.8424435025370,0.3842757939727,0.0000003346698
63257,0.2453069538741,3.7149134009519,0.0719547397263,0.8424023154821,0.3842614912422,0.0000003346698
63261,0.2453094615226,3.7149513766275,0.0719079057060,0.8423415127762,0.3842202416204,0.0000003346698
63284,0.2453141569880,3.7150224844650,0.0719079057060,0.8422894023256,0.3842026369163,0.0000003346698
63304,0.2453246397038,3.7151812340682,0.0717902724864,0.8423455836483,0.3841745337337,0.0000003346698
63321,0.2453188052863,3.7150928780093,0.0718801722090,0.8421261447349,0.3841334409134,0.0000003346698
63341,0.2453219490789,3.7151404874110,0.0718947496491,0.8421056700714,0.3841330496777,0.0000003346698
63347,0.2453226502411,3.7151511057679,0.0718947496491,0.8420032657319,0.3840966269484,0.0000003346698
63366,0.2453290159262,3.7152475073104,0.0718947496491,0.8419690507181,0.3840857713760,0.0000003346698
63420,0.2453394269596,3.7154051713592,0.0717771164294,0.8420398441991,0.3840628714608,0.0000003279764
63423,0.2453379118792,3.7153822270749,0.0717771164294,0.8419738809552,0.3840389884993,0.0000003279764
63426,0.2453350467605,3.7153388378935,0.0717771164294,0.8418221634729,0.3839841897302,0.0000003279764
63427,0.2453357320030,3.7153492151642,0.0717771164294,0.8412569499079,0.3837824745804,0.0000003214169
63434,0.2453410959751,3.7154304468279,0.0716594832098,0.8413823775291,0.3837780053450,0.0000003214169
63446,0.2453447398456,3.7154856293781,0.0715418499902,0.8413825166934,0.3837284216389,0.0000003214169
63450,0.2453408389356,3.7154265542361,0.0714950159700,0.8414375824025,0.3837271803313,0.0000003214169
63462,0.2453357472248,3.7153494456820,0.0714862452653,0.8413633047834,0.3836958026559,0.0000003214169
63470,0.2453343155200,3.7153277640331,0.0714862452653,0.8412938405807,0.3836706872182,0.0000003214169
63477,0.2453404288994,3.7154203446734,0.0714862452653,0.8406768007834,0.3834516258719,0.0000003214169
63483,0.2453444686414,3.7154815222782,0.0714862452653,0.8406517537176,0.3834435461503,0.0000003214169
63485,0.2453456100965,3.7154988084043,0.0715330792855,0.8405137700074,0.3834145825743,0.0000003214169
63505,0.2453357976947,3.7153502099946,0.0714862452653,0.8404804094754,0.3833804937180,0.0000003214169
63523,0.2453369862923,3.7153682100437,0.0714862452653,0.8404795327884,0.3833804353151,0.0000003214169
63525,0.2453371650901,3.7153709177471,0.0714862452653,0.8398591069628,0.3831588929769,0.0000003214169
63540,0.2453343203489,3.7153278371617,0.0714394112451,0.8399166801033,0.3831587735024,0.0000003214169
63556,0.2453308963385,3.7152759841593,0.0714520879985,0.8398630101977,0.3831443048568,0.0000003214169
63584,0.2453343715265,3.7153286121924,0.0714520879985,0.8398564681815,0.3831427131056,0.0000003149885
63592,0.2453387327531,3.7153946583392,0.0714520879985,0.8398460469460,0.3831399257843,0.0000003149885
63600,0.2453384003561,3.7153896245397,0.0715692419145,0.8397027560608,0.3831388880614,0.0000003149885
63606,0.2453397791250,3.7154105045308,0.0715692419145,0.8396700643731,0.3831275079091,0.0000003149885
63625,0.2453337456789,3.7153191343939,0.0715692419145,0.8396362054948,0.3831141225713,0.0000003149885
63628,0.2453410391817,3.7154295867513,0.0715224078943,0.8395103081943,0.3830506504201,0.0000003149885
63638,0.2453390274137,3.7153991206603,0.0714755738740,0.8395153295948,0.3830319409614,0.0000003149885
63644,0.2453463529688,3.7155100584153,0.0713582491717,0.8395907742017,0.3830101732103,0.0000003149885
63692,0.2453451469877,3.7154917951124,0.0713582491717,0.8395357770495,0.3829902729457,0.0000003149885
63702,0.2453364267200,3.7153597359162,0.0713582491717,0.8395368319557,0.3829887810692,0.0000003149885
63704,0.2453358088291,3.7153503786137,0.0714758823913,0.8393391398123,0.3829684585640,0.0000003149885
63706,0.2453353458543,3.7153433673518,0.0713582491717,0.8393628739071,0.3829264215806,0.0000003149885
63712,0.2453286679037,3.7152422368799,0.0713114151514,0.8393359247921,0.3828952941843,0.0000003149885
63721,0.2453253478728,3.7151919585364,0.0712988761290,0.8392927878073,0.3828738028163,0.0000003149885
63727,0.2453331667250,3.7153103667516,0.0712520421087,0.8391537353842,0.3828057449820,0.0000003149885
63732,0.2453253249095,3.7151916107816,0.0712052080885,0.8391690732816,0.3827894706906,0.0000003149885
63749,0.2453240896978,3.7151729048108,0.0711583740683,0.8391393246773,0.3827585097778,0.0000003149885
63756,0.2453253845854,3.7151925145094,0.0711583740683,0.8390334149072,0.3827209623359,0.0000003086887
63763,0.2453253064783,3.7151913316602,0.0711583740683,0.8389031580338,0.3826744252867,0.0000003086887
63774,0.2453204141742,3.7151172429084,0.0711583740683,0.8388940743234,0.3826701327535,0.0000003086887
63792,0.2453146754958,3.7150303367163,0.0711583740683,0.8388857037616,0.3826659135504,0.0000003086887
63800,0.2453118730843,3.7149878971685,0.0711115400480,0.8388348412411,0.3826270761247,0.0000003086887
63835,0.2453096235631,3.7149538305588,0.0710647060278,0.8388849394053,0.3826244145631,0.0000003086887
63865,0.2453186569698,3.7150906319133,0.0709470728082,0.8389037633421,0.3825826588906,0.0000003086887
63884,0.2453227183954,3.7151521378914,0.0709002387879,0.8389235154708,0.3825705118048,0.0000003086887
63899,0.2453182310972,3.7150841825243,0.0709002387879,0.8383626318273,0.3823692346540,0.0000003086887
63924,0.2453239445534,3.7151707067527,0.0708534047677,0.8383860177583,0.3823587393613,0.0000003025150
63928,0.2453223853447,3.7151470941933,0.0708103390653,0.8383854464870,0.3823397444901,0.0000003025150
63949,0.2453193701055,3.7151014315963,0.0707635050451,0.8376156826745,0.3820441109971,0.0000003025150
63962,0.2453150516023,3.7150360324495,0.0707635050451,0.8376082348868,0.3820405256794,0.0000003025150
63975,0.2453190156405,3.7150960636000,0.0707635050451,0.8375563814617,0.3820228560357,0.0000003025150
63990,0.2453224546282,3.7151481434182,0.0706458718255,0.8376478976424,0.3820058630749,0.0000003025150
64000,0.2453193516242,3.7151011517163,0.0705990378052,0.8376911656632,0.3820005792872,0.0000003025150
64001,0.2453128919345,3.7150033265734,0.0705522037850,0.8377395750490,0.3819964124113,0.0000003025150
64019,0.2453051542342,3.7148861473171,0.0706698370046,0.8370341251607,0.3817932221810,0.0000003025150
64027,0.2453068860823,3.7149123743171,0.0706698370046,0.8370316431046,0.3817927068427,0.0000003025150
64029,0.2453056183288,3.7148931755362,0.0706230029844,0.8370419363417,0.3817760396144,0.0000003025150
64030,0.2453099008324,3.7149580295068,0.0705053697648,0.8370463294396,0.3817281120203,0.0000003025150
64033,0.2453106447414,3.7149692952191,0.0705053697648,0.8368998426099,0.3816759547044,0.0000003025150
64049,0.2453117902115,3.7149866421477,0.0703877365451,0.8369292684402,0.3816362951505,0.0000003025150
64062,0.2453147888772,3.7150320537564,0.0704345705654,0.8333486665439,0.3803782230531,0.0000003025150
64082,0.2453134569490,3.7150118831181,0.0704345705654,0.8331288712831,0.3802994393325,0.0000003025150
64087,0.2453174127165,3.7150717890175,0.0703877365451,0.8331537956949,0.3802891168496,0.0000003025150
64102,0.2453146859219,3.7150304946087,0.0704345705654,0.8329690033950,0.3802426070095,0.0000002964647
64114,0.2453145755392,3.7150288229791,0.0703468635189,0.8329633837883,0.3802029876194,0.0000002964647
64117,0.2453112168180,3.7149779587128,0.0703468635189,0.8329340524567,0.3801917924179,0.0000002964647
64120,0.2453059661730,3.7148984432674,0.0703000294987,0.8328231293210,0.3801309801511,0.0000002964647
64131,0.2453006443490,3.7148178498923,0.0702531954784,0.8328784190947,0.3801295143851,0.0000002964647
64147,0.2452952897478,3.7147367601427,0.0702531954784,0.8328005156170,0.3801005442999,0.0000002964647
64148,0.2453007262559,3.7148190902853,0.0702531954784,0.8327862237075,0.3800966050125,0.0000002964647
64149,0.2453031125492,3.7148552281642,0.0701355622588,0.8326465146169,0.3799968060204,0.0000002964647
64168,0.2453099030971,3.7149580638036,0.0700887282386,0.8325312473787,0.3799370225440,0.0000002964647
64180,0.2453040064161,3.7148687648306,0.0699710950189,0.8324613693389,0.3798603882897,0.0000002964647
64182,0.2453025343203,3.7148464715025,0.0700179290392,0.8323923255315,0.3798554860610,0.0000002964647
64210,0.2453013328765,3.7148282769112,0.0700113510107,0.8323914324380,0.3798520904917,0.0000002964647
64213,0.2453098931888,3.7149579137535,0.0700113510107,0.8323380544755,0.3798348612863,0.0000002964647
64247,0.2453131613927,3.7150074072321,0.0699645169905,0.8323129130670,0.3798065108183,0.0000002964647
64250,0.2453144799442,3.7150273752940,0.0700113510107,0.8287863457219,0.3785673767504,0.0000002964647
64253,0.2453094934298,3.7149518598269,0.0700113510107,0.8287221857942,0.3785433939517,0.0000002964647
64277,0.2453129460258,3.7150041457284,0.0700113510107,0.8287192520079,0.3785430860129,0.0000002905354
64279,0.2453105261311,3.7149674989921,0.0700113510107,0.8284942201641,0.3784621989484,0.0000002905354
64291,0.2453124829683,3.7149971332141,0.0699645169905,0.8285034417761,0.3784458399806,0.0000002905354
64298,0.2453208439967,3.7151237521133,0.0699645169905,0.8284959816678,0.3784449673051,0.0000002905354
64326,0.2453159404516,3.7150494931281,0.0699645169905,0.8275330183575,0.3781000010775,0.0000002905354
64339,0.2453190116210,3.7150960027281,0.0699176829702,0.8275060477246,0.3780709550934,0.0000002905354
64357,0.2453249423214,3.7151858168911,0.0698000497506,0.8275345012975,0.3780319737111,0.0000002905354
64373,0.2453234033593,3.7151625109436,0.0698000497506,0.8267969079585,0.3777682177410,0.0000002905354
64374,0.2453247515526,3.7151829278998,0.0698273039440,0.8267559438038,0.3777655569529,0.0000002905354
64384,0.2453130244032,3.7150053326706,0.0697804699238,0.8267689928614,0.3777476326471,0.0000002905354
64433,0.2453110261901,3.7149750718551,0.0696628367042,0.8268119080886,0.3777121170884,0.0000002847247
64449,0.2453038946663,3.7148670724984,0.0696628367042,0.8267906512381,0.3777029971725,0.0000002847247
64462,0.2452989598425,3.7147923398301,0.0696628367042,0.8267790354858,0.3776977912272,0.0000002790302
64483,0.2453023768277,3.7148440864440,0.0695926545393,0.8268046280958,0.3776775855856,0.0000002790302
64515,0.2453078628366,3.7149271662242,0.0695458205190,0.8267449724151,0.3776373838357,0.0000002790302
64516,0.2453178821936,3.7150788987504,0.0694820786517,0.8267278001690,0.3776060799526,0.0000002790302
64531,0.2453146169053,3.7150294494242,0.0694820786517,0.8266910062379,0.3775922395582,0.0000002790302
64532,0.2453184060305,3.7150868317041,0.0694820786517,0.8266839257074,0.3775905227528,0.0000002790302
64540,0.2453239454384,3.7151707201555,0.0694820786517,0.8266533434248,0.3775807875249,0.0000002790302
64543,0.2453198795820,3.7151091470774,0.0694820786517,0.8266395711392,0.3775749975966,0.0000002790302
64545,0.2453196086076,3.7151050434573,0.0694820786517,0.8265865022473,0.3775559863550,0.0000002790302
64546,0.2453044383512,3.7148753060280,0.0694820786517,0.8265644468599,0.3775448586617,0.0000002790302
64549,0.2453120226845,3.7149901627045,0.0693644454321,0.8265822876749,0.3775024413586,0.0000002790302
64591,0.2453101870514,3.7149623639897,0.0693644454321,0.8265737829200,0.3774990105962,0.0000002790302
64592,0.2453217835859,3.7151379811945,0.0693176114119,0.8266061099785,0.3774929692229,0.0000002790302
64614,0.2453167581262,3.7150618759423,0.0693176114119,0.8265483924220,0.3774712789257,0.0000002734496
64615,0.2453236708131,3.7151665612468,0.0691999781922,0.8265082432648,0.3774080069940,0.0000002734496
64620,0.2453305383839,3.7152705633158,0.0690823449726,0.8264837701933,0.3773503239967,0.0000002734496
64637,0.2453343484685,3.7153282630024,0.0690240847957,0.8264745485813,0.3773228783633,0.0000002734496
64639,0.2453298398633,3.7152599849631,0.0689772507755,0.8265019143308,0.3773116139926,0.0000002734496
64646,0.2453203736067,3.7151166285560,0.0689772507755,0.8264474617538,0.3772901381601,0.0000002734496
64656,0.2453252844906,3.7151909986791,0.0688596175558,0.8265322578009,0.3772710605580,0.0000002734496
64661,0.2453261991884,3.7152048508063,0.0689064515761,0.8263842736357,0.3772384768000,0.0000002734496
64662,0.2453332213618,3.7153111941691,0.0687888183565,0.8265200772398,0.3772380686017,0.0000002734496
64670,0.2453340499472,3.7153237422140,0.0687888183565,0.8232474842844,0.3760694629573,0.0000002734496
64696,0.2453272169262,3.7152202633657,0.0687554489104,0.8232879141878,0.3760681367986,0.0000002734496
64699,0.2453335062377,3.7153155083121,0.0686378156908,0.8232914797427,0.3760203436837,0.0000002734496
64722,0.2453365382822,3.7153614254072,0.0685909816706,0.8231581581947,0.3759533068460,0.0000002734496
64727,0.2453420573719,3.7154450061608,0.0685909816706,0.8231321960913,0.3759452173283,0.0000002734496
64772,0.2453395424740,3.7154069207019,0.0684733484510,0.8231907403665,0.3759151728543,0.0000002679806
64781,0.2453381597956,3.7153859815057,0.0684733484510,0.8231880122136,0.3759139022258,0.0000002679806
64800,0.2453372868232,3.7153727612655,0.0684598838768,0.8223538737535,0.3756100380356,0.0000002679806
64809,0.2453308153234,3.7152747572708,0.0684598838768,0.8223272974469,0.3755991597475,0.0000002679806
64846,0.2453372977248,3.7153729263589,0.0684598838768,0.8222910945090,0.3755876192129,0.0000002679806
64867,0.2453356598583,3.7153481226085,0.0685067178970,0.8221475651624,0.3755560794835,0.0000002679806
64884,0.2453368373994,3.7153659552185,0.0684598838768,0.8220543286720,0.3755029613442,0.0000002679806
64894,0.2453418338987,3.7154416218973,0.0684598838768,0.8219128485386,0.3754535034036,0.0000002679806
64931,0.2453390622892,3.7153996488134,0.0684598838768,0.8217262930074,0.3753862825118,0.0000002679806
64963,0.2453392892308,3.7154030856028,0.0684598838768,0.8216891985911,0.3753730831363,0.0000002626210
64977,0.2453399043345,3.7154124006954,0.0684592668423,0.8207210884399,0.3750271968755,0.0000002626210
64982,0.2453348629811,3.7153360547505,0.0684592668423,0.8206720809381,0.3750086139063,0.0000002626210
65003,0.2453272460697,3.7152207047122,0.0684592668423,0.8206284830696,0.3749914110436,0.0000002626210
65028,0.2453259867741,3.7152016340171,0.0684592668423,0.8206226131900,0.3749890448090,0.0000002626210
65043,0.2453253757730,3.7151923810550,0.0683416336226,0.8207397802205,0.3749803450112,0.0000002626210
65045,0.2453303984028,3.7152684434511,0.0683416336226,0.8205980644536,0.3749308085152,0.0000002626210
65049,0.2453304538271,3.7152692827930,0.0682947996024,0.8205373183161,0.3748890536197,0.0000002626210
65058,0.2453415591675,3.7154374613842,0.0682947996024,0.8203581432236,0.3748274422311,0.0000002626210
65078,0.2453408813902,3.7154271971665,0.0681771663828,0.8203866776523,0.3747870736235,0.0000002626210
65106,0.2453439383878,3.7154734921494,0.0681771663828,0.8203099988352,0.3747603434026,0.0000002626210
65107,0.2453517489608,3.7155917749866,0.0681303323625,0.8202248851225,0.3747115476193,0.0000002626210
65110,0.2453514296411,3.7155869392286,0.0681124659083,0.8201664643403,0.3746829575768,0.0000002626210
65120,0.2453583853035,3.7156922753514,0.0679948326887,0.8202594001518,0.3746672252001,0.0000002573685
65133,0.2453575687564,3.7156799096133,0.0679479986684,0.8202839480853,0.3746557456219,0.0000002573685
65142,0.2453647228223,3.7157882503458,0.0679479986684,0.8202515919900,0.3746457228877,0.0000002573685
65144,0.2453634274663,3.7157686335543,0.0679011646482,0.8202560166786,0.3746269538344,0.0000002573685
65165,0.2453658043190,3.7158046284651,0.0677835314286,0.8202841086515,0.3745870817704,0.0000002573685
65176,0.2453621758708,3.7157496794690,0.0678923939436,0.8196897441846,0.3744206865855,0.0000002573685
65186,0.2453670874015,3.7158240593872,0.0678455599233,0.8196612263999,0.3743914824103,0.0000002573685
65198,0.2453581970039,3.7156894237536,0.0678455599233,0.8196645377287,0.3743907599425,0.0000002573685
65220,0.2453569896966,3.7156711403663,0.0678455599233,0.8195791322625,0.3743599992816,0.0000002573685
65226,0.2453609933275,3.7157317711057,0.0678455599233,0.8195567615925,0.3743528676775,0.0000002573685
65233,0.2453592453460,3.7157052997829,0.0677987259031,0.8196066119240,0.3743502250769,0.0000002573685
65236,0.2453604796007,3.7157239912599,0.0677987259031,0.8192505353236,0.3742233193456,0.0000002573685
65237,0.2453606563585,3.7157266680684,0.0677987259031,0.8192387703903,0.3742191554604,0.0000002573685
65242,0.2453658349593,3.7158050924803,0.0677987259031,0.8192159590233,0.3742121182438,0.0000002573685
65244,0.2453707035819,3.7158788226015,0.0677987259031,0.8192073324166,0.3742100805891,0.0000002573685
65247,0.2453709076954,3.7158819136839,0.0677987259031,0.8191768421524,0.3741992349476,0.0000002573685
65248,0.2453732710660,3.7159177044227,0.0676810926835,0.8191536110058,0.3741410303092,0.0000002573685
65253,0.2453758523788,3.7159567956642,0.0676810926835,0.7045822487946,0.3332232398007,0.0000002573685
65275,0.2453779396187,3.7159884046964,0.0676342586632,0.7045594572335,0.3331954755002,0.0000002573685
65284,0.2453771188933,3.7159759756819,0.0676342586632,0.7045037895840,0.3331754183271,0.0000002522212
65296,0.2453644149341,3.7157835877062,0.0676342586632,0.7044508607256,0.3331537928864,0.0000002522212
65300,0.2453635574537,3.7157706020751,0.0675166254436,0.7044353779144,0.3330976653282,0.0000002522212
65315,0.2453675678655,3.7158313355052,0.0674876578776,0.7044068062825,0.3330759058768,0.0000002522212
65318,0.2453704582918,3.7158751079432,0.0674876578776,0.7043657433272,0.3330618599127,0.0000002522212
65321,0.2453682298474,3.7158413605185,0.0674749811243,0.7042720753529,0.3330224966466,0.0000002522212
65326,0.2453790428745,3.7160051123342,0.0674749811243,0.7042178344117,0.3330054419591,0.0000002522212
65331,0.2453852035682,3.7160984095002,0.0674281471040,0.7042519911913,0.3329988892347,0.0000002522212
65337,0.2453859612834,3.7161098842932,0.0673105138844,0.7043801710549,0.3329944158879,0.0000002522212
65359,0.2453919386121,3.7162004045906,0.0673573479046,0.7009698561222,0.3317977988482,0.0000002522212
65395,0.2453838917872,3.7160785439700,0.0673573479046,0.7009701318871,0.3317961730161,0.0000002522212
65408,0.2453783284703,3.7159942934415,0.0673573479046,0.7008851209026,0.3317646198109,0.0000002522212
65411,0.2453713597687,3.7158887598534,0.0673982209309,0.7008263976480,0.3317596709380,0.0000002522212
65412,0.2453743295350,3.7159337338110,0.0673982209309,0.7004254256135,0.3316171030184,0.0000002522212
65438,0.2453668608983,3.7158206292374,0.0673513869106,0.6997909433864,0.3313688300779,0.0000002522212
65446,0.2453609548950,3.7157311890875,0.0673045528904,0.6997620791208,0.3313371841165,0.0000002522212
65448,0.2453514654603,3.7155874816719,0.0672577188702,0.6992704988051,0.3311395145448,0.0000002522212
65468,0.2453524956806,3.7156030832646,0.0672577188702,0.6991535966709,0.3310979845441,0.0000002422332
65481,0.2453468814827,3.7155180621977,0.0673045528904,0.6990857780341,0.3310926322829,0.0000002422332
65511,0.2453533460367,3.7156159610062,0.0671869196708,0.6990952959024,0.3310470025462,0.0000002422332
65520,0.2453613517300,3.7157371987312,0.0671869196708,0.6990705157384,0.3310398679933,0.0000002422332
65530,0.2453592497668,3.7157053667307,0.0671400856506,0.6991067902214,0.3310323010222,0.0000002422332
65538,0.2453566249433,3.7156656165656,0.0671400856506,0.6990961122271,0.3310279249906,0.0000002422332
65551,0.2453640002263,3.7157773073968,0.0671400856506,0.6990637191549,0.3310179364540,0.0000002422332
65574,0.2453672987729,3.7158272603829,0.0670224524309,0.6990708709086,0.3309707832462,0.0000002422332
65576,0.2453683285651,3.7158428554928,0.0670224524309,0.6988746672934,0.3309009311963,0.0000002422332
65577,0.2453749775532,3.7159435473584,0.0669048192113,0.6988451519802,0.3308414005592,0.0000002422332
65587,0.2453809202265,3.7160335428374,0.0667871859917,0.6988740162458,0.3308025684185,0.0000002422332
65618,0.2453819460770,3.7160490782547,0.0667403519715,0.6984415207156,0.3306282538313,0.0000002422332
65672,0.2453726027133,3.7159075829293,0.0666935179512,0.6984436532484,0.3306069415778,0.0000002373886
65726,0.2453757601577,3.7159553990737,0.0666526449250,0.6984389610447,0.3305884253748,0.0000002373886
65727,0.2453658731377,3.7158056706518,0.0666526449250,0.6984227644953,0.3305805222457,0.0000002373886
65728,0.2453761870734,3.7159618642579,0.0666280627113,0.6984266835478,0.3305735968019,0.0000002373886
65747,0.2453734884053,3.7159209957957,0.0665812286911,0.6983958906799,0.3305419493402,0.0000002373886
65758,0.2453740621599,3.7159296846996,0.0665812286911,0.6983570695012,0.3305282075809,0.0000002373886
65768,0.2453692372960,3.7158566172572,0.0665812286911,0.6982976242774,0.3305059432444,0.0000002373886
65773,0.2453637594725,3.7157736614363,0.0665343946709,0.6983549821423,0.3305051826539,0.0000002373886
65807,0.2453678858400,3.7158361508914,0.0664167614512,0.6984037740227,0.3304730783101,0.0000002326408
65818,0.2453707661168,3.7158797696264,0.0664635954715,0.6982583769837,0.3304418397213,0.0000002326408
65839,0.2453678877742,3.7158361801823,0.0664635954715,0.6975019806752,0.3301710813948,0.0000002326408
65847,0.2453811126176,3.7160364563971,0.0664167614512,0.6974971272830,0.3301521102125,0.0000002326408
65850,0.2453759307240,3.7159579821188,0.0662991282316,0.6974952215054,0.3300999049349,0.0000002326408
65858,0.2453786024895,3.7159984431712,0.0662522942114,0.6975379170471,0.3300956541409,0.0000002326408
65861,0.2453830153379,3.7160652710754,0.0662522942114,0.6974874819503,0.3300785872167,0.0000002326408
65863,0.2453666256466,3.7158170665997,0.0662522942114,0.6974621959133,0.3300660444125,0.0000002326408
65879,0.2453706191820,3.7158775444537,0.0662522942114,0.6970075952292,0.3299045427829,0.0000002326408
65882,0.2453685940955,3.7158468766683,0.0662054601912,0.6969774558000,0.3298732730310,0.0000002326408
65888,0.2453629387510,3.7157612324808,0.0662054601912,0.6969770728253,0.3298719243948,0.0000002326408
65903,0.2453585424850,3.7156946556992,0.0661586261709,0.6970319211560,0.3298704993043,0.0000002326408
65919,0.2453586887808,3.7156968711925,0.0661586261709,0.6969257714107,0.3298326200301,0.0000002326408
65949,0.2453728987027,3.7159120653757,0.0661117921507,0.6969448510060,0.3298224074316,0.0000002326408
65965,0.2453724428871,3.7159051625319,0.0660649581305,0.6969228642136,0.3297943856080,0.0000002279880
65970,0.2453761226058,3.7159608879657,0.0660649581305,0.6968889189600,0.3297830508143,0.0000002279880
65979,0.2453745175533,3.7159365811497,0.0660649581305,0.6967244936062,0.3297239835339,0.0000002279880
66020,0.2453731119843,3.7159152952989,0.0661825913501,0.6961925596800,0.3295841201752,0.0000002279880
66036,0.2453858407551,3.7161080590194,0.0661825913501,0.6954312754779,0.3293149605539,0.0000002279880
66041,0.2453846499030,3.7160900248293,0.0661016000630,0.6954672482158,0.3292928422261,0.0000002279880
66045,0.2453777605260,3.7159856925284,0.0661011207594,0.6954683277592,0.3292915460665,0.0000002279880
66088,0.2453679721801,3.7158374584199,0.0661011207594,0.6954515169771,0.3292834447130,0.0000002279880
66089,0.2453677301767,3.7158337935365,0.0660014917250,0.6954746072175,0.3292489412120,0.0000002279880
66107,0.2453690650803,3.7158540092331,0.0659546577047,0.6954426874065,0.3292177556073,0.0000002279880
66162,0.2453692533493,3.7158568603685,0.0659546577047,0.6953756970551,0.3291938708251,0.0000002234282
66254,0.2453708973089,3.7158817563907,0.0659546577047,0.6946721867233,0.3289429694122,0.0000002234282
66270,0.2453778431768,3.7159869441862,0.0658370244851,0.6946455935156,0.3288845460014,0.0000002234282
66290,0.2453780689769,3.7159903636890,0.0658370244851,0.6945935562271,0.3288660096412,0.0000002234282
66300,0.2453732014235,3.7159166497609,0.0657298753427,0.6946076381521,0.3288240747920,0.0000002234282
66347,0.2453738485822,3.7159264502914,0.0656835206261,0.6946333725379,0.3288135380137,0.0000002189596
66351,0.2453757354523,3.7159550249360,0.0656612688195,0.6946420610999,0.3288075089124,0.0000002189596
66358,0.2453851990655,3.7160983413126,0.0655436355999,0.6946812790693,0.3287731290102,0.0000002189596
66367,0.2453807196987,3.7160305060565,0.0654968015796,0.6945354481088,0.3287000149370,0.0000002189596
66375,0.2453850434433,3.7160959845781,0.0654968015796,0.6944568510595,0.3286728710789,0.0000002189596
66438,0.2453990207118,3.7163076554723,0.0655436355999,0.6942499518364,0.3286220453512,0.0000002189596
66469,0.2454033253698,3.7163728449476,0.0654968015796,0.6942011045771,0.3285854506052,0.0000002189596
66498,0.2454042975809,3.7163875680534,0.0654968015796,0.6941678152689,0.3285737698975,0.0000002145805
66523,0.2454053574376,3.7164036184571,0.0654722193660,0.6941612683442,0.3285611235878,0.0000002145805
66585,0.2454015313076,3.7163456757808,0.0654722193660,0.6910923074265,0.3274642462322,0.0000002145805
66588,0.2454016018608,3.7163467442332,0.0654253853458,0.6911290472795,0.3274573110039,0.0000002145805
66592,0.2454039521517,3.7163823368945,0.0654253853458,0.5874155566749,0.2904172822789,0.0000002145805
66612,0.2454030913345,3.7163693007319,0.0653785513255,0.5874303465241,0.2904023081841,0.0000002145805
66699,0.2454023825860,3.7163585674880,0.0653317173053,0.5874794000100,0.2903996036886,0.0000002102888
66704,0.2454001692825,3.7163250493555,0.0653138508510,0.5874922720175,0.2903960695029,0.0000002102888
66708,0.2454028902894,3.7163662561177,0.0653351440504,0.5874591817775,0.2903939602899,0.0000002102888
66716,0.2453985533556,3.7163005778594,0.0653351440504,0.5873949565084,0.2903700933508,0.0000002102888
66721,0.2454012850788,3.7163419469065,0.0653819780707,0.5873288596964,0.2903671444387,0.0000002102888
66817,0.2454034779597,3.7163751557603,0.0653819780707,0.5873068924477,0.2903597688958,0.0000002060831
66840,0.2454035099011,3.7163756394782,0.0652643448511,0.5843480249824,0.2892526231230,0.0000002060831
66843,0.2454098565412,3.7164717526051,0.0652665375272,0.5843145069408,0.2892429521065,0.0000002060831
66850,0.2454075281543,3.7164364916579,0.0653133715475,0.5842211666158,0.2892291890590,0.0000002060831
66851,0.2454105727137,3.7164825982773,0.0653133715475,0.5840290575780,0.2891612310940,0.0000002060831
66894,0.2454000400892,3.7163230928604,0.0652665375272,0.5840412329178,0.2891432507157,0.0000002060831
66926,0.2453969332515,3.7162760431025,0.0652442857206,0.5840303548278,0.2891291634441,0.0000002060831
66930,0.2454001550121,3.7163248332457,0.0652911197409,0.5810479116930,0.2880847672819,0.0000002060831
66936,0.2454175132539,3.7165877053910,0.0653744414350,0.5802750288170,0.2878481666041,0.0000002060831
66950,0.2454142677771,3.7165385560898,0.0653276074148,0.5803198882567,0.2878434206502,0.0000002060831
66953,0.2454092526802,3.7164626077713,0.0653276074148,0.5801673258619,0.2877878594171,0.0000002060831
66960,0.2454153280131,3.7165546122380,0.0652442857206,0.5801919300440,0.2877622391845,0.0000002060831
66962,0.2453998428481,3.7163201058536,0.0652442857206,0.5801772684081,0.2877536846363,0.0000002060831
66997,0.2453913260764,3.7161911283871,0.0651974517004,0.5801708754637,0.2877295046964,0.0000002019614
66998,0.2453945115944,3.7162393696766,0.0651697182034,0.5801829774233,0.2877226236515,0.0000002019614
67007,0.2453999316305,3.7163214503688,0.0651697182034,0.5801789270233,0.2877223385163,0.0000002019614
67035,0.2453939672292,3.7162311258427,0.0651517140183,0.5801189328012,0.2876919178431,0.0000002019614
67044,0.2453907929924,3.7161830553964,0.0651517140183,0.5800926843728,0.2876818632108,0.0000002019614
67052,0.2453889692343,3.7161554365161,0.0651048799980,0.5801312434533,0.2876751717827,0.0000001979222
67058,0.2453993613589,3.7163128142108,0.0650802977844,0.5801128774544,0.2876603041468,0.0000001979222
67075,0.2454013072131,3.7163422821066,0.0650458485280,0.5800950429512,0.2876395876831,0.0000001979222
67121,0.2454068895681,3.7164268209477,0.0650458485280,0.4861244532887,0.2540798590226,0.0000001979222
67179,0.2453974845949,3.7162843926126,0.0651634817476,0.4852611833156,0.2538199472034,0.0000001939637
67188,0.2454001221166,3.7163243350779,0.0651634817476,0.4852275951971,0.2538085166301,0.0000001939637
67232,0.2454006032108,3.7163316207397,0.0650458485280,0.4823947214226,0.2527464648509,0.0000001939637
67250,0.2453983321763,3.7162972283326,0.0649990145078,0.4824310814749,0.2527388922107,0.0000001939637
67254,0.2453961687508,3.7162644655511,0.0649990145078,0.4823400456601,0.2527059158286,0.0000001939637
67264,0.2453951403745,3.7162488918834,0.0649521804875,0.4822043412517,0.2526371578791,0.0000001939637
67266,0.2453917319356,3.7161972746947,0.0649053464673,0.4821513806854,0.2525974412884,0.0000001939637
67273,0.2453873049360,3.7161302324844,0.0649053464673,0.4821332506102,0.2525900176188,0.0000001939637
67278,0.2453894581591,3.7161628407633,0.0649053464673,0.4820961355921,0.2525772236601,0.0000001939637
67294,0.2453976377858,3.7162867125259,0.0648818605917,0.4818990801662,0.2524985341242,0.0000001939637
67311,0.2453934894414,3.7162238902542,0.0648585124471,0.4819029461779,0.2524890195640,0.0000001939637
67317,0.2453904361185,3.7161776509197,0.0648585124471,0.4818910370218,0.2524841120105,0.0000001939637
67333,0.2453899989145,3.7161710299292,0.0648116784268,0.4819291843578,0.2524775706495,0.0000001900845
67337,0.2453915996826,3.7161952718623,0.0647648444066,0.4817755584233,0.2524029755431,0.0000001900845
67409,0.2453927700030,3.7162129951224,0.0647180103864,0.4817626697682,0.2523785515120,0.0000001900845
67412,0.2453939705145,3.7162311755958,0.0646717934006,0.4817954592270,0.2523707120059,0.0000001900845
67414,0.2453998273908,3.7163198717690,0.0646429635656,0.4817623330412,0.2523477806265,0.0000001900845
67455,0.2454016154849,3.7163469505564,0.0646706970625,0.4817135961791,0.2523426435518,0.0000001900845
67456,0.2454024446903,3.7163595079914,0.0646706970625,0.4816754465870,0.2523291963844,0.0000001900845
67476,0.2454020730756,3.7163538802809,0.0646429635656,0.4817006253949,0.2523262233996,0.0000001900845
67498,0.2454007734365,3.7163341986277,0.0645961295453,0.4817044342648,0.2523072334933,0.0000001862828
67548,0.2453931954780,3.7162194384901,0.0645961295453,0.4816503842485,0.2522863060677,0.0000001862828
67583,0.2453951033890,3.7162483317771,0.0645961295453,0.4815148877859,0.2522383233120,0.0000001862828
67588,0.2454003689716,3.7163280734358,0.0645961295453,0.4808016950596,0.2519847399632,0.0000001862828
67661,0.2454030776566,3.7163690935938,0.0647137627650,0.4806531200416,0.2519826721263,0.0000001825571
67681,0.2453989907984,3.7163072024649,0.0646860292680,0.4806412238917,0.2519656619615,0.0000001825571
67756,0.2454035260050,3.7163758833543,0.0646391952477,0.4806422948821,0.2519469445651,0.0000001825571
67761,0.2454176168654,3.7165892744772,0.0646391952477,0.4805779957744,0.2519270000682,0.0000001825571
67762,0.2454134962521,3.7165268721631,0.0645923612275,0.4806352226435,0.2519264835242,0.0000001825571
67764,0.2454116431542,3.7164988089626,0.0645923612275,0.4806187995321,0.2519202210349,0.0000001825571
67790,0.2454218114520,3.7166527970380,0.0644747280079,0.4805898547120,0.2518616482831,0.0000001825571
67810,0.2454211168275,3.7166422776868,0.0644747280079,0.4805154465625,0.2518349250959,0.0000001825571
67953,0.2454252815492,3.7167053479763,0.0643810599674,0.4798625166686,0.2515624848425,0.0000001789060
67961,0.2454224759265,3.7166628597989,0.0643810599674,0.4797979875481,0.2515388375232,0.0000001789060
67970,0.2454250701045,3.7167021458715,0.0643619594442,0.4797974280360,0.2515310076542,0.0000001789060
67995,0.2454256393406,3.7167107663477,0.0643342259472,0.4797645870320,0.2515075149189,0.0000001789060
68000,0.2454267720708,3.7167279203439,0.0643342259472,0.4792412005941,0.2513208339190,0.0000001789060
68012,0.2454257129805,3.7167118815447,0.0643218411833,0.4792561190396,0.2513206272314,0.0000001753279
68051,0.2454260125940,3.7167164188741,0.0643218411833,0.4791055722677,0.2512669247300,0.0000001753279
68077,0.2454134618603,3.7165263513359,0.0643218411833,0.4790908692485,0.2512589842088,0.0000001753279
68083,0.2454106963760,3.7164844710123,0.0643218411833,0.4790808986070,0.2512548306617,0.0000001753279
68086,0.2454054480880,3.7164049912616,0.0642750071631,0.4790278959993,0.2512147048028,0.0000001753279
68091,0.2454045712986,3.7163917132174,0.0642750071631,0.4790200903235,0.2512117291780,0.0000001753279
68098,0.2454076028007,3.7164376220972,0.0642319414607,0.4790311511165,0.2511978723392,0.0000001753279
68099,0.2454074561086,3.7164354006018,0.0642319414607,0.4790272454497,0.2511964460242,0.0000001753279
68156,0.2454143467916,3.7165397526806,0.0641143082411,0.4790456462802,0.2511540800873,0.0000001753279
68165,0.2454084027492,3.7164497364691,0.0640674742208,0.4791017029731,0.2511527548885,0.0000001753279
68168,0.2454067386121,3.7164245348789,0.0640587035162,0.4791112454861,0.2511520474546,0.0000001753279
68191,0.2454028085654,3.7163650184939,0.0640712260110,0.4790868513639,0.2511478598987,0.0000001718213
68202,0.2454011387416,3.7163397307852,0.0640712260110,0.4790571027596,0.2511368775778,0.0000001718213
68204,0.2453960780110,3.7162630913926,0.0641180600312,0.4765669883319,0.2502665382771,0.0000001718213
68283,0.2453915915374,3.7161951485133,0.0641180600312,0.4737498855696,0.2492594687606,0.0000001718213
68291,0.2453904839003,3.7161783745245,0.0640712260110,0.4737536851858,0.2492405166925,0.0000001718213
68336,0.2453837178625,3.7160759100645,0.0640458559765,0.3902448674575,0.2194036161953,0.0000001718213
68351,0.2453781813053,3.7159920647839,0.0639990219562,0.3902264666269,0.2193757863420,0.0000001683849
68354,0.2453734745135,3.7159207854177,0.0639990219562,0.3902040809574,0.2193667828618,0.0000001683849
68358,0.2453842151437,3.7160834408610,0.0639521879360,0.3902153825796,0.2193530489961,0.0000001683849
68365,0.2453836308653,3.7160745925840,0.0639521879360,0.3899191575394,0.2192471291364,0.0000001683849
68381,0.2453816748895,3.7160449714070,0.0639053539158,0.3899237732240,0.2192282867345,0.0000001683849
68410,0.2453868074382,3.7161226984092,0.0638585198956,0.3897378439354,0.2191429115261,0.0000001683849
68446,0.2453886341264,3.7161503616632,0.0637686201729,0.3898239216062,0.2191355165320,0.0000001683849
68468,0.2453824358608,3.7160564955094,0.0637686201729,0.3897590095110,0.2191110054411,0.0000001683849
68469,0.2453837829753,3.7160768961290,0.0637217861527,0.3897706849394,0.2190953921814,0.0000001683849
68495,0.2453708362782,3.7158808321450,0.0636749521324,0.3897620675215,0.2190694685169,0.0000001683849
68508,0.2453704244484,3.7158745954206,0.0635573189128,0.3897851938965,0.2190272254503,0.0000001683849
68523,0.2453720044839,3.7158985233813,0.0636041529331,0.3897194774767,0.2190241656024,0.0000001650172
68551,0.2453660911101,3.7158089716125,0.0636041529331,0.3897043224586,0.2190174859444,0.0000001650172
68558,0.2453707434122,3.7158794257890,0.0635573189128,0.3894079152528,0.2188925514270,0.0000001650172
68569,0.2453735728087,3.7159222739957,0.0635104848926,0.3894276673815,0.2188801403349,0.0000001650172
68586,0.2453739150536,3.7159274569305,0.0635104848926,0.3893865425065,0.2188655262178,0.0000001650172
68601,0.2453639600633,3.7157766991711,0.0636281181122,0.3887187169544,0.2186752981168,0.0000001650172
68609,0.2453636989755,3.7157727452737,0.0636281181122,0.3886792610126,0.2186611507617,0.0000001650172
68613,0.2453663603227,3.7158130485519,0.0636633717171,0.3885212739631,0.2186204057919,0.0000001650172
68644,0.2453610494204,3.7157326205744,0.0637102057374,0.3884674247335,0.2186201075966,0.0000001650172
68656,0.2453630092325,3.7157622998479,0.0636455052629,0.3885315603866,0.2186157043720,0.0000001650172
68676,0.2453573158079,3.7156760789763,0.0635986712427,0.3885024721545,0.2185840239751,0.0000001650172
68700,0.2453531719615,3.7156133248214,0.0635518372224,0.3885278732395,0.2185721361012,0.0000001617168
68726,0.2453511229056,3.7155822940454,0.0635050032022,0.3884746181131,0.2185326056068,0.0000001617168
68774,0.2453559653638,3.7156556279339,0.0635039068641,0.3884172200479,0.2185126741082,0.0000001617168
68779,0.2453460109878,3.7155048794762,0.0634683612696,0.3883977645743,0.2184883588181,0.0000001617168
68800,0.2453428476098,3.7154569734747,0.0634448753941,0.3883439541245,0.2184583975583,0.0000001584825
68810,0.2453365728206,3.7153619484541,0.0633703078769,0.3884091358773,0.2184483746507,0.0000001584825
68812,0.2453214267153,3.7151325767686,0.0633703078769,0.3883840558491,0.2184361719038,0.0000001584825
68815,0.2453233246659,3.7151613192154,0.0633703078769,0.3883811220628,0.2184355308266,0.0000001584825
68903,0.2453252380032,3.7151902946774,0.0634171418971,0.3882933050412,0.2184246493284,0.0000001553128
68935,0.2453350724962,3.7153392276337,0.0632995086775,0.3882970028526,0.2183776631297,0.0000001553128
68957,0.2453348323753,3.7153355912578,0.0631818754578,0.3883745910838,0.2183549075209,0.0000001553128
68964,0.2453428754111,3.7154573944963,0.0631652761280,0.3882984223535,0.2183223139120,0.0000001553128
68968,0.2453436804443,3.7154695858698,0.0630476429084,0.3883196884868,0.2182796672298,0.0000001553128
68978,0.2453495122244,3.7155579019878,0.0630944769286,0.3863064939427,0.2175819905685,0.0000001553128
69007,0.2453400545315,3.7154146752695,0.0630944769286,0.3857848382245,0.2173936583063,0.0000001553128
69026,0.2453401074885,3.7154154772475,0.0630476429084,0.3858177785111,0.2173853623194,0.0000001522066
69060,0.2453416117705,3.7154382580011,0.0629300096888,0.3858570735825,0.2173493043826,0.0000001522066
69074,0.2453345437833,3.7153312208387,0.0629768437090,0.3856748227839,0.2173027719660,0.0000001522066
69085,0.2453401556222,3.7154162061812,0.0629300096888,0.3857095544625,0.2172963069508,0.0000001522066
69095,0.2453398645017,3.7154117974699,0.0629300096888,0.3856648837299,0.2172802907348,0.0000001522066
69110,0.2453368539960,3.7153662065573,0.0629300096888,0.3856404849349,0.2172709317711,0.0000001522066
69135,0.2453302769907,3.7152666047944,0.0628831756685,0.3856112663982,0.2172390154982,0.0000001522066
69149,0.2453345343110,3.7153310773907,0.0628831756685,0.3854746457991,0.2171911347100,0.0000001522066
69166,0.2453242105471,3.7151747349452,0.0627655424489,0.3854784874456,0.2171398802545,0.0000001522066
69177,0.2453219686590,3.7151407839295,0.0627655424489,0.3854782299170,0.2171393078754,0.0000001522066
69226,0.2453251230429,3.7151885537259,0.0628123764691,0.3854127778594,0.2171366798029,0.0000001491625
69267,0.2453219045987,3.7151398138043,0.0627655424489,0.3854658604178,0.2171348764699,0.0000001491625
69302,0.2453277292838,3.7152280224779,0.0627235730846,0.3855114231893,0.2171344101647,0.0000001491625
69305,0.2453242125819,3.7151747657599,0.0627235730846,0.3854845923833,0.2171240741550,0.0000001491625
69331,0.2453267237111,3.7152127941459,0.0627235730846,0.3122862514105,0.1909823476209,0.0000001491625
69388,0.2453311742275,3.7152801924920,0.0626336733619,0.3123186176669,0.1909563322278,0.0000001461792
69434,0.2453250946839,3.7151881242589,0.0626336733619,0.3123188415167,0.1909551094148,0.0000001461792
69447,0.2453267976817,3.7152139143530,0.0626336733619,0.3123154199052,0.1909542523388,0.0000001461792
69455,0.2453177897931,3.7150774994418,0.0625868393417,0.3123363636397,0.1909397302591,0.0000001461792
69478,0.2453239778627,3.7151712111872,0.0624692061221,0.3123398085147,0.1908918723496,0.0000001461792
69481,0.2453280784234,3.7152333098256,0.0624223721019,0.3123889429991,0.1908902273483,0.0000001461792
69529,0.2453357974864,3.7153502068414,0.0624223721019,0.3123678596171,0.1908843516540,0.0000001461792
69552,0.2453303812489,3.7152681836728,0.0624223721019,0.3122880846854,0.1908546999846,0.0000001432556
69555,0.2453434833660,3.7154666013272,0.0623755380816,0.3123119771696,0.1908459688883,0.0000001432556
69581,0.2453463488924,3.7155099966834,0.0622579048620,0.3122621818416,0.1907783846470,0.0000001432556
69603,0.2453453582129,3.7154949938933,0.0622579048620,0.3122193033379,0.1907628586071,0.0000001432556
69619,0.2453408129725,3.7154261610539,0.0622579048620,0.3121971201282,0.1907539620522,0.0000001432556
69624,0.2453352704200,3.7153422249791,0.0623047388822,0.3121303207171,0.1907489891528,0.0000001432556
69658,0.2453341452185,3.7153251849969,0.0622770053853,0.3121193074533,0.1907329289452,0.0000001432556
69670,0.2453338418437,3.7153205907080,0.0621593721656,0.3121426453815,0.1906907846737,0.0000001432556
69671,0.2453346384798,3.7153326549162,0.0620417389460,0.3122710836800,0.1906864119654,0.0000001432556
69678,0.2453250558655,3.7151875363945,0.0619949049258,0.3122711537917,0.1906643118650,0.0000001432556
69711,0.2453208548401,3.7151239163246,0.0619949049258,0.3122685033064,0.1906624650434,0.0000001403905
69735,0.2453184278624,3.7150871623250,0.0619139136387,0.3123026611259,0.1906394336464,0.0000001403905
69756,0.2453147250363,3.7150310869537,0.0619139136387,0.3122357066178,0.1906147278593,0.0000001403905
69776,0.2453152000304,3.7150382802358,0.0619013911439,0.3122069084705,0.1905991778077,0.0000001403905
69841,0.2453194548971,3.7151027156747,0.0617837579243,0.3122363360180,0.1905601851662,0.0000001403905
69857,0.2453230806258,3.7151576234862,0.0616661247047,0.3122014165788,0.1904980766428,0.0000001403905
69886,0.2453122901204,3.7149942127376,0.0616661247047,0.3121959220912,0.1904938020747,0.0000001375827
69897,0.2453178830412,3.7150789115863,0.0616192906845,0.3122226673656,0.1904844807185,0.0000001375827
69911,0.2453162896360,3.7150547811552,0.0615724566642,0.3122750559527,0.1904827777612,0.0000001375827
69929,0.2453178494157,3.7150784023637,0.0614548234446,0.3122197528084,0.1904129466398,0.0000001375827
69939,0.2453254986865,3.7151942424496,0.0614079894244,0.3122388363011,0.1904013295794,0.0000001375827
69971,0.2453351462770,3.7153403449656,0.0612903562048,0.3122150055839,0.1903444717128,0.0000001375827
69984,0.2453401226169,3.7154157063508,0.0612903562048,0.3121507301632,0.1903225825639,0.0000001375827
70002,0.2453358377595,3.7153508167344,0.0612670080601,0.3121215737427,0.1903012450252,0.0000001375827
70043,0.2453445888335,3.7154833424591,0.0611493748405,0.3121251624528,0.1902539877005,0.0000001348310
70072,0.2453403695044,3.7154194451991,0.0611025408202,0.3121727596166,0.1902500108227,0.0000001348310
70073,0.2453371113942,3.7153701045792,0.0611493748405,0.3097138667936,0.1893912083710,0.0000001348310
70076,0.2453411769727,3.7154316734502,0.0610355099387,0.3096785272045,0.1893306590409,0.0000001348310
70082,0.2453404553198,3.7154207447830,0.0610355099387,0.3095694462502,0.1892915469173,0.0000001348310
70120,0.2453401629308,3.7154163168611,0.0610120240631,0.3095793556277,0.1892849579507,0.0000001348310
70123,0.2453446064287,3.7154836089203,0.0609034700654,0.3072540259572,0.1884089121046,0.0000001348310
70124,0.2453396665189,3.7154087992309,0.0608566360452,0.3073059649593,0.1884063314731,0.0000001348310
70158,0.2453348185589,3.7153353820233,0.0608566360452,0.3073024087875,0.1884040225632,0.0000001348310
70161,0.2453391222158,3.7154005563382,0.0608566360452,0.3071494776512,0.1883503265125,0.0000001348310
70218,0.2453345777962,3.7153317359272,0.0608098020249,0.3072023426164,0.1883481613300,0.0000001321344
70272,0.2453350824369,3.7153393781748,0.0607629680047,0.3072332348421,0.1883392306821,0.0000001321344
70288,0.2453382077851,3.7153867082559,0.0607629680047,0.3071808879030,0.1883212050642,0.0000001321344
70295,0.2453331349686,3.7153098858357,0.0607629680047,0.3071198510635,0.1882983191608,0.0000001321344
70312,0.2453288901621,3.7152456027475,0.0607629680047,0.3071191824276,0.1882971707609,0.0000001321344
70328,0.2453307317961,3.7152734923382,0.0608098020249,0.3070520032158,0.1882936445441,0.0000001321344
70357,0.2453280001785,3.7152321248894,0.0608098020249,0.3046487375304,0.1874347500241,0.0000001321344
70382,0.2453207721800,3.7151226645264,0.0608098020249,0.3045955083971,0.1874141907625,0.0000001294917
70409,0.2453112681669,3.7149787363364,0.0608098020249,0.3045990645689,0.1874134242496,0.0000001294917
70467,0.2453083769763,3.7149349523248,0.0608566360452,0.3045426436759,0.1874127261128,0.0000001294917
70468,0.2453043688520,3.7148742535365,0.0608098020249,0.3045861016245,0.1874073162020,0.0000001294917
70473,0.2453065038749,3.7149065861924,0.0608098020249,0.3045606472267,0.1873986828505,0.0000001294917
70536,0.2453056778748,3.7148940772970,0.0608098020249,0.3022619567047,0.1865775449498,0.0000001294917
70538,0.2453081176689,3.7149310253887,0.0608098020249,0.3022231145869,0.1865641955779,0.0000001294917
70634,0.2452990310946,3.7147934188684,0.0606921688053,0.3022091492973,0.1865068466145,0.0000001269019
70658,0.2453061432061,3.7149011242457,0.0606453347851,0.3021931358591,0.1864825798303,0.0000001269019
70663,0.2452944002131,3.7147232890837,0.0606022690827,0.3022074905096,0.1864667334060,0.0000001269019
70664,0.2452944107662,3.7147234488988,0.0606022690827,0.3021010823293,0.1864287327458,0.0000001243639
70689,0.2452927089170,3.7146976761990,0.0606491031029,0.3020357445293,0.1864251048582,0.0000001243639
70713,0.2452852639116,3.7145849294961,0.0606959371231,0.3018812854677,0.1863884172723,0.0000001243639
70743,0.2453019473207,3.7148375820165,0.0605783039035,0.3018944887652,0.1863462935149,0.0000001218766
70751,0.2453059640666,3.7148984113689,0.0605314698833,0.3018655664002,0.1863167531072,0.0000001218766
70786,0.2453057325221,3.7148949048730,0.0605314698833,0.3018600916794,0.1863147482331,0.0000001218766
70813,0.2453093037110,3.7149489867379,0.0605081217386,0.3018586420494,0.1863049894151,0.0000001218766
70881,0.2453076878394,3.7149245160778,0.0604564230625,0.3018902888847,0.1862937890226,0.0000001218766
70900,0.2453179985161,3.7150806603300,0.0604329371869,0.3018907900504,0.1862861120658,0.0000001194391
70919,0.2453236904545,3.7151668586954,0.0604095890422,0.3018656327145,0.1862683406564,0.0000001194391
70963,0.2453263552912,3.7152072148174,0.0604058207244,0.3018381594308,0.1862574848124,0.0000001194391
70964,0.2453204267877,3.7151174339256,0.0603715091989,0.3018694138787,0.1862526717821,0.0000001194391
71031,0.2453206265339,3.7151204588709,0.0603992426959,0.3018236869678,0.1862482693297,0.0000001194391
71065,0.2453231148314,3.7151581414940,0.0604030110138,0.3018076414236,0.1862446869782,0.0000001170503
71095,0.2453241641220,3.7151740318873,0.0604030110138,0.3017821651823,0.1862358131686,0.0000001170503
71135,0.2453268345555,3.7152144727668,0.0603195350610,0.3017341293304,0.1861834543346,0.0000001170503
71228,0.2453249984264,3.7151866665410,0.0603663690812,0.2997888954122,0.1855084062019,0.0000001170503
71239,0.2453220990305,3.7151427582676,0.0603195350610,0.2997936445300,0.1854894092934,0.0000001147093
71270,0.2453241082060,3.7151731850985,0.0603195350610,0.2997874208194,0.1854876170772,0.0000001147093
71292,0.2453341043381,3.7153245659070,0.0602727010407,0.2998009872412,0.1854745325332,0.0000001147093
71300,0.2453336963940,3.7153183880272,0.0603195350610,0.2979202169879,0.1848228131777,0.0000001147093
71355,0.2453253703144,3.7151922983902,0.0602727010407,0.2979345837310,0.1848060882745,0.0000001147093
71373,0.2453203872164,3.7151168346604,0.0602727010407,0.2979368670977,0.1848058359559,0.0000001147093
71385,0.2453167043699,3.7150610618602,0.0602515455723,0.2979529880303,0.1848017376211,0.0000001147093
71423,0.2453220265096,3.7151416600166,0.0602642223256,0.2979146787136,0.1847946290750,0.0000001124151
71425,0.2453174213971,3.7150719204766,0.0602173883054,0.2978858613820,0.1847632786381,0.0000001124151
71448,0.2453186226124,3.7150901116064,0.0602173883054,0.2976226084010,0.1846695171196,0.0000001124151
71454,0.2453187266712,3.7150916874667,0.0602173883054,0.2976126667421,0.1846659888255,0.0000001124151
71498,0.2453236314304,3.7151659648386,0.0602161211810,0.2975628014465,0.1846486877578,0.0000001124151
71499,0.2453263746307,3.7152075076943,0.0601692871608,0.2975928107861,0.1846399214848,0.0000001124151
71505,0.2453239731914,3.7151711404456,0.0601692871608,0.2975660550182,0.1846298512593,0.0000001124151
71566,0.2453129052828,3.7150035287197,0.0602869203804,0.2973175702184,0.1845891492302,0.0000001124151
71593,0.2453099102913,3.7149581727524,0.0601692871608,0.2973177098658,0.1845381430834,0.0000001101668
71637,0.2453132654270,3.7150089827205,0.0600516539411,0.2973131527880,0.1844868202763,0.0000001101668
71645,0.2453208184121,3.7151233646625,0.0600984879614,0.2972510917908,0.1844863458542,0.0000001101668
71660,0.2453090789876,3.7149455835400,0.0600516539411,0.2973055326238,0.1844832016949,0.0000001101668
71677,0.2453021013991,3.7148399153697,0.0600048199209,0.2973099019409,0.1844631952448,0.0000001101668
71696,0.2453023192122,3.7148432139185,0.0599579859007,0.2973389305822,0.1844535375680,0.0000001101668
71761,0.2452993122754,3.7147976770517,0.0599111518804,0.2973834102211,0.1844487070867,0.0000001079634
71779,0.2452954384474,3.7147390120404,0.0598986293857,0.2973759501128,0.1844398458729,0.0000001079634
71804,0.2452917054983,3.7146824804884,0.0598986293857,0.2973676406258,0.1844360782813,0.0000001079634
71818,0.2452865012709,3.7146036679893,0.0598859526323,0.2973292503186,0.1844158193714,0.0000001079634
71887,0.2453008109899,3.7148203734931,0.0598859526323,0.2973030933689,0.1844095439720,0.0000001079634
71895,0.2452997107424,3.7148037114123,0.0598391186121,0.2973148908103,0.1843934498536,0.0000001079634
71896,0.2452960100184,3.7147476678759,0.0599111849359,0.2972293525259,0.1843929930214,0.0000001079634
72010,0.2452945803537,3.7147260171211,0.0599111849359,0.2971935995796,0.1843799177553,0.0000001058042
72054,0.2452931119386,3.7147037795342,0.0599111849359,0.2971277959878,0.1843561018121,0.0000001058042
72058,0.2452974650482,3.7147697027570,0.0599083752252,0.2971171660423,0.1843520340505,0.0000001058042
72092,0.2453117818055,3.7149865148489,0.0599083752252,0.2970726511278,0.1843392037433,0.0000001036881
72206,0.2453252694281,3.7151907705735,0.0599299769419,0.2970079189513,0.1843282331923,0.0000001036881
72215,0.2453258526687,3.7151996031334,0.0599022434449,0.2970289540418,0.1843239849203,0.0000001036881
72230,0.2453315885090,3.7152864663462,0.0597846102253,0.2971584351684,0.1843210430515,0.0000001036881
72348,0.2453346134397,3.7153322757103,0.0597733217995,0.2971490476265,0.1843135006606,0.0000001016143
72462,0.2453334977520,3.7153153798051,0.0597264877793,0.2972003675409,0.1843115184026,0.0000000995820
72464,0.2453269787456,3.7152166563728,0.0596758854412,0.2972629142913,0.1843107728815,0.0000000995820
72510,0.2453278217729,3.7152294231259,0.0595582522216,0.2973025469609,0.1842746938180,0.0000000995820
72511,0.2453327104823,3.7153034574403,0.0594406190020,0.2973310005337,0.1842354891519,0.0000000995820
72515,0.2453330368889,3.7153084005222,0.0594406190020,0.2972826145482,0.1842182783871,0.0000000995820
72534,0.2453388660949,3.7153966776591,0.0594389056294,0.2972748584354,0.1842160231599,0.0000000995820
72535,0.2453445233647,3.7154823510046,0.0594339032426,0.2972492768953,0.1842059552876,0.0000000995820
72536,0.2453462542453,3.7155085633534,0.0593870692223,0.2972839422969,0.1841986349682,0.0000000995820
72569,0.2453475713968,3.7155285102147,0.0593402352021,0.2972446472255,0.1841648115379,0.0000000995820
72579,0.2453458384844,3.7155022670961,0.0592934011819,0.2971941726013,0.1841263418251,0.0000000995820
72587,0.2453457850103,3.7155014572878,0.0592934011819,0.2971815752411,0.1841218313091,0.0000000995820
72589,0.2453475235413,3.7155277854931,0.0592578555874,0.2971617442463,0.1840998875271,0.0000000995820
72619,0.2453401466819,3.7154160707888,0.0592578555874,0.2971049856670,0.1840780358503,0.0000000975904
72635,0.2453440251835,3.7154748065795,0.0592235440619,0.2971355550649,0.1840750796605,0.0000000975904
72637,0.2453339782623,3.7153226566224,0.0592252574345,0.2971167135309,0.1840669319320,0.0000000975904
72638,0.2453353867030,3.7153439859617,0.0592720914547,0.2952878184312,0.1834341286424,0.0000000975904
72653,0.2453369975934,3.7153683811874,0.0592720914547,0.2952763898583,0.1834303922000,0.0000000975904
72716,0.2453386475262,3.7153933676681,0.0592518945934,0.2952255986103,0.1834039502279,0.0000000975904
72753,0.2453381405559,3.7153856901401,0.0592518945934,0.2952077064270,0.1833974515259,0.0000000975904
72754,0.2453338841870,3.7153212319519,0.0591860977808,0.2952595276790,0.1833868484029,0.0000000975904
72783,0.2453298953826,3.7152608257447,0.0592216433753,0.2951889036654,0.1833760046233,0.0000000956386
72824,0.2453193736181,3.7151014847903,0.0591748093551,0.2952335411231,0.1833696201857,0.0000000956386
72832,0.2453170819341,3.7150667796687,0.0591748093551,0.2952197798293,0.1833642143628,0.0000000956386
72866,0.2453169851330,3.7150653137191,0.0591279753348,0.2952570960092,0.1833574491038,0.0000000956386
72903,0.2453315078718,3.7152852451810,0.0591279753348,0.2952025147257,0.1833410678038,0.0000000956386
72928,0.2453313400464,3.7152827036435,0.0590811413146,0.2952129117722,0.1833246733491,0.0000000956386
72930,0.2453384234954,3.7153899749595,0.0590773729968,0.2951769800922,0.1833117434948,0.0000000956386
72989,0.2453452534195,3.7154934069085,0.0590305389765,0.2951819174196,0.1832948986583,0.0000000937258
73001,0.2453529398118,3.7156098091602,0.0589837049563,0.2952065289163,0.1832852638396,0.0000000937258
73070,0.2453530213708,3.7156110442854,0.0589837049563,0.2949879332495,0.1832072114355,0.0000000937258
73084,0.2453529865683,3.7156105172382,0.0589837049563,0.2949821145223,0.1832051258610,0.0000000937258
73091,0.2453545399212,3.7156340411186,0.0589570677974,0.2949921136499,0.1831976139141,0.0000000937258
73145,0.2453595661337,3.7157101577717,0.0588394345778,0.2950219167187,0.1831589206758,0.0000000900143
73172,0.2453735915867,3.7159225583680,0.0587977737307,0.2949567245168,0.1831207885520,0.0000000900143
73231,0.2453749389669,3.7159429630100,0.0587509397105,0.2948731393593,0.1830711537114,0.0000000900143
