0,0.2063240533919,3.124558757017,0.5553584234398,0.3201241934734,0.3965531191558,10
1,0.2063275372853,3.124611516883,0.5553115894196,0.3201010079019,0.3965255134202,10.0000000000000
3,0.2063362664781,3.1247437112411,0.5551939562000,0.3200447942089,0.3964568934056,10.0000000000000
4,0.2063427961279,3.1248425958566,0.5552407902202,0.3199519177066,0.3964451941599,10.0000000000000
5,0.2063434728682,3.1248528443693,0.5552407902202,0.3199158837015,0.3964324698881,10.0000000000000
6,0.2063468622419,3.1249041728360,0.5551231570006,0.3198872616942,0.3963725598000,10.0000000000000
7,0.2063411577554,3.1248177844440,0.5551231570006,0.3197959920690,0.3963387411153,10.0000000000000
8,0.2063495421910,3.1249447578211,0.5550055237810,0.3197321610134,0.3962673267376,10.0000000000000
9,0.2063526114329,3.1249912382299,0.5550055237810,0.3196473115270,0.3962376810443,10.0000000000000
12,0.2063518178664,3.1249792205081,0.5547702573417,0.3196948524799,0.3961536614321,10.0000000000000
13,0.2063407282263,3.1248112796811,0.5547702573417,0.3196218922274,0.3961252278476,10.0000000000000
14,0.2063405034467,3.1248078756341,0.5547702573417,0.3195090913739,0.3960848936614,10.0000000000000
18,0.2063500780708,3.1249528731515,0.5548878905614,0.3180626074328,0.3956207581961,10.0000000000000
19,0.2063609697464,3.1251178160161,0.5547702573417,0.3180614584076,0.3955722675234,10.0000000000000
20,0.2063565830091,3.1250513835366,0.5547702573417,0.3180433018250,0.3955648430145,10.0000000000000
21,0.2063594987547,3.1250955394081,0.5547702573417,0.3180204145781,0.3955572938004,10.0000000000000
22,0.2063657601631,3.1251903617908,0.5548170913620,0.3177051965794,0.3954661293970,10.0000000000000
23,0.2063689919658,3.1252393040124,0.5546994581423,0.3176466954815,0.3953955144399,10.0000000000000
24,0.2063724989525,3.1252924136023,0.5546994581423,0.3175230598877,0.3953521103678,10.0000000000000
26,0.2063789419977,3.1253899866829,0.5547462921626,0.3173537562372,0.3953130971539,10.0000000000000
30,0.2064052362428,3.1257881851111,0.5545818249227,0.3169401594921,0.3951005325518,10.0000000000000
31,0.2064036213534,3.1257637293254,0.5545818249227,0.3169409494216,0.3951004686218,10.0000000000000
32,0.2064112617008,3.1258794342754,0.5545818249227,0.3168789195909,0.3950799523281,10.0000000000000
37,0.2064304259252,3.1261696561089,0.5547223269834,0.3166983820238,0.3950797964139,10.0000000000000
38,0.2064373402711,3.1262743665381,0.5546046937638,0.3166281295637,0.3950057736582,10.0000000000000
60939,0.2462365943429,3.7289918189558,0.0757562782489,0.7688298300722,0.3598140430631,0.0000004179551
60942,0.2462442883021,3.7291083357999,0.0757094442287,0.7688252399602,0.3597939807199,0.0000004179551
60943,0.2462445323964,3.7291120323489,0.0757562782489,0.7682497504259,0.3596085727723,0.0000004179551
60944,0.2462444319587,3.7291105113257,0.0756386450293,0.7683146230594,0.3595813058106,0.0000004179551
60945,0.2462525054167,3.7292327752772,0.0756386450293,0.7683040418133,0.3595792568209,0.0000004179551
60947,0.2462451972272,3.7291221005052,0.0756386450293,0.7682676012900,0.3595646763076,0.0000004179551
60952,0.2462396099908,3.7290374877419,0.0756386450293,0.7682680499692,0.3595636392853,0.0000004179551
60961,0.2462373028227,3.7290025481302,0.0756386450293,0.7682412292445,0.3595535660619,0.0000004179551
60962,0.2462297465695,3.7288881166970,0.0755918110090,0.7682278919101,0.3595271118081,0.0000004179551
60966,0.2462336002526,3.7289464766361,0.0755918110090,0.7682224802489,0.3595260048612,0.0000004179551
60967,0.2462285009141,3.7288692525678,0.0755918110090,0.7680920651002,0.3594783353070,0.0000004179551
60974,0.2462263378235,3.7288364948566,0.0756162554918,0.7679884528197,0.3594513436085,0.0000004179551
60986,0.2462357424571,3.7289789180488,0.0755694214715,0.7679880299420,0.3594331361365,0.0000004179551
60988,0.2462294197276,3.7288831670233,0.0755694214715,0.7679583362880,0.3594211763894,0.0000004179551
60989,0.2462212051990,3.7287587667083,0.0754517882519,0.7680312353838,0.3593950372877,0.0000004179551
60997,0.2462193151246,3.7287301435377,0.0753341550323,0.7681340136805,0.3593809245693,0.0000004179551
61009,0.2462244825849,3.7288083992385,0.0753341550323,0.7679445535370,0.3593143675452,0.0000004179551
61021,0.2462291213925,3.7288786490549,0.0752873210121,0.7678933913905,0.3592770176573,0.0000004179551
61038,0.2462222262985,3.7287742301761,0.0752873210121,0.7677551920172,0.3592261832181,0.0000004095960
61041,0.2462203243027,3.7287454264691,0.0752873210121,0.7677429392637,0.3592213996642,0.0000004095960
61044,0.2462220897098,3.7287721616853,0.0753031325211,0.7676137761732,0.3591824246516,0.0000004095960
61061,0.2462205208641,3.7287484031816,0.0753031325211,0.7675023863492,0.3591423063903,0.0000004095960
61079,0.2462214094112,3.7287618592851,0.0752562985008,0.7666990745188,0.3588355279880,0.0000004095960
61081,0.2462227490897,3.7287821472938,0.0752562985008,0.7665498289489,0.3587825130728,0.0000004095960
61088,0.2462248796969,3.7288144130773,0.0752945160750,0.7660064098506,0.3586052703424,0.0000004095960
61089,0.2462216522896,3.7287655374206,0.0752945160750,0.7659818685607,0.3585958140088,0.0000004095960
61091,0.2462258079687,3.7288284707684,0.0753120574843,0.7658199979160,0.3585464113137,0.0000004095960
61095,0.2462319934216,3.7289221428857,0.0753120574843,0.7657362131851,0.3585178136497,0.0000004095960
61102,0.2462321970229,3.7289252262117,0.0752652234641,0.7657448626935,0.3585008746658,0.0000004095960
61103,0.2462270958769,3.7288479747711,0.0752652234641,0.7657160152650,0.3584894789100,0.0000004095960
61113,0.2462293753748,3.7288824953473,0.0752652234641,0.7657054910744,0.3584862087344,0.0000004095960
61116,0.2462229431619,3.7287850863105,0.0752652234641,0.7655143356697,0.3584165606156,0.0000004095960
61124,0.2462230503169,3.7287867090595,0.0752652234641,0.7655108406733,0.3584153353644,0.0000004095960
61130,0.2462169396831,3.7286941699984,0.0752318705458,0.7653444174764,0.3583402949790,0.0000004095960
61132,0.2462091036088,3.7285755009717,0.0752596040428,0.7645970360584,0.3580835796697,0.0000004095960
61138,0.2462158250506,3.7286772900712,0.0752596040428,0.7644468033390,0.3580313654360,0.0000004095960
61140,0.2462213038198,3.7287602602156,0.0752127700226,0.7643825725037,0.3579895281510,0.0000004095960
61158,0.2462168684832,3.7286930917509,0.0752127700226,0.7642802170847,0.3579520222149,0.0000004095960
61159,0.2462143519864,3.7286549820786,0.0751659360023,0.7642770477783,0.3579302793475,0.0000004095960
61160,0.2462235978964,3.7287950015700,0.0751659360023,0.7641268857932,0.3578786313335,0.0000004095960
61174,0.2462325446950,3.7289304913367,0.0751773621590,0.7639881801034,0.3578359076826,0.0000004095960
61180,0.2462255939789,3.7288252301200,0.0751773621590,0.7638642495048,0.3577901573153,0.0000004095960
61187,0.2462359384497,3.7289818861490,0.0752241961792,0.7633244922600,0.3576196752660,0.0000004095960
61189,0.2462370982399,3.7289994499396,0.0751773621590,0.7632768997248,0.3575828547355,0.0000004095960
61199,0.2462475895494,3.7291583296851,0.0751305281388,0.7631474150635,0.3575187866285,0.0000004095960
61206,0.2462540020600,3.7292554403512,0.0751305281388,0.7631418670405,0.3575181793011,0.0000004014041
61216,0.2462548921381,3.7292689196382,0.0751305281388,0.7631016987025,0.3575040241971,0.0000004014041
61225,0.2462547095915,3.7292661551648,0.0751305281388,0.7630784160197,0.3574956698361,0.0000004014041
61239,0.2462606763741,3.7293565157525,0.0750128949192,0.7631862658073,0.3574850519767,0.0000004014041
61245,0.2462605423015,3.7293544853658,0.0750128949192,0.7629877310168,0.3574141179646,0.0000004014041
61246,0.2462615047956,3.7293690613160,0.0750352844566,0.7629464438201,0.3574091743019,0.0000004014041
61251,0.2462593248901,3.7293360489626,0.0750821184769,0.7628332788779,0.3573883628515,0.0000004014041
61259,0.2462577724807,3.7293125393698,0.0750821184769,0.7628277358650,0.3573860505449,0.0000004014041
61264,0.2462579948376,3.7293159067281,0.0751289524971,0.7620690359357,0.3571352056553,0.0000004014041
61299,0.2462519912983,3.7292249894991,0.0750113192775,0.7620633095000,0.3570814597900,0.0000004014041
61310,0.2462405135634,3.7290511713885,0.0750113192775,0.7620559282011,0.3570763640972,0.0000004014041
61311,0.2462398156389,3.7290406020630,0.0750113192775,0.7619570695871,0.3570409078941,0.0000004014041
61315,0.2462369436169,3.7289971083386,0.0750113192775,0.7619362249780,0.3570328479575,0.0000004014041
61324,0.2462376345637,3.7290075719952,0.0750113192775,0.7619082590156,0.3570230081739,0.0000004014041
61344,0.2462329983030,3.7289373607490,0.0750113192775,0.7617275187661,0.3569574646003,0.0000004014041
61346,0.2462307516226,3.7289033371587,0.0750113192775,0.7614206347085,0.3568473817197,0.0000004014041
61353,0.2462350320488,3.7289681596700,0.0750113192775,0.7613875134777,0.3568364699428,0.0000004014041
61354,0.2462393772259,3.7290339627637,0.0750357637602,0.7607078609606,0.3566051442173,0.0000004014041
61360,0.2462383731168,3.7290187565976,0.0750053748112,0.7603180958115,0.3564527033768,0.0000004014041
61363,0.2462293299987,3.7288818081736,0.0749585407910,0.7601312131450,0.3563639500334,0.0000004014041
61368,0.2462294617068,3.7288838027532,0.0749585407910,0.7601236217497,0.3563612670439,0.0000004014041
61378,0.2462305500162,3.7289002840438,0.0749117067708,0.7599767258420,0.3562889657059,0.0000003933760
61383,0.2462295212444,3.7288847043872,0.0747940735511,0.7600358620764,0.3562594511016,0.0000003933760
61385,0.2462397811331,3.7290400795093,0.0746764403315,0.7600499804826,0.3562162777001,0.0000003933760
61395,0.2462585546272,3.7293243841478,0.0746650141748,0.7592758129466,0.3559389152617,0.0000003933760
61399,0.2462640234913,3.7294072042894,0.0746650141748,0.7592250825192,0.3559219691513,0.0000003933760
61403,0.2462588167748,3.7293283540945,0.0746650141748,0.7592117685986,0.3559160984547,0.0000003933760
61407,0.2462733895469,3.7295490432583,0.0746181801546,0.7591920854270,0.3558921197645,0.0000003933760
61434,0.2462706632926,3.7295077570306,0.0746181801546,0.7590645812640,0.3558459983661,0.0000003933760
61442,0.2462684930205,3.7294748905647,0.0746650141748,0.7589904011728,0.3558391121410,0.0000003933760
61443,0.2462860188916,3.7297403012773,0.0746650141748,0.7582813320378,0.3555896287081,0.0000003933760
61452,0.2462853082522,3.7297295393971,0.0746650141748,0.7581242870323,0.3555333889262,0.0000003933760
61460,0.2462894965741,3.7297929670857,0.0746181801546,0.7579773274220,0.3554617291257,0.0000003855085
61465,0.2462839901113,3.7297095775521,0.0746181801546,0.7574918765067,0.3552871738425,0.0000003855085
61467,0.2462903873551,3.7298064570189,0.0745713461344,0.7573390560629,0.3552138942276,0.0000003855085
61481,0.2462881272526,3.7297722301652,0.0744537129147,0.7535019005073,0.3537925829845,0.0000003855085
61488,0.2462973415294,3.7299117706058,0.0744537129147,0.7532456593317,0.3537030427668,0.0000003855085
61490,0.2463023618944,3.7299877987038,0.0744379014057,0.7530731467382,0.3536357305577,0.0000003855085
61498,0.2462979092653,3.7299203683634,0.0744379014057,0.7530195136990,0.3536156217661,0.0000003855085
61503,0.2462927404060,3.7298420914762,0.0744379014057,0.7524515457982,0.3534116684745,0.0000003855085
61510,0.2462930054489,3.7298461052694,0.0743910673855,0.7524333183796,0.3533851437541,0.0000003855085
61515,0.2462924811238,3.7298381649237,0.0743910673855,0.7522415489635,0.3533165423216,0.0000003855085
61523,0.2462934363705,3.7298526311201,0.0743910673855,0.7517916272144,0.3531560606783,0.0000003855085
61531,0.2462966280836,3.7299009662263,0.0743556595220,0.7516390859446,0.3530870907932,0.0000003855085
61551,0.2463043369848,3.7300177093512,0.0742380263023,0.7479152400049,0.3517083834852,0.0000003777983
61565,0.2462975422858,3.7299148108484,0.0742380263023,0.7478733091659,0.3516919521786,0.0000003777983
61571,0.2462988611138,3.7299347830994,0.0741911922821,0.7478086367648,0.3516490657756,0.0000003777983
61574,0.2462878111020,3.7297674424009,0.0741911922821,0.7477579105351,0.3516285814053,0.0000003777983
61576,0.2462795109644,3.7296417456284,0.0742341202536,0.7476171794938,0.3515949394203,0.0000003777983
61590,0.2462845199582,3.7297176015218,0.0742674731719,0.7475652777403,0.3515917705434,0.0000003777983
61592,0.2462895407757,3.7297936364730,0.0742765523938,0.7473877010003,0.3515333172637,0.0000003777983
61596,0.2462997161480,3.7299477316845,0.0742765523938,0.7466973252205,0.3512889349221,0.0000003777983
61612,0.2463083102952,3.7300778809201,0.0742765523938,0.7466796618322,0.3512844681721,0.0000003777983
61615,0.2463102078708,3.7301066176882,0.0741867904021,0.7466961586849,0.3512522971035,0.0000003777983
61625,0.2463108211066,3.7301159044922,0.0741867904021,0.7466544002212,0.3512375147742,0.0000003777983
61627,0.2463156149711,3.7301885024823,0.0741867904021,0.7466220789772,0.3512269987294,0.0000003777983
61633,0.2463249847575,3.7303303979493,0.0741399563818,0.7466459096944,0.3512174457882,0.0000003777983
61634,0.2463197098424,3.7302505149604,0.0740931223616,0.7465217316400,0.3511518944212,0.0000003777983
61639,0.2463177007460,3.7302200893287,0.0740462883414,0.7465571585650,0.3511440446508,0.0000003777983
61640,0.2463108177946,3.7301158543364,0.0740931223616,0.7464966973091,0.3511410481499,0.0000003777983
61642,0.2463078650269,3.7300711378038,0.0740462883414,0.7465074026619,0.3511241670313,0.0000003777983
61674,0.2462997570995,3.7299483518508,0.0740931223616,0.7428897795747,0.3498504930958,0.0000003777983
61700,0.2462999780174,3.7299516974180,0.0740931223616,0.7428688872447,0.3498430788889,0.0000003777983
61706,0.2462977745002,3.7299183274896,0.0739754891420,0.7429419618844,0.3498182905553,0.0000003777983
61713,0.2462973607942,3.7299120623511,0.0740931223616,0.7427013420276,0.3497826804779,0.0000003702424
61716,0.2462905303954,3.7298086232122,0.0740931223616,0.7424932207225,0.3497068877834,0.0000003702424
61725,0.2462846585643,3.7297197005643,0.0740931223616,0.7423232023885,0.3496449087004,0.0000003702424
61732,0.2462807066013,3.7296598522799,0.0739754891420,0.7423480234121,0.3496025122655,0.0000003702424
61736,0.2462814320460,3.7296708383693,0.0739754891420,0.7422778629920,0.3495776104250,0.0000003702424
61737,0.2462799839343,3.7296489082556,0.0740425200235,0.7421338323491,0.3495545881207,0.0000003702424
61739,0.2462774592830,3.7296106750913,0.0740310938669,0.7420932854940,0.3495346691800,0.0000003702424
61743,0.2462690359370,3.7294831124588,0.0740779278871,0.6378615991206,0.3123273336240,0.0000003702424
61748,0.2462747330242,3.7295693887951,0.0740779278871,0.6376902113350,0.3122673445050,0.0000003702424
61755,0.2462746474537,3.7295680929220,0.0740779278871,0.6376579608236,0.3122558081287,0.0000003702424
61762,0.2462778123934,3.7296160225729,0.0740310938669,0.6376197526547,0.3122227688325,0.0000003702424
61765,0.2462834520473,3.7297014291441,0.0740310938669,0.6375911089983,0.3122137474525,0.0000003702424
61767,0.2462794965460,3.7296415272769,0.0740108970055,0.6375693722503,0.3121964809231,0.0000003702424
61769,0.2462812567355,3.7296681834784,0.0739754891420,0.6375614710726,0.3121788614587,0.0000003702424
61771,0.2462879141226,3.7297690025388,0.0739754891420,0.6375297018398,0.3121689418870,0.0000003702424
61774,0.2462835078130,3.7297022736569,0.0739754891420,0.6375003098333,0.3121575005327,0.0000003702424
61784,0.2462866679302,3.7297501302771,0.0739754891420,0.6374675683899,0.3121464843280,0.0000003702424
61789,0.2462949004914,3.7298748036766,0.0739640629853,0.6374439823218,0.3121349279282,0.0000003702424
61796,0.2463045148135,3.7300204023790,0.0739640629853,0.6372345998833,0.3120622086978,0.0000003702424
61811,0.2462994677251,3.7299439695823,0.0739640629853,0.6371802862151,0.3120417294402,0.0000003702424
61824,0.2462971451392,3.7299087964851,0.0739361917574,0.6369860616463,0.3119599210138,0.0000003702424
61826,0.2462944043091,3.7298672895223,0.0739361917574,0.6369761864763,0.3119558068467,0.0000003702424
61839,0.2462901687793,3.7298031469209,0.0738833967432,0.6368568068733,0.3118896372260,0.0000003702424
61841,0.2462911703753,3.7298183150290,0.0738833967432,0.6367628614361,0.3118562999118,0.0000003702424
61843,0.2462955325706,3.7298843758449,0.0737657635236,0.6368561094482,0.3118401232924,0.0000003702424
61847,0.2463021255460,3.7299842194594,0.0737657635236,0.6365081957465,0.3117172811794,0.0000003702424
61855,0.2463053937551,3.7300337130167,0.0737657635236,0.6363486669598,0.3116610069433,0.0000003702424
61860,0.2462996915323,3.7299473589056,0.0737657635236,0.6362829404562,0.3116363112871,0.0000003702424
61868,0.2463017536985,3.7299785882231,0.0737657635236,0.6356016609511,0.3113934390709,0.0000003702424
61875,0.2463032551908,3.7300013267296,0.0736481303039,0.6351557535801,0.3111840939497,0.0000003702424
61877,0.2463076729667,3.7300682292568,0.0736481303039,0.6349738379233,0.3111200707386,0.0000003702424
61878,0.2463048053668,3.7300248025004,0.0736481303039,0.6342662933689,0.3108667617692,0.0000003702424
61879,0.2463041792267,3.7300153202723,0.0736949643242,0.6341311201884,0.3108384231834,0.0000003702424
61881,0.2463104854191,3.7301108208621,0.0736949643242,0.6340814151132,0.3108220226977,0.0000003628375
61882,0.2463175338532,3.7302175619138,0.0735773311045,0.6341012870938,0.3107802159754,0.0000003628375
61884,0.2463206190379,3.7302642837615,0.0735101294366,0.6341235208981,0.3107600170160,0.0000003628375
61885,0.2463136172580,3.7301582492370,0.0735101294366,0.6341244065900,0.3107588329531,0.0000003628375
61888,0.2463123878386,3.7301396309866,0.0735101294366,0.6341193145982,0.3107567509376,0.0000003628375
61891,0.2463050236174,3.7300281076741,0.0735101294366,0.6334150438673,0.3105036476292,0.0000003628375
61892,0.2463071335253,3.7300600599888,0.0735101294366,0.6327016621541,0.3102493205690,0.0000003628375
61893,0.2463068422402,3.7300556487853,0.0735569634569,0.6291367622358,0.3089961513315,0.0000003628375
61894,0.2463123220963,3.7301386353881,0.0735569634569,0.6290719599478,0.3089741819121,0.0000003628375
61896,0.2463136417271,3.7301586197964,0.0735569634569,0.6290694929868,0.3089735836326,0.0000003628375
61916,0.2463124404706,3.7301404280418,0.0735569634569,0.6290639449293,0.3089713447714,0.0000003628375
61929,0.2463183197009,3.7302294627429,0.0735569634569,0.6289037908925,0.3089154067362,0.0000003628375
61933,0.2463206309198,3.7302644637001,0.0735569634569,0.6286632867319,0.3088300076543,0.0000003628375
61935,0.2463146632834,3.7301740901811,0.0735569634569,0.6285667934016,0.3087942669714,0.0000003628375
61948,0.2463155919235,3.7301881534509,0.0735236105386,0.6284676350007,0.3087447581433,0.0000003628375
61950,0.2463213593695,3.7302754952967,0.0735236105386,0.6280867413425,0.3086099605752,0.0000003628375
61952,0.2463256393678,3.7303403113278,0.0734767765183,0.6280848366989,0.3085901257649,0.0000003628375
61957,0.2463332036787,3.7304548647863,0.0734767765183,0.6279515008753,0.3085441267516,0.0000003628375
61959,0.2463320929496,3.7304380439728,0.0734767765183,0.6279077224984,0.3085282536036,0.0000003628375
61974,0.2463434191212,3.7306095668177,0.0734767765183,0.6278902503979,0.3085244406045,0.0000003555808
61976,0.2463486550939,3.7306888600661,0.0734767765183,0.6277613364379,0.3084795218986,0.0000003555808
61979,0.2463490662988,3.7306950873279,0.0734767765183,0.6277215982737,0.3084654178125,0.0000003555808
61994,0.2463526214972,3.7307489270332,0.0735236105386,0.6271701266347,0.3082892972069,0.0000003555808
62002,0.2463533670583,3.7307602177644,0.0735236105386,0.6271529917787,0.3082833373786,0.0000003555808
62003,0.2463498193217,3.7307064910610,0.0735236105386,0.6271298098807,0.3082742979000,0.0000003555808
62022,0.2463504808270,3.7307165088557,0.0734767765183,0.6271018160556,0.3082443701335,0.0000003555808
62039,0.2463418715397,3.7305861303398,0.0734767765183,0.6269381623375,0.3081840775298,0.0000003555808
62043,0.2463333416721,3.7304569545506,0.0734750631458,0.6268374770398,0.3081455563636,0.0000003555808
62055,0.2463253076239,3.7303352874192,0.0734561003534,0.6268533058917,0.3081413610322,0.0000003484692
62081,0.2463297286085,3.7304022385367,0.0733384671338,0.6269124480317,0.3081130163419,0.0000003484692
62099,0.2463297397476,3.7304024072271,0.0733384671338,0.6264170235245,0.3079360814049,0.0000003484692
62101,0.2463414950523,3.7305804288375,0.0732916331136,0.6263837772292,0.3079066549989,0.0000003484692
62113,0.2463419998344,3.7305880732262,0.0732447990933,0.6262577268022,0.3078416734339,0.0000003484692
62114,0.2463470666746,3.7306648051426,0.0732825538917,0.6254561450539,0.3075726606174,0.0000003484692
62124,0.2463463999828,3.7306547088030,0.0733159068100,0.6254027251493,0.3075677333253,0.0000003484692
62146,0.2463499115589,3.7307078878955,0.0733159068100,0.6252502327810,0.3075140242459,0.0000003484692
62150,0.2463472039977,3.7306668847556,0.0733159068100,0.6252058731498,0.3074976013287,0.0000003484692
62153,0.2463465625651,3.7306571709385,0.0732690727898,0.6250094489969,0.3074072406727,0.0000003484692
62156,0.2463465886594,3.7306575661104,0.0732222387695,0.6250469251531,0.3074005588829,0.0000003484692
62160,0.2463479791711,3.7306786239337,0.0731754047493,0.6250519326463,0.3073825735172,0.0000003484692
62165,0.2463504038035,3.7307153424168,0.0731754047493,0.6249399712798,0.3073431068789,0.0000003484692
62167,0.2463608686798,3.7308738218596,0.0731475335214,0.6247732597683,0.3072738647150,0.0000003484692
62169,0.2463636244790,3.7309155555118,0.0731589596781,0.6246002277136,0.3072175550052,0.0000003484692
62178,0.2463628942602,3.7309044971238,0.0731085281263,0.6246116157503,0.3071998521636,0.0000003484692
62187,0.2463687126753,3.7309926108435,0.0730239393078,0.6246200772691,0.3071678685870,0.0000003484692
62214,0.2463723318254,3.7310474190296,0.0730239393078,0.6245763519907,0.3071530279483,0.0000003484692
62219,0.2463795512776,3.7311567499696,0.0730239393078,0.6245548883421,0.3071469093850,0.0000003484692
62220,0.2463790105243,3.7311485608355,0.0730707733280,0.6240518374683,0.3069872042059,0.0000003484692
62224,0.2463767458370,3.7311142645493,0.0731176073482,0.6233929815702,0.3067714849608,0.0000003414998
62238,0.2463821019881,3.7311953777721,0.0731176073482,0.6233710090308,0.3067647853720,0.0000003414998
62239,0.2463877518113,3.7312809383473,0.0731176073482,0.6232223978179,0.3067129206152,0.0000003414998
62247,0.2463918602915,3.7313431569185,0.0731176073482,0.6230930067884,0.3066675899219,0.0000003414998
62258,0.2463940139406,3.7313757716467,0.0731176073482,0.6229591256792,0.3066202367362,0.0000003414998
62261,0.2463914965866,3.7313376489937,0.0731176073482,0.6227881507999,0.3065586348463,0.0000003414998
62267,0.2463958977305,3.7314042996453,0.0731176073482,0.6226144460133,0.3064975405248,0.0000003414998
62269,0.2463991013068,3.7314528144069,0.0731644413685,0.6222419184042,0.3063852531537,0.0000003414998
62281,0.2463979151580,3.7314348514427,0.0731644413685,0.6213951550452,0.3060825834936,0.0000003414998
62288,0.2463891635586,3.7313023177608,0.0731176073482,0.6213889045188,0.3060584040971,0.0000003414998
62297,0.2463913191704,3.7313349622134,0.0732238144112,0.6212237715766,0.3060454072758,0.0000003414998
62306,0.2463744644570,3.7310797154711,0.0732238144112,0.6209051933030,0.3059280175966,0.0000003414998
62311,0.2463768470710,3.7311157976317,0.0732238144112,0.6208657960856,0.3059144577220,0.0000003414998
62313,0.2463770661921,3.7311191159873,0.0732372955131,0.6207731733891,0.3058872027572,0.0000003414998
62320,0.2463655256682,3.7309443470038,0.0731196622935,0.5267589478785,0.2722578064399,0.0000003414998
62325,0.2463567941760,3.7308121178249,0.0730853507680,0.5268051511743,0.2722577316434,0.0000003414998
62329,0.2463649337298,3.7309353827257,0.0731321847883,0.5262942550997,0.2720970846727,0.0000003414998
62348,0.2463637749019,3.7309178335081,0.0730853507680,0.5262941198044,0.2720767163097,0.0000003414998
62349,0.2463546301734,3.7307793463019,0.0730853507680,0.5262433466862,0.2720566234685,0.0000003414998
62361,0.2463575635313,3.7308237688938,0.0730853507680,0.5257668469107,0.2718870735540,0.0000003414998
62363,0.2463584064458,3.7308365339392,0.0730853507680,0.5257654406568,0.2718867519450,0.0000003414998
62370,0.2463694310795,3.7310034903128,0.0730875434442,0.5255888741513,0.2718269946186,0.0000003414998
62386,0.2463755827850,3.7310966513616,0.0730407094240,0.5255961147737,0.2718108270548,0.0000003414998
62387,0.2463857206724,3.7312501789051,0.0730875434442,0.5254671916501,0.2717870272095,0.0000003414998
62416,0.2463904624154,3.7313219875681,0.0729699102246,0.5255126103038,0.2717538500080,0.0000003346698
62421,0.2463928023460,3.7313574233333,0.0730167442448,0.5252332418052,0.2716746486809,0.0000003346698
62428,0.2463965507515,3.7314141889546,0.0728991110252,0.5252529833307,0.2716320882185,0.0000003346698
62448,0.2464018516043,3.7314944647437,0.0728991110252,0.5250567603222,0.2715631444697,0.0000003346698
62459,0.2464067906996,3.7315692620989,0.0728522770049,0.5251019891399,0.2715602842734,0.0000003346698
62461,0.2464119132903,3.7316468382971,0.0728522770049,0.5249564080808,0.2715093887361,0.0000003346698
62465,0.2464179100285,3.7317376525309,0.0728522770049,0.5249296151061,0.2715011048318,0.0000003346698
62475,0.2464219142414,3.7317982920843,0.0728522770049,0.5248764034219,0.2714829587045,0.0000003346698
62484,0.2464202040144,3.7317723925121,0.0728522770049,0.5248680211468,0.2714795985576,0.0000003346698
62485,0.2464143169892,3.7316832397644,0.0727346437853,0.5248607805245,0.2714253368787,0.0000003346698
62494,0.2464196203915,3.7317635541622,0.0727346437853,0.5248199188505,0.2714118798670,0.0000003346698
62496,0.2464250225666,3.7318453643695,0.0727346437853,0.5241480933524,0.2711730997981,0.0000003346698
62502,0.2464191302481,3.7317561314610,0.0727346437853,0.5241499685439,0.2711725068697,0.0000003346698
62538,0.2464244508881,3.7318367069048,0.0727346437853,0.5241465995761,0.2711724438040,0.0000003346698
62543,0.2464194390357,3.7317608077208,0.0727346437853,0.5236189702955,0.2709829308069,0.0000003346698
62546,0.2464254159653,3.7318513219756,0.0727346437853,0.5235037960494,0.2709430779182,0.0000003346698
62549,0.2464215114422,3.7317921921175,0.0727346437853,0.5234996185001,0.2709407492528,0.0000003346698
62551,0.2464155360255,3.7317017007757,0.0727346437853,0.5233837087818,0.2708980724784,0.0000003346698
62556,0.2464187665896,3.7317506242392,0.0726878097651,0.5234290529820,0.2708948873764,0.0000003346698
62557,0.2464193228741,3.7317590485770,0.0726547653640,0.5234383690651,0.2708841718666,0.0000003346698
62566,0.2464185397921,3.7317471896322,0.0725371321444,0.5230657652565,0.2707005170375,0.0000003279764
62578,0.2464309374760,3.7319349393936,0.0724902981242,0.5231054294748,0.2706972677534,0.0000003279764
62585,0.2464251401784,3.7318471454748,0.0724434641040,0.5230977023093,0.2706731940504,0.0000003279764
62589,0.2464177291577,3.7317349134342,0.0724434641040,0.5230237908434,0.2706452090224,0.0000003279764
62596,0.2464173090864,3.7317285519011,0.0724434641040,0.5229311506498,0.2706120332237,0.0000003279764
62603,0.2464173322046,3.7317289020009,0.0724434641040,0.5229212754799,0.2706085113312,0.0000003279764
62605,0.2464230424628,3.7318153777999,0.0724434641040,0.5228901910426,0.2705986333732,0.0000003279764
62607,0.2464225855917,3.7318084589714,0.0723350808926,0.5228851722133,0.2705502930855,0.0000003279764
62628,0.2464269919124,3.7318751880207,0.0722931115282,0.5227309928527,0.2704781863693,0.0000003279764
62646,0.2464277524321,3.7318867052847,0.0722931115282,0.5227224496420,0.2704752981911,0.0000003279764
62649,0.2464301064718,3.7319223547171,0.0722931115282,0.5195759240320,0.2693520434818,0.0000003279764
62652,0.2464250140051,3.7318452347141,0.0723399455485,0.5193294825378,0.2692830091425,0.0000003279764
62655,0.2464221591889,3.7318020015541,0.0723399455485,0.5188388859753,0.2691071843381,0.0000003214169
62662,0.2464106256719,3.7316273386836,0.0722223123288,0.5183221221384,0.2688697401201,0.0000003214169
62663,0.2464175816685,3.7317326798664,0.0722223123288,0.5181763178129,0.2688191577174,0.0000003214169
62665,0.2464117290970,3.7316440488848,0.0722223123288,0.5181140980103,0.2687956822368,0.0000003214169
62668,0.2464279650312,3.7318899248720,0.0722223123288,0.5177827527665,0.2686808237785,0.0000003214169
62669,0.2464331690468,3.7319687341647,0.0721754783086,0.5177656338642,0.2686557533081,0.0000003214169
62670,0.2464323402512,3.7319561829345,0.0722223123288,0.5176288047886,0.2686267799050,0.0000003214169
62681,0.2464260882277,3.7318615026749,0.0722223123288,0.5174481819739,0.2685609320375,0.0000003214169
62682,0.2464257541550,3.7318564434998,0.0721754783086,0.5174959078610,0.2685578336873,0.0000003214169
62693,0.2464254402025,3.7318516890215,0.0721286442884,0.5174394662708,0.2685175369780,0.0000003214169
62696,0.2464170193529,3.7317241641945,0.0720818102682,0.5174581165617,0.2685023216054,0.0000003214169
62720,0.2464208822487,3.7317826636503,0.0720818102682,0.5172567599774,0.2684312363030,0.0000003214169
62725,0.2464133413286,3.7316684644203,0.0720818102682,0.5172503649672,0.2684273364593,0.0000003214169
62730,0.2464141147437,3.7316801769712,0.0720818102682,0.5172438493252,0.2684251751762,0.0000003214169
62742,0.2464254688551,3.7318521229347,0.0720818102682,0.5172144126016,0.2684170950844,0.0000003149885
62744,0.2464200870065,3.7317706205517,0.0720349762479,0.5172701388634,0.2684157723446,0.0000003149885
62751,0.2464296675217,3.7319157072829,0.0719881422277,0.5172417098731,0.2683876003783,0.0000003149885
62754,0.2464279130625,3.7318891378609,0.0719413082075,0.5172071503142,0.2683548100002,0.0000003149885
62758,0.2464260566315,3.7318610241844,0.0718236749878,0.5171850031299,0.2682960882479,0.0000003149885
62771,0.2464190677715,3.7317551853186,0.0718236749878,0.5169795063294,0.2682211989206,0.0000003149885
62777,0.2464100006042,3.7316178726957,0.0718236749878,0.5169806051373,0.2682196483876,0.0000003149885
62780,0.2464090736650,3.7316038351853,0.0718705090081,0.5168744684961,0.2682016155374,0.0000003149885
62782,0.2464085300942,3.7315956033838,0.0718236749878,0.5166175295377,0.2680896634213,0.0000003149885
62796,0.2464104491134,3.7316246648924,0.0717350093342,0.5166428098140,0.2680611037440,0.0000003149885
62804,0.2464025136777,3.7315044911419,0.0717350093342,0.5166265339375,0.2680535904804,0.0000003149885
62809,0.2464090095053,3.7316028635551,0.0717060417682,0.5165728091965,0.2680233803648,0.0000003149885
62810,0.2464138119366,3.7316755912796,0.0717060417682,0.5164215629354,0.2679703929355,0.0000003149885
62814,0.2464093330922,3.7316077639362,0.0717060417682,0.5162873150564,0.2679214875120,0.0000003149885
62828,0.2464123493698,3.7316534422571,0.0716592077480,0.5162882098415,0.2679023817003,0.0000003149885
62840,0.2464140414896,3.7316790676153,0.0716592077480,0.5162837865398,0.2679011645468,0.0000003149885
62848,0.2464129804112,3.7316629987102,0.0716543430921,0.5161111107029,0.2678371823786,0.0000003149885
62855,0.2464088978094,3.7316011720400,0.0717011771123,0.5160357560640,0.2678294668873,0.0000003149885
62868,0.2464099043321,3.7316164147569,0.0717011771123,0.5160325710756,0.2678285450749,0.0000003149885
62869,0.2464034219864,3.7315182465131,0.0716543430921,0.5158631573671,0.2677465793819,0.0000003149885
62873,0.2463983262097,3.7314410763852,0.0716075090718,0.5158640204834,0.2677257239627,0.0000003149885
62875,0.2463976157441,3.7314303171377,0.0716075090718,0.5157174142750,0.2676732123599,0.0000003149885
62890,0.2463974119421,3.7314272307725,0.0716543430921,0.5155915829518,0.2676483006527,0.0000003149885
62898,0.2463934697539,3.7313675305181,0.0716543430921,0.5153905202351,0.2675756477850,0.0000003149885
62901,0.2463955931393,3.7313996869353,0.0717011771123,0.5152440965927,0.2675438803611,0.0000003086887
62902,0.2463987324679,3.7314472287339,0.0717011771123,0.5152408599919,0.2675433971455,0.0000003086887
62912,0.2464001974937,3.7314694149950,0.0716543430921,0.5152160028217,0.2675147617959,0.0000003086887
62941,0.2464059565249,3.7315566294079,0.0717011771123,0.5150683187485,0.2674833232851,0.0000003086887
62942,0.2464045171046,3.7315348309158,0.0716886380898,0.5150568615417,0.2674735491115,0.0000003086887
62948,0.2463976177353,3.7314303472925,0.0716418040696,0.5150943917909,0.2674654026127,0.0000003086887
62952,0.2463900649871,3.7313159689392,0.0716418040696,0.5148769733413,0.2673861347204,0.0000003086887
62959,0.2463791900871,3.7311512801226,0.0716418040696,0.5148260039721,0.2673656010385,0.0000003086887
62965,0.2463792669936,3.7311524447898,0.0716886380898,0.5147341425239,0.2673528815814,0.0000003086887
62997,0.2463760165136,3.7311032197207,0.0717354721101,0.5146341245838,0.2673365360800,0.0000003086887
63001,0.2463748965511,3.7310862590784,0.0716886380898,0.5146049533992,0.2673058060849,0.0000003086887
63004,0.2463705716967,3.7310207637489,0.0716977173117,0.5145602826666,0.2672928165924,0.0000003086887
63017,0.2463816220058,3.7311881089493,0.0716411705074,0.5145734141933,0.2672756400020,0.0000003086887
63018,0.2463887869994,3.7312966151720,0.0716411705074,0.5141823452944,0.2671375078939,0.0000003086887
63033,0.2463910700733,3.7313311899018,0.0716880045276,0.5140366167452,0.2671060229365,0.0000003086887
63036,0.2463886197906,3.7312940829724,0.0716411705074,0.5138121175814,0.2670052478802,0.0000003086887
63043,0.2463899080747,3.7313135926662,0.0716411705074,0.5136816343430,0.2669589227845,0.0000003086887
63052,0.2463919886884,3.7313451013532,0.0716411705074,0.5136475100609,0.2669471813867,0.0000003086887
63053,0.2463847237068,3.7312350809186,0.0716984886048,0.5135238706751,0.2669260325804,0.0000003086887
63069,0.2463777651087,3.7311297003372,0.0716516545846,0.5134865069338,0.2668911255359,0.0000003086887
63087,0.2463927011779,3.7313558912495,0.0716984886048,0.5125196983575,0.2665691090679,0.0000003025150
63098,0.2463913306835,3.7313351365666,0.0715808553852,0.5126097507985,0.2665505627396,0.0000003025150
63111,0.2463902773347,3.7313191847179,0.0715340213650,0.5126172711999,0.2665329511567,0.0000003025150
63115,0.2463932679767,3.7313644748162,0.0715808553852,0.5124748020360,0.2665027818873,0.0000003025150
63116,0.2463936850221,3.7313707905263,0.0714632221656,0.5125104285796,0.2664651807827,0.0000003025150
63131,0.2464047913568,3.7315389841745,0.0714632221656,0.5123585476593,0.2664133175257,0.0000003025150
63153,0.2463918558620,3.7313430898380,0.0714632221656,0.5120850844509,0.2663128802024,0.0000003025150
63154,0.2463872945027,3.7312740128941,0.0714632221656,0.5120674819852,0.2663056161734,0.0000003025150
63220,0.2463862010491,3.7312574536996,0.0714163881454,0.5120633430727,0.2662838319559,0.0000003025150
63228,0.2463835973822,3.7312180239290,0.0714163881454,0.5120514353329,0.2662790212631,0.0000003025150
63278,0.2463800033987,3.7311635968634,0.0714163881454,0.5086374627191,0.2650589751903,0.0000002964647
63286,0.2463841835647,3.7312269010404,0.0714163881454,0.5084856356708,0.2650056469943,0.0000002964647
63291,0.2463792825593,3.7311526805162,0.0713695541251,0.5085426943451,0.2650049031539,0.0000002964647
63293,0.2463836022476,3.7312180976091,0.0712519209055,0.5085782495548,0.2649681128536,0.0000002964647
63297,0.2463819311625,3.7311927908006,0.0711342876859,0.5087141109242,0.2649658624446,0.0000002964647
63331,0.2463742064551,3.7310758083075,0.0710166544663,0.5080494429650,0.2646764114991,0.0000002964647
63334,0.2463678358409,3.7309793321175,0.0710166544663,0.5074502649928,0.2644610542346,0.0000002964647
63349,0.2463692824764,3.7310012398773,0.0710634884865,0.5073703596075,0.2644528983133,0.0000002964647
63368,0.2463579828106,3.7308301184336,0.0710634884865,0.5073448817423,0.2644413777187,0.0000002964647
63388,0.2463695861735,3.7310058390469,0.0710166544663,0.5073810424658,0.2644367069748,0.0000002964647
63390,0.2463730191618,3.7310578280109,0.0710166544663,0.5073780804755,0.2644363847615,0.0000002964647
63396,0.2463805453714,3.7311718044643,0.0710495446087,0.5072417136643,0.2644033908634,0.0000002964647
63438,0.2463819469022,3.7311930291616,0.0709319113891,0.5072714590998,0.2643639003243,0.0000002905354
63454,0.2463767838957,3.7311148409079,0.0708142781695,0.5072537356351,0.2643060499199,0.0000002905354
63473,0.2463755843544,3.7310966751291,0.0708142781695,0.5071094330476,0.2642542562370,0.0000002905354
63492,0.2463709188956,3.7310260217077,0.0708142781695,0.5067817067709,0.2641362113970,0.0000002905354
63537,0.2463665627411,3.7309600523723,0.0707674441492,0.5067585074159,0.2641069207284,0.0000002905354
63545,0.2463688763182,3.7309950890415,0.0708039318232,0.5067079919272,0.2641050128235,0.0000002847247
63550,0.2463685779590,3.7309905707080,0.0707570978029,0.5066488740205,0.2640637636283,0.0000002847247
63561,0.2463696865250,3.7310073587643,0.0707570978029,0.5066448369672,0.2640625593735,0.0000002847247
63567,0.2463677072218,3.7309773843172,0.0707102637827,0.5066653572121,0.2640493921730,0.0000002847247
63569,0.2463714346217,3.7310338318329,0.0706634297625,0.5066472459881,0.2640236508843,0.0000002847247
63582,0.2463707994078,3.7310242121930,0.0705457965428,0.5067032403965,0.2639930985331,0.0000002790302
63590,0.2463733504925,3.7310628456625,0.0705158703697,0.5067025071939,0.2639805578332,0.0000002790302
63593,0.2463758732033,3.7311010494395,0.0704690363495,0.5065199551732,0.2638958295409,0.0000002790302
63596,0.2463726993783,3.7310529852278,0.0703514031298,0.5065853725351,0.2638680985421,0.0000002790302
63603,0.2463703217711,3.7310169788919,0.0703514031298,0.5057618349604,0.2635734684925,0.0000002790302
63606,0.2463698173259,3.7310093396047,0.0703514031298,0.5057195284039,0.2635582509126,0.0000002790302
63609,0.2463653851241,3.7309422186127,0.0703514031298,0.5056816973828,0.2635437900761,0.0000002790302
63611,0.2463589723122,3.7308451033846,0.0703149154559,0.5055957579555,0.2634960856750,0.0000002790302
63620,0.2463472255002,3.7306672103878,0.0702680814357,0.5055909149070,0.2634717671178,0.0000002790302
63627,0.2463478601658,3.7306768217243,0.0702212474155,0.5056045476172,0.2634567002197,0.0000002790302
63640,0.2463482187372,3.7306822519067,0.0701036141958,0.5052297278499,0.2632724986168,0.0000002790302
63661,0.2463410486747,3.7305736689229,0.0702195340429,0.5050754995030,0.2632655605569,0.0000002790302
63664,0.2463374825778,3.7305196641707,0.0702195340429,0.5050085217760,0.2632408757765,0.0000002790302
63665,0.2463396127134,3.7305519228126,0.0701727000226,0.5050481101342,0.2632353992105,0.0000002790302
63671,0.2463468070010,3.7306608726616,0.0701727000226,0.5049894457967,0.2632159892945,0.0000002790302
63672,0.2463438447873,3.7306160130800,0.0700550668030,0.5049882570112,0.2631645157312,0.0000002790302
63693,0.2463471000481,3.7306653105488,0.0700550668030,0.5048833290262,0.2631277390067,0.0000002790302
63712,0.2463441253714,3.7306202622276,0.0700295259822,0.5048555014648,0.2631062170951,0.0000002790302
63720,0.2463478363226,3.7306764606449,0.0700763600024,0.5047838245760,0.2631014851330,0.0000002790302
63745,0.2463461130869,3.7306503640695,0.0700763600024,0.5046532377762,0.2630544777255,0.0000002790302
63752,0.2463400044716,3.7305578555746,0.0700295259822,0.5046910463234,0.2630466000661,0.0000002734496
63768,0.2463367150354,3.7305080405555,0.0699826919620,0.5046920473483,0.2630261809728,0.0000002734496
63794,0.2463287062169,3.7303867555020,0.0699826919620,0.5045408485004,0.2629704652089,0.0000002734496
63811,0.2463339423150,3.7304660506488,0.0699826919620,0.5044997796943,0.2629569197992,0.0000002734496
63828,0.2463309959411,3.7304214309440,0.0699875566179,0.5044950437191,0.2629566818661,0.0000002734496
63834,0.2463321873760,3.7304394739607,0.0700343906381,0.5037059989523,0.2626952071942,0.0000002734496
63838,0.2463372074538,3.7305154977104,0.0700343906381,0.5035761907599,0.2626499228564,0.0000002734496
63847,0.2463392451320,3.7305463561833,0.0700343906381,0.5035645242169,0.2626461928792,0.0000002734496
63860,0.2463464239650,3.7306550719872,0.0699875566179,0.5035429716479,0.2626199621315,0.0000002734496
63862,0.2463440397298,3.7306189652771,0.0699875566179,0.5034746290055,0.2625950431374,0.0000002734496
63874,0.2463384350197,3.7305340878922,0.0699875566179,0.5034062736149,0.2625694294886,0.0000002734496
63878,0.2463349978842,3.7304820361245,0.0699875566179,0.5033548918051,0.2625503423133,0.0000002734496
63906,0.2463371046425,3.7305139407413,0.0700174827910,0.5032321456755,0.2625197813608,0.0000002734496
63926,0.2463439318217,3.7306173311231,0.0698998495714,0.5032425546744,0.2624745475904,0.0000002679806
63957,0.2463431906349,3.7306061066359,0.0698530155512,0.5032344136265,0.2624514095246,0.0000002679806
63971,0.2463410304663,3.7305733931763,0.0697353823315,0.5033173389955,0.2624301485976,0.0000002679806
63983,0.2463384490635,3.7305343005704,0.0696177491119,0.5032749279045,0.2623640343846,0.0000002679806
64021,0.2463369844244,3.7305121201669,0.0696177491119,0.5031756249259,0.2623282551839,0.0000002679806
64022,0.2463424819448,3.7305953742773,0.0696177491119,0.5031006746454,0.2623026652666,0.0000002679806
64047,0.2463353241318,3.7304869767972,0.0696177491119,0.5030491050749,0.2622827137458,0.0000002679806
64050,0.2463406918958,3.7305682658847,0.0695709150917,0.5030778423652,0.2622740555760,0.0000002679806
64077,0.2463418351917,3.7305855798874,0.0695240810715,0.5029441244505,0.2622064724469,0.0000002679806
64085,0.2463358502083,3.7304949436670,0.0695027878720,0.5029223608241,0.2621882915698,0.0000002679806
64118,0.2463347541882,3.7304783456061,0.0695458535745,0.5027866978562,0.2621580623780,0.0000002626210
64124,0.2463333034310,3.7304563754285,0.0694990195542,0.5027990920223,0.2621421062664,0.0000002626210
64126,0.2463256474359,3.7303404335105,0.0694521855340,0.5027000568186,0.2620850242575,0.0000002626210
64134,0.2463263306326,3.7303507797996,0.0694053515138,0.5026210197857,0.2620368714221,0.0000002626210
64147,0.2463244116917,3.7303217194764,0.0694974439126,0.5024455113189,0.2620132467961,0.0000002626210
64173,0.2463188699177,3.7302377951922,0.0695143517596,0.5023966903709,0.2620018694404,0.0000002626210
64220,0.2463233624336,3.7303058295760,0.0695442779328,0.5022732338057,0.2619715659947,0.0000002626210
64242,0.2463182765492,3.7302288092559,0.0694974439126,0.5021919339690,0.2619213687834,0.0000002626210
64248,0.2463195650932,3.7302483228876,0.0694974439126,0.5019700126158,0.2618423872739,0.0000002626210
64249,0.2463190530250,3.7302405681581,0.0694974439126,0.5019614869553,0.2618392326662,0.0000002626210
64253,0.2463134891705,3.7301563094887,0.0695442779328,0.5019018321493,0.2618368068468,0.0000002626210
64265,0.2463142062064,3.7301671682353,0.0695442779328,0.5012866851435,0.2616172651381,0.0000002573685
64301,0.2463238938159,3.7303138767972,0.0695143517596,0.5012857620405,0.2616061858720,0.0000002573685
64393,0.2463287251827,3.7303870427182,0.0695143517596,0.5011572927032,0.2615613392587,0.0000002573685
64397,0.2463269415031,3.7303600307845,0.0694675177394,0.5012122000610,0.2615604950893,0.0000002573685
64419,0.2463193252793,3.7302446911603,0.0694675177394,0.5011701688479,0.2615438518939,0.0000002573685
64443,0.2463185134112,3.7302323962804,0.0695851509590,0.5005611725141,0.2613765934685,0.0000002522212
64450,0.2463232223985,3.7303037088933,0.0695851509590,0.5005533497148,0.2613748086803,0.0000002522212
64466,0.2463086891535,3.7300836183259,0.0695851509590,0.5004840501023,0.2613469445518,0.0000002522212
64523,0.2463088128471,3.7300854915351,0.0694675177394,0.5005361368990,0.2613151592481,0.0000002522212
64537,0.2463089636819,3.7300877757679,0.0693498845198,0.5005910685621,0.2612843957839,0.0000002522212
64549,0.2463023971653,3.7299883328446,0.0693498845198,0.5005405279498,0.2612649384546,0.0000002522212
64554,0.2463081787606,3.7300758889686,0.0693030504996,0.4997489808436,0.2609634102498,0.0000002522212
64565,0.2463086521423,3.7300830578310,0.0693254400371,0.4996805146952,0.2609486550089,0.0000002522212
64592,0.2463111097569,3.7301202757957,0.0692786060168,0.4997049727291,0.2609378449298,0.0000002522212
64595,0.2463087886516,3.7300851251189,0.0692317719966,0.4996528859323,0.2608986733997,0.0000002522212
64597,0.2463094809660,3.7300956094864,0.0692786060168,0.4964848681402,0.2597874585500,0.0000002522212
64611,0.2463136792926,3.7301591886858,0.0691609727972,0.4932937233579,0.2585982493893,0.0000002471768
64614,0.2463071167260,3.7300598055816,0.0691609727972,0.4928025201821,0.2584214134194,0.0000002471768
64645,0.2463114087907,3.7301248043447,0.0691609727972,0.4924668575694,0.2583024536430,0.0000002471768
64727,0.2463118100833,3.7301308814952,0.0691309088931,0.4924589963005,0.2582868475079,0.0000002471768
64738,0.2463101489076,3.7301057247529,0.0692392921045,0.4923154669539,0.2582816810085,0.0000002471768
64746,0.2463116488292,3.7301284394724,0.0692392921045,0.4918553851966,0.2581176875070,0.0000002471768
64778,0.2463130008915,3.7301489150205,0.0692225219884,0.4918609282095,0.2581127696894,0.0000002422332
64850,0.2463124295436,3.7301402625639,0.0692240976300,0.4918522790559,0.2581102335493,0.0000002422332
64851,0.2463194687721,3.7302468642061,0.0692240976300,0.4917534228468,0.2580764361664,0.0000002422332
64852,0.2463175254654,3.7302174348902,0.0691772636098,0.4915593322215,0.2579866299402,0.0000002373886
64854,0.2463105394726,3.7301116394458,0.0691304295896,0.4915652378590,0.2579671703750,0.0000002373886
64857,0.2463119029437,3.7301322877675,0.0691304295896,0.4915227835397,0.2579523002905,0.0000002373886
64863,0.2463146882569,3.7301744683783,0.0690262774719,0.4915362613399,0.2579130740215,0.0000002373886
64874,0.2463154341527,3.7301857641786,0.0690262774719,0.4915170272118,0.2579063645249,0.0000002373886
64893,0.2463175181799,3.7302173245591,0.0690262774719,0.4914899519057,0.2578971413500,0.0000002373886
64904,0.2463156795867,3.7301894810161,0.0689363777492,0.4915479150939,0.2578789200518,0.0000002373886
64929,0.2463196562857,3.7302497039005,0.0688187445296,0.4915807023909,0.2578410677135,0.0000002373886
64944,0.2463184419885,3.7302313146585,0.0688138798737,0.4915808982275,0.2578387925961,0.0000002326408
64956,0.2463107681147,3.7301151019863,0.0687861463767,0.4915773470407,0.2578239941291,0.0000002326408
64970,0.2463121813769,3.7301365043431,0.0686685131571,0.4886341791486,0.2567227513440,0.0000002326408
65006,0.2463007637090,3.7299635958827,0.0686265437928,0.4886536180209,0.2567092602849,0.0000002326408
65039,0.2462988983676,3.7299353472686,0.0685797097725,0.4886853326040,0.2567001154827,0.0000002326408
65041,0.2463033454929,3.7300026942603,0.0684620765529,0.4887197923821,0.2566629612648,0.0000002326408
65042,0.2463064733464,3.7300500622798,0.0684152425327,0.4886694467314,0.2566255792066,0.0000002326408
65052,0.2463034281709,3.7300039463308,0.0684103778768,0.4886738029060,0.2566243975931,0.0000002326408
65079,0.2463017597700,3.7299786801696,0.0684736569682,0.4884463254933,0.2565699177561,0.0000002326408
65098,0.2463085305568,3.7300812165486,0.0684268229480,0.4884193763784,0.2565416722322,0.0000002326408
65099,0.2463030444767,3.7299981356882,0.0683091897284,0.4884177425841,0.2564894989086,0.0000002326408
65111,0.2463108467543,3.7301162929006,0.0681915565087,0.4882929949495,0.2563962038616,0.0000002279880
65122,0.2463038358449,3.7300101201206,0.0681495871444,0.4883230252926,0.2563874397760,0.0000002279880
65125,0.2463070098435,3.7300581869591,0.0681027531242,0.4877279155111,0.2561555089879,0.0000002279880
65126,0.2463093895348,3.7300942248585,0.0680803635867,0.4876802179108,0.2561293885485,0.0000002279880
65157,0.2463036333408,3.7300070534103,0.0680803635867,0.4876578495542,0.2561201663795,0.0000002279880
65159,0.2463039008823,3.7300111050425,0.0680803635867,0.4874877079801,0.2560594588620,0.0000002279880
65164,0.2463077136300,3.7300688450584,0.0679627303671,0.4875685452441,0.2560387320938,0.0000002279880
65247,0.2463151562418,3.7301815555137,0.0678936445403,0.4875808214575,0.2560151030896,0.0000002279880
65253,0.2463116678727,3.7301287278672,0.0678468105200,0.4876050556417,0.2560029389248,0.0000002279880
65255,0.2463192273070,3.7302432074749,0.0677999764998,0.4875274162360,0.2559567587214,0.0000002279880
65308,0.2463181004136,3.7302261418693,0.0677999764998,0.4874186393742,0.2559176683650,0.0000002234282
65310,0.2463295781710,3.7303999603203,0.0677531424796,0.4874421620260,0.2559084571086,0.0000002234282
65351,0.2463188453954,3.7302374238290,0.0677656649743,0.4874285387524,0.2559066585567,0.0000002234282
65415,0.2463066545947,3.7300528070931,0.0677188309541,0.4872121175334,0.2558066812268,0.0000002234282
65416,0.2463058279957,3.7300402891290,0.0677656649743,0.4871227316302,0.2557946522846,0.0000002234282
65421,0.2463076027636,3.7300671661044,0.0677728600373,0.4870864235692,0.2557851490258,0.0000002234282
65445,0.2463028541176,3.7299952529021,0.0678196940575,0.4867764190326,0.2556934872758,0.0000002234282
65481,0.2463098681810,3.7301014734465,0.0677020608379,0.4868687272164,0.2556775432609,0.0000002189596
65509,0.2463054438982,3.7300344723802,0.0677020608379,0.4868551315065,0.2556717395896,0.0000002189596
65537,0.2463045579833,3.7300210561401,0.0676535134451,0.4868832390052,0.2556607821176,0.0000002189596
65556,0.2463073045850,3.7300626505069,0.0676066794249,0.4868326357137,0.2556232263481,0.0000002189596
65561,0.2463105314415,3.7301115178227,0.0675598454047,0.4868561905998,0.2556122585537,0.0000002189596
65564,0.2463166835092,3.7302046843570,0.0675130113844,0.4868303508310,0.2555842766421,0.0000002189596
65598,0.2463230067914,3.7303004437524,0.0673953781648,0.4868284858324,0.2555345513232,0.0000002189596
65615,0.2463239734370,3.7303150825752,0.0674422121850,0.4867392020205,0.2555229431088,0.0000002189596
65636,0.2463227438421,3.7302964616651,0.0673953781648,0.4867202574894,0.2554958419973,0.0000002145805
65642,0.2463264031593,3.7303518781388,0.0673953781648,0.4866899882548,0.2554858156958,0.0000002145805
65687,0.2463255115777,3.7303383760825,0.0673881831018,0.4866340984105,0.2554625803855,0.0000002145805
65712,0.2463297066184,3.7304019055202,0.0673756606071,0.4866105592989,0.2554497057137,0.0000002145805
65730,0.2463279015081,3.7303745690406,0.0673288265868,0.4865870866924,0.2554208641076,0.0000002145805
65739,0.2463162233183,3.7301977152539,0.0672819925666,0.4866295771293,0.2554134650715,0.0000002145805
65745,0.2463141833428,3.7301668219911,0.0672924766438,0.4864679378628,0.2553597928004,0.0000002145805
65754,0.2463089998781,3.7300883239204,0.0672924766438,0.4864113000523,0.2553384542685,0.0000002145805
65770,0.2463173860580,3.7302153237120,0.0672924766438,0.4863854707313,0.2553310265495,0.0000002145805
65804,0.2463116359043,3.7301282437394,0.0672440669819,0.4863963326282,0.2553129266247,0.0000002102888
65805,0.2463110757511,3.7301197608136,0.0672440669819,0.4862234801424,0.2552510735612,0.0000002102888
65816,0.2463181277368,3.7302265556515,0.0672440669819,0.4861971591055,0.2552431843307,0.0000002102888
65824,0.2463147376821,3.7301752168705,0.0672440669819,0.4861747353701,0.2552344494134,0.0000002102888
65830,0.2463030046512,3.7299975325731,0.0672440669819,0.4861715118937,0.2552307839510,0.0000002102888
65837,0.2463068309410,3.7300554776710,0.0672440669819,0.4861535936579,0.2552252045003,0.0000002102888
65884,0.2463077299650,3.7300690924355,0.0671972329617,0.4861826222991,0.2552156927972,0.0000002102888
65913,0.2463123536400,3.7301391130839,0.0671073332390,0.4861362387630,0.2551615895835,0.0000002102888
65939,0.2463122234370,3.7301371412976,0.0671073332390,0.4861335106101,0.2551605873425,0.0000002102888
66011,0.2463150583669,3.7301800733020,0.0670795997421,0.4861303628903,0.2551481848575,0.0000002060831
66040,0.2463065386960,3.7300510519303,0.0670327657218,0.4861284356339,0.2551255991849,0.0000002060831
66057,0.2463044483192,3.7300193953935,0.0669859317016,0.4861088364240,0.2550980798062,0.0000002060831
66081,0.2463069174737,3.7300567881174,0.0669859317016,0.4861027363268,0.2550964303046,0.0000002060831
66107,0.2463069882152,3.7300578594221,0.0669859317016,0.4860492671417,0.2550773493260,0.0000002060831
66116,0.2463133225659,3.7301537864378,0.0669859317016,0.4859554348302,0.2550451951470,0.0000002060831
66117,0.2463112282263,3.7301220698891,0.0670785034040,0.4023845994713,0.2252376930328,0.0000002060831
66125,0.2463147891049,3.7301759956154,0.0669608701844,0.4024156969226,0.2251991480739,0.0000002060831
66138,0.2463069925528,3.7300579251097,0.0669608701844,0.4024024253123,0.2251927375233,0.0000002019614
66164,0.2463088828160,3.7300865511399,0.0668971283170,0.4023899053268,0.2251613532131,0.0000002019614
66171,0.2463070912205,3.7300594193270,0.0668971283170,0.4023200533905,0.2251360221797,0.0000002019614
66215,0.2463123635724,3.7301392635003,0.0667794950974,0.4022609864225,0.2250656423867,0.0000002019614
66245,0.2463086008780,3.7300822814878,0.0667794950974,0.4022428325532,0.2250583525703,0.0000002019614
66256,0.2463121445647,3.7301359468615,0.0667690110202,0.4022029328592,0.2250403688651,0.0000002019614
66259,0.2463105648038,3.7301120230586,0.0667346994947,0.4022257650705,0.2250334797666,0.0000002019614
66263,0.2463120038674,3.7301338161491,0.0667346994947,0.4020612851992,0.2249750453262,0.0000002019614
66266,0.2463072580217,3.7300619453543,0.0666878654745,0.4021165749730,0.2249737029841,0.0000002019614
66311,0.2463061771709,3.7300455770172,0.0665702322549,0.4021361004772,0.2249300305306,0.0000001979222
66324,0.2463082483201,3.7300769423722,0.0664525990352,0.4021867591476,0.2248981524935,0.0000001979222
66344,0.2463075151720,3.7300658396227,0.0664525990352,0.4021735912159,0.2248932925577,0.0000001979222
66404,0.2463189919543,3.7302396433080,0.0664837592774,0.4021035277266,0.2248840835829,0.0000001979222
66418,0.2463246903917,3.7303259400916,0.0664837592774,0.4020632782911,0.2248709298782,0.0000001979222
66428,0.2463256589806,3.7303406083426,0.0664369252572,0.4020631386437,0.2248510158359,0.0000001979222
66559,0.2463327345710,3.7304477606488,0.0664821836357,0.4019795089016,0.2248420607168,0.0000001900845
66655,0.2463285988805,3.7303851300059,0.0664369252572,0.4020013579480,0.2248295812803,0.0000001862828
66658,0.2463276699050,3.7303710616586,0.0664837592774,0.3990748360608,0.2238042675488,0.0000001862828
66675,0.2463256868331,3.7303410301394,0.0664369252572,0.3990810605368,0.2237859939090,0.0000001862828
66680,0.2463175641105,3.7302180201288,0.0663900912369,0.3990040315106,0.2237366712362,0.0000001862828
66721,0.2463154571610,3.7301861126148,0.0664124807744,0.3989739858442,0.2237350846679,0.0000001862828
66737,0.2463267681977,3.7303574062579,0.0663433949476,0.3989859244595,0.2237121640411,0.0000001862828
66878,0.2463269765606,3.7303605616939,0.0663433949476,0.3989735237994,0.2237077798832,0.0000001825571
66964,0.2463288043609,3.7303882417885,0.0662965609274,0.3989349797706,0.2236743341071,0.0000001825571
67038,0.2463270606622,3.7303618353226,0.0661789277078,0.3989541991798,0.2236304102952,0.0000001789060
67046,0.2463268464567,3.7303585914084,0.0661789277078,0.3986442040826,0.2235196518593,0.0000001789060
67069,0.2463251241558,3.7303325089885,0.0661789277078,0.3986391916796,0.2235174926508,0.0000001789060
67103,0.2463287534978,3.7303874715206,0.0660612944881,0.3987319113001,0.2235009702802,0.0000001789060
67130,0.2463238366784,3.7303130115106,0.0660301342460,0.3986616362576,0.2234614640571,0.0000001789060
67131,0.2463257557976,3.7303420745338,0.0660144604679,0.3986736641605,0.2234594536431,0.0000001789060
67156,0.2463286871770,3.7303864671624,0.0658968272483,0.3986975242393,0.2234181890155,0.0000001753279
67166,0.2463277942417,3.7303729446054,0.0658968272483,0.3985309576027,0.2233585095877,0.0000001753279
67178,0.2463300837276,3.7304076164394,0.0658968272483,0.3985071772746,0.2233505072175,0.0000001753279
67215,0.2463311783548,3.7304241934059,0.0657791940287,0.3985863804443,0.2233286143898,0.0000001753279
67224,0.2463233903490,3.7303062523254,0.0657328393120,0.3986228094485,0.2233200895829,0.0000001753279
67257,0.2463282115376,3.7303792641096,0.0657328393120,0.3986079086124,0.2233158009676,0.0000001753279
67281,0.2463208787716,3.7302682171526,0.0656860052918,0.3986603544256,0.2233128885852,0.0000001753279
67284,0.2463206034596,3.7302640478449,0.0656391712715,0.3986314901599,0.2232824492006,0.0000001753279
67285,0.2463240602399,3.7303163971119,0.0656391712715,0.3985255417158,0.2232453512091,0.0000001753279
67294,0.2463290971215,3.7303926753372,0.0656391712715,0.3985030810611,0.2232384088785,0.0000001753279
67302,0.2463296523215,3.7304010832520,0.0655215380519,0.3984539465767,0.2231705655828,0.0000001753279
67325,0.2463240457430,3.7303161775723,0.0654747040317,0.3984974045253,0.2231648131461,0.0000001718213
67360,0.2463252855693,3.7303349534255,0.0653570708121,0.3985103995838,0.2231193056785,0.0000001718213
67395,0.2463267860322,3.7303576763431,0.0653102367918,0.3985458737290,0.2231122248209,0.0000001718213
67408,0.2463240978846,3.7303169672009,0.0652634027716,0.3985506245482,0.2230932737875,0.0000001718213
67409,0.2463216206358,3.7302794518979,0.0652634027716,0.3985305751732,0.2230855824573,0.0000001718213
67455,0.2463189321120,3.7302387370592,0.0651457695520,0.3984838058958,0.2230178887948,0.0000001718213
67478,0.2463203582421,3.7302603342851,0.0650989355318,0.3984042169626,0.2229696980521,0.0000001718213
67530,0.2463063245176,3.7300478084262,0.0650521015115,0.3984495817674,0.2229628208185,0.0000001683849
67614,0.2463044297965,3.7300191148862,0.0650521015115,0.3983989270400,0.2229443238327,0.0000001683849
67646,0.2462971620433,3.7299090524794,0.0651407506375,0.3982961601010,0.2229440564614,0.0000001683849
67648,0.2463031234693,3.7299993319478,0.0651324592364,0.3982384654233,0.2229211752102,0.0000001683849
67696,0.2463093937494,3.7300942886840,0.0650939166172,0.3982635297889,0.2229149521354,0.0000001650172
67702,0.2463079936033,3.7300730849566,0.0650470825970,0.3981842712403,0.2228662737567,0.0000001650172
67714,0.2463052521200,3.7300315681034,0.0650470825970,0.3981736693468,0.2228618999054,0.0000001650172
67728,0.2463089586520,3.7300876995957,0.0649294493774,0.3981497448052,0.2228037354461,0.0000001650172
67743,0.2463127275592,3.7301447756934,0.0648826153571,0.3981864365924,0.2227975755559,0.0000001650172
67762,0.2463087619526,3.7300847207915,0.0648357813369,0.3982359678484,0.2227943437944,0.0000001650172
67849,0.2463108638204,3.7301165513475,0.0648357813369,0.3252640284876,0.1967333872800,0.0000001617168
67887,0.2463068503186,3.7300557711237,0.0648357813369,0.3251390805565,0.1966879029828,0.0000001617168
67931,0.2463056819481,3.7300380773925,0.0647889473167,0.3251152759620,0.1966590792539,0.0000001617168
67939,0.2463040844673,3.7300138852416,0.0647889473167,0.3251061793537,0.1966554881479,0.0000001617168
67991,0.2463022265385,3.7299857488829,0.0647889473167,0.3250631455657,0.1966397208103,0.0000001617168
67998,0.2463057648492,3.7300393328422,0.0647806559156,0.3250144665059,0.1966195401836,0.0000001617168
68012,0.2463031517233,3.7299997598250,0.0647582663781,0.3249573011042,0.1965889684971,0.0000001584825
68024,0.2463077811788,3.7300698680133,0.0647582663781,0.3248954071947,0.1965678555556,0.0000001584825
68061,0.2463053508610,3.7300330634311,0.0647582663781,0.3247711127770,0.1965229439098,0.0000001584825
68090,0.2463039958136,3.7300125426763,0.0647582663781,0.3247201979264,0.1965044696673,0.0000001584825
68109,0.2462994960236,3.7299443981328,0.0647582663781,0.3246957757206,0.1964947832102,0.0000001584825
68177,0.2463004988614,3.7299595850478,0.0647676541173,0.3246517403371,0.1964832944981,0.0000001553128
68201,0.2463045943705,3.7300216071847,0.0647676541173,0.3246491174009,0.1964832353443,0.0000001553128
68206,0.2463075757150,3.7300667564824,0.0647208200970,0.3246535032633,0.1964653688603,0.0000001553128
68216,0.2463142863451,3.7301683818514,0.0647208200970,0.3246223556245,0.1964556826957,0.0000001553128
68249,0.2463162313425,3.7301978367721,0.0647208200970,0.3245780771182,0.1964402857286,0.0000001553128
68276,0.2463168485378,3.7302071835402,0.0647208200970,0.3244949204822,0.1964107191862,0.0000001553128
68309,0.2463228499641,3.7302980687709,0.0646739860768,0.3245327141679,0.1964054312280,0.0000001553128
68328,0.2463184416525,3.7302313095708,0.0646739860768,0.3243172872405,0.1963275484015,0.0000001553128
68342,0.2463165511502,3.7302026799198,0.0646739860768,0.3242836543558,0.1963151315493,0.0000001522066
68450,0.2463178862283,3.7302228982606,0.0646739860768,0.3242125216172,0.1962900130880,0.0000001522066
68457,0.2463121525545,3.7301360678586,0.0646739860768,0.3241279721237,0.1962585881959,0.0000001522066
68478,0.2463183250457,3.7302295436853,0.0646739860768,0.3240922741159,0.1962471615841,0.0000001522066
68479,0.2463230220615,3.7303006750022,0.0645563528572,0.3241842837177,0.1962306144226,0.0000001522066
68682,0.2463223919523,3.7302911326674,0.0644387196376,0.3213435307645,0.1951655105360,0.0000001461792
68719,0.2463189061289,3.7302383435732,0.0643488199149,0.3214021911204,0.1951471852485,0.0000001461792
68750,0.2463252282937,3.7303340860474,0.0643488199149,0.3211807107330,0.1950694398597,0.0000001461792
68851,0.2463169119105,3.7302081432518,0.0643488199149,0.3211740559291,0.1950652810619,0.0000001432556
68897,0.2463142704996,3.7301681418887,0.0643488199149,0.3211403420540,0.1950526743756,0.0000001432556
68902,0.2463101180051,3.7301052567665,0.0642311866953,0.3211645001606,0.1950099982136,0.0000001432556
68913,0.2463045298003,3.7300206293373,0.0641843526751,0.3212229974275,0.1950096208992,0.0000001432556
68923,0.2463013891792,3.7299730679657,0.0641375186548,0.3212693760699,0.1950054399869,0.0000001432556
68949,0.2462973046417,3.7299112119814,0.0641843526751,0.3186465562689,0.1940879150943,0.0000001432556
68963,0.2462994795342,3.7299441484187,0.0641843526751,0.3185361602704,0.1940489540004,0.0000001432556
68973,0.2463053855595,3.7300335889031,0.0642949285626,0.3183528155909,0.1940321290006,0.0000001432556
68979,0.2463135874596,3.7301577979725,0.0642648646586,0.3183239223690,0.1940106830125,0.0000001432556
68991,0.2463101179128,3.7301052553701,0.0642180306383,0.3183368591880,0.1939944881077,0.0000001432556
69008,0.2463104970563,3.7301109970952,0.0641935861556,0.3183465645595,0.1939875593500,0.0000001432556
69018,0.2463082904414,3.7300775802553,0.0641467521353,0.3183498110198,0.1939681742311,0.0000001432556
69029,0.2463109231027,3.7301174491164,0.0641243625979,0.3183691015427,0.1939660323292,0.0000001403905
69146,0.2463123575970,3.7301391730090,0.0640067293782,0.3184484154702,0.1939442518865,0.0000001403905
69159,0.2463062375565,3.7300464914919,0.0639659940829,0.3184453660366,0.1939243933821,0.0000001403905
69179,0.2463056044200,3.7300369033130,0.0638483608633,0.3159047992250,0.1929664981832,0.0000001375827
69238,0.2463055937441,3.7300367416370,0.0638951948835,0.3158242459164,0.1929577985797,0.0000001348310
69249,0.2462912256696,3.7298191524027,0.0638483608633,0.3157795765854,0.1929186946511,0.0000001348310
69292,0.2462909879564,3.7298155524876,0.0638483608633,0.3157079030068,0.1928930460059,0.0000001348310
69302,0.2462889716253,3.7297850172944,0.0637307276437,0.3157494624768,0.1928570423658,0.0000001348310
69369,0.2462916168470,3.7298250763690,0.0637307276437,0.3156700210893,0.1928292372750,0.0000001321344
69409,0.2462908833578,3.7298139684533,0.0637302483401,0.3156478421079,0.1928209536181,0.0000001321344
69535,0.2462853888498,3.7297307599620,0.0636834143198,0.3156905376497,0.1928149529083,0.0000001294917
69550,0.2462761858270,3.7295913899525,0.0635657811002,0.3156696611274,0.1927551106943,0.0000001294917
69570,0.2462763219280,3.7295934510569,0.0635335245200,0.3156834417781,0.1927462372710,0.0000001294917
69581,0.2462759258078,3.7295874522365,0.0634158913004,0.3157388382196,0.1927155225945,0.0000001294917
69613,0.2462848362058,3.7297223907561,0.0634158913004,0.3156403498706,0.1926822575552,0.0000001294917
69632,0.2462866904551,3.7297504713926,0.0634158913004,0.3156177599984,0.1926745870828,0.0000001294917
69643,0.2462787587928,3.7296303547872,0.0634158913004,0.3156074865656,0.1926692183578,0.0000001294917
69735,0.2462803144023,3.7296539128419,0.0634013138604,0.3155728511084,0.1926509344222,0.0000001269019
69767,0.2462825893125,3.7296883639421,0.0633544798401,0.3156103505627,0.1926447428423,0.0000001269019
69819,0.2462824799950,3.7296867084451,0.0633267463432,0.3156153334799,0.1926346132460,0.0000001269019
69830,0.2462810300367,3.7296647503655,0.0633272256467,0.3156029708264,0.1926300927230,0.0000001269019
69831,0.2462790405838,3.7296346222125,0.0633272256467,0.3155534455542,0.1926119788145,0.0000001269019
69885,0.2462778490845,3.7296165782205,0.0632803916265,0.3155774571288,0.1926002273326,0.0000001243639
69891,0.2462855812821,3.7297336741459,0.0632335576063,0.3156109980129,0.1925937913963,0.0000001243639
69990,0.2462793720044,3.7296396412267,0.0631867235860,0.3156469927169,0.1925852443653,0.0000001243639
70004,0.2462763609701,3.7295940423082,0.0631398895658,0.3156147150107,0.1925529996685,0.0000001243639
70067,0.2462821247480,3.7296813286060,0.0631867235860,0.3154349288095,0.1925100971291,0.0000001218766
70126,0.2462857710313,3.7297365476959,0.0632335576063,0.3129251231566,0.1916345910368,0.0000001218766
70162,0.2462862376988,3.7297436148791,0.0632091131235,0.3129311146063,0.1916263546335,0.0000001218766
70232,0.2462784997059,3.7296264311915,0.0632183631318,0.3129233807408,0.1916258986866,0.0000001194391
70251,0.2462831420483,3.7296967345394,0.0631007299121,0.3129716742110,0.1915937269052,0.0000001194391
70282,0.2462873054081,3.7297597842039,0.0631007299121,0.3129650850986,0.1915922657993,0.0000001194391
70293,0.2462890257950,3.7297858376363,0.0630838220651,0.3129739813458,0.1915885654646,0.0000001194391
70330,0.2462885098710,3.7297780245152,0.0630838220651,0.3129554763507,0.1915818459826,0.0000001194391
70354,0.2462793765883,3.7296397106438,0.0630712995703,0.3128903172517,0.1915512509604,0.0000001194391
70408,0.2462765388708,3.7295967364261,0.0629536663507,0.3129644439347,0.1915267024564,0.0000001170503
70415,0.2462767793413,3.7296003780962,0.0629536663507,0.3129531292861,0.1915227130399,0.0000001170503
70447,0.2462759864519,3.7295883706280,0.0629531870471,0.3129467233399,0.1915200498813,0.0000001170503
70449,0.2462799031067,3.7296476842066,0.0629984454257,0.3128849015449,0.1915182063999,0.0000001170503
70466,0.2462766227597,3.7295980068340,0.0629984454257,0.3128311036350,0.1914982899291,0.0000001170503
70538,0.2462890413706,3.7297860735120,0.0629516114054,0.3128735613371,0.1914960428021,0.0000001170503
70544,0.2462872554518,3.7297590276688,0.0629516114054,0.3128611085283,0.1914912126735,0.0000001170503
70564,0.2462910475417,3.7298164548442,0.0629516114054,0.3128517658969,0.1914886886101,0.0000001147093
70583,0.2462878160726,3.7297675176749,0.0629047773852,0.3128002789251,0.1914495362253,0.0000001147093
70598,0.2462900420362,3.7298012275310,0.0628584226685,0.3128157247382,0.1914356632722,0.0000001147093
70642,0.2462855962503,3.7297339008230,0.0628261660883,0.3128025995070,0.1914161987726,0.0000001147093
70683,0.2462887676442,3.7297819282160,0.0627276333920,0.3128379923757,0.1913872903688,0.0000001147093
70703,0.2463019135087,3.7299810083785,0.0627276333920,0.3127852086112,0.1913712559953,0.0000001147093
70707,0.2463004420186,3.7299587242235,0.0627276333920,0.3127608800265,0.1913622518957,0.0000001147093
70756,0.2462998273034,3.7299494150138,0.0627276333920,0.3127443990330,0.1913562341019,0.0000001124151
70758,0.2462990890779,3.7299382353731,0.0626807993717,0.3127924851818,0.1913531778124,0.0000001124151
70808,0.2463049138049,3.7300264446804,0.0626355409931,0.3127606546367,0.1913236614684,0.0000001124151
70810,0.2463105160138,3.7301112841860,0.0626355409931,0.3127264621067,0.1913126503238,0.0000001124151
70831,0.2463090460760,3.7300890235384,0.0626355409931,0.3127170025776,0.1913089569339,0.0000001124151
70867,0.2463174585809,3.7302164219954,0.0626355409931,0.3126892063931,0.1913008324048,0.0000001124151
70880,0.2463221379636,3.7302872862789,0.0626355409931,0.3102060724258,0.1904150015699,0.0000001124151
70883,0.2463169113840,3.7302081352795,0.0626164404699,0.3102238885581,0.1904120585544,0.0000001124151
70910,0.2463186021285,3.7302337398101,0.0626164404699,0.3102203028943,0.1904111402626,0.0000001101668
70916,0.2463131155038,3.7301506507027,0.0625696064497,0.3102782954457,0.1904106044599,0.0000001101668
70928,0.2463223592534,3.7302906374781,0.0625696064497,0.3101988358978,0.1903842068534,0.0000001101668
70957,0.2463134009742,3.7301549738498,0.0625696064497,0.3101358739448,0.1903598008103,0.0000001101668
70984,0.2463144624731,3.7301710491224,0.0625696064497,0.3100888974876,0.1903432509682,0.0000001101668
71016,0.2463160506968,3.7301951010842,0.0624519732300,0.3102147049095,0.1903381082870,0.0000001101668
71017,0.2463053243276,3.7300326616098,0.0623343400104,0.3101909265408,0.1902769032678,0.0000001101668
71020,0.2463077773652,3.7300698102599,0.0623343400104,0.3101480154358,0.1902621035241,0.0000001101668
71054,0.2463096132984,3.7300976135204,0.0623811740307,0.3100029627227,0.1902307641209,0.0000001101668
71068,0.2463077229206,3.7300689857552,0.0623587844932,0.3099721276665,0.1902097510038,0.0000001079634
71093,0.2463053890648,3.7300336419869,0.0623587844932,0.3098680196303,0.1901720694504,0.0000001079634
71184,0.2463090675452,3.7300893486664,0.0623587844932,0.3098245210639,0.1901573224938,0.0000001079634
71234,0.2463138711552,3.7301620942405,0.0623587844932,0.3097670180280,0.1901378150403,0.0000001058042
71270,0.2463148377904,3.7301767329043,0.0623587844932,0.3097122074763,0.1901184469794,0.0000001058042
71271,0.2463104911787,3.7301109080858,0.0623119504729,0.3097703899281,0.1901182232867,0.0000001058042
71278,0.2463156147533,3.7301884991834,0.0622651164527,0.3097221940601,0.1900820366626,0.0000001058042
71282,0.2463150797387,3.7301803969548,0.0622165690599,0.3096966890230,0.1900520070493,0.0000001058042
71305,0.2463082976995,3.7300776901716,0.0621697350397,0.3097164711060,0.1900375470619,0.0000001058042
71306,0.2463067424859,3.7300541381122,0.0621229010194,0.3097358209144,0.1900240527247,0.0000001058042
71312,0.2463008041663,3.7299642085659,0.0621229010194,0.3095625456663,0.1899608962105,0.0000001058042
71474,0.2462968988671,3.7299050669559,0.0620760669992,0.3096165142391,0.1899592621280,0.0000001036881
71476,0.2462978941359,3.7299201392456,0.0620973601986,0.3095809540653,0.1899559009947,0.0000001036881
71483,0.2463111814826,3.7301213620049,0.0620973601986,0.3095093628224,0.1899331799823,0.0000001036881
71493,0.2463141487232,3.7301662977136,0.0620973601986,0.3094840663497,0.1899247813650,0.0000001036881
71529,0.2463127475982,3.7301450791631,0.0620827827586,0.3094488611914,0.1899056603788,0.0000001036881
71549,0.2463163595184,3.7301997778608,0.0619651495390,0.3094708666722,0.1898638792250,0.0000001036881
71565,0.2463099790794,3.7301031528856,0.0619183155187,0.3094672794524,0.1898411591152,0.0000001036881
71570,0.2463092596697,3.7300922581887,0.0618437480015,0.3094948410928,0.1898188908916,0.0000001036881
71654,0.2463040271717,3.7300130175612,0.0617969139813,0.3094417782354,0.1897787468986,0.0000001016143
71655,0.2462987294002,3.7299327884366,0.0617646574011,0.3094834266366,0.1897786618422,0.0000001016143
71681,0.2462994214265,3.7299432684404,0.0616792807617,0.3095042642979,0.1897496621671,0.0000001016143
71704,0.2462926903636,3.7298413336383,0.0615616475420,0.3069799458806,0.1887962632676,0.0000000995820
71705,0.2463010233612,3.7299675280399,0.0615159098599,0.2443596714334,0.1664140633150,0.0000000995820
71730,0.2463077839104,3.7300699093815,0.0614264563854,0.2444463500336,0.1664081314437,0.0000000995820
71760,0.2463094453817,3.7300950705999,0.0614264563854,0.2444364825097,0.1664049633576,0.0000000975904
71763,0.2463168059199,3.7302065381370,0.0614264563854,0.2444017038738,0.1663941196744,0.0000000975904
71773,0.2463100001593,3.7301034721180,0.0613851040556,0.2443726972518,0.1663645793622,0.0000000975904
71785,0.2463033467698,3.7300027135974,0.0612674708360,0.2444002259427,0.1663225710742,0.0000000975904
71791,0.2462999084162,3.7299506433823,0.0612674708360,0.2442304909203,0.1662612146333,0.0000000975904
71797,0.2462957131416,3.7298871104016,0.0611498376164,0.2442684337441,0.1662234524174,0.0000000975904
71806,0.2462960140103,3.7298916667384,0.0611689381396,0.2442134934910,0.1662120813088,0.0000000975904
71855,0.2463019749928,3.7299819394907,0.0610802890137,0.2442720511843,0.1661962796416,0.0000000975904
71915,0.2463037118813,3.7300082428229,0.0611125455939,0.2442145298455,0.1661899327453,0.0000000956386
71926,0.2463091948445,3.7300912764800,0.0611532808892,0.2441381176744,0.1661812755886,0.0000000956386
71935,0.2463144986508,3.7301715969953,0.0611379321561,0.2441064187456,0.1661645130440,0.0000000956386
71980,0.2463107636913,3.7301150349986,0.0611805516103,0.2440134222305,0.1661487651349,0.0000000956386
71989,0.2463155623926,3.7301877062369,0.0611636437632,0.2439946923625,0.1661358579693,0.0000000956386
71994,0.2463217703296,3.7302817188522,0.0611678583292,0.2439815373639,0.1661342962703,0.0000000956386
71995,0.2463239080146,3.7303140918212,0.0610502251096,0.2440541619618,0.1661102774650,0.0000000956386
72102,0.2463275962461,3.7303699461728,0.0610212410159,0.2439900911764,0.1660757636226,0.0000000937258
72148,0.2463339400782,3.7304660167745,0.0609744069957,0.2440223077313,0.1660685572047,0.0000000937258
72176,0.2463271816202,3.7303636671038,0.0609744069957,0.2440193470586,0.1660660515806,0.0000000937258
72190,0.2463262450633,3.7303494839426,0.0608567737761,0.2440586101450,0.1660294591836,0.0000000937258
72224,0.2463239857346,3.7303152688087,0.0608099397558,0.2440942250483,0.1660216229272,0.0000000937258
72250,0.2463204015673,3.7302609904004,0.0607902056704,0.2441143495185,0.1660195847369,0.0000000937258
72311,0.2463168136698,3.7302066555007,0.0607433716501,0.2441404636025,0.1660080706373,0.0000000918513
72318,0.2463147346388,3.7301751707838,0.0606965376299,0.2441721209093,0.1659988595887,0.0000000918513
72336,0.2463051502319,3.7300300251158,0.0606479902371,0.2441684238193,0.1659746793725,0.0000000918513
72361,0.2463025096571,3.7299900364137,0.0606948242573,0.2440088635434,0.1659371994452,0.0000000918513
72374,0.2462972485444,3.7299103624467,0.0606948242573,0.2439949052411,0.1659310869559,0.0000000918513
72399,0.2463031313400,3.7299994511413,0.0606257384305,0.2439664448336,0.1658925749122,0.0000000918513
72403,0.2463007131356,3.7299628300029,0.0605789044103,0.2440222247074,0.1658919063861,0.0000000918513
72411,0.2462923557599,3.7298362664192,0.0605789044103,0.2440201536159,0.1658893758444,0.0000000918513
72463,0.2462975887446,3.7299155144172,0.0605320703901,0.2440099365492,0.1658667765228,0.0000000900143
72482,0.2463045557177,3.7300210218291,0.0605195478953,0.2440116310985,0.1658635078584,0.0000000900143
72501,0.2463060432408,3.7300435487880,0.0605173552191,0.2440051530433,0.1658605733038,0.0000000900143
