0,0.2063240533919,3.124558757017,0.5553584234398,0.3201241934734,0.3965531191558,10
1,0.2063207812374,3.124509203711,0.5553115894196,0.320172622851,0.3965496424632,10.0000000000000
2,0.2063275983269,3.1246124412933,0.5551939562000,0.3196087420400,0.3962993030272,10.0000000000000
5,0.2063173290561,3.1244569240899,0.5551699910208,0.3196235137629,0.3962921072934,10.0000000000000
6,0.2063201119343,3.1244990678263,0.5552168250411,0.3195210681536,0.3962761876298,10.0000000000000
8,0.2063239021380,3.1245564664373,0.5552168250411,0.3193223756146,0.3962060381952,10.0000000000000
9,0.2063292889092,3.1246380433688,0.5550991918214,0.3193359362350,0.3961616213451,10.0000000000000
10,0.2063325135956,3.1246868778211,0.5550991918214,0.3192160150019,0.3961194833375,10.0000000000000
11,0.2063394366265,3.1247917197744,0.5549815586018,0.3191878330255,0.3960604876156,10.0000000000000
14,0.2063342660603,3.1247134170374,0.5550283926220,0.3190033071427,0.3960135492590,10.0000000000000
15,0.2063363164516,3.1247444680369,0.5549107594024,0.3188914922019,0.3959236404842,10.0000000000000
16,0.2063417523073,3.1248267883007,0.5547931261828,0.3183683416917,0.3956875516055,10.0000000000000
17,0.2063367032507,3.1247503256995,0.5547931261828,0.3178454135218,0.3954997096041,10.0000000000000
18,0.2063303018842,3.1246533837997,0.5547931261828,0.3177929958775,0.3954796172955,10.0000000000000
19,0.2063280182562,3.1246188006775,0.5547931261828,0.3177253212927,0.3954549584521,10.0000000000000
26,0.2063589015647,3.1250864955989,0.5546754929632,0.3171634994641,0.3952105114138,10.0000000000000
27,0.2063635498836,3.1251568894543,0.5545578597436,0.3164804223005,0.3949171371153,10.0000000000000
30,0.2063739149065,3.1253138567223,0.5544402265239,0.3159654236735,0.3946850158736,10.0000000000000
31,0.2063784943595,3.1253832076771,0.5543225933043,0.3155563201280,0.3944894745389,10.0000000000000
32,0.2063897230686,3.1255532545561,0.5542049600847,0.3154167256007,0.3943916112655,10.0000000000000
33,0.2063906944499,3.1255679650940,0.5542049600847,0.3153468356482,0.3943668587214,10.0000000000000
36,0.2063986305060,3.1256881482393,0.5542986281252,0.3150867922949,0.3943158301245,10.0000000000000
37,0.2063985058764,3.1256862608558,0.5542986281252,0.3150416787855,0.3942996914505,10.0000000000000
38,0.2064076242109,3.1258243483523,0.5542986281252,0.3146847275545,0.3941741627969,10.0000000000000
39,0.2064090813312,3.1258464148920,0.5542517941049,0.3146644003770,0.3941471436077,10.0000000000000
40,0.2063917048177,3.1255832660427,0.5542517941049,0.3145140794619,0.3940897340280,10.0000000000000
42,0.2063839250162,3.1254654492081,0.5542517941049,0.3144960978045,0.3940816449072,10.0000000000000
43,0.2063726120724,3.1252941266841,0.5542517941049,0.3144000598906,0.3940449214500,10.0000000000000
44,0.2063654361968,3.1251854556650,0.5542517941049,0.3143563151232,0.3940277606312,10.0000000000000
45,0.2063577779042,3.1250694789540,0.5542049600847,0.3143067888233,0.3939883598812,10.0000000000000
46,0.2063651488144,3.1251811035644,0.5540873268651,0.3138136916005,0.3937634189740,10.0000000000000
49,0.2063635327357,3.1251566297674,0.5540404928448,0.3138173421331,0.3937443047101,10.0000000000000
50,0.2063616166292,3.1251276123694,0.5539228596252,0.3136958201458,0.3936500791692,10.0000000000000
52,0.2063702881600,3.1252589334972,0.5539228596252,0.3136626193449,0.3936400799254,10.0000000000000
53,0.2063685455463,3.1252325434630,0.5539228596252,0.3136010264999,0.3936177090635,10.0000000000000
54,0.2063558358555,3.1250400686875,0.5539228596252,0.3134662115601,0.3935668373656,10.0000000000000
55,0.2063581832269,3.1250756171353,0.5539228596252,0.3133547925332,0.3935275478641,10.0000000000000
56,0.2063564292560,3.1250490551079,0.5538760256050,0.3133153960542,0.3934930301192,10.0000000000000
57,0.2063646692572,3.1251738411794,0.5538760256050,0.3132137061740,0.3934584780194,10.0000000000000
59,0.2063704956422,3.1252620755943,0.5539228596252,0.3131110759704,0.3934431446093,10.0000000000000
60,0.2063745548972,3.1253235487021,0.5539696936455,0.3129557318542,0.3934086061311,10.0000000000000
62,0.2063782213470,3.1253790731926,0.5539696936455,0.3128934050178,0.3933871322145,10.0000000000000
63,0.2063725657092,3.1252934245614,0.5539696936455,0.3128487631410,0.3933699767647,10.0000000000000
64,0.2063796624348,3.1254008969369,0.5539696936455,0.3126260039907,0.3932919406522,10.0000000000000
66,0.2063808775585,3.1254192986962,0.5539696936455,0.3121039529831,0.3931057542474,10.0000000000000
67,0.2063831122428,3.1254531406171,0.5538520604258,0.3120772891828,0.3930462960855,10.0000000000000
71,0.2064120264881,3.1258910161669,0.5538520604258,0.3120195339460,0.3930318651249,10.0000000000000
72,0.2064170079276,3.1259664547805,0.5537344272062,0.3115963138933,0.3928313683205,10.0000000000000
73,0.2064120983908,3.1258921050571,0.5537344272062,0.3114006622306,0.3927604406830,10.0000000000000
74,0.2064180961521,3.1259829347843,0.5537344272062,0.3111255665130,0.3926634774470,10.0000000000000
75,0.2064172899225,3.1259707252932,0.5536167939866,0.3109027440244,0.3925333109864,10.0000000000000
76,0.2064193112427,3.1260013360422,0.5534991607670,0.3107172792539,0.3924170924714,10.0000000000000
77,0.2064191996887,3.1259996466750,0.5533815275474,0.3106053098695,0.3923266652641,10.0000000000000
78,0.2064241463974,3.1260745593278,0.5532638943277,0.3105688092483,0.3922642751000,10.0000000000000
79,0.2064306082726,3.1261724175679,0.5533107283480,0.3102188931167,0.3921607614635,10.0000000000000
80,0.2064343667293,3.1262293354036,0.5533107283480,0.3102002126836,0.3921548952638,10.0000000000000
83,0.2064462095506,3.1264086823607,0.5531930951283,0.3102117531389,0.3921111403655,10.0000000000000
84,0.2064523661752,3.1265019179041,0.5531930951283,0.3101535331566,0.3920916667913,10.0000000000000
85,0.2064615761359,3.1266413929820,0.5531930951283,0.3098866919614,0.3919983399275,10.0000000000000
86,0.2064652700898,3.1266973339920,0.5531462611081,0.3099327236282,0.3919954996471,9.8000000000000
87,0.2064667893408,3.1267203414358,0.5530286278885,0.3099539421647,0.3919529890126,9.8000000000000
88,0.2064717188528,3.1267949936623,0.5530286278885,0.3098769432722,0.3919265457322,9.8000000000000
89,0.2064816994747,3.1269461395850,0.5530286278885,0.3085382800403,0.3914505904255,9.8000000000000
90,0.2064834256677,3.1269722809458,0.5530286278885,0.3085134039814,0.3914420760172,9.8000000000000
92,0.2064795997788,3.1269143419201,0.5530286278885,0.3078554760526,0.3912062819236,9.8000000000000
93,0.2064854648939,3.1270031628617,0.5529817938683,0.3078114138361,0.3911717305051,9.8000000000000
94,0.2064848807477,3.1269943165873,0.5529817938683,0.3076892353866,0.3911279701704,9.8000000000000
95,0.2064865741403,3.1270199612206,0.5529817938683,0.3074164255312,0.3910309009490,9.8000000000000
96,0.2064861761999,3.1270139348361,0.5528641606486,0.3073229759993,0.3909470266063,9.8000000000000
97,0.2064912482348,3.1270907454206,0.5527465274290,0.3072604190918,0.3908753574813,9.8000000000000
100,0.2064965889866,3.1271716254362,0.5525820601892,0.3073519872017,0.3908387188645,9.8000000000000
101,0.2064942045419,3.1271355155532,0.5525820601892,0.3072758046333,0.3908109998519,9.8000000000000
109,0.2065145275982,3.1274432866652,0.5523707589291,0.3074902951295,0.3908014008583,9.8000000000000
110,0.2065223986510,3.1275624854036,0.5523707589291,0.3074675513266,0.3907949647257,9.8000000000000
111,0.2065265677166,3.1276256214770,0.5522531257095,0.3070262838952,0.3905878483488,9.8000000000000
112,0.2065283205827,3.1276521667732,0.5522531257095,0.3067841408071,0.3905017442886,9.8000000000000
113,0.2065247176768,3.1275976045878,0.5522531257095,0.3067243047537,0.3904796022182,9.8000000000000
117,0.2065345350492,3.1277462782715,0.5522062916892,0.3066842691925,0.3904473358032,9.8000000000000
118,0.2065388001382,3.1278108685160,0.5522062916892,0.3066075477098,0.3904208492213,9.8000000000000
119,0.2065344067007,3.1277443345694,0.5520886584696,0.3063293639757,0.3902701421999,9.8000000000000
120,0.2065329593433,3.1277224158773,0.5520886584696,0.3061728702940,0.3902139414512,9.8000000000000
123,0.2065353595879,3.1277587650349,0.5519241912297,0.3062994259896,0.3901891682921,9.8000000000000
124,0.2065359463173,3.1277676504277,0.5518065580101,0.3062422231104,0.3901184501832,9.8000000000000
125,0.2065371067506,3.1277852239582,0.5518065580101,0.3060472234507,0.3900490561119,9.8000000000000
127,0.2065353133083,3.1277580641792,0.5518065580101,0.3059184732908,0.3900026896028,9.8000000000000
128,0.2065403100752,3.1278337349099,0.5518065580101,0.3056958154381,0.3899242396769,9.8000000000000
129,0.2065523746329,3.1280164398275,0.5518065580101,0.3056658702144,0.3899161302165,9.8000000000000
130,0.2065581653367,3.1281041338897,0.5518065580101,0.3056535715252,0.3899129786926,9.8000000000000
131,0.2065490187672,3.1279656188041,0.5518065580101,0.3055279248641,0.3898661449059,9.8000000000000
132,0.2065553567457,3.1280616007612,0.5518065580101,0.3054757839301,0.3898488812820,9.8000000000000
135,0.2065653161091,3.1282124247466,0.5518065580101,0.3053389006628,0.3898021285501,9.8000000000000
136,0.2065553696426,3.1280617960700,0.5518065580101,0.3053264167340,0.3897955386185,9.8000000000000
141,0.2065675686082,3.1282465364549,0.5516889247905,0.3053918665704,0.3897711133871,9.8000000000000
142,0.2065594446877,3.1281235083017,0.5516889247905,0.3053745078738,0.3897631730125,9.8000000000000
143,0.2065537241462,3.1280368767740,0.5516889247905,0.3052681374742,0.3897239577537,9.8000000000000
144,0.2065528136423,3.1280230881587,0.5516889247905,0.3051488234933,0.3896811505097,9.8000000000000
145,0.2065595346132,3.1281248701283,0.5516889247905,0.3050502180425,0.3896473744854,9.8000000000000
146,0.2065563311452,3.1280763570064,0.5515712915709,0.3048951056243,0.3895408764987,9.8000000000000
147,0.2065705348585,3.1282914571661,0.5515712915709,0.3048746285379,0.3895366069065,9.8000000000000
148,0.2065692505999,3.1282720084326,0.5515712915709,0.3048050527309,0.3895114832057,9.8000000000000
149,0.2065697500159,3.1282795715586,0.5515712915709,0.3047693956574,0.3894988555543,9.8000000000000
150,0.2065726806309,3.1283239526104,0.5514536583513,0.3047351404982,0.3894368353208,9.8000000000000
151,0.2065771984713,3.1283923705074,0.5513360251316,0.3041065342347,0.3891628869555,9.8000000000000
152,0.2065777477080,3.1284006881148,0.5513360251316,0.3036364530456,0.3889951185101,9.8000000000000
153,0.2065843986420,3.1285014094496,0.5513360251316,0.3035875018152,0.3889790611280,9.8000000000000
154,0.2065865536528,3.1285340447997,0.5513360251316,0.3035031306011,0.3889493903395,9.8000000000000
155,0.2065891104657,3.1285727650166,0.5513360251316,0.3034285445244,0.3889233003435,9.8000000000000
