0,0.2063240533919,3.124558757017,0.5553584234398,0.3201241934734,0.3965531191558,10
1,0.206328779468,3.124630328422,0.5553584234398,0.3199696563389,0.3964989400527,10.0000000000000
2,0.2063328353591,3.1246917505868,0.5553584234398,0.3199218248844,0.3964827265099,10.0000000000000
3,0.2063373240313,3.1247597267622,0.5553584234398,0.3198592362084,0.3964613352696,10.0000000000000
4,0.2063277831242,3.1246152398533,0.5552407902202,0.3199980253648,0.3964584441084,10.0000000000000
5,0.2063295588443,3.1246421312487,0.5551231570006,0.3200479463668,0.3964262393122,10.0000000000000
6,0.2063231433899,3.1245449760022,0.5550763229804,0.3200048420789,0.3963893984604,10.0000000000000
8,0.2063230434344,3.1245434622817,0.5549586897607,0.3198428909006,0.3962811230979,10.0000000000000
14,0.2063320107007,3.1246792620109,0.5547473885007,0.3200393725461,0.3962626589883,10.0000000000000
15,0.2063294595681,3.1246406278161,0.5547473885007,0.3199331458603,0.3962241742150,10.0000000000000
16,0.2063342026465,3.1247124567038,0.5546297552810,0.3198926821642,0.3961603250319,10.0000000000000
17,0.2063371484066,3.1247570671135,0.5545829212608,0.3199292653897,0.3961539499810,10.0000000000000
18,0.2063391494130,3.1247873702308,0.5545829212608,0.3198984941541,0.3961433890410,10.0000000000000
19,0.2063434966548,3.1248532045923,0.5545829212608,0.3195159891350,0.3960077116574,10.0000000000000
20,0.2063498653618,3.1249496518989,0.5545829212608,0.3194445137653,0.3959835494626,10.0000000000000
21,0.2063473838638,3.1249120722467,0.5544652880412,0.3194592358962,0.3959378613800,10.0000000000000
22,0.2063482792145,3.1249256313817,0.5544652880412,0.3192977350836,0.3958803743792,10.0000000000000
24,0.2063396457867,3.1247948872837,0.5545121220614,0.3191891684995,0.3958598223019,10.0000000000000
25,0.2063407275885,3.1248112700226,0.5544652880412,0.3191437943836,0.3958237773522,10.0000000000000
27,0.2063504971303,3.1249592193623,0.5543476548216,0.3190898788298,0.3957562010335,10.0000000000000
32,0.2063648009565,3.1251758356249,0.5543476548216,0.3186745433126,0.3956109320259,10.0000000000000
33,0.2063750170780,3.1253305479406,0.5542300216019,0.3182737735006,0.3954195748820,10.0000000000000
35,0.2063661999186,3.1251970214211,0.5541123883823,0.3182772578024,0.3953685156473,10.0000000000000
40,0.2063903323810,3.1255624819456,0.5541123883823,0.3181546402701,0.3953298949134,10.0000000000000
41,0.2063912871578,3.1255769410270,0.5539947551627,0.3180284534480,0.3952346185492,10.0000000000000
44,0.2063906409564,3.1255671549918,0.5539479211425,0.3178460856473,0.3951492769972,10.0000000000000
46,0.2063926364771,3.1255973750355,0.5539010871222,0.3178712670942,0.3951386262597,10.0000000000000
47,0.2063870166763,3.1255122691174,0.5539010871222,0.3177583902911,0.3950971088727,10.0000000000000
48,0.2063994217214,3.1257001303572,0.5539010871222,0.3176859330224,0.3950738895007,10.0000000000000
49,0.2064093328723,3.1258502242156,0.5539010871222,0.3176723014838,0.3950711449121,10.0000000000000
50,0.2064097358371,3.1258563266889,0.5539010871222,0.3172479234489,0.3949196676778,10.0000000000000
51,0.2064163163699,3.1259559818725,0.5537834539026,0.3171526795926,0.3948366478920,10.0000000000000
53,0.2064340720219,3.1262248723734,0.5537834539026,0.3170839188328,0.3948158952604,10.0000000000000
54,0.2064332751755,3.1262128049808,0.5538302879228,0.3169348962339,0.3947825738738,10.0000000000000
55,0.2064301708866,3.1261657938201,0.5538302879228,0.3168121119137,0.3947380571261,10.0000000000000
56,0.2064338159809,3.1262209949041,0.5538771219431,0.3162188186033,0.3945470194727,10.0000000000000
57,0.2064307731904,3.1261749150722,0.5538771219431,0.3160922433483,0.3945011619979,10.0000000000000
58,0.2064310186510,3.1261786323131,0.5538771219431,0.3158414193894,0.3944116346113,10.0000000000000
61,0.2064380384602,3.1262849398709,0.5537594887235,0.3157329670347,0.3943239916353,10.0000000000000
62,0.2064391295602,3.1263014634216,0.5537594887235,0.3157269413639,0.3943220734172,10.0000000000000
63,0.2064461307347,3.1264074887778,0.5537594887235,0.3155857686329,0.3942731548364,10.0000000000000
65,0.2064503809549,3.1264718538502,0.5538531567639,0.3154369527850,0.3942610605267,10.0000000000000
66,0.2064586231346,3.1265966729125,0.5538531567639,0.3152817159525,0.3942073849822,10.0000000000000
67,0.2064508405573,3.1264788140413,0.5538999907841,0.3149888534913,0.3941211952738,10.0000000000000
68,0.2064516133992,3.1264905179111,0.5538999907841,0.3149645240976,0.3941126718136,10.0000000000000
71,0.2064622140351,3.1266510532883,0.5537355235443,0.3151190532513,0.3940996464020,10.0000000000000
72,0.2064640201889,3.1266784055691,0.5537355235443,0.3147578884140,0.3939710459930,10.0000000000000
74,0.2064747667264,3.1268411504712,0.5537355235443,0.3147354284459,0.3939653274053,10.0000000000000
75,0.2064865082428,3.1270189632725,0.5536178903247,0.3146907783434,0.3939014827424,10.0000000000000
76,0.2064908711507,3.1270850348822,0.5535002571051,0.3146887500339,0.3938512790180,10.0000000000000
81,0.2064906491673,3.1270816731786,0.5534534230848,0.3146156690198,0.3938050593650,10.0000000000000
82,0.2064915096645,3.1270947044953,0.5534534230848,0.3144676201108,0.3937523691469,10.0000000000000
83,0.2064923868210,3.1271079880992,0.5533357898652,0.3142802631732,0.3936352296800,10.0000000000000
84,0.2064974543216,3.1271847300162,0.5532889558450,0.3143248620786,0.3936321720305,10.0000000000000
85,0.2065030417704,3.1272693459968,0.5532889558450,0.3142817459479,0.3936179707229,10.0000000000000
86,0.2065135811689,3.1274289539987,0.5532889558450,0.3142399868266,0.3936053151935,9.8000000000000
87,0.2065185488552,3.1275041843340,0.5532889558450,0.3142206592023,0.3935994769748,9.8000000000000
88,0.2065100913262,3.1273761040350,0.5531713226253,0.3143597952454,0.3935969418541,9.8000000000000
89,0.2065074302589,3.1273358049959,0.5531713226253,0.3138015523013,0.3933969991454,9.8000000000000
90,0.2065013187654,3.1272432529147,0.5531713226253,0.3136059560176,0.3933258337240,9.8000000000000
92,0.2065144138278,3.1274415637338,0.5531713226253,0.3131605570129,0.3931695687357,9.8000000000000
93,0.2065162351362,3.1274691455152,0.5531244886051,0.3130442396427,0.3931083453752,9.8000000000000
94,0.2065296324680,3.1276720338835,0.5531244886051,0.3129922688751,0.3930926552436,9.8000000000000
95,0.2065212546402,3.1275451605752,0.5530776545849,0.3129861174409,0.3930685913310,9.8000000000000
96,0.2065366060041,3.1277776406845,0.5530776545849,0.3128618284680,0.3930274919901,9.8000000000000
97,0.2065323582876,3.1277133135273,0.5530776545849,0.3115126655295,0.3925447378585,9.8000000000000
98,0.2065227387116,3.1275676352611,0.5530308205646,0.3115086299596,0.3925211635229,9.8000000000000
99,0.2065113791246,3.1273956063747,0.5530308205646,0.3114880165160,0.3925113673815,9.8000000000000
102,0.2065336083538,3.1277322444525,0.5529131873450,0.3113319545306,0.3924099801275,9.8000000000000
103,0.2065350916465,3.1277547073463,0.5527955541254,0.3113024746581,0.3923493552130,9.8000000000000
105,0.2065540780664,3.1280422365199,0.5527955541254,0.3108749303604,0.3922007293395,9.8000000000000
111,0.2065709039574,3.1282970467771,0.5524666196457,0.3109711049749,0.3920977110444,9.8000000000000
112,0.2065686060322,3.1282622471388,0.5524666196457,0.3097027982032,0.3916442519276,9.8000000000000
113,0.2065764826504,3.1283815301604,0.5524666196457,0.3096831303501,0.3916389155411,9.8000000000000
115,0.2065665151661,3.1282305831922,0.5524666196457,0.3096573923208,0.3916275874983,9.8000000000000
116,0.2065818728396,3.1284631588527,0.5524666196457,0.3095924183518,0.3916076734394,9.8000000000000
117,0.2065833231026,3.1284851215476,0.5524666196457,0.3092830443266,0.3914974934868,9.8000000000000
118,0.2065793248426,3.1284245721434,0.5524666196457,0.3092813013670,0.3914960142312,9.8000000000000
120,0.2065898826405,3.1285844587857,0.5524666196457,0.3092426337802,0.3914844667641,9.8000000000000
121,0.2065906514697,3.1285961018873,0.5524666196457,0.3090700185457,0.3914229832151,9.8000000000000
122,0.2065981489441,3.1287096431778,0.5524666196457,0.3087296224277,0.3913030197747,9.8000000000000
123,0.2065815769468,3.1284586778718,0.5524666196457,0.3086561637690,0.3912732333971,9.8000000000000
127,0.2065897741744,3.1285828161814,0.5523021524058,0.3087703342945,0.3912452791736,9.8000000000000
131,0.2066134249044,3.1289409813789,0.5521845191862,0.3082481382173,0.3910134343512,9.8000000000000
133,0.2066148875609,3.1289631317589,0.5520668859666,0.3083765486645,0.3910091944146,9.8000000000000
134,0.2066195121227,3.1290331658391,0.5520668859666,0.3081293796214,0.3909219107339,9.8000000000000
135,0.2066171393028,3.1289972320003,0.5520668859666,0.3079575672419,0.3908600407084,9.8000000000000
136,0.2066264168962,3.1291377313029,0.5520668859666,0.3077950433785,0.3908039845272,9.8000000000000
137,0.2066237378121,3.1290971594185,0.5520668859666,0.3077825875206,0.3907989619171,9.8000000000000
138,0.2066232172235,3.1290892756576,0.5520668859666,0.3076616394433,0.3907556546205,9.8000000000000
139,0.2066275631479,3.1291550900677,0.5520668859666,0.3076550510792,0.3907542329028,9.8000000000000
140,0.2066278218192,3.1291590073707,0.5520668859666,0.3075981863126,0.3907339794872,9.8000000000000
141,0.2066368834972,3.1292962368640,0.5519492527470,0.3074502785132,0.3906326828242,9.8000000000000
142,0.2066357765622,3.1292794735088,0.5519492527470,0.3074088469656,0.3906176486426,9.8000000000000
143,0.2066354499579,3.1292745274337,0.5518316195274,0.3074120517798,0.3905683089955,9.8000000000000
144,0.2066383658531,3.1293186855706,0.5518784535476,0.3068163135355,0.3903762418944,9.8000000000000
145,0.2066337849222,3.1292493122352,0.5518316195274,0.3068216892903,0.3903571084559,9.8000000000000
146,0.2066322058499,3.1292253988615,0.5517139863077,0.3065043107539,0.3901930063690,9.8000000000000
148,0.2066325175169,3.1292301187271,0.5517847855071,0.3064146722488,0.3901914019170,9.8000000000000
149,0.2066332671638,3.1292414713332,0.5517847855071,0.3063640527143,0.3901734841504,9.8000000000000
150,0.2066371056027,3.1292996004160,0.5517847855071,0.3062285531130,0.3901259139583,9.8000000000000
152,0.2066309363823,3.1292061741222,0.5519024187268,0.3057019985960,0.3899869510348,9.8000000000000
153,0.2066273146550,3.1291513269075,0.5519024187268,0.3056880126715,0.3899811799773,9.8000000000000
156,0.2066314827095,3.1292144476678,0.5519024187268,0.3053917820278,0.3898762764734,9.8000000000000
157,0.2066304620994,3.1291989916108,0.5519024187268,0.3051841144114,0.3898018907654,9.8000000000000
158,0.2066411016929,3.1293601169602,0.5517847855071,0.3048655401479,0.3896399799187,9.8000000000000
161,0.2066316793258,3.1292174252132,0.5516671522875,0.3048575849528,0.3895847054619,9.8000000000000
163,0.2066336717043,3.1292475976701,0.5515495190679,0.3048549856314,0.3895337898341,9.8000000000000
164,0.2066412642032,3.1293625780063,0.5515495190679,0.3048426743009,0.3895310198944,9.8000000000000
165,0.2066406033743,3.1293525704531,0.5515495190679,0.3048392088451,0.3895296406254,9.8000000000000
167,0.2066491243026,3.1294816108675,0.5515963530881,0.3047432337196,0.3895172614310,9.8000000000000
168,0.2066505083388,3.1295025706261,0.5516431871084,0.3046127208988,0.3894910180115,9.8000000000000
169,0.2066495981313,3.1294887864997,0.5516431871084,0.3040238636511,0.3892805168071,9.8000000000000
173,0.2066651529145,3.1297243471782,0.5516900211286,0.3039499513165,0.3892775244355,9.6040000000000
174,0.2066621189370,3.1296784008102,0.5515723879090,0.3040129632566,0.3892489643248,9.6040000000000
175,0.2066612857869,3.1296657836370,0.5515723879090,0.3039772405466,0.3892360276820,9.6040000000000
176,0.2066616972550,3.1296720148839,0.5516192219292,0.3038562527442,0.3892129776472,9.6040000000000
177,0.2066652743785,3.1297261866221,0.5516192219292,0.3036977031706,0.3891571193260,9.6040000000000
178,0.2066687928945,3.1297794708109,0.5516192219292,0.3036622987135,0.3891452288447,9.6040000000000
180,0.2066790426276,3.1299346921384,0.5516660559494,0.3035627379318,0.3891319395170,9.6040000000000
181,0.2066796279889,3.1299435568136,0.5516660559494,0.3034861778843,0.3891047220775,9.6040000000000
182,0.2066727418014,3.1298392728145,0.5516192219292,0.3035121205113,0.3890924399669,9.6040000000000
183,0.2066695555225,3.1297910200027,0.5516660559494,0.3031630883655,0.3889871745780,9.6040000000000
184,0.2066713937057,3.1298188573365,0.5516660559494,0.3031109050333,0.3889689315700,9.6040000000000
187,0.2066730051162,3.1298432604381,0.5516420907703,0.3029961406367,0.3889180187967,9.6040000000000
188,0.2066779488238,3.1299181276416,0.5516889247905,0.3029081484074,0.3889077240894,9.6040000000000
193,0.2066971708584,3.1302092249493,0.5515712915709,0.3028412548680,0.3888375383100,9.6040000000000
202,0.2066877483790,3.1300665315016,0.5517357588107,0.3025531684316,0.3888031171542,9.6040000000000
204,0.2066804276548,3.1299556669051,0.5516181255911,0.3026195069273,0.3887748265106,9.6040000000000
205,0.2066773233670,3.1299086557610,0.5515004923715,0.3026306421488,0.3887277239338,9.6040000000000
206,0.2066668792975,3.1297504914171,0.5515004923715,0.3024548316200,0.3886626964444,9.6040000000000
209,0.2066774564490,3.1299106711477,0.5515473263917,0.3023021884378,0.3886305192776,9.6040000000000
210,0.2066824548134,3.1299863660700,0.5515473263917,0.3019891954674,0.3885198071520,9.6040000000000
211,0.2066865228645,3.1300479723857,0.5515473263917,0.3019019509280,0.3884895201131,9.6040000000000
212,0.2066757276361,3.1298844901107,0.5515473263917,0.3018792699443,0.3884791064986,9.6040000000000
213,0.2066716084503,3.1298221094149,0.5514296931721,0.3016757165267,0.3883551119298,9.6040000000000
214,0.2066723229357,3.1298329295375,0.5514296931721,0.3016362301125,0.3883411627430,9.6040000000000
217,0.2066718257394,3.1298254000284,0.5514296931721,0.3015250027957,0.3883013321592,9.6040000000000
219,0.2066763415610,3.1298937873516,0.5515473263917,0.3012244683384,0.3882453803375,9.6040000000000
220,0.2066641001244,3.1297084037906,0.5515004923715,0.3010676934693,0.3881666944249,9.6040000000000
221,0.2066619201134,3.1296753898376,0.5515004923715,0.3010640398316,0.3881649224091,9.6040000000000
222,0.2066642713936,3.1297109974803,0.5515004923715,0.3010088905852,0.3881457300954,9.6040000000000
225,0.2066651873424,3.1297248685528,0.5515473263917,0.3008120740276,0.3880957064654,9.6040000000000
226,0.2066715561904,3.1298213179948,0.5515473263917,0.3004748104362,0.3879766199359,9.6040000000000
227,0.2066800766219,3.1299503508846,0.5515473263917,0.3003313345285,0.3879272043470,9.6040000000000
229,0.2066935300981,3.1301540894996,0.5515473263917,0.3002764893386,0.3879104996670,9.6040000000000
230,0.2066918071718,3.1301279976093,0.5515473263917,0.3002690400391,0.3879074700044,9.6040000000000
231,0.2066936757406,3.1301562951005,0.5515473263917,0.3002375840725,0.3878966361382,9.6040000000000
232,0.2066976750524,3.1302168604325,0.5515473263917,0.3001763109729,0.3878756098837,9.6040000000000
233,0.2067049010628,3.1303262906880,0.5514296931721,0.2996622251302,0.3876431419909,9.6040000000000
234,0.2067078819153,3.1303714325353,0.5514296931721,0.2994883704701,0.3875816897949,9.6040000000000
