0,0.2063240533919,3.124558757017,0.5553584234398,0.3201241934734,0.3965531191558,10
11,0.2063296628288,3.124643705984,0.5552647553994,0.3201748413371,0.3965322662549,10.0000000000000
12,0.2063419966446,3.1248304885298,0.5552647553994,0.3201556248389,0.3965280461803,10.0000000000000
13,0.2063345008531,3.1247169727254,0.5553115894196,0.3201025062986,0.3965275407550,10.0000000000000
14,0.2063420475064,3.1248312587786,0.5553115894196,0.3198132894439,0.3964258661612,10.0000000000000
15,0.2063390638513,3.1247860744886,0.5552647553994,0.3197771069225,0.3963922327544,10.0000000000000
16,0.2063405538197,3.1248086384789,0.5552647553994,0.3193206131963,0.3962295185598,10.0000000000000
17,0.2063425570539,3.1248389753337,0.5551471221798,0.3192975899131,0.3961713109861,10.0000000000000
18,0.2063502492944,3.1249554661501,0.5551471221798,0.3190360606570,0.3960795560176,10.0000000000000
19,0.2063557507763,3.1250387802533,0.5551471221798,0.3190315914994,0.3960791387789,10.0000000000000
20,0.2063577717057,3.1250693850841,0.5551471221798,0.3189966974521,0.3960671096754,10.0000000000000
21,0.2063622569332,3.1251373090939,0.5551471221798,0.3184666434789,0.3958787658052,10.0000000000000
26,0.2063632642726,3.1251525641795,0.5551002881595,0.3184034286342,0.3958363332104,10.0000000000000
27,0.2063621893881,3.1251362861938,0.5551002881595,0.3183700286833,0.3958241743241,10.0000000000000
34,0.2063743403403,3.1253202994657,0.5549358209197,0.3181773615634,0.3956874824540,10.0000000000000
35,0.2063736033124,3.1253091379615,0.5549358209197,0.3181530011577,0.3956786243745,10.0000000000000
37,0.2063835122545,3.1254591983703,0.5547713536798,0.3181653029152,0.3956146552442,10.0000000000000
38,0.2063818005184,3.1254332759433,0.5547713536798,0.3180976470314,0.3955901256279,10.0000000000000
39,0.2063889745415,3.1255419189077,0.5547245196596,0.3181203431453,0.3955796969506,10.0000000000000
40,0.2063802828726,3.1254102928097,0.5547245196596,0.3180758680378,0.3955619504832,10.0000000000000
47,0.2063840002181,3.1254665880602,0.5546776856393,0.3180302377033,0.3955263787862,10.0000000000000
50,0.2063917412532,3.1255838178193,0.5546308516191,0.3180751291838,0.3955239985281,10.0000000000000
69956,0.2443114260467,3.6998371888487,0.0517372463046,0.7759870865775,0.3516637992040,0.0000001375827
69962,0.2443070871730,3.6997714812131,0.0516904122844,0.7760340418056,0.3516595674467,0.0000001375827
69983,0.2443073785152,3.6997758932810,0.0516904122844,0.7760336648039,0.3516594952337,0.0000001375827
70014,0.2443083647970,3.6997908294724,0.0516435782641,0.7760810229363,0.3516565484755,0.0000001375827
70027,0.2442991886064,3.6996518658068,0.0516435782641,0.7760512282283,0.3516439411818,0.0000001375827
70110,0.2442953599208,3.6995938844277,0.0515967442439,0.7759288181258,0.3515793311325,0.0000001348310
70114,0.2443035817645,3.6997183955225,0.0514791110243,0.7760162720308,0.3515619122567,0.0000001348310
70117,0.2443023115873,3.6996991600369,0.0513614778047,0.7759993403395,0.3515051788062,0.0000001348310
70129,0.2442957168080,3.6995992891058,0.0513614778047,0.7759847231826,0.3514985452261,0.0000001348310
70170,0.2442984520127,3.6996407108779,0.0513614778047,0.7759541652071,0.3514882177787,0.0000001348310
70192,0.2443006239310,3.6996736022740,0.0514083118249,0.7758767332546,0.3514811006440,0.0000001348310
70204,0.2442991742705,3.6996516487048,0.0513614778047,0.7758668394372,0.3514571847732,0.0000001348310
70254,0.2442952336044,3.6995919715009,0.0513614778047,0.7758223297666,0.3514404440339,0.0000001321344
70256,0.2442931863599,3.6995609681561,0.0513614778047,0.7757882004579,0.3514278162998,0.0000001321344
70258,0.2442916225729,3.6995372862609,0.0513146437844,0.7758353855025,0.3514242612813,0.0000001321344
70288,0.2442960668487,3.6996045901004,0.0513614778047,0.7736113716472,0.3506509946864,0.0000001321344
70315,0.2442890481024,3.6994982986395,0.0512438445851,0.7737345310924,0.3506430619486,0.0000001321344
70316,0.2443030614954,3.6997105165999,0.0512203587095,0.7735632694759,0.3505748345802,0.0000001321344
70322,0.2442961223711,3.6996054309290,0.0512203587095,0.7735061446150,0.3505529458890,0.0000001321344
70325,0.2443015389065,3.6996874586074,0.0513379919291,0.7733009569590,0.3505312395064,0.0000001321344
70332,0.2442949890350,3.6995882677570,0.0512546702349,0.7733410943620,0.3505084614518,0.0000001321344
70346,0.2442892426784,3.6995012452853,0.0512546702349,0.7733268672111,0.3505021489643,0.0000001321344
70384,0.2442997314364,3.6996600863917,0.0512078362147,0.7733565809888,0.3504949368958,0.0000001294917
70425,0.2443053397641,3.6997450185602,0.0511610021945,0.7734069703331,0.3504940631518,0.0000001294917
70457,0.2443127329830,3.6998569810113,0.0510433689749,0.7734070888816,0.3504452755147,0.0000001294917
70507,0.2443098382670,3.6998131436106,0.0510433689749,0.7733794489284,0.3504347838066,0.0000001294917
70534,0.2443144966354,3.6998836896557,0.0510460409546,0.7733726501666,0.3504344990333,0.0000001294917
70566,0.2443122161486,3.6998491541038,0.0510226928099,0.7733924672071,0.3504310815243,0.0000001269019
70602,0.2443155406718,3.6998995004780,0.0509050595903,0.7734862205673,0.3504148630281,0.0000001269019
70647,0.2443245739432,3.7000362997840,0.0508582255701,0.7734497798285,0.3503837124566,0.0000001269019
70649,0.2443273493445,3.7000783302910,0.0507405923505,0.7734251701956,0.3503251037939,0.0000001269019
70679,0.2443304633515,3.7001254886200,0.0507405923505,0.7733693506135,0.3503058355161,0.0000001269019
70686,0.2443213239463,3.6999870820315,0.0506937583302,0.7734149670109,0.3503000969196,0.0000001269019
70776,0.2443291866279,3.7001061539967,0.0506937583302,0.7733661491898,0.3502843468439,0.0000001243639
70779,0.2443134393514,3.6998676782121,0.0507160101368,0.7733303794041,0.3502777339926,0.0000001243639
70791,0.2443132417930,3.6998646863997,0.0507160101368,0.7733132838511,0.3502715861040,0.0000001243639
70803,0.2443167620759,3.6999179973467,0.0506109159397,0.7733009103407,0.3502228809692,0.0000001243639
70807,0.2443209403960,3.6999812735693,0.0506577499599,0.7732028228269,0.3502088167916,0.0000001243639
70826,0.2443233097876,3.7000171554889,0.0506109159397,0.7732221224328,0.3501961455118,0.0000001243639
70841,0.2443288750891,3.7001014360724,0.0505640819194,0.7730528471441,0.3501168108932,0.0000001243639
70858,0.2443210049210,3.6999822507315,0.0504464486998,0.7730529656926,0.3500647525304,0.0000001243639
70909,0.2443193267903,3.6999568372230,0.0504339096773,0.7730385939286,0.3500538862913,0.0000001218766
70947,0.2443261330341,3.7000599105611,0.0503870756571,0.7730384753801,0.3500352307104,0.0000001218766
70950,0.2443217061063,3.6999928694387,0.0504339096773,0.7710805849987,0.3493551072412,0.0000001218766
70951,0.2443151802558,3.6998940423609,0.0503762665349,0.7710490557111,0.3493177441809,0.0000001218766
71048,0.2443043562630,3.6997301244795,0.0503692092029,0.7710138248775,0.3492998177424,0.0000001218766
71103,0.2443018599382,3.6996923202908,0.0503223751826,0.7710608214412,0.3492959955797,0.0000001194391
71166,0.2442970905296,3.6996200926614,0.0502047419630,0.6564337915804,0.3083063343764,0.0000001194391
71284,0.2442906071466,3.6995219087089,0.0501824901564,0.6564547590021,0.3083028969564,0.0000001170503
71323,0.2442849559829,3.6994363278325,0.0501356561362,0.6563068845644,0.3082288019706,0.0000001170503
71335,0.2442848537248,3.6994347792428,0.0501110739225,0.6562830381513,0.3082097282476,0.0000001170503
71341,0.2442965118426,3.6996113290604,0.0500642399023,0.6563130612094,0.3082028772135,0.0000001170503
71368,0.2442962649010,3.6996075893917,0.0499466066827,0.6563956167448,0.3081818941802,0.0000001170503
71372,0.2442942202655,3.6995766255589,0.0498997726625,0.6563130612094,0.3081319002013,0.0000001170503
71385,0.2443032505956,3.6997133803218,0.0498991556280,0.6563082094168,0.3081318380456,0.0000001170503
71386,0.2443063339753,3.6997600748335,0.0498991556280,0.6562630740727,0.3081163790041,0.0000001170503
71416,0.2443025754060,3.6997031552912,0.0498991556280,0.6562461374025,0.3081095247856,0.0000001147093
71417,0.2443059205048,3.6997538132619,0.0498991556280,0.6562086995532,0.3080968709320,0.0000001147093
71524,0.2443044350506,3.6997313176341,0.0498991556280,0.6562063784137,0.3080957236420,0.0000001124151
71535,0.2442934393625,3.6995647996109,0.0498523216077,0.6562648687868,0.3080941851191,0.0000001124151
71640,0.2442940059122,3.6995733794044,0.0498523216077,0.6562119031232,0.3080753902142,0.0000001101668
71642,0.2442941589632,3.6995756971999,0.0498991556280,0.6560697884953,0.3080447395096,0.0000001101668
71663,0.2442946221981,3.6995827124012,0.0498991556280,0.6560045798765,0.3080215499817,0.0000001101668
71701,0.2443004611240,3.6996711367354,0.0498690917239,0.6559772290969,0.3080001485143,0.0000001101668
71734,0.2443069777375,3.6997698239279,0.0498424545650,0.6560022994598,0.3079990827072,0.0000001101668
71752,0.2442989490642,3.6996482381942,0.0498892885852,0.6559495447275,0.3079985930244,0.0000001079634
71780,0.2442912758741,3.6995320358768,0.0498892885852,0.6557359685065,0.3079206715476,0.0000001079634
71810,0.2442850825301,3.6994382442562,0.0498592246812,0.6557066304984,0.3078959820121,0.0000001079634
71821,0.2442886938471,3.6994929338179,0.0498123906609,0.6555978465348,0.3078378327272,0.0000001079634
71851,0.2443001248032,3.6996660435130,0.0498123906609,0.6555405339134,0.3078198134244,0.0000001079634
71892,0.2443045549183,3.6997331329040,0.0497655566407,0.6555099336959,0.3077897623628,0.0000001079634
71908,0.2443049783087,3.6997395447020,0.0496779873251,0.6555784896734,0.3077768076603,0.0000001079634
71918,0.2443068483565,3.6997678645902,0.0496779873251,0.6555704094762,0.3077743226001,0.0000001058042
71924,0.2443066662238,3.6997651063836,0.0496388276715,0.6555871922932,0.3077634947261,0.0000001058042
71933,0.2443042104582,3.6997279164208,0.0495211944519,0.6557290593294,0.3077632210523,0.0000001058042
71936,0.2443013633592,3.6996848001295,0.0494743604316,0.6557804522670,0.3077608938573,0.0000001058042
71963,0.2443001904083,3.6996670370336,0.0494737433971,0.6557186449147,0.3077383040129,0.0000001058042
71968,0.2442927255868,3.6995539902362,0.0494394318717,0.6557284075721,0.3077254861322,0.0000001058042
71972,0.2442933064033,3.6995627860859,0.0493932148859,0.6557601604865,0.3077171436399,0.0000001058042
71976,0.2442952073815,3.6995915743819,0.0493045657600,0.6557702626992,0.3076831664429,0.0000001058042
71983,0.2442927547182,3.6995544314003,0.0493374559024,0.6556670192064,0.3076598639715,0.0000001058042
71990,0.2442936284050,3.6995676624591,0.0493374559024,0.6556490357594,0.3076536285304,0.0000001058042
72044,0.2442864094621,3.6994583392321,0.0493374559024,0.6555648360519,0.3076220102900,0.0000001058042
72052,0.2442768484434,3.6993135477548,0.0492906218822,0.6556215133780,0.3076201316795,0.0000001058042
72054,0.2442771272637,3.6993177701913,0.0492835645501,0.6556043074549,0.3076110218833,0.0000001058042
72070,0.2442668493409,3.6991621219614,0.0492835645501,0.6556060639040,0.3076094467745,0.0000001058042
72078,0.2442679993841,3.6991795381451,0.0493303985703,0.6555270553765,0.3076015476041,0.0000001058042
72103,0.2442675232861,3.6991723281472,0.0493303985703,0.6555190126809,0.3075985731918,0.0000001036881
72114,0.2442634857658,3.6991111841885,0.0492589823365,0.6555235127446,0.3075687082171,0.0000001036881
72123,0.2442772007735,3.6993188834194,0.0492464598417,0.6554305617012,0.3075330835626,0.0000001036881
72124,0.2442822594296,3.6993954913968,0.0491996258215,0.6554794505506,0.3075315561408,0.0000001036881
72169,0.2442847520485,3.6994332394636,0.0491996258215,0.6554659471579,0.3075272676331,0.0000001036881
72191,0.2442926555415,3.6995529294748,0.0491996258215,0.6554502470777,0.3075233540673,0.0000001036881
72214,0.2442877989968,3.6994793822599,0.0491794289601,0.6553647376830,0.3074831185119,0.0000001036881
72226,0.2442883012546,3.6994869884225,0.0491794289601,0.6553245988935,0.3074688908566,0.0000001036881
72248,0.2442809143496,3.6993751215874,0.0491794289601,0.6552668369122,0.3074466786693,0.0000001036881
72255,0.2442779769887,3.6993306383747,0.0491794289601,0.6552263920278,0.3074316046333,0.0000001016143
72267,0.2442771212336,3.6993176788729,0.0491794289601,0.6552157901342,0.3074276348666,0.0000001016143
72299,0.2442778575570,3.6993288297093,0.0491794289601,0.6552134438962,0.3074269547081,0.0000001016143
72315,0.2442753578405,3.6992909741566,0.0490617957405,0.6552507846875,0.3073893408145,0.0000001016143
72328,0.2442839368434,3.6994208940467,0.0489441625209,0.6552195608206,0.3073296135542,0.0000001016143
72366,0.2442792184150,3.6993494384591,0.0489034272256,0.6551204650207,0.3072757531216,0.0000001016143
72378,0.2442707158589,3.6992206762721,0.0489034272256,0.6551217415819,0.3072743870600,0.0000001016143
72390,0.2442629934451,3.6991037285140,0.0488572102398,0.6551003790079,0.3072452954867,0.0000001016143
72425,0.2442649093477,3.6991327428249,0.0488572102398,0.6550966834497,0.3072443861951,0.0000000995820
72491,0.2442761042386,3.6993022775622,0.0488103762196,0.6551279073167,0.3072378647583,0.0000000995820
72494,0.2442749236979,3.6992843995272,0.0487635421994,0.6551758388915,0.3072346584819,0.0000000995820
72498,0.2442746613484,3.6992804265220,0.0487635421994,0.6551414390119,0.3072223165929,0.0000000995820
72503,0.2442726500275,3.6992499672026,0.0486459089797,0.6551453520013,0.3071728688548,0.0000000995820
72505,0.2442719453169,3.6992392951092,0.0486459089797,0.6551076455033,0.3071592512390,0.0000000995820
72512,0.2442778826096,3.6993292091043,0.0485990749595,0.6551532478305,0.3071567383385,0.0000000995820
72547,0.2442784967106,3.6993385090109,0.0485990749595,0.6551130323183,0.3071425072486,0.0000000995820
72562,0.2442785796818,3.6993397655228,0.0486459089797,0.6550521472243,0.3071408520747,0.0000000995820
72566,0.2442840075997,3.6994219655762,0.0486927430000,0.6549727542132,0.3071337322761,0.0000000995820
72620,0.2442890234106,3.6994979247084,0.0487395770202,0.6529578906847,0.3064352846983,0.0000000975904
72653,0.2442820039730,3.6993916227776,0.0486927430000,0.6529537869555,0.3064122431926,0.0000000975904
72706,0.2442797991513,3.6993582330929,0.0486115974543,0.6529180870784,0.3063642441122,0.0000000975904
72742,0.2442725383232,3.6992482755591,0.0486115974543,0.6528210667996,0.3063280381209,0.0000000975904
72802,0.2442771010805,3.6993173736745,0.0486584314745,0.6527368087226,0.3063189954073,0.0000000956386
72831,0.2442817612694,3.6993879472887,0.0485407982549,0.6527976275551,0.3062913007938,0.0000000956386
72842,0.2442837842910,3.6994185838035,0.0484231650353,0.6527715134711,0.3062319936029,0.0000000956386
72853,0.2442889363518,3.6994966062952,0.0483763310150,0.6527997980118,0.3062231275146,0.0000000956386
72877,0.2442951032453,3.6995899973506,0.0483294969948,0.6528339547914,0.3062165761187,0.0000000956386
72892,0.2442965957563,3.6996125998448,0.0483005129011,0.6528452694401,0.3062085151340,0.0000000956386
72921,0.2442987217387,3.6996447955912,0.0483005129011,0.5483594014014,0.2688925892593,0.0000000956386
72940,0.2443135327250,3.6998690922556,0.0481828796815,0.5483617254293,0.2688461788150,0.0000000937258
72941,0.2443178061654,3.6999338089740,0.0481828796815,0.5482905317576,0.2688216682410,0.0000000937258
72943,0.2443212850345,3.6999864927531,0.0480652464619,0.5484202605677,0.2688183311938,0.0000000937258
72968,0.2443196664505,3.6999619810173,0.0480652464619,0.5484103221894,0.2688144349336,0.0000000937258
73081,0.2443242475323,3.7000313566379,0.0479961606351,0.5462940873590,0.2680300102287,0.0000000937258
73082,0.2443266634077,3.7000679425051,0.0479961606351,0.5462534310409,0.2680160078027,0.0000000937258
73086,0.2443249766586,3.7000423984819,0.0480429946553,0.5444240670037,0.2673823737804,0.0000000937258
73101,0.2443280242983,3.7000885517490,0.0479961606351,0.5442618011063,0.2673050030169,0.0000000918513
73159,0.2443289087662,3.7001019460768,0.0479961606351,0.5442040575847,0.2672845698595,0.0000000918513
73198,0.2443270130508,3.7000732374798,0.0479493266148,0.5440451457672,0.2672073376912,0.0000000918513
73248,0.2443264054655,3.7000640362451,0.0479493266148,0.5440102762325,0.2671947540891,0.0000000918513
73262,0.2443432142467,3.7003185873918,0.0478316933952,0.4500248158430,0.2335817058805,0.0000000918513
73275,0.2443420357187,3.7003007398371,0.0477140601756,0.4501017987535,0.2335585329984,0.0000000900143
73295,0.2443469397187,3.7003750057107,0.0476672261554,0.4501187304448,0.2335455591652,0.0000000900143
73336,0.2443442596885,3.7003344194984,0.0476672261554,0.4501052270522,0.2335401622327,0.0000000900143
73357,0.2443421626940,3.7003026627428,0.0476203921351,0.4501356744358,0.2335305152194,0.0000000900143
73382,0.2443381282522,3.7002415654040,0.0475735581149,0.4500927831265,0.2334942606484,0.0000000900143
73393,0.2443409422509,3.7002841804277,0.0476203921351,0.4489161898896,0.2330947235008,0.0000000900143
