0,0.2063240533919,3.124558757017,0.5553584234398,0.3201241934734,0.3965531191558,10
2,0.2063214748242,3.124519707346,0.5553584234398,0.3200209797589,0.3965157045647,10.0000000000000
3,0.2063242991756,3.1245624791500,0.5553584234398,0.3199636918459,0.3964958498140,10.0000000000000
4,0.2063233896305,3.1245487050546,0.5553584234398,0.3193936833812,0.3962920804597,10.0000000000000
8,0.2063348487901,3.1247222418614,0.5553584234398,0.3191898861668,0.3962217512745,10.0000000000000
9,0.2063376553614,3.1247647444050,0.5553584234398,0.3188360188214,0.3960959714879,10.0000000000000
10,0.2063354726401,3.1247316894077,0.5553115894196,0.3188116759909,0.3960667381709,10.0000000000000
11,0.2063442849905,3.1248651431000,0.5552647553994,0.3186848228109,0.3960032501016,10.0000000000000
12,0.2063440714780,3.1248619096795,0.5552647553994,0.3184684164643,0.3959259163680,10.0000000000000
14,0.2063460368270,3.1248916728038,0.5553823886190,0.3182185930168,0.3958875290913,10.0000000000000
18,0.2063530701038,3.1249981843151,0.5553115894196,0.3180522076996,0.3957992703805,10.0000000000000
19,0.2063513775349,3.1249725521547,0.5553115894196,0.3180440960811,0.3957960106806,10.0000000000000
20,0.2063522562427,3.1249858592518,0.5553115894196,0.3176981362621,0.3956726418969,10.0000000000000
21,0.2063540526967,3.1250130646402,0.5554292226392,0.3175552349374,0.3956724049009,10.0000000000000
22,0.2063543204421,3.1250171193601,0.5553823886190,0.3175293363095,0.3956431410420,10.0000000000000
23,0.2063565808752,3.1250513512197,0.5554292226392,0.3169883010228,0.3954704702553,10.0000000000000
24,0.2063583222890,3.1250777230835,0.5553115894196,0.3168483017166,0.3953704294263,10.0000000000000
25,0.2063627484022,3.1251447518689,0.5551939562000,0.3168059599797,0.3953058415932,10.0000000000000
26,0.2063647632837,3.1251752651106,0.5551939562000,0.3167788575803,0.3952965939252,10.0000000000000
27,0.2063632397633,3.1251521930120,0.5551939562000,0.3167234129160,0.3952764657907,10.0000000000000
31,0.2063778235215,3.1253730485468,0.5552647553994,0.3164774236511,0.3952220800869,10.0000000000000
32,0.2063720633232,3.1252858164599,0.5552647553994,0.3161424774667,0.3951012221214,10.0000000000000
33,0.2063760333647,3.1253459385232,0.5552647553994,0.3158509439531,0.3949979537326,10.0000000000000
34,0.2063693428642,3.1252446179961,0.5552647553994,0.3157491475491,0.3949601641953,10.0000000000000
35,0.2063788281523,3.1253882626139,0.5552647553994,0.3155002249996,0.3948732958465,10.0000000000000
36,0.2063839278288,3.1254654918021,0.5552647553994,0.3154727028139,0.3948645592823,10.0000000000000
37,0.2063853109763,3.1254864381024,0.5552179213791,0.3152878925326,0.3947787802762,10.0000000000000
38,0.2063917972647,3.1255846660544,0.5552179213791,0.3152456901485,0.3947650979151,10.0000000000000
40,0.2063904514265,3.1255642847632,0.5552179213791,0.3151392630624,0.3947267998476,10.0000000000000
41,0.2063950451561,3.1256338519220,0.5552179213791,0.3149416181392,0.3946571967457,10.0000000000000
46,0.2063916154840,3.1255819131780,0.5552647553994,0.3148444769122,0.3946418402435,10.0000000000000
47,0.2063917938374,3.1255846141513,0.5552647553994,0.3145647916352,0.3945419908632,10.0000000000000
50,0.2063918320014,3.1255851921038,0.5552647553994,0.3143445297726,0.3944633340902,10.0000000000000
51,0.2063939799195,3.1256177200438,0.5552647553994,0.3142215588029,0.3944198761549,10.0000000000000
53,0.2063923296776,3.1255927288817,0.5551002881595,0.3140425963062,0.3942851213943,10.0000000000000
54,0.2063848998292,3.1254802117163,0.5551471221798,0.3139877221271,0.3942840030858,10.0000000000000
55,0.2063896548039,3.1255522207600,0.5550294889601,0.3139176210363,0.3942095716682,10.0000000000000
56,0.2063879294844,3.1255260926269,0.5549118557405,0.3137609410414,0.3941028305788,10.0000000000000
57,0.2064000083359,3.1257090140111,0.5549118557405,0.3136218636296,0.3940557483999,10.0000000000000
58,0.2064046152564,3.1257787809311,0.5549118557405,0.3135278190923,0.3940231482624,10.0000000000000
59,0.2064063246700,3.1258046681847,0.5548650217203,0.3135572989648,0.3940139713683,10.0000000000000
60,0.2064034595785,3.1257612794153,0.5548181877000,0.3135262368860,0.3939821920976,10.0000000000000
62,0.2064057345722,3.1257957317800,0.5548181877000,0.3134458751844,0.3939539789885,10.0000000000000
63,0.2064114909449,3.1258829059334,0.5548181877000,0.3133179824541,0.3939095365218,10.0000000000000
65,0.2064173803225,3.1259720943051,0.5548181877000,0.3132464436998,0.3938852489762,10.0000000000000
66,0.2064234390785,3.1260638477341,0.5547005544804,0.3131975752463,0.3938186800250,10.0000000000000
67,0.2064209801286,3.1260266095478,0.5547005544804,0.3131120635849,0.3937876132281,10.0000000000000
68,0.2064267493310,3.1261139779934,0.5547005544804,0.3128878268647,0.3937087649428,10.0000000000000
70,0.2064327672882,3.1262051135671,0.5545829212608,0.3129984425740,0.3936991458786,10.0000000000000
71,0.2064354906774,3.1262463564052,0.5545829212608,0.3129386660123,0.3936783806899,10.0000000000000
72,0.2064291522124,3.1261503670815,0.5545829212608,0.3129388256342,0.3936770794552,10.0000000000000
73,0.2064268514856,3.1261155250167,0.5544652880412,0.3129108080801,0.3936161659360,10.0000000000000
74,0.2064182167551,3.1259847611898,0.5544184540209,0.3129064528569,0.3935926884768,10.0000000000000
75,0.2064064537544,3.1258066230316,0.5544652880412,0.3127592860756,0.3935576799920,10.0000000000000
76,0.2064072487767,3.1258186628003,0.5545121220614,0.3124952787746,0.3934836337551,10.0000000000000
77,0.2064147431380,3.1259321569456,0.5543944888418,0.3124526157640,0.3934195886632,10.0000000000000
79,0.2064155693960,3.1259446697466,0.5543944888418,0.3123936412109,0.3933987033781,10.0000000000000
100,0.2064316836384,3.1261887028409,0.5541592224025,0.3125995022188,0.3933748497446,9.8000000000000
101,0.2064319891494,3.1261933294799,0.5541592224025,0.3123743249918,0.3932944947730,9.8000000000000
102,0.2064364031393,3.1262601746723,0.5540415891829,0.3123170410457,0.3932245678389,9.8000000000000
103,0.2064383242105,3.1262892672557,0.5540415891829,0.3119805971084,0.3931048209479,9.8000000000000
105,0.2064503087218,3.1264707599558,0.5539239559633,0.3119054161317,0.3930301244717,9.8000000000000
106,0.2064519962841,3.1264963162954,0.5539239559633,0.3118731151407,0.3930189500240,9.8000000000000
110,0.2064551550455,3.1265441523842,0.5538771219431,0.3115689793093,0.3928909352387,9.8000000000000
111,0.2064623483712,3.1266530876661,0.5538302879228,0.3115099305487,0.3928513160996,9.8000000000000
112,0.2064633585649,3.1266683859774,0.5538302879228,0.3114237196705,0.3928207429703,9.8000000000000
62915,0.2436420503309,3.6897002042361,0.0682589289630,0.8078604490067,0.3699844264146,0.0000003279764
62921,0.2436490115311,3.6898056242237,0.0682120949427,0.8074358363208,0.3698141989895,0.0000003279764
62923,0.2436461822656,3.6897627780011,0.0682120949427,0.8074311195450,0.3698119081556,0.0000003279764
62929,0.2436428130696,3.6897117551034,0.0682120949427,0.8073576478824,0.3697849463055,0.0000003279764
62940,0.2436410294457,3.6896847440128,0.0680944617231,0.8073783134946,0.3697415304392,0.0000003279764
62964,0.2436449323774,3.6897438497702,0.0680476277029,0.8074209048484,0.3697375062565,0.0000003279764
62991,0.2436396847628,3.6896643802191,0.0680944617231,0.8073192554281,0.3697201501263,0.0000003279764
62996,0.2436383488550,3.6896441493123,0.0680476277029,0.8072744015767,0.3696837729047,0.0000003279764
62999,0.2436343366659,3.6895833889685,0.0680944617231,0.8043212506608,0.3686482881172,0.0000003279764
63002,0.2436284234553,3.6894938396709,0.0681412957434,0.8042670408054,0.3686477320609,0.0000003279764
63009,0.2436302533521,3.6895215515162,0.0681265805724,0.8041364402517,0.3685951746250,0.0000003279764
63014,0.2436249069182,3.6894405854499,0.0681265805724,0.8040547785086,0.3685648640523,0.0000003279764
63024,0.2436343310327,3.6895833036599,0.0681265805724,0.8040011161751,0.3685477183863,0.0000003279764
63075,0.2436327189991,3.6895588911213,0.0680797465522,0.8039444967527,0.3685070800053,0.0000003149885
63100,0.2436324170408,3.6895543182846,0.0680476277029,0.8039684397302,0.3685018011422,0.0000003149885
63119,0.2436375444561,3.6896319675461,0.0680476277029,0.8031618032693,0.3682148154237,0.0000003149885
63138,0.2436401127349,3.6896708614022,0.0680476277029,0.8031566492538,0.3682135250494,0.0000003149885
63145,0.2436382474180,3.6896426131568,0.0680007936827,0.8031871144547,0.3682039340445,0.0000003149885
63146,0.2436410049626,3.6896843732427,0.0680007936827,0.8030096344567,0.3681411392334,0.0000003149885
63188,0.2436346461657,3.6895880760142,0.0680007936827,0.8029361258747,0.3681135235691,0.0000003149885
63194,0.2436334237273,3.6895695634826,0.0680007936827,0.8028867768431,0.3680956369638,0.0000003149885
63203,0.2436405389619,3.6896773161567,0.0679605376909,0.8028469619382,0.3680656894801,0.0000003149885
63221,0.2436330795893,3.6895643518777,0.0679605376909,0.8027892982194,0.3680434968579,0.0000003149885
63246,0.2436335531802,3.6895715239095,0.0679605376909,0.8020543366223,0.3677811120570,0.0000003086887
63251,0.2436286518097,3.6894972978568,0.0679605376909,0.8020465138230,0.3677772679064,0.0000003086887
63276,0.2436295124310,3.6895103310526,0.0678429044713,0.8020561314138,0.3677304729421,0.0000003086887
63294,0.2436341746919,3.6895809360436,0.0677252712517,0.7995658832367,0.3667916834121,0.0000003086887
63295,0.2436428489976,3.6897122991957,0.0677252712517,0.7993833002979,0.3667283339994,0.0000003086887
63298,0.2436450403452,3.6897454848285,0.0677721052719,0.7966995569611,0.3657903955338,0.0000003086887
63300,0.2436416618416,3.6896943209778,0.0677721052719,0.7966565304750,0.3657743049665,0.0000003086887
63310,0.2436444319342,3.6897362710895,0.0677721052719,0.7965690940235,0.3657436712537,0.0000003086887
63388,0.2436384672789,3.6896459427167,0.0677252712517,0.7966112886058,0.3657373908840,0.0000003086887
63389,0.2436313903706,3.6895387704539,0.0677252712517,0.7963202369625,0.3656319273882,0.0000003086887
63404,0.2436380051453,3.6896389441949,0.0676970749788,0.7963486572477,0.3656314108248,0.0000003086887
63409,0.2436376129216,3.6896330043826,0.0676970749788,0.7963321799779,0.3656254420376,0.0000003086887
63427,0.2436305649821,3.6895262708213,0.0676502409586,0.7962646143242,0.3655797294513,0.0000003025150
63432,0.2436373087664,3.6896283982747,0.0676502409586,0.7960279903718,0.3654966659935,0.0000003025150
63447,0.2436399506661,3.6896684070417,0.0676502409586,0.7957667780631,0.3654039420047,0.0000003025150
63448,0.2436406804192,3.6896794583783,0.0676034069384,0.7958191666502,0.3654027368670,0.0000003025150
63470,0.2436408430197,3.6896819207896,0.0676034069384,0.7958047806522,0.3653976338536,0.0000003025150
63480,0.2436329385624,3.6895622161751,0.0676034069384,0.7954175868016,0.3652576565232,0.0000003025150
63483,0.2436288015676,3.6894995657804,0.0676034069384,0.7954121015781,0.3652548110160,0.0000003025150
63498,0.2436372709229,3.6896278251756,0.0676034069384,0.7949750709889,0.3651005435245,0.0000003025150
63503,0.2436345523126,3.6895866547085,0.0675565729181,0.7946114466792,0.3649500234173,0.0000003025150
63505,0.2436399579591,3.6896685174867,0.0675565729181,0.7944127461813,0.3648802173066,0.0000003025150
63510,0.2436406486302,3.6896789769676,0.0675565729181,0.7941390629362,0.3647826212915,0.0000003025150
63513,0.2436317702466,3.6895445232720,0.0675565729181,0.7940442512068,0.3647468574487,0.0000003025150
63541,0.2436355589573,3.6896018992738,0.0675515705313,0.7938246289120,0.3646670889014,0.0000003025150
63548,0.2436363094969,3.6896132654000,0.0675515705313,0.7936310499685,0.3645981143943,0.0000003025150
63550,0.2436372828671,3.6896280060575,0.0674339373117,0.7936636678450,0.3645595579783,0.0000003025150
63556,0.2436388851976,3.6896522716516,0.0673163040921,0.7936721481942,0.3645125157940,0.0000003025150
63557,0.2436398245140,3.6896664966013,0.0672694700718,0.7937215886699,0.3645103026659,0.0000003025150
63561,0.2436447746482,3.6897414611295,0.0671518368522,0.7937787387130,0.3644813599016,0.0000003025150
63565,0.2436451929416,3.6897477957388,0.0671986708724,0.7937171544517,0.3644795268798,0.0000003025150
63567,0.2436522615088,3.6898548416855,0.0671986708724,0.7927144520757,0.3641229335814,0.0000003025150
63592,0.2436544704222,3.6898882933339,0.0671971117585,0.7926249026045,0.3640907567743,0.0000002964647
63595,0.2436455144319,3.6897526643676,0.0671971117585,0.7920207207102,0.3638730583855,0.0000002964647
63599,0.2436384760693,3.6896460758389,0.0671986708724,0.7918438541776,0.3638090517379,0.0000002964647
63607,0.2436394093831,3.6896602098848,0.0671518368522,0.7918562613949,0.3637936111598,0.0000002964647
63619,0.2436390868977,3.6896553261856,0.0671518368522,0.7918008295440,0.3637737449662,0.0000002964647
63629,0.2436336839833,3.6895735047832,0.0671518368522,0.7914879005606,0.3636608268476,0.0000002964647
63632,0.2436319888572,3.6895478338975,0.0671217729481,0.7914210996278,0.3636237216000,0.0000002964647
63645,0.2436297940950,3.6895145965549,0.0671070577772,0.7913948135198,0.3636075568962,0.0000002964647
63647,0.2436248547726,3.6894397957607,0.0669894245576,0.7914029685464,0.3635589967425,0.0000002964647
63692,0.2436287314726,3.6894985042665,0.0669894245576,0.7909208188274,0.3633876311358,0.0000002964647
63720,0.2436233941273,3.6894176758375,0.0669894245576,0.7908636469965,0.3633660689078,0.0000002964647
63729,0.2436221806297,3.6893992987050,0.0669894245576,0.7905633246880,0.3632585509053,0.0000002964647
63741,0.2436160635099,3.6893066614197,0.0669894245576,0.7905412740731,0.3632493648744,0.0000002964647
63786,0.2436147502426,3.6892867733796,0.0669894245576,0.7905321265180,0.3632458164760,0.0000002905354
63792,0.2436101729633,3.6892174553442,0.0669894245576,0.7903567473595,0.3631822002166,0.0000002905354
63797,0.2436040730552,3.6891250787112,0.0668717913380,0.7903374692520,0.3631235938181,0.0000002905354
63867,0.2435998302129,3.6890608253693,0.0668249573177,0.7898759768271,0.3629377941915,0.0000002905354
63895,0.2436059646950,3.6891537255890,0.0668249573177,0.7897969365021,0.3629108800358,0.0000002905354
63898,0.2436073043159,3.6891740127249,0.0668249573177,0.7894589281826,0.3627904498405,0.0000002905354
63901,0.2436026576849,3.6891036444319,0.0668249573177,0.7894139546608,0.3627733921618,0.0000002905354
63912,0.2436028183371,3.6891060773390,0.0667781232975,0.7893680651740,0.3627369657619,0.0000002905354
63921,0.2436003984708,3.6890694310325,0.0667312892773,0.7893899000770,0.3627241736758,0.0000002847247
63942,0.2436118524254,3.6892428890147,0.0667312892773,0.7893382448364,0.3627081797944,0.0000002847247
63946,0.2436097636245,3.6892112563428,0.0666186584445,0.7893450381499,0.3626618880207,0.0000002847247
63947,0.2436044494252,3.6891307784362,0.0666186584445,0.7893316227745,0.3626559580582,0.0000002847247
63971,0.2435927543544,3.6889536690045,0.0666186584445,0.7892955786486,0.3626405790695,0.0000002847247
63972,0.2435895447406,3.6889050628104,0.0666186584445,0.7892669609245,0.3626296706794,0.0000002847247
63976,0.2435912173779,3.6889303931261,0.0665718244242,0.7892575279881,0.3626065884728,0.0000002847247
63981,0.2435939126030,3.6889712094501,0.0664541912046,0.7893515213236,0.3625903208325,0.0000002847247
63986,0.2435939109073,3.6889711837695,0.0664023547976,0.7892969468868,0.3625486139958,0.0000002847247
64022,0.2435956966808,3.6889982274133,0.0664023547976,0.7892869054214,0.3625454104239,0.0000002847247
64031,0.2435920914955,3.6889436307094,0.0664028341012,0.7891877895491,0.3625094447742,0.0000002847247
64034,0.2435958083670,3.6889999187831,0.0664496681214,0.7890685193340,0.3624877164643,0.0000002847247
64045,0.2435942312249,3.6889760346400,0.0664905411476,0.7885315215941,0.3623131106094,0.0000002847247
64101,0.2435822965434,3.6887952965577,0.0664437071274,0.7885435448736,0.3622947754830,0.0000002790302
64104,0.2435718726597,3.6886374379052,0.0664905411476,0.7883917001510,0.3622583832586,0.0000002790302
64123,0.2435692721812,3.6885980564189,0.0664905411476,0.7882347935560,0.3622017879435,0.0000002790302
64141,0.2435764481934,3.6887067295056,0.0664905411476,0.7882043863206,0.3621924659335,0.0000002790302
64192,0.2435717409626,3.6886354434930,0.0664905411476,0.7881790932072,0.3621824239864,0.0000002790302
64211,0.2435718096038,3.6886364829915,0.0665029093838,0.7878808881786,0.3620812375719,0.0000002790302
64223,0.2435685254235,3.6885867475663,0.0664620363575,0.7878557174388,0.3620540272578,0.0000002790302
64252,0.2435750101015,3.6886849511315,0.0664152023373,0.7878889702654,0.3620472211183,0.0000002790302
64256,0.2435729979752,3.6886544796143,0.0664152023373,0.7878850645986,0.3620453950673,0.0000002734496
64299,0.2435720296954,3.6886398160447,0.0663683683171,0.7878257530978,0.3620039331770,0.0000002679806
64311,0.2435716168217,3.6886335635100,0.0664152023373,0.7850110563858,0.3610186676013,0.0000002679806
64312,0.2435824541048,3.6887976826585,0.0664620363575,0.7849441300273,0.3610171593283,0.0000002679806
64323,0.2435881566459,3.6888840415893,0.0664620363575,0.7849396111649,0.3610167674219,0.0000002679806
64358,0.2435863447738,3.6888566027105,0.0663444031379,0.6701837385686,0.3199817247137,0.0000002679806
64391,0.2435857625964,3.6888477862517,0.0663444031379,0.6701710372925,0.3199770637914,0.0000002679806
64405,0.2435891555188,3.6888991684594,0.0662975691177,0.6701617079802,0.3199543872259,0.0000002679806
64448,0.2435860713238,3.6888524616006,0.0662507350974,0.6701715599983,0.3199371731820,0.0000002626210
64478,0.2435797636081,3.6887569379417,0.0661331018778,0.6674541040798,0.3189148873207,0.0000002626210
64522,0.2435748879789,3.6886831017135,0.0661799358980,0.6673219508567,0.3188867166863,0.0000002626210
64537,0.2435743654819,3.6886751890513,0.0661799358980,0.6672858256059,0.3188737028474,0.0000002626210
64543,0.2435825489004,3.6887991182370,0.0661888608613,0.6670985678217,0.3188124036413,0.0000002626210
64549,0.2435855242686,3.6888441770296,0.0661883815577,0.6670627048867,0.3188000276132,0.0000002626210
64551,0.2435850053892,3.6888363191525,0.0661883815577,0.6669240383257,0.3187503926530,0.0000002626210
64559,0.2435850745598,3.6888373666684,0.0661883815577,0.6667797148719,0.3186988633847,0.0000002626210
64581,0.2435908988792,3.6889255698013,0.0661883815577,0.6667385989435,0.3186854271929,0.0000002626210
64586,0.2435865694840,3.6888600057074,0.0661883815577,0.6667172025894,0.3186768579104,0.0000002626210
64599,0.2435872885453,3.6888708951275,0.0660707483381,0.6643389318324,0.3177772153448,0.0000002626210
64602,0.2435929692876,3.6889569239394,0.0660071442017,0.6641930927767,0.3176990883540,0.0000002573685
64612,0.2435900309872,3.6889124264985,0.0658895109821,0.6642414659616,0.3176653206187,0.0000002573685
64647,0.2435817298555,3.6887867146716,0.0658426769619,0.6642507753282,0.3176467948556,0.0000002573685
64710,0.2435829753853,3.6888055768986,0.0657958429416,0.6643022409907,0.3176453706257,0.0000002573685
64731,0.2435889454691,3.6888959874797,0.0657490089214,0.6643516880268,0.3176442378621,0.0000002573685
64750,0.2435854507221,3.6888430632465,0.0657490089214,0.6643252796301,0.3176340574175,0.0000002573685
64769,0.2435801540494,3.6887628507615,0.0657490089214,0.6642927031582,0.3176212879620,0.0000002573685
64806,0.2435908620242,3.6889250116714,0.0656313757018,0.6642688724410,0.3175646573206,0.0000002522212
64813,0.2435844815852,3.6888283866961,0.0656069312190,0.6642637745524,0.3175509932022,0.0000002522212
64819,0.2435843169434,3.6888258933717,0.0655845416815,0.6642775904538,0.3175462966563,0.0000002522212
64831,0.2435881646765,3.6888841632049,0.0655884477303,0.6642251441897,0.3175300643828,0.0000002522212
64845,0.2435832814515,3.6888102119456,0.0656352817505,0.5596063174924,0.2801852230228,0.0000002522212
64846,0.2435846162257,3.6888304256841,0.0656352817505,0.5595793577598,0.2801758805700,0.0000002522212
64856,0.2435789528759,3.6887446602636,0.0656821157707,0.5594819946019,0.2801599661616,0.0000002522212
64878,0.2435949913646,3.6889875461492,0.0656352817505,0.5594330976257,0.2801258680518,0.0000002522212
64881,0.2435985338257,3.6890411929613,0.0655176485309,0.5595011209232,0.2801005069485,0.0000002522212
64910,0.2436018248343,3.6890910317933,0.0654000153113,0.5595950957991,0.2800843603833,0.0000002522212
64925,0.2436028339217,3.6891063133511,0.0653536605946,0.5595708594813,0.2800560544814,0.0000002522212
64931,0.2435991089576,3.6890499027239,0.0653068265744,0.5594768846054,0.2800016220962,0.0000002522212
64998,0.2435990160323,3.6890484954685,0.0653068265744,0.5594549317255,0.2799937618693,0.0000002471768
65037,0.2435929838506,3.6889571444802,0.0653068265744,0.5594305798904,0.2799837721750,0.0000002471768
65051,0.2435977298957,3.6890290182952,0.0652599925542,0.5593723880474,0.2799439346606,0.0000002471768
65058,0.2435992408266,3.6890518997399,0.0652131585339,0.5594069168926,0.2799365184390,0.0000002471768
65059,0.2436041823712,3.6891267341869,0.0650955253143,0.5594900811818,0.2799168646363,0.0000002471768
65110,0.2435980648396,3.6890340906643,0.0650955253143,0.5594650365724,0.2799066092333,0.0000002471768
65122,0.2435974063921,3.6890241191761,0.0650955253143,0.5594582779461,0.2799040543423,0.0000002422332
65135,0.2435961486167,3.6890050715038,0.0650486912941,0.5594237202694,0.2798713710687,0.0000002422332
65136,0.2435947858350,3.6889844336216,0.0650486912941,0.5594120464824,0.2798669098344,0.0000002422332
65158,0.2436010855298,3.6890798358106,0.0650486912941,0.5594034198757,0.2798651788380,0.0000002422332
65177,0.2436048315037,3.6891365646095,0.0649310580744,0.5594615932591,0.2798363435181,0.0000002422332
65213,0.2436064632268,3.6891612753227,0.0648842240542,0.5594001546970,0.2797946791065,0.0000002422332
65270,0.2436047972985,3.6891360466081,0.0647845950198,0.5594126507261,0.2797560868317,0.0000002422332
65275,0.2435908228948,3.6889244190983,0.0647845950198,0.5593502836030,0.2797308183441,0.0000002422332
65303,0.2436021275012,3.6890956153622,0.0647601505370,0.5593426102126,0.2797200240563,0.0000002373886
65336,0.2436016311777,3.6890880990690,0.0647601505370,0.5593213736523,0.2797123332155,0.0000002373886
65364,0.2435993823686,3.6890540432434,0.0647601505370,0.5592335547453,0.2796804874325,0.0000002373886
65405,0.2435856137028,3.6888455314153,0.0647133165168,0.5592455780248,0.2796617593095,0.0000002373886
65420,0.2435814252382,3.6887821015660,0.0647519968669,0.5591969898719,0.2796600861625,0.0000002373886
65444,0.2435828775035,3.6888040945823,0.0647519968669,0.5590542375660,0.2796094143959,0.0000002373886
65484,0.2435831882562,3.6888088006015,0.0647798680948,0.5589917252835,0.2795990999825,0.0000002326408
65488,0.2435822869107,3.6887951506811,0.0647673290723,0.5589550315585,0.2795804280684,0.0000002326408
65509,0.2435811840335,3.6887784487771,0.0647394578444,0.5589449443069,0.2795646443358,0.0000002326408
65527,0.2435810923884,3.6887770609095,0.0647394578444,0.5589386448516,0.2795623748921,0.0000002326408
65538,0.2435794677465,3.6887524574321,0.0647394578444,0.5581741820467,0.2792890043242,0.0000002326408
65561,0.2435838459682,3.6888187609529,0.0646926238242,0.5581159902037,0.2792490879906,0.0000002326408
65613,0.2435732223501,3.6886578775347,0.0645749906045,0.5581420922987,0.2792057194408,0.0000002326408
65629,0.2435754111383,3.6886910244070,0.0645710845558,0.5581312958060,0.2792006585557,0.0000002279880
65736,0.2435783616910,3.6887357073963,0.0645363102545,0.5581489891791,0.2791927066068,0.0000002279880
65746,0.2435810242259,3.6887760286603,0.0644894762342,0.5581051563631,0.2791575508499,0.0000002279880
65757,0.2435951502880,3.6889899528753,0.0644426422140,0.5581246846420,0.2791474805256,0.0000002279880
65770,0.2435947754921,3.6889842769885,0.0644344885439,0.5581338530391,0.2791471802096,0.0000002279880
65784,0.2436023321653,3.6890987147823,0.0644344885439,0.5579153400935,0.2790707591590,0.0000002279880
65837,0.2435996297050,3.6890577888903,0.0644344885439,0.5577639716929,0.2790161199173,0.0000002234282
65839,0.2435939468184,3.6889717276058,0.0644344885439,0.5577350456439,0.2790045714241,0.0000002234282
65847,0.2435859773690,3.6888510387542,0.0644120990064,0.5576821231302,0.2789743672712,0.0000002234282
65850,0.2435925853293,3.6889511092988,0.0644120990064,0.4636892996634,0.2454069177388,0.0000002234282
65887,0.2435897869307,3.6889087305223,0.0644120990064,0.4636290424110,0.2453847976347,0.0000002234282
65917,0.2435980949137,3.6890345461048,0.0642944657867,0.4637167916702,0.2453675027009,0.0000002234282
65924,0.2436006684199,3.6890735191239,0.0642476317665,0.4635655859006,0.2452939803830,0.0000002234282
65932,0.2435980843409,3.6890343859910,0.0641299985469,0.4636309169155,0.2452663449201,0.0000002234282
65938,0.2435928705732,3.6889554290150,0.0641228034839,0.4635750447244,0.2452421897318,0.0000002234282
65943,0.2435878761950,3.6888797944593,0.0641696375041,0.4634782004515,0.2452266039905,0.0000002234282
65945,0.2435907083454,3.6889226843694,0.0641228034839,0.4634921188276,0.2452121100055,0.0000002234282
65970,0.2435845873933,3.6888299890484,0.0641228034839,0.4634481474846,0.2451950943219,0.0000002189596
66024,0.2435841307808,3.6888230741373,0.0641228034839,0.4633575639416,0.2451626452110,0.0000002189596
66074,0.2435871073857,3.6888681516584,0.0640051702643,0.4634189407116,0.2451347890929,0.0000002189596
66078,0.2435854286722,3.6888427293241,0.0639583362440,0.4634426125990,0.2451228118911,0.0000002145805
66080,0.2435824796320,3.6887980692415,0.0639583362440,0.4632825003184,0.2450649969966,0.0000002145805
66102,0.2435875823924,3.6888753451300,0.0639583362440,0.4631752227803,0.2450277770388,0.0000002145805
66122,0.2435910198765,3.6889274021770,0.0639583362440,0.4631443455023,0.2450174860432,0.0000002145805
66134,0.2435889129821,3.6888954954979,0.0638407030244,0.4632266351904,0.2449960095032,0.0000002102888
66173,0.2435932348130,3.6889609450396,0.0638482231324,0.4631663246078,0.2449786190194,0.0000002102888
66186,0.2435974523831,3.6890248156613,0.0637305899127,0.4632312456373,0.2449522946295,0.0000002102888
66192,0.2435974537795,3.6890248368090,0.0636756022224,0.4632400157173,0.2449318609471,0.0000002102888
66204,0.2436012165284,3.6890818196464,0.0636756022224,0.4631666498561,0.2449064651571,0.0000002102888
66210,0.2435987255842,3.6890440969397,0.0636359632651,0.4631849033249,0.2448954623548,0.0000002102888
66213,0.2435926996287,3.6889528402420,0.0635891292449,0.4631054154280,0.2448457108211,0.0000002102888
66226,0.2435987066035,3.6890438094983,0.0635891292449,0.4630807612278,0.2448381929585,0.0000002102888
66244,0.2435944313271,3.6889790649754,0.0635891292449,0.4629889077229,0.2448044720047,0.0000002102888
66246,0.2435949263949,3.6889865622520,0.0635891292449,0.4629703652293,0.2447979557715,0.0000002102888
66253,0.2435978703577,3.6890311454433,0.0634714960253,0.4630899646247,0.2447908864534,0.0000002102888
66257,0.2436013711855,3.6890841617640,0.0634573978888,0.4630824180904,0.2447828993816,0.0000002102888
66269,0.2435926346559,3.6889518562978,0.0634573978888,0.4630393916043,0.2447656606659,0.0000002102888
66287,0.2435966979145,3.6890133900352,0.0634573978888,0.4629823022827,0.2447461423207,0.0000002102888
66309,0.2435946307054,3.6889820843483,0.0634105638686,0.4629242449611,0.2447048928667,0.0000002060831
66351,0.2435955119121,3.6889954292875,0.0635281970882,0.4626981003270,0.2446747299929,0.0000002060831
66357,0.2435954069956,3.6889938404385,0.0634813630680,0.4627238782421,0.2446638421861,0.0000002060831
66374,0.2435949008408,3.6889861752614,0.0634813630680,0.4626613513384,0.2446414026873,0.0000002060831
66379,0.2435921714268,3.6889448411838,0.0634813630680,0.4626114727987,0.2446230040487,0.0000002060831
66388,0.2435911265417,3.6889290175084,0.0634813630680,0.4624765994461,0.2445746110903,0.0000002060831
66398,0.2435885448488,3.6888899205109,0.0634813630680,0.4624371969324,0.2445599855440,0.0000002060831
66423,0.2435882935102,3.6888861142547,0.0634741680050,0.4624226026506,0.2445516358438,0.0000002060831
66430,0.2435912660995,3.6889311309633,0.0634583564960,0.4624286658642,0.2445476618997,0.0000002060831
66445,0.2435846210090,3.6888304981225,0.0634583564960,0.4624062536426,0.2445382335869,0.0000002060831
66456,0.2435785670231,3.6887388169334,0.0634115224758,0.4623939774292,0.2445124802193,0.0000002060831
66494,0.2435774719035,3.6887222325086,0.0634115224758,0.4622568229418,0.2444632618053,0.0000002019614
66497,0.2435743852064,3.6886754877582,0.0634115224758,0.4622068735308,0.2444447612949,0.0000002019614
66512,0.2435685678835,3.6885873905779,0.0634115224758,0.4621876735094,0.2444366575751,0.0000002019614
66523,0.2435736640705,3.6886645669199,0.0634115224758,0.4621374972221,0.2444198295126,0.0000002019614
66541,0.2435823968879,3.6887968161689,0.0634115224758,0.4621230884600,0.2444165548442,0.0000002019614
66544,0.2435758948680,3.6886983499798,0.0634115224758,0.4620408654588,0.2443857961966,0.0000002019614
66552,0.2435676105543,3.6885728928443,0.0633646884555,0.4618984286945,0.2443130789906,0.0000002019614
66562,0.2435708683994,3.6886222294499,0.0633250494983,0.4619139585633,0.2443023353575,0.0000002019614
66611,0.2435705703451,3.6886177157336,0.0632782154781,0.4617968180388,0.2442403638641,0.0000002019614
66612,0.2435690538370,3.6885947498281,0.0631605822584,0.4618667146226,0.2442145877267,0.0000002019614
66618,0.2435778031757,3.6887272492747,0.0631137482382,0.4617074577676,0.2441395134139,0.0000002019614
66639,0.2435786515806,3.6887400974670,0.0630669142180,0.4616771288727,0.2441087917438,0.0000002019614
66694,0.2435760916210,3.6887013295960,0.0630669142180,0.4616214570466,0.2440883603860,0.0000001979222
66711,0.2435715683764,3.6886328298583,0.0629912503627,0.4616327761406,0.2440590062863,0.0000001979222
66725,0.2435675344262,3.6885717399651,0.0629912503627,0.4615873095303,0.2440419037933,0.0000001979222
66727,0.2435622011097,3.6884909725480,0.0629320481063,0.4616412567993,0.2440346554260,0.0000001979222
66728,0.2435645493065,3.6885265334954,0.0629788821265,0.4615733758973,0.2440309871546,0.0000001979222
66729,0.2435617037956,3.6884834412545,0.0628612489069,0.4616116942424,0.2439936482886,0.0000001979222
66736,0.2435669057155,3.6885622188081,0.0628612489069,0.4615296611621,0.2439654654570,0.0000001979222
66761,0.2435646142971,3.6885275177102,0.0627436156873,0.4616341249267,0.2439518686892,0.0000001979222
66855,0.2435561056333,3.6883986630282,0.0626967816671,0.4615468155720,0.2438987917687,0.0000001939637
66881,0.2435564580223,3.6884039995857,0.0626967816671,0.4613133928530,0.2438155020239,0.0000001939637
66887,0.2435556100328,3.6883911576848,0.0626967816671,0.4612663997953,0.2437985370769,0.0000001939637
66927,0.2435583890178,3.6884332424633,0.0626778188747,0.4612825907717,0.2437967881543,0.0000001939637
66950,0.2435625332843,3.6884960029794,0.0626778188747,0.4612363677551,0.2437811679912,0.0000001939637
66952,0.2435592532400,3.6884463301905,0.0626309848545,0.4611646758834,0.2437347891617,0.0000001939637
66967,0.2435694364656,3.6886005443324,0.0626309848545,0.4611113918206,0.2437179412590,0.0000001939637
67014,0.2435723848722,3.6886451948208,0.0626510439849,0.4610354524074,0.2437000486116,0.0000001900845
67094,0.2435715900862,3.6886331586297,0.0626510439849,0.4610303774312,0.2436980658089,0.0000001900845
67141,0.2435652054913,3.6885364707178,0.0626356952518,0.4610486159295,0.2436966334023,0.0000001900845
67150,0.2435668913605,3.6885620014172,0.0625888612315,0.4609831073183,0.2436535270045,0.0000001900845
67151,0.2435635746014,3.6885117726220,0.0625420272113,0.4610314149524,0.2436499972739,0.0000001862828
67153,0.2435603582981,3.6884630651233,0.0625420272113,0.4609809379502,0.2436312805652,0.0000001862828
67163,0.2435623589121,3.6884933622979,0.0625219680809,0.4609332132107,0.2436060679482,0.0000001862828
67175,0.2435677639340,3.6885752156172,0.0625219680809,0.4609125302132,0.2435998393824,0.0000001862828
67180,0.2435733660094,3.6886600531021,0.0625219680809,0.4608930612525,0.2435940866269,0.0000001862828
67188,0.2435776110340,3.6887243394922,0.0625558003028,0.4608243640216,0.2435849610733,0.0000001862828
67205,0.2435821857960,3.6887936194068,0.0625558003028,0.4606770221280,0.2435333192746,0.0000001862828
67228,0.2435793989478,3.6887514155490,0.0625089662825,0.4606174878269,0.2434913881195,0.0000001862828
67275,0.2435862793202,3.6888556114845,0.0625089662825,0.4605838819110,0.2434808603722,0.0000001862828
67355,0.2435874086921,3.6888727146232,0.0625089662825,0.4605765768402,0.2434784934266,0.0000001825571
67363,0.2435862038954,3.6888544692569,0.0625089662825,0.4605124095213,0.2434553183563,0.0000001825571
67385,0.2435924756948,3.6889494489996,0.0623913330629,0.4605399382123,0.2434160797516,0.0000001825571
67403,0.2435922703892,3.6889463398652,0.0623961977188,0.4605166161157,0.2434097912899,0.0000001825571
67406,0.2436016879503,3.6890889588305,0.0623961977188,0.4603781179102,0.2433623456939,0.0000001825571
67472,0.2435997904611,3.6890602233706,0.0623493636986,0.4604050770876,0.2433514956438,0.0000001825571
67497,0.2435991080071,3.6890498883294,0.0623493636986,0.4604007259706,0.2433497954333,0.0000001789060
67532,0.2436031169870,3.6891106000737,0.0623493636986,0.4603886244760,0.2433463325380,0.0000001789060
67608,0.2436060975422,3.6891557374190,0.0623493636986,0.4603521966048,0.2433339612744,0.0000001789060
67610,0.2436107328928,3.6892259348823,0.0622317304790,0.4603836522127,0.2432957744726,0.0000001789060
67612,0.2436120854787,3.6892464183598,0.0622268658231,0.4603872283101,0.2432952566375,0.0000001789060
67652,0.2436153663289,3.6892961033537,0.0621800318028,0.4603848478145,0.2432750377769,0.0000001789060
67668,0.2436257510567,3.6894533690310,0.0621800318028,0.4603761774060,0.2432741665012,0.0000001753279
67669,0.2436098610530,3.6892127317947,0.0621800318028,0.4603475228311,0.2432605277237,0.0000001753279
67713,0.2436117444429,3.6892412537352,0.0621331977826,0.4603580608209,0.2432446231521,0.0000001753279
67727,0.2436131794213,3.6892629849589,0.0620155645630,0.4604387776809,0.2432233438605,0.0000001718213
67729,0.2436074115226,3.6891756362559,0.0620553412511,0.4603714664862,0.2432151153218,0.0000001718213
67732,0.2436107888486,3.6892267822730,0.0619377080315,0.4604324492485,0.2431872043555,0.0000001718213
67738,0.2436121135971,3.6892468441835,0.0619377080315,0.4603787974380,0.2431683268693,0.0000001718213
67802,0.2436206780772,3.6893765441418,0.0619377080315,0.4603713355994,0.2431674971727,0.0000001718213
67804,0.2436169996088,3.6893208376437,0.0619033965061,0.3767999947987,0.2133050965611,0.0000001718213
67806,0.2436122763446,3.6892493088207,0.0618565624858,0.3768581512992,0.2133047828889,0.0000001718213
67810,0.2436172050981,3.6893239495606,0.0618565624858,0.3768233295623,0.2132934027158,0.0000001718213
67850,0.2436187512018,3.6893473636597,0.0618565624858,0.3767976009214,0.2132845452234,0.0000001683849
67858,0.2436159597534,3.6893050901377,0.0618722362639,0.3767793584699,0.2132841492281,0.0000001683849
67859,0.2436163054497,3.6893103253410,0.0618722362639,0.3767440177189,0.2132716016091,0.0000001683849
67865,0.2436088615464,3.6891975953278,0.0618722362639,0.3766681955521,0.2132429271417,0.0000001683849
67867,0.2436120931406,3.6892465343906,0.0618477917812,0.3766408306451,0.2132233702382,0.0000001683849
67870,0.2436166497104,3.6893155388034,0.0618058224169,0.3766338148739,0.2132038541430,0.0000001683849
67957,0.2436206507672,3.6893761305614,0.0617589883966,0.3765835462884,0.2131666867231,0.0000001683849
67967,0.2436150489228,3.6892912965745,0.0616756667025,0.3764778500522,0.2130920283746,0.0000001683849
67983,0.2436230431428,3.6894123605498,0.0616756667025,0.3763805366010,0.2130589866177,0.0000001683849
67990,0.2436150376056,3.6892911251871,0.0616756667025,0.3763733442965,0.2130547024653,0.0000001683849
67996,0.2436133109239,3.6892649764266,0.0616756667025,0.3763740516160,0.2130545850762,0.0000001683849
68050,0.2436220475646,3.6893972835756,0.0616288326822,0.3764205125286,0.2130529786736,0.0000001650172
68054,0.2436220760785,3.6893977153874,0.0616288326822,0.3763557471268,0.2130298542830,0.0000001650172
68133,0.2436230800178,3.6894129189822,0.0616532771650,0.3763197131817,0.2130276763537,0.0000001650172
68158,0.2436150032601,3.6892906050616,0.0616532771650,0.3763117557638,0.2130231036849,0.0000001650172
68179,0.2436091634557,3.6892021674238,0.0616064431447,0.3763702044807,0.2130226551171,0.0000001617168
68210,0.2436026871624,3.6891040908369,0.0616064431447,0.3763484579444,0.2130135007198,0.0000001617168
68223,0.2436022543805,3.6890975368137,0.0614888099251,0.3763526053974,0.2129644749771,0.0000001617168
68247,0.2436151097816,3.6892922182160,0.0614849038764,0.3762858570198,0.2129417169787,0.0000001617168
68257,0.2436186200082,3.6893453768717,0.0614849038764,0.3762746901592,0.2129384810056,0.0000001617168
68327,0.2436156624670,3.6893005880511,0.0614380698562,0.3762136335583,0.2128959695950,0.0000001617168
68341,0.2436150070876,3.6892906630251,0.0614849038764,0.3736923393905,0.2120154386767,0.0000001584825
68352,0.2436170756564,3.6893219893042,0.0615400292977,0.3735251581381,0.2119797995318,0.0000001584825
68409,0.2436141215631,3.6892772526962,0.0615002526095,0.3734998144471,0.2119530680415,0.0000001584825
68429,0.2436266336589,3.6894667351049,0.0615002526095,0.3734328175970,0.2119318217585,0.0000001584825
68440,0.2436227858586,3.6894084642535,0.0615002526095,0.3734065351893,0.2119216106556,0.0000001584825
68445,0.2436139891335,3.6892752471908,0.0614659410840,0.3734390656605,0.2119166387291,0.0000001584825
68454,0.2436201073197,3.6893679006263,0.0614659410840,0.3733555574067,0.2118881253926,0.0000001584825
68466,0.2436134820489,3.6892675679327,0.0614659410840,0.3733285276804,0.2118770522181,0.0000001584825
68506,0.2436176334485,3.6893304364728,0.0614391661942,0.3732289013490,0.2118308860183,0.0000001584825
68512,0.2436220390658,3.6893971548706,0.0614391661942,0.3731721245830,0.2118115526627,0.0000001553128
68517,0.2436298610554,3.6895156105991,0.0614391661942,0.3731514415856,0.2118058420185,0.0000001553128
68519,0.2436320679575,3.6895490317883,0.0613215329746,0.3731786160055,0.2117656058391,0.0000001553128
68520,0.2436362478280,3.6896123314894,0.0613165305878,0.3731711171687,0.2117616794896,0.0000001553128
68538,0.2436374492499,3.6896305257485,0.0611835486350,0.3732703518835,0.2117403856412,0.0000001553128
68548,0.2436252293715,3.6894454686633,0.0611835486350,0.3732683334673,0.2117370462329,0.0000001553128
68594,0.2436212108019,3.6893846116922,0.0611835486350,0.3732451688820,0.2117279120447,0.0000001553128
68603,0.2436287376811,3.6894985982873,0.0610937866433,0.3732582614914,0.2116957314543,0.0000001553128
68614,0.2436302613674,3.6895216728988,0.0610937866433,0.3732473081334,0.2116921460449,0.0000001553128
68619,0.2436379054683,3.6896374346917,0.0610937866433,0.3732119946806,0.2116811721191,0.0000001553128
68623,0.2436477751918,3.6897869011769,0.0610245630856,0.3731827538684,0.2116431766736,0.0000001553128
68641,0.2436508940162,3.6898341324610,0.0610245630856,0.3731609150339,0.2116360454094,0.0000001553128
68645,0.2436527780490,3.6898626641382,0.0609777290654,0.3731115091108,0.2115987324352,0.0000001553128
68648,0.2436574495873,3.6899334096266,0.0609498578375,0.3731281385067,0.2115937277371,0.0000001553128
68663,0.2436600917503,3.6899734223800,0.0609498578375,0.3730705862830,0.2115737395493,0.0000001553128
68680,0.2436660210621,3.6900632155136,0.0608873500391,0.3730877393715,0.2115543471628,0.0000001553128
68689,0.2436531317529,3.6898680206082,0.0608683872468,0.3730748583152,0.2115388578797,0.0000001522066
68712,0.2436514506846,3.6898425626132,0.0608405160189,0.3730580173662,0.2115205382142,0.0000001522066
68740,0.2436522758763,3.6898550592663,0.0607936819987,0.3729991572313,0.2114796218412,0.0000001522066
68748,0.2436450103646,3.6897450308038,0.0607936819987,0.3729875703334,0.2114739267681,0.0000001522066
68762,0.2436442433995,3.6897334159317,0.0607936819987,0.3729629727986,0.2114649775845,0.0000001522066
68793,0.2436490343438,3.6898059696972,0.0607468479784,0.3729578682151,0.2114441094270,0.0000001522066
68806,0.2436566505329,3.6899213087959,0.0607468479784,0.3729122293379,0.2114294418685,0.0000001522066
68815,0.2436534652192,3.6898730706020,0.0606810511659,0.3729305127741,0.2114070904660,0.0000001522066
68816,0.2436592254994,3.6899603039303,0.0606810511659,0.3729224099291,0.2114054309385,0.0000001522066
68835,0.2436570414820,3.6899272293052,0.0606810511659,0.3729202484787,0.2114041909882,0.0000001522066
68858,0.2436565257469,3.6899194190437,0.0606533176689,0.3729283833658,0.2113951000059,0.0000001491625
68896,0.2436650138893,3.6900479629501,0.0605356844493,0.3730125592317,0.2113765674659,0.0000001491625
68908,0.2436596533176,3.6899667827823,0.0605165839260,0.3729957182827,0.2113612182088,0.0000001491625
68918,0.2436588227645,3.6899542049379,0.0604681742641,0.3730368977102,0.2113550001735,0.0000001491625
68922,0.2436501821571,3.6898233521109,0.0604213402439,0.3730327811937,0.2113316067074,0.0000001491625
68994,0.2436497123296,3.6898162370727,0.0604163378571,0.3729811620749,0.2113109267504,0.0000001491625
68997,0.2436552334417,3.6898998484547,0.0603695038368,0.3729771501006,0.2112906052750,0.0000001491625
69067,0.2436580951382,3.6899431858092,0.0603615209530,0.3729790832478,0.2112884876694,0.0000001461792
69117,0.2436727094620,3.6901645042285,0.0603615209530,0.3729539799193,0.2112826538357,0.0000001461792
69122,0.2436700523996,3.6901242658395,0.0603615209530,0.3729510653620,0.2112810435519,0.0000001461792
69160,0.2436730916705,3.6901702923715,0.0603615209530,0.3729451035050,0.2112795655896,0.0000001461792
69190,0.2436682322977,3.6900967023289,0.0602438877334,0.3730073692602,0.2112503478282,0.0000001461792
69209,0.2436707352074,3.6901346062383,0.0601970537132,0.3730438798117,0.2112438519257,0.0000001432556
69211,0.2436792433701,3.6902634533304,0.0601970537132,0.3730085217303,0.2112330472172,0.0000001432556
69233,0.2436776347798,3.6902390929386,0.0601552220798,0.3730318744215,0.2112231149233,0.0000001432556
69248,0.2436800646876,3.6902758913132,0.0601083880595,0.3729904204043,0.2111887588887,0.0000001432556
69315,0.2436819625106,3.6903046318273,0.0601083880595,0.3729709254878,0.2111822030948,0.0000001432556
69338,0.2436866469133,3.6903755721325,0.0600609204771,0.3729550756992,0.2111572030070,0.0000001432556
69357,0.2436886815533,3.6904063845959,0.0600609204771,0.2996635035607,0.1849820775233,0.0000001432556
69468,0.2436913850670,3.6904473264410,0.0600609204771,0.2996300107035,0.1849706951129,0.0000001375827
69495,0.2437067200203,3.6906795580288,0.0600140864568,0.2996279396121,0.1849531697759,0.0000001375827
69507,0.2437073480726,3.6906890692153,0.0600118937807,0.2995632473256,0.1849292602521,0.0000001375827
69553,0.2437030220929,3.6906235568453,0.0599650597605,0.2995321672389,0.1848971615026,0.0000001348310
69573,0.2437031462486,3.6906254370510,0.0599182257402,0.2995611789537,0.1848874777111,0.0000001348310
69598,0.2437106744486,3.6907394436475,0.0598005925206,0.2995402230783,0.1848311924186,0.0000001348310
69629,0.2437113527617,3.6907497159792,0.0598474265408,0.2994722384776,0.1848271292798,0.0000001348310
69707,0.2437063940471,3.6906746215115,0.0598005925206,0.2995301527959,0.1848266786603,0.0000001321344
69734,0.2437084100323,3.6907051514670,0.0598005925206,0.2994672769962,0.1848046550144,0.0000001321344
69777,0.2437069681349,3.6906833154616,0.0598005925206,0.2994316865255,0.1847916351540,0.0000001321344
69857,0.2437062323503,3.6906721727850,0.0598055949074,0.2994225676264,0.1847903646163,0.0000001321344
69900,0.2437055794549,3.6906622853769,0.0596879616878,0.2994213841932,0.1847393878184,0.0000001294917
69923,0.2437011297414,3.6905948991906,0.0597347957080,0.2973452501590,0.1840170295905,0.0000001294917
69948,0.2437037989074,3.6906353208760,0.0597750516998,0.2972696857311,0.1840078668269,0.0000001294917
69956,0.2436990910963,3.6905640260744,0.0597974412373,0.2972089174663,0.1839947505746,0.0000001294917
69961,0.2437014030294,3.6905990378461,0.0597506072170,0.2970214056841,0.1839082057722,0.0000001294917
69973,0.2436996260187,3.6905721269057,0.0596329739974,0.2971524790158,0.1839042226514,0.0000001294917
69978,0.2436970093060,3.6905324995708,0.0595628083602,0.2972051829876,0.1838924137870,0.0000001294917
69982,0.2436920296644,3.6904570881843,0.0595159743400,0.2971436020060,0.1838492817902,0.0000001294917
70061,0.2436806723120,3.6902850931385,0.0595159743400,0.2971357332032,0.1838440377851,0.0000001269019
70070,0.2436772699613,3.6902335681504,0.0595861399772,0.2970471348055,0.1838417374125,0.0000001269019
70076,0.2436822537119,3.6903090417620,0.0594685067576,0.2970900261148,0.1838077094468,0.0000001269019
70100,0.2436831963253,3.6903233166405,0.0594685067576,0.2970800127300,0.1838043352265,0.0000001269019
70119,0.2436908838428,3.6904397359329,0.0594685067576,0.2970516798511,0.1837958636664,0.0000001269019
70143,0.2436846827244,3.6903458265772,0.0594685067576,0.2970328872820,0.1837878232235,0.0000001269019
70159,0.2436848801851,3.6903488169109,0.0594461172201,0.2970358268554,0.1837793198681,0.0000001269019
70194,0.2436993748414,3.6905683230932,0.0593992831998,0.2969827490210,0.1837433977735,0.0000001269019
70211,0.2437035009015,3.6906308078930,0.0593992831998,0.2969469707897,0.1837315039894,0.0000001243639
70243,0.2437038611101,3.6906362628691,0.0593574515664,0.2969556825023,0.1837167646600,0.0000001243639
70246,0.2437027376560,3.6906192493502,0.0593295803385,0.2969453779141,0.1837008988979,0.0000001243639
70272,0.2436904294458,3.6904328545722,0.0593051358558,0.2969168429931,0.1836775941741,0.0000001243639
70288,0.2436842256787,3.6903389051054,0.0593051358558,0.2968188323741,0.1836412610030,0.0000001243639
70354,0.2436844372407,3.6903421089870,0.0593308144075,0.2967623274317,0.1836321310947,0.0000001243639
70371,0.2436817679067,3.6903016847571,0.0593726460409,0.2966079067153,0.1835943366816,0.0000001243639
70376,0.2436797615558,3.6902713007032,0.0593726460409,0.2966035555984,0.1835923527789,0.0000001243639
70402,0.2436797346360,3.6902708930310,0.0593502565034,0.2966180061592,0.1835879124089,0.0000001218766
70417,0.2436764215804,3.6902207203221,0.0593034224832,0.2965699117985,0.1835499541881,0.0000001218766
70455,0.2436817896626,3.6903020142274,0.0592565884630,0.2963998324466,0.1834702901428,0.0000001218766
70457,0.2436843056728,3.6903401165315,0.0592565884630,0.2963350929735,0.1834477080474,0.0000001218766
70459,0.2436767474608,3.6902256554339,0.0592222769375,0.2963672651048,0.1834428735379,0.0000001218766
70530,0.2436778737533,3.6902427119379,0.0591046437179,0.2963752268510,0.1833955441302,0.0000001218766
70583,0.2436795084279,3.6902674673496,0.0590780065590,0.2963818805171,0.1833868548016,0.0000001194391
70630,0.2436775626581,3.6902380007322,0.0590311725388,0.2963771038603,0.1833646601792,0.0000001194391
70655,0.2436719121304,3.6901524294883,0.0590192670785,0.2963939729758,0.1833643716958,0.0000001194391
70668,0.2436684708380,3.6901003147680,0.0589724330583,0.2963321065333,0.1833214673950,0.0000001194391
70678,0.2436740002301,3.6901840515414,0.0589255990380,0.2963458968049,0.1833075056388,0.0000001194391
70730,0.2436749843223,3.6901989545740,0.0588205048409,0.2963332994447,0.1832581770883,0.0000001170503
70762,0.2436747047314,3.6901947204657,0.0587786732075,0.2963449359738,0.1832443452363,0.0000001170503
70784,0.2436724035627,3.6901598717097,0.0587786732075,0.2962706458694,0.1832173199486,0.0000001170503
70789,0.2436844486631,3.6903422819670,0.0587661507127,0.2961770302790,0.1831811001186,0.0000001170503
70810,0.2436800250743,3.6902752914117,0.0587193166925,0.2961569828502,0.1831529206878,0.0000001170503
70998,0.2436848831017,3.6903488610795,0.0586016834728,0.2961845327914,0.1831133867214,0.0000001147093
71045,0.2436854450513,3.6903573712095,0.0585548494526,0.2962326189402,0.1831106090407,0.0000001147093
71059,0.2436844689451,3.6903425891163,0.0585639286745,0.2961470759380,0.1830837398980,0.0000001147093
71184,0.2436844264475,3.6903419455363,0.0585639286745,0.2961260374430,0.1830762170432,0.0000001124151
71186,0.2436731154957,3.6901706531790,0.0585170946543,0.2961239663516,0.1830529818693,0.0000001124151
71226,0.2436686860334,3.6901035736737,0.0585192873304,0.2960911394952,0.1830412485399,0.0000001124151
71337,0.2436790729974,3.6902608732178,0.0585192873304,0.2960594509833,0.1830321569923,0.0000001101668
71377,0.2436828796103,3.6903185203292,0.0584016541108,0.2961264701246,0.1830064938656,0.0000001101668
71458,0.2436853640200,3.6903561440758,0.0583117543882,0.2961629806762,0.1829815372693,0.0000001079634
71483,0.2436866362558,3.6903754107360,0.0582827868222,0.2961071413641,0.1829494526086,0.0000001079634
71491,0.2436840859357,3.6903367888455,0.0582827868222,0.2960863420731,0.1829414777933,0.0000001079634
71502,0.2436899240207,3.6904252004466,0.0582603972847,0.2960538789364,0.1829215393180,0.0000001079634
71525,0.2436857879595,3.6903625641897,0.0582521058836,0.2960086283010,0.1829009386204,0.0000001079634
71531,0.2436802997733,3.6902794514366,0.0582521058836,0.2959578928639,0.1828816427815,0.0000001079634
71552,0.2436788237829,3.6902570991282,0.0582521058836,0.2959577431453,0.1828812730269,0.0000001079634
71566,0.2436795173520,3.6902676024961,0.0582521058836,0.2938119013177,0.1821150495676,0.0000001079634
71578,0.2436705038481,3.6901311025482,0.0581344726640,0.2938961879414,0.1820928062311,0.0000001058042
71630,0.2436695267686,3.6901163057164,0.0581344726640,0.2938694584080,0.1820830505950,0.0000001058042
71636,0.2436654640319,3.6900547798818,0.0581813066843,0.2938108953878,0.1820813363672,0.0000001058042
71656,0.2436697051214,3.6901190066799,0.0581535731873,0.2938101898646,0.1820701074151,0.0000001058042
71676,0.2436635618959,3.6900259740512,0.0581535731873,0.2937770279484,0.1820569474681,0.0000001058042
71780,0.2436647613566,3.6900441386106,0.0580996818350,0.2938097655301,0.1820458001950,0.0000001036881
71808,0.2436788221064,3.6902570737391,0.0580996818350,0.2936450447332,0.1819899843568,0.0000001036881
71817,0.2436784538319,3.6902514966138,0.0580528478147,0.2937011695436,0.1819898782930,0.0000001036881
71843,0.2436771469282,3.6902317049443,0.0580060137945,0.2936870728844,0.1819644919981,0.0000001036881
71919,0.2436815314106,3.6902981032754,0.0579591797743,0.2936238432153,0.1819227777824,0.0000001016143
71940,0.2436872628443,3.6903848997543,0.0579313085464,0.2936515857216,0.1819219691728,0.0000001016143
71959,0.2436842145902,3.6903387371817,0.0579313085464,0.2936412596592,0.1819176280961,0.0000001016143
71962,0.2436884345795,3.6904026444407,0.0579313085464,0.2935943843135,0.1819017911846,0.0000001016143
72005,0.2436943477078,3.6904921924911,0.0578620849887,0.2935396384642,0.1818538389555,0.0000001016143
72081,0.2436947381607,3.6904981054856,0.0578277734632,0.2935711484309,0.1818504712440,0.0000000995820
72146,0.2436969969742,3.6905323128187,0.0577809394430,0.2935087851663,0.1818086109580,0.0000000995820
72150,0.2437082432317,3.6907026254490,0.0577684169482,0.2934151141970,0.1817722001692,0.0000000975904
72151,0.2437061212739,3.6906704906503,0.0577684169482,0.2933661455694,0.1817542566684,0.0000000975904
72184,0.2436989726914,3.6905622329583,0.0577215829280,0.2933970004144,0.1817436726939,0.0000000975904
72188,0.2436936041238,3.6904809317006,0.0577684169482,0.2914095494570,0.1810527900961,0.0000000975904
72191,0.2436934462046,3.6904785401825,0.0577200072863,0.2914408613606,0.1810431920810,0.0000000975904
72192,0.2437044959996,3.6906458775970,0.0576731732661,0.2913876543087,0.1810064856528,0.0000000975904
72246,0.2437183936926,3.6908563434029,0.0577200072863,0.2894716284201,0.1803452404926,0.0000000975904
72260,0.2437256712840,3.6909665547996,0.0576976177488,0.2894751873184,0.1803384754955,0.0000000956386
72269,0.2437299585909,3.6910314815118,0.0576507837286,0.2894116090654,0.1802966159622,0.0000000956386
72288,0.2437343873760,3.6910985507602,0.0576039497083,0.2893346261549,0.1802499993680,0.0000000956386
72321,0.2437321864614,3.6910652202448,0.0574863164887,0.2873844736494,0.1795026304688,0.0000000956386
72326,0.2437338002974,3.6910896600778,0.0574694086416,0.2873536129162,0.1794847083802,0.0000000956386
72357,0.2437329182741,3.6910763027707,0.0574568696192,0.2873464581478,0.1794765902340,0.0000000956386
72388,0.2437321313359,3.6910643854274,0.0573992264767,0.2873634977825,0.1794578029843,0.0000000956386
72390,0.2437300448024,3.6910327870932,0.0573523924565,0.2873431215977,0.1794300069382,0.0000000956386
72393,0.2437317301392,3.6910583097295,0.0573523924565,0.2872066995638,0.1793816459268,0.0000000956386
72414,0.2437319861233,3.6910621863373,0.0573246589595,0.2871820252563,0.1793610027435,0.0000000956386
72513,0.2437223485489,3.6909162355039,0.0572924023793,0.2871685592574,0.1793403040150,0.0000000937258
72541,0.2437215515324,3.6909041655356,0.0572580908538,0.2871998485025,0.1793366030166,0.0000000937258
72559,0.2437180864166,3.6908516900352,0.0572749987009,0.2871810101807,0.1793363787399,0.0000000937258
72565,0.2437182749930,3.6908545458240,0.0572749987009,0.2871243615454,0.1793161874937,0.0000000937258
72578,0.2437092070711,3.6907172217728,0.0572749987009,0.2870675694839,0.1792939614885,0.0000000937258
72631,0.2437024661854,3.6906151382162,0.0572281646807,0.2870257960931,0.1792575262219,0.0000000918513
72632,0.2437020872797,3.6906094000913,0.0572092018884,0.2870308166597,0.1792511111763,0.0000000918513
72674,0.2437009338111,3.6905919320333,0.0572560359086,0.2869303823206,0.1792350663206,0.0000000918513
72702,0.2436993413549,3.6905678159751,0.0572560359086,0.2868972973447,0.1792229090171,0.0000000918513
72749,0.2437043476322,3.6906436307297,0.0572560359086,0.2868923226238,0.1792222051048,0.0000000918513
72750,0.2436990763192,3.6905638022912,0.0572092018884,0.2869489340737,0.1792212221897,0.0000000918513
72772,0.2436968314436,3.6905298060329,0.0572092018884,0.2869372384856,0.1792165641492,0.0000000900143
72778,0.2436945148603,3.6904947238378,0.0570915686687,0.2870240382874,0.1791966534307,0.0000000900143
72906,0.2436907293958,3.6904373969963,0.0570636974408,0.2869563598962,0.1791597265938,0.0000000900143
72915,0.2436923145314,3.6904614021927,0.0570636974408,0.2868485470286,0.1791215616702,0.0000000900143
