0,0.2063240533919,3.124558757017,0.5553584234398,0.3201241934734,0.3965531191558,10
1,0.206325633567,3.124582687091,0.5553584234398,0.3197771085122,0.3964294988501,10.0000000000000
5,0.2063220373431,3.1245282260982,0.5551939562000,0.3197204448463,0.3963380052472,10.0000000000000
62438,0.2450029432540,3.7103094828452,0.0718210581005,0.7699968165499,0.3582799472224,0.0000003855085
62440,0.2450024960775,3.7103027108320,0.0718210581005,0.7698443647678,0.3582254043339,0.0000003855085
62441,0.2450080837118,3.7103873296214,0.0718210581005,0.7697936379064,0.3582084849479,0.0000003855085
62459,0.2450138552993,3.7104747341873,0.0718210581005,0.7695720596759,0.3581305866343,0.0000003855085
62462,0.2450092075618,3.7104043491376,0.0718210581005,0.7695248120324,0.3581127165322,0.0000003855085
62479,0.2450057827074,3.7103524833538,0.0718210581005,0.7694661343191,0.3580910263086,0.0000003855085
62491,0.2450053273572,3.7103455875584,0.0718210581005,0.7693499898887,0.3580494485799,0.0000003855085
62504,0.2450115496472,3.7104398175348,0.0717742240802,0.7693914763091,0.3580455267835,0.0000003855085
62506,0.2450113643753,3.7104370117887,0.0718918572998,0.7692160371560,0.3580332444789,0.0000003855085
62515,0.2450141327193,3.7104789354194,0.0718373489130,0.7659942547344,0.3568598403791,0.0000003855085
62520,0.2450093028552,3.7104057922551,0.0717905148928,0.7658622702812,0.3567915963806,0.0000003855085
62521,0.2450120326400,3.7104471319482,0.0717322547159,0.7657510321363,0.3567274847784,0.0000003855085
62523,0.2450073346973,3.7103759865933,0.0716854206957,0.7657882195335,0.3567196875667,0.0000003855085
62533,0.2450113856363,3.7104373337633,0.0717197322211,0.7657094417647,0.3567071256471,0.0000003855085
62534,0.2450086833158,3.7103964099885,0.0716728982009,0.7657437249098,0.3566987188358,0.0000003855085
62541,0.2450143964431,3.7104829292359,0.0715552649813,0.7658102700476,0.3566732949611,0.0000003855085
62542,0.2450126200117,3.7104560270686,0.0714376317617,0.7657759869025,0.3566102560798,0.0000003855085
62543,0.2450196999303,3.7105632449199,0.0714376317617,0.7656154907636,0.3565544531556,0.0000003855085
62550,0.2450189825378,3.7105523807719,0.0714376317617,0.7656127626106,0.3565533250883,0.0000003855085
62560,0.2450160246473,3.7105075866605,0.0714376317617,0.7656127626106,0.3565526912546,0.0000003855085
62570,0.2450156644771,3.7105021322647,0.0714376317617,0.7656034199792,0.3565492774212,0.0000003777983
62573,0.2450180128921,3.7105376965164,0.0713907977414,0.7653600625973,0.3564427955794,0.0000003777983
62581,0.2450158149690,3.7105044113048,0.0713439637212,0.7654115522555,0.3564406420365,0.0000003777983
62587,0.2450190467873,3.7105533537621,0.0713439637212,0.7653937746535,0.3564349854255,0.0000003777983
62598,0.2450236033659,3.7106223583078,0.0713439637212,0.7652063464293,0.3563690231837,0.0000003777983
62612,0.2450213494958,3.7105882258378,0.0714615969408,0.7649903631610,0.3563418175670,0.0000003777983
62614,0.2450235823322,3.7106220397749,0.0714615969408,0.7649583516906,0.3563308633639,0.0000003777983
62615,0.2450218659620,3.7105960471698,0.0715084309610,0.7648474028574,0.3563109427100,0.0000003777983
62616,0.2450215719012,3.7105915939316,0.0715084309610,0.7641925722599,0.3560770116264,0.0000003777983
62618,0.2450050988258,3.7103421266916,0.0714615969408,0.7639635131429,0.3559716031312,0.0000003777983
62633,0.2449995630267,3.7102582928920,0.0715792301604,0.7628615834667,0.3556272848126,0.0000003777983
62634,0.2449933495604,3.7101641965410,0.0715645149895,0.7628785101316,0.3556256920912,0.0000003777983
62644,0.2450034123488,3.7103165867881,0.0715645149895,0.7628546841892,0.3556193391378,0.0000003777983
62651,0.2450016420006,3.7102897767451,0.0715645149895,0.7628290261041,0.3556097961757,0.0000003777983
62674,0.2450034817855,3.7103176383341,0.0715323961402,0.7628581896799,0.3556068407570,0.0000003777983
62678,0.2450043816572,3.7103312659359,0.0715792301604,0.7626412461389,0.3555496254735,0.0000003777983
62691,0.2450052116516,3.7103438353199,0.0714615969408,0.7627752327283,0.3555472414458,0.0000003777983
62703,0.2450069758177,3.7103705517427,0.0714615969408,0.7626222108047,0.3554929687944,0.0000003777983
62728,0.2450044659711,3.7103325427793,0.0714615969408,0.7624975386616,0.3554479052047,0.0000003777983
62730,0.2449986485413,3.7102444439816,0.0714147629206,0.7612744427104,0.3549897669071,0.0000003777983
62738,0.2449917359898,3.7101397607267,0.0714147629206,0.7611721103022,0.3549517383574,0.0000003702424
62744,0.2449968030382,3.7102164957955,0.0714147629206,0.7607647543889,0.3548073398988,0.0000003702424
62745,0.2449956910623,3.7101996561009,0.0713771789086,0.7608000921461,0.3548036148121,0.0000003702424
62751,0.2449892954777,3.7101028017624,0.0713303448883,0.7608389543870,0.3547960519785,0.0000003702424
62764,0.2449892915525,3.7101027423197,0.0713303448883,0.6564034301920,0.3174976496391,0.0000003702424
62767,0.2449902345461,3.7101170229565,0.0713303448883,0.6557468888193,0.3172633726475,0.0000003702424
62779,0.2449933368939,3.7101640047199,0.0713303448883,0.6545878823905,0.3168501065689,0.0000003702424
62786,0.2449880545431,3.7100840091242,0.0714479781080,0.6543353883416,0.3168092124275,0.0000003702424
62796,0.2449897864999,3.7101102377727,0.0713303448883,0.6543545937643,0.3167660284037,0.0000003702424
62798,0.2449830326383,3.7100079577072,0.0712835108681,0.6544056247715,0.3167627347844,0.0000003702424
62803,0.2449822846296,3.7099966299103,0.0712835108681,0.6541612248563,0.3166752888128,0.0000003702424
62807,0.2449856928632,3.7100482439905,0.0712366768479,0.6540320661760,0.3166098193255,0.0000003702424
62816,0.2449852887558,3.7100421242120,0.0712366768479,0.6540202016638,0.3166054954053,0.0000003702424
62821,0.2449781909381,3.7099346352982,0.0712366768479,0.6539711375936,0.3165864515621,0.0000003702424
62823,0.2449777134416,3.7099274041203,0.0711898428277,0.6534340593748,0.3163744638689,0.0000003702424
62826,0.2449884439263,3.7100899059193,0.0711430088074,0.6534648354253,0.3163676829821,0.0000003702424
62835,0.2449961912211,3.7102072304758,0.0711805928194,0.6532678176671,0.3163150870654,0.0000003702424
62836,0.2449946082970,3.7101832587701,0.0711805928194,0.6532312907606,0.3163017025436,0.0000003702424
62838,0.2449968155443,3.7102166851881,0.0711805928194,0.6531711458066,0.3162806951845,0.0000003702424
62846,0.2449946804830,3.7101843519507,0.0711337587992,0.6529996463385,0.3161989161383,0.0000003702424
62850,0.2449988937610,3.7102481575734,0.0711337587992,0.6524178035949,0.3159920180038,0.0000003702424
62869,0.2449923833691,3.7101495645994,0.0711337587992,0.6523958187349,0.3159827711841,0.0000003702424
62873,0.2449819218131,3.7099911354389,0.0711337587992,0.6521025401055,0.3158757870544,0.0000003702424
62874,0.2449895658549,3.7101068963374,0.0710161255796,0.6520496108266,0.3158081075125,0.0000003628375
62878,0.2449956389309,3.7101988666267,0.0710161255796,0.6520047084795,0.3157933723334,0.0000003628375
62891,0.2449964268482,3.7102107987981,0.0709818140541,0.6519686748057,0.3157659670641,0.0000003628375
62897,0.2449981507707,3.7102369057736,0.0709818140541,0.6518590752582,0.3157271937806,0.0000003628375
62898,0.2449936422642,3.7101686292298,0.0708984923599,0.6518774758996,0.3156970900322,0.0000003628375
62902,0.2449951672840,3.7101917240356,0.0708984923599,0.6511153067348,0.3154252135490,0.0000003555808
62905,0.2449964641739,3.7102113640564,0.0708984923599,0.6511031843556,0.3154211620328,0.0000003555808
62911,0.2450008802196,3.7102782403798,0.0708516583397,0.6510297154161,0.3153757976984,0.0000003555808
62928,0.2449990989096,3.7102512643312,0.0708516583397,0.6510252999819,0.3153738390483,0.0000003555808
62934,0.2449977011599,3.7102300968948,0.0708984923599,0.6505560656109,0.3152260275496,0.0000003555808
62950,0.2449991301252,3.7102517370574,0.0708984923599,0.6505306263605,0.3152172483098,0.0000003555808
62971,0.2450018460402,3.7102928667068,0.0708984923599,0.6503228256936,0.3151436157677,0.0000003555808
62972,0.2450001218753,3.7102667560607,0.0708516583397,0.6502438901980,0.3150949833324,0.0000003555808
62975,0.2449986628286,3.7102446603464,0.0708516583397,0.6502357192043,0.3150917524675,0.0000003555808
62983,0.2449971925753,3.7102223949218,0.0708048243195,0.6499626701105,0.3149738481568,0.0000003555808
62986,0.2450070391224,3.7103715104242,0.0708048243195,0.6499262227554,0.3149629412187,0.0000003555808
62988,0.2450040025798,3.7103255252106,0.0708516583397,0.6498482115418,0.3149545011062,0.0000003555808
63000,0.2449992876634,3.7102541228068,0.0708048243195,0.6497804670886,0.3149092245964,0.0000003555808
63002,0.2449983248556,3.7102395421044,0.0708516583397,0.6497109459002,0.3149042610076,0.0000003555808
63019,0.2450049414864,3.7103397439539,0.0708516583397,0.6491241816424,0.3146961201935,0.0000003555808
63028,0.2450076413225,3.7103806301055,0.0708516583397,0.6491148092310,0.3146933514400,0.0000003555808
63044,0.2450064442868,3.7103625022710,0.0708516583397,0.6488015756400,0.3145812257927,0.0000003555808
63045,0.2450139113921,3.7104755836540,0.0708521376433,0.6486445549763,0.3145269524941,0.0000003555808
63048,0.2450088976670,3.7103996561089,0.0708053036231,0.6485979897932,0.3144891759790,0.0000003555808
63051,0.2450062743356,3.7103599285405,0.0707677196111,0.6485065415528,0.3144398463170,0.0000003555808
63060,0.2450041437721,3.7103276634176,0.0707677196111,0.6484493697219,0.3144189712566,0.0000003555808
63067,0.2450106651613,3.7104264229338,0.0707677196111,0.6482606752665,0.3143529778202,0.0000003555808
63068,0.2450197681862,3.7105642785829,0.0707208855908,0.6482672724669,0.3143372128884,0.0000003555808
63091,0.2450142869440,3.7104812709889,0.0707208855908,0.6482695339339,0.3143368460033,0.0000003484692
63099,0.2450185803612,3.7105462902334,0.0706740515706,0.6479521154163,0.3142043305420,0.0000003484692
63120,0.2450275519559,3.7106821555119,0.0706272175504,0.6477118379041,0.3141003679065,0.0000003484692
63122,0.2450266454765,3.7106684278429,0.0706272175504,0.6473952452382,0.3139871048516,0.0000003484692
63132,0.2450313499931,3.7107396727529,0.0705095843307,0.6474894330239,0.3139713372202,0.0000003484692
63135,0.2450262195780,3.7106619780625,0.0705095843307,0.6472178309099,0.3138732370906,0.0000003484692
63139,0.2450273806173,3.7106795607708,0.0704627503105,0.6469119304507,0.3137441639977,0.0000003484692
63146,0.2450280941602,3.7106903666207,0.0704627503105,0.6466012834039,0.3136333715259,0.0000003484692
63151,0.2450322268163,3.7107529513093,0.0704627503105,0.6465788116874,0.3136262314821,0.0000003484692
63160,0.2450294428541,3.7107107911569,0.0704159162903,0.6465132499460,0.3135821482881,0.0000003484692
63167,0.2450344372179,3.7107864254947,0.0703690822700,0.6462573375363,0.3134717494968,0.0000003484692
63172,0.2450300564813,3.7107200838899,0.0704867154897,0.6460475759499,0.3134463101522,0.0000003484692
63177,0.2450300532451,3.7107200348818,0.0704867154897,0.6460440721269,0.3134450580934,0.0000003484692
63182,0.2450331752758,3.7107673147224,0.0704867154897,0.6460297671084,0.3134406181648,0.0000003484692
63191,0.2450309277250,3.7107332779504,0.0704867154897,0.6459900294709,0.3134259445334,0.0000003484692
63193,0.2450337409626,3.7107758814478,0.0705335495099,0.6458214167716,0.3133864002718,0.0000003484692
63203,0.2450335230495,3.7107725813858,0.0705335495099,0.6458185064162,0.3133853141635,0.0000003484692
63207,0.2450299931364,3.7107191245988,0.0704867154897,0.6458729009572,0.3133839126524,0.0000003484692
63211,0.2450358821058,3.7108083067883,0.0704613454552,0.6458845747443,0.3133784709121,0.0000003484692
63212,0.2450311326703,3.7107363816296,0.0704145114349,0.6458532391833,0.3133461901812,0.0000003484692
63213,0.2450244064203,3.7106345197141,0.0704145114349,0.6446376836664,0.3129106218716,0.0000003484692
63226,0.2450342820116,3.7107840750606,0.0703758310849,0.6446306982284,0.3128936659776,0.0000003484692
63248,0.2450330664363,3.7107656664634,0.0702581978652,0.6445629422971,0.3128187927133,0.0000003414998
63249,0.2450358468232,3.7108077724708,0.0702113638450,0.6446066099812,0.3128149123890,0.0000003414998
63266,0.2450370422924,3.7108258765829,0.0702113638450,0.6445691009582,0.3128017724813,0.0000003414998
63281,0.2450330452958,3.7107653463127,0.0701271000714,0.6445703775193,0.3127652588509,0.0000003414998
63293,0.2450344249236,3.7107862393106,0.0700094668518,0.6445543758745,0.3127094253753,0.0000003414998
63303,0.2450381718963,3.7108429832351,0.0700094668518,0.6445470953491,0.3127076281104,0.0000003414998
63304,0.2450400874356,3.7108719920439,0.0699626328316,0.6443903677460,0.3126319927162,0.0000003414998
63312,0.2450428102925,3.7109132268207,0.0699626328316,0.6443123306451,0.3126047057923,0.0000003414998
63332,0.2450557491863,3.7111091726322,0.0699157988113,0.6443578632789,0.3126036683444,0.0000003414998
63333,0.2450574424130,3.7111348147531,0.0699075074103,0.6441992488792,0.3125438297212,0.0000003414998
63336,0.2450615067062,3.7111963641593,0.0699075074103,0.6438755290816,0.3124290864277,0.0000003414998
63337,0.2450645659651,3.7112426933867,0.0697898741906,0.6439694670382,0.3124128770164,0.0000003414998
63346,0.2450665282541,3.7112724101706,0.0697817205205,0.6439719911264,0.3124107045369,0.0000003414998
63351,0.2450723467395,3.7113605249559,0.0697348865003,0.6431445851095,0.3120963774834,0.0000003414998
63353,0.2450629910584,3.7112188430969,0.0697348865003,0.6427031282338,0.3119367095247,0.0000003414998
63386,0.2450651952319,3.7112522229652,0.0697348865003,0.6425842658655,0.3118947310018,0.0000003414998
63389,0.2450690686361,3.7113108815594,0.0697348865003,0.6424657186668,0.3118532227317,0.0000003414998
63397,0.2450728722947,3.7113684839319,0.0697602565347,0.6424169298616,0.3118474861000,0.0000003414998
63401,0.2450690416504,3.7113104728904,0.0697477175123,0.6423960777435,0.3118338441959,0.0000003414998
63409,0.2450649961509,3.7112492080938,0.0696300842926,0.6424576357374,0.3118045480640,0.0000003414998
63414,0.2450687741562,3.7113064219740,0.0696300842926,0.6424173386629,0.3117909658242,0.0000003346698
63420,0.2450681707755,3.7112972844145,0.0696300842926,0.6420969801645,0.3116764227789,0.0000003346698
63423,0.2450682559760,3.7112985746847,0.0695832502724,0.6419252723059,0.3115950450780,0.0000003346698
63426,0.2450724658761,3.7113623291532,0.0695832502724,0.6414447342464,0.3114243264639,0.0000003346698
63427,0.2450731288528,3.7113723692306,0.0695832502724,0.6413904931641,0.3114050967152,0.0000003346698
63455,0.2450719890112,3.7113551075400,0.0695832502724,0.6412971238017,0.3113715062626,0.0000003346698
63482,0.2450751299579,3.7114026738442,0.0695364162522,0.6408330159204,0.3111863547849,0.0000003346698
63485,0.2450764540036,3.7114227251097,0.0695364162522,0.6406460815300,0.3111198762267,0.0000003346698
63490,0.2450770416849,3.7114316249199,0.0695364162522,0.6395978594509,0.3107456371302,0.0000003346698
63500,0.2450710410160,3.7113407511590,0.0695364162522,0.6395376021985,0.3107228308252,0.0000003346698
63507,0.2450721570551,3.7113576523869,0.0694895822319,0.6394814664254,0.3106829497631,0.0000003346698
63514,0.2450771892628,3.7114338598309,0.0694427482117,0.6395147074869,0.3106758281781,0.0000003346698
63518,0.2450779101048,3.7114447762172,0.0694427482117,0.6395075607639,0.3106734302431,0.0000003346698
63530,0.2450791798181,3.7114640046769,0.0693959141915,0.6395628957930,0.3106733931120,0.0000003346698
63535,0.2450932809966,3.7116775520563,0.0693959141915,0.6390180989431,0.3104818444896,0.0000003346698
63540,0.2450915742948,3.7116517058685,0.0693490801712,0.6389465907859,0.3104358684172,0.0000003279764
63565,0.2450882514223,3.7116013844928,0.0693490801712,0.6389174237746,0.3104247395834,0.0000003279764
63570,0.2450907307831,3.7116389317797,0.0693490801712,0.6389080115533,0.3104219093674,0.0000003279764
63579,0.2450855304124,3.7115601776866,0.0693490801712,0.6380894413953,0.3101284485172,0.0000003279764
63585,0.2450843505814,3.7115423103979,0.0693022461510,0.6380254059105,0.3100852541573,0.0000003214169
63599,0.2450783646341,3.7114516595801,0.0692554121308,0.6378363150068,0.3099963672658,0.0000003214169
63605,0.2450783111190,3.7114508491516,0.0692554121308,0.6376829885412,0.3099415963463,0.0000003214169
63607,0.2450755352989,3.7114088123026,0.0692085781106,0.6374822182552,0.3098492261312,0.0000003214169
63608,0.2450685172567,3.7113025315041,0.0692085781106,0.6373121868272,0.3097869967550,0.0000003214169
63615,0.2450792997883,3.7114658214984,0.0691617440903,0.6372527150560,0.3097479956562,0.0000003214169
63631,0.2450877830210,3.7115942910516,0.0691617440903,0.6371999161212,0.3097309567293,0.0000003214169
63640,0.2450849454718,3.7115513193820,0.0691617440903,0.6371854877463,0.3097251956921,0.0000003214169
63656,0.2450822490646,3.7115104851566,0.0690441108707,0.6366005695939,0.3094653043134,0.0000003214169
63661,0.2450790683680,3.7114623168840,0.0689264776511,0.6362248709772,0.3092800304212,0.0000003214169
63697,0.2450901492088,3.7116301244536,0.0688088444315,0.6362234386601,0.3092314791083,0.0000003214169
63707,0.2450874809103,3.7115897159053,0.0687620104112,0.6359773516004,0.3091229473714,0.0000003214169
63717,0.2451014472876,3.7118012218631,0.0687620104112,0.6357691380530,0.3090515781853,0.0000003214169
63732,0.2450889081692,3.7116113302268,0.0687151763910,0.6356207288656,0.3089758162273,0.0000003214169
63739,0.2450888041326,3.7116097547038,0.0687151763910,0.6355640804456,0.3089555623551,0.0000003214169
63745,0.2450891787354,3.7116154276648,0.0687151763910,0.6352345938786,0.3088379688532,0.0000003214169
63753,0.2450861774532,3.7115699764315,0.0687151763910,0.6340727122435,0.3084223679945,0.0000003149885
63754,0.2450941380535,3.7116905312722,0.0687151763910,0.6340271933914,0.3084078171045,0.0000003149885
63756,0.2451032388591,3.7118283533116,0.0686683423708,0.6339003148645,0.3083443817946,0.0000003149885
63757,0.2451052480716,3.7118587807026,0.0686683423708,0.6338707296029,0.3083342461753,0.0000003149885
63760,0.2451115122266,3.7119536446803,0.0686215083505,0.6339007957400,0.3083262546773,0.0000003149885
63768,0.2451121206765,3.7119628590084,0.0686215083505,0.6338924248019,0.3083233954387,0.0000003149885
63780,0.2451083185161,3.7119052793254,0.0685746743303,0.6339205287461,0.3083125460900,0.0000003149885
63789,0.2451099785461,3.7119304187175,0.0684570411107,0.6340335797131,0.3083028629191,0.0000003149885
63795,0.2451066607900,3.7118801748231,0.0683394078911,0.6340464188160,0.3082563231283,0.0000003149885
63809,0.2451118772738,3.7119591729330,0.0682925738708,0.6340290053718,0.3082311501361,0.0000003149885
63824,0.2451103263730,3.7119356861858,0.0682925738708,0.6339902086035,0.3082169618115,0.0000003149885
63829,0.2451083707307,3.7119060700602,0.0684102070904,0.6338346521285,0.3082114010984,0.0000003149885
63844,0.2451080485247,3.7119011905924,0.0684102070904,0.6337251466025,0.3081722229378,0.0000003149885
63853,0.2451014965537,3.7118019679461,0.0684102070904,0.6336471353889,0.3081429577963,0.0000003149885
63860,0.2451120730454,3.7119621376856,0.0684570411107,0.6335048408371,0.3081144764276,0.0000003149885
63873,0.2451228558437,3.7121254317188,0.0683462944368,0.6334989783295,0.3080672304142,0.0000003149885
63881,0.2451177881731,3.7120486872268,0.0683931284570,0.6334457673421,0.3080672122837,0.0000003149885
63884,0.2451203578828,3.7120876027528,0.0684399624773,0.6332817894646,0.3080292711311,0.0000003149885
63905,0.2451192851737,3.7120713577124,0.0683223292576,0.6334162315573,0.3080266420609,0.0000003149885
63906,0.2451173087515,3.7120414268965,0.0682825525695,0.6328773069360,0.3078166983108,0.0000003149885
63911,0.2451182253876,3.7120553083762,0.0682357185492,0.6329250610088,0.3078138780358,0.0000003149885
63913,0.2451081273608,3.7119023844801,0.0682357185492,0.6320784130924,0.3075093399171,0.0000003149885
63918,0.2451110919131,3.7119472794783,0.0683462944368,0.6319437261567,0.3075092623674,0.0000003149885
63922,0.2451100161823,3.7119309886773,0.0683462944368,0.6316174159495,0.3073924924939,0.0000003086887
63928,0.2451146881673,3.7120017409311,0.0682994604166,0.6316504485943,0.3073852192838,0.0000003086887
63952,0.2451271935666,3.7121911219269,0.0682994604166,0.6316219374067,0.3073777164452,0.0000003086887
63958,0.2451280454279,3.7122040224626,0.0682994604166,0.6314669833460,0.3073225582510,0.0000003086887
63964,0.2451352332924,3.7123128750390,0.0682526263963,0.6314530744982,0.3072990593390,0.0000003086887
63983,0.2451414969534,3.7124077315359,0.0683119994390,0.6313130400504,0.3072758348390,0.0000003086887
63986,0.2451399926832,3.7123849509609,0.0683119994390,0.6313039442723,0.3072722640033,0.0000003086887
63990,0.2451439834796,3.7124453873362,0.0682651654188,0.6313372049295,0.3072649262571,0.0000003086887
63993,0.2451326701981,3.7122740596974,0.0682183313986,0.6313988339712,0.3072644406316,0.0000003086887
63997,0.2451355590168,3.7123178077890,0.0681006981789,0.6314928457664,0.3072482210683,0.0000003086887
64012,0.2451542589837,3.7126009989367,0.0680538641587,0.6305192145654,0.3068844310522,0.0000003086887
64013,0.2451561556158,3.7126297214168,0.0679362309391,0.6305200754931,0.3068347307105,0.0000003086887
64015,0.2451571237507,3.7126443827922,0.0678185977195,0.6305944888572,0.3068111001325,0.0000003086887
64017,0.2451595108832,3.7126805333798,0.0678185977195,0.6305682221702,0.3068022307012,0.0000003086887
64023,0.2451584609589,3.7126646333908,0.0678185977195,0.6302455515343,0.3066867662047,0.0000003086887
64026,0.2451535933083,3.7125909179900,0.0677717636992,0.6302745623412,0.3066760124162,0.0000003086887
64028,0.2451607792568,3.7126997415514,0.0676541304796,0.6303039699468,0.3066376407416,0.0000003086887
64029,0.2451592324465,3.7126763167515,0.0676415914571,0.6303126382237,0.3066350312286,0.0000003086887
64031,0.2451624056223,3.7127243711292,0.0676415914571,0.6302798967802,0.3066240178222,0.0000003086887
64036,0.2451589440742,3.7126719496594,0.0675947574369,0.6301132171788,0.3065436759099,0.0000003086887
64045,0.2451569466974,3.7126417015074,0.0675562148177,0.6300573130626,0.3065067638794,0.0000003086887
64046,0.2451588235204,3.7126701239993,0.0676442469092,0.6299264480026,0.3064981565735,0.0000003086887
64056,0.2451715457513,3.7128627886807,0.0676910809294,0.6298558024810,0.3064957239454,0.0000003086887
64059,0.2451716499379,3.7128643664753,0.0676910809294,0.6296518407016,0.3064229027784,0.0000003086887
64061,0.2451769810503,3.7129451005135,0.0676910809294,0.6293137129720,0.3063032852562,0.0000003086887
64071,0.2451757547601,3.7129265296510,0.0676442469092,0.6293617991207,0.3063001243814,0.0000003086887
64094,0.2451784561701,3.7129674396367,0.0676442469092,0.6293050594167,0.3062804390749,0.0000003025150
64106,0.2451764843065,3.7129375778561,0.0675974128889,0.6290947113211,0.3061848204899,0.0000003025150
64119,0.2451689723495,3.7128238172418,0.0675505788687,0.6291079401448,0.3061678636418,0.0000003025150
64120,0.2451731454036,3.7128870137163,0.0675505788687,0.6290473784351,0.3061471286856,0.0000003025150
64126,0.2451801164479,3.7129925827818,0.0675422874676,0.6289071863394,0.3060950004176,0.0000003025150
64145,0.2451725525279,3.7128780352429,0.0674954534474,0.6278434456216,0.3056934004554,0.0000003025150
64155,0.2451688946475,3.7128226405275,0.0676130866670,0.6244759159511,0.3045403416929,0.0000003025150
64169,0.2451679093296,3.7128077189351,0.0676130866670,0.6244496638700,0.3045307548101,0.0000003025150
64175,0.2451767661385,3.7129418459032,0.0675662526468,0.6213434110795,0.3034032049781,0.0000003025150
64193,0.2451881032679,3.7131135346916,0.0675189393230,0.6213329980596,0.3033816382885,0.0000003025150
64204,0.2451713274662,3.7128594829845,0.0675189393230,0.6213245852008,0.3033750388815,0.0000003025150
64205,0.2451635802359,3.7127421594055,0.0675189393230,0.6203730325245,0.3030335385191,0.0000003025150
64208,0.2451648150062,3.7127608586915,0.0674013061034,0.6204555880599,0.3030128729956,0.0000003025150
64209,0.2451758714169,3.7129282962944,0.0673544720831,0.6204984174373,0.3030104667097,0.0000003025150
64220,0.2451840627395,3.7130523451793,0.0673076380629,0.6201757048587,0.3028768957778,0.0000003025150
64227,0.2451820808373,3.7130223313744,0.0672608040427,0.6201982181745,0.3028644398315,0.0000003025150
64234,0.2451820104874,3.7130212659988,0.0672608040427,0.6200511046579,0.3028118842148,0.0000002964647
64237,0.2451823673691,3.7130266705935,0.0671431708230,0.6201053396794,0.3027809161031,0.0000002964647
64250,0.2451733114696,3.7128895286098,0.0671431708230,0.6200530510580,0.3027603010455,0.0000002964647
64251,0.2451704126151,3.7128456285362,0.0672608040427,0.6198984194657,0.3027548685307,0.0000002964647
64265,0.2451667606268,3.7127903230493,0.0672608040427,0.6198961605548,0.3027532792079,0.0000002905354
64266,0.2451633120013,3.7127380972775,0.0672608040427,0.6198764630279,0.3027455053857,0.0000002905354
64273,0.2451581216399,3.7126594947642,0.0673784372623,0.6197001047820,0.3027318223145,0.0000002905354
64281,0.2451610057784,3.7127031719797,0.0672608040427,0.6193962269840,0.3025734983222,0.0000002905354
64283,0.2451616748916,3.7127133049886,0.0672608040427,0.6191472657698,0.3024847269843,0.0000002905354
64284,0.2451632928983,3.7127378079835,0.0673784372623,0.6188603070120,0.3024330026663,0.0000002905354
64285,0.2451620708433,3.7127193012580,0.0673784372623,0.6188076349626,0.3024139293512,0.0000002905354
64299,0.2451624965088,3.7127257475100,0.0672608040427,0.6188671003255,0.3023848439579,0.0000002905354
64313,0.2451612589509,3.7127070060091,0.0672139700224,0.6188677665771,0.3023647449909,0.0000002905354
64319,0.2451603670917,3.7126934997474,0.0672608040427,0.6183533838851,0.3022009174969,0.0000002905354
64322,0.2451636064443,3.7127425563049,0.0672264925172,0.6183528784432,0.3021867261895,0.0000002905354
64328,0.2451642249343,3.7127519226783,0.0672264925172,0.6181558570792,0.3021164939501,0.0000002905354
64332,0.2451670322811,3.7127944369654,0.0671796584970,0.6181637580954,0.3020998455930,0.0000002905354
64341,0.2451711044636,3.7128561058471,0.0671796584970,0.6180794629992,0.3020706128121,0.0000002905354
64346,0.2451714379997,3.7128611568966,0.0671561726214,0.6180514285978,0.3020506066226,0.0000002905354
64353,0.2451638220275,3.7127458210837,0.0671561726214,0.6179723698131,0.3020207393483,0.0000002905354
64358,0.2451774314487,3.7129519213191,0.0671561726214,0.6179630873172,0.3020203404758,0.0000002905354
64388,0.2451764200892,3.7129366053528,0.0671561726214,0.6178402102880,0.3019762391026,0.0000002905354
64396,0.2451826235338,3.7130305499360,0.0671561726214,0.6174506372071,0.3018384351689,0.0000002905354
64404,0.2451779034557,3.7129590693639,0.0670385394018,0.6174371845337,0.3017822049604,0.0000002905354
64424,0.2451871526454,3.7130991385229,0.0670853734220,0.6172318253447,0.3017309160851,0.0000002905354
64437,0.2451837836856,3.7130481192036,0.0670385394018,0.6172229547586,0.3017069543757,0.0000002847247
64438,0.2451847057538,3.7130620829475,0.0670385394018,0.6171650112495,0.3016864578514,0.0000002847247
64439,0.2451730887608,3.7128861559213,0.0670385394018,0.6171620407297,0.3016829075958,0.0000002847247
64459,0.2451782613090,3.7129644886723,0.0670385394018,0.6171471700027,0.3016787050251,0.0000002847247
64461,0.2451656806238,3.7127739675515,0.0670385394018,0.6170858600534,0.3016541127535,0.0000002847247
64468,0.2451719661311,3.7128691548868,0.0670042444040,0.6170981355111,0.3016451458838,0.0000002847247
64474,0.2451732399816,3.7128884459995,0.0668866111844,0.6171593449210,0.3016168651183,0.0000002847247
64498,0.2451714698101,3.7128616386325,0.0667689779648,0.6171417118886,0.3015597740473,0.0000002847247
64501,0.2451721923901,3.7128725813390,0.0667520701177,0.6170761335073,0.3015292618152,0.0000002847247
64512,0.2451713875475,3.7128603928518,0.0667520701177,0.6167610632741,0.3014165642657,0.0000002847247
64520,0.2451761809643,3.7129329840611,0.0667520701177,0.6167121544829,0.3014001240010,0.0000002847247
64539,0.2451693668087,3.7128297909081,0.0667052360975,0.6167294199055,0.3013847583242,0.0000002847247
64543,0.2451844715283,3.7130585358516,0.0666584020772,0.6167616564744,0.3013794363871,0.0000002847247
64545,0.2451698581757,3.7128372321396,0.0666584020772,0.6165747171135,0.3013095408970,0.0000002847247
64550,0.2451657898230,3.7127756212564,0.0667002171829,0.6164562999195,0.3012842980117,0.0000002847247
64551,0.2451646538185,3.7127584176747,0.0666533831627,0.6165103203999,0.3012832758879,0.0000002847247
64553,0.2451627586786,3.7127297177930,0.0666533831627,0.6164824778481,0.3012729260180,0.0000002847247
64559,0.2451579292868,3.7126565817802,0.0666065491425,0.6165221847436,0.3012660004595,0.0000002847247
64563,0.2451572086028,3.7126456677865,0.0665597151222,0.6158716545110,0.3010134420783,0.0000002847247
64565,0.2451530360857,3.7125824794453,0.0664420819026,0.6160080345200,0.3010108408766,0.0000002847247
64573,0.2451497038298,3.7125320159664,0.0663244486830,0.6161224675146,0.3010005815114,0.0000002847247
64577,0.2451603740846,3.7126936056487,0.0662068154634,0.6160183409480,0.3009152656982,0.0000002847247
64578,0.2451643308024,3.7127535259392,0.0662118178502,0.6159484978647,0.3008933134880,0.0000002847247
64583,0.2451684150691,3.7128153778227,0.0661732752310,0.6158860005025,0.3008553499361,0.0000002847247
64591,0.2451642002478,3.7127515488273,0.0662201092512,0.6157065544717,0.3008104306149,0.0000002847247
64598,0.2451652464543,3.7127673925154,0.0662201092512,0.6156957064234,0.3008067804991,0.0000002847247
64599,0.2451632933468,3.7127378147749,0.0662201092512,0.6156091303424,0.3007754419471,0.0000002847247
64606,0.2451678863868,3.7128073714893,0.0662201092512,0.6155655172323,0.3007608500592,0.0000002790302
64616,0.2451699638062,3.7128388318016,0.0661901830781,0.6155645586879,0.3007481273805,0.0000002790302
64641,0.2451783607122,3.7129659940291,0.0661433490579,0.6153775797657,0.3006630768080,0.0000002790302
64661,0.2451856864688,3.7130769348358,0.0661901830781,0.6153099536868,0.3006605661649,0.0000002790302
64685,0.2451808374627,3.7130035017858,0.0663078162977,0.6150558572800,0.3006191926125,0.0000002790302
64693,0.2451912823930,3.7131616791672,0.0662609822775,0.6150015668796,0.3005819696601,0.0000002790302
64731,0.2451937649800,3.7131992753110,0.0662141482573,0.6141890501374,0.3002722453693,0.0000002790302
64743,0.2451909272256,3.7131563005334,0.0662609822775,0.6137560022003,0.3001370490245,0.0000002790302
64758,0.2451937226122,3.7131986336968,0.0662609822775,0.6129629918819,0.2998544300651,0.0000002790302
64763,0.2451936669637,3.7131977909587,0.0662609822775,0.6119344222568,0.2994870718457,0.0000002790302
64765,0.2451979493428,3.7132626430434,0.0662141482573,0.6116180766127,0.2993549371882,0.0000002790302
64768,0.2451976055219,3.7132574362413,0.0662609822775,0.6111764929087,0.2992172267696,0.0000002790302
64776,0.2451932372111,3.7131912828119,0.0662141482573,0.6111944061134,0.2992026165531,0.0000002734496
64778,0.2451970428875,3.7132489157413,0.0660965150376,0.6111953850977,0.2991533674555,0.0000002734496
64785,0.2451981434776,3.7132655830095,0.0660496810174,0.6110356776430,0.2990764931966,0.0000002734496
64787,0.2451993321491,3.7132835841772,0.0660028469972,0.6109781841870,0.2990361428118,0.0000002734496
64794,0.2452057325740,3.7133805118176,0.0659804574597,0.6108164715769,0.2989701643117,0.0000002734496
64802,0.2452075419940,3.7134079135633,0.0658628242401,0.6107836627818,0.2989084203808,0.0000002734496
64809,0.2452108104142,3.7134574103176,0.0658752090039,0.6106005532954,0.2988490322674,0.0000002734496
64814,0.2452217568402,3.7136231823182,0.0658752090039,0.6105444104855,0.2988313269265,0.0000002734496
64817,0.2452220605165,3.7136277811740,0.0658507645212,0.6105387321700,0.2988188878233,0.0000002734496
64830,0.2452189002429,3.7135799221841,0.0658039305009,0.6075370545429,0.2977261111749,0.0000002734496
64832,0.2452205794797,3.7136053524437,0.0658039305009,0.6075088673613,0.2977164041608,0.0000002734496
64842,0.2452171183495,3.7135529373004,0.0658704986066,0.5137737874812,0.2642673774353,0.0000002734496
64849,0.2452190872573,3.7135827543197,0.0658704986066,0.5136917560363,0.2642385023995,0.0000002734496
64861,0.2452156850456,3.7135312314356,0.0658704986066,0.5135817918408,0.2641985004272,0.0000002734496
64864,0.2452211901942,3.7136146010666,0.0658236645864,0.5132291224052,0.2640536550091,0.0000002734496
64866,0.2452209025034,3.7136102442949,0.0658704986066,0.5129403975106,0.2639705490502,0.0000002734496
64876,0.2452196211399,3.7135908394048,0.0658236645864,0.5126470375776,0.2638454313447,0.0000002734496
64882,0.2452248558120,3.7136701129560,0.0658236645864,0.5126435840453,0.2638453196558,0.0000002734496
64888,0.2452285962525,3.7137267579565,0.0657060313668,0.5126440025045,0.2637958563914,0.0000002734496
64896,0.2452286750017,3.7137279505304,0.0657528653870,0.5125658609796,0.2637880373018,0.0000002734496
64899,0.2452294238756,3.7137392914308,0.0657996994072,0.5123487973428,0.2637307467703,0.0000002734496
64908,0.2452309275821,3.7137620634685,0.0657996994072,0.5123199788178,0.2637207766627,0.0000002679806
64911,0.2452314992035,3.7137707200682,0.0657996994072,0.5113794518063,0.2633849966490,0.0000002679806
64949,0.2452282938416,3.7137221782655,0.0658465334275,0.5111807053738,0.2633334006399,0.0000002626210
64953,0.2452324108394,3.7137845258262,0.0658465334275,0.5111742031887,0.2633319606447,0.0000002626210
64956,0.2452302355277,3.7137515830401,0.0658382420264,0.5110442065130,0.2632815136648,0.0000002626210
64962,0.2452332909607,3.7137978543283,0.0657914080062,0.5110785327009,0.2632743560302,0.0000002626210
64964,0.2452395366838,3.7138924391750,0.0657914080062,0.5108677904662,0.2632004293157,0.0000002626210
64965,0.2452356040875,3.7138328841792,0.0657914080062,0.5108391727421,0.2631893660007,0.0000002626210
64975,0.2452450763209,3.7139763310980,0.0657914080062,0.5107828237119,0.2631712711114,0.0000002626210
64978,0.2452419292833,3.7139286725536,0.0659090412258,0.5096695455601,0.2628234116432,0.0000002626210
64982,0.2452460024606,3.7139903565004,0.0658966564619,0.5096786623051,0.2628222326914,0.0000002626210
64986,0.2452382052726,3.7138722763661,0.0658883650609,0.5093753708870,0.2627086900441,0.0000002626210
64998,0.2452484535157,3.7140274751282,0.0658415310406,0.5093617023975,0.2626859327699,0.0000002626210
65012,0.2452602774876,3.7142065366299,0.0658365286538,0.5082988722898,0.2623067404168,0.0000002626210
65017,0.2452583009796,3.7141766045142,0.0658415310406,0.5082023916223,0.2622740033781,0.0000002626210
65025,0.2452616988992,3.7142280623996,0.0657238978210,0.5082344290440,0.2622357592031,0.0000002626210
65032,0.2452530147089,3.7140965495561,0.0657238978210,0.5077235581154,0.2620514444021,0.0000002626210
65043,0.2452443224750,3.7139649149025,0.0656770638008,0.5077452273823,0.2620372490815,0.0000002626210
65066,0.2452439268540,3.7139589236416,0.0656770638008,0.5076694776356,0.2620101108246,0.0000002626210
65077,0.2452423963841,3.7139357463004,0.0656302297806,0.5076931495231,0.2619981653894,0.0000002626210
65080,0.2452356515634,3.7138336031511,0.0655833957603,0.5077334359601,0.2619910363609,0.0000002626210
65101,0.2452345923389,3.7138175623209,0.0656252273937,0.5075312067983,0.2619365125265,0.0000002626210
65105,0.2452410589595,3.7139154924242,0.0656252273937,0.5074156109530,0.2618966140004,0.0000002626210
65106,0.2452403154731,3.7139042331118,0.0656612522918,0.5065916564377,0.2616176244542,0.0000002626210
65125,0.2452391535689,3.7138866373069,0.0655436190722,0.5066849212949,0.2616002701153,0.0000002573685
65127,0.2452459214279,3.7139891293467,0.0655519104732,0.5065898560852,0.2615713219678,0.0000002573685
65143,0.2452366517598,3.7138487500640,0.0655481421554,0.5054713588978,0.2611682573358,0.0000002573685
65145,0.2452243601180,3.7136626061973,0.0655481421554,0.5054778114461,0.2611679278941,0.0000002573685
65147,0.2452206914375,3.7136070479262,0.0655481421554,0.5051221908236,0.2610401343831,0.0000002573685
65179,0.2452223218000,3.7136317380352,0.0654305089358,0.5051231844081,0.2609904243611,0.0000002573685
65188,0.2452269952337,3.7137025122271,0.0653960596794,0.5051051970769,0.2609702377973,0.0000002573685
65201,0.2452221020048,3.7136284094700,0.0653960596794,0.5051060363130,0.2609694889754,0.0000002573685
65205,0.2452229222728,3.7136408315579,0.0653960596794,0.5050444076186,0.2609476544991,0.0000002573685
65206,0.2452291221864,3.7137347226670,0.0654194078241,0.5048522693811,0.2608903686006,0.0000002573685
65207,0.2452270187258,3.7137028679895,0.0653017746044,0.5048889974475,0.2608526207887,0.0000002573685
65208,0.2452215751447,3.7136204307336,0.0652599429710,0.5047616978275,0.2607880623142,0.0000002573685
65237,0.2452200202992,3.7135968842485,0.0652599429710,0.5047211267267,0.2607732394541,0.0000002573685
65247,0.2452244498730,3.7136639654419,0.0652131089508,0.5047629134202,0.2607690407446,0.0000002573685
65255,0.2452279384662,3.7137167964813,0.0651962011037,0.5045452089224,0.2606847904738,0.0000002573685
65263,0.2452291166205,3.7137346383781,0.0651493670835,0.5044923792257,0.2606461034637,0.0000002573685
65273,0.2452314968726,3.7137706847686,0.0651493670835,0.5044675934349,0.2606377614495,0.0000002573685
65278,0.2452412863704,3.7139189363215,0.0651493670835,0.5042618705734,0.2605663867485,0.0000002573685
65280,0.2452426439684,3.7139394957018,0.0651025330632,0.5041268173473,0.2604983726444,0.0000002573685
65285,0.2452413727142,3.7139202439057,0.0651025330632,0.5040827744779,0.2604823706366,0.0000002522212
65318,0.2452363051510,3.7138435010417,0.0651025330632,0.5040668467931,0.2604755962713,0.0000002522212
65323,0.2452382660257,3.7138731964069,0.0650556990430,0.5041038663360,0.2604691660011,0.0000002522212
65326,0.2452365734034,3.7138475634396,0.0650556990430,0.5040355021576,0.2604443875183,0.0000002522212
65329,0.2452500454193,3.7140515828181,0.0650556990430,0.5039427492136,0.2604141483274,0.0000002522212
65334,0.2452433857422,3.7139507290778,0.0650088650228,0.5039301967452,0.2603881665064,0.0000002522212
65349,0.2452419201158,3.7139285337215,0.0650088650228,0.5038892653649,0.2603732340935,0.0000002522212
65350,0.2452415877534,3.7139235004468,0.0650088650228,0.5036797395378,0.2602983322204,0.0000002522212
65351,0.2452424050903,3.7139358781458,0.0649964802589,0.5036849460505,0.2602950590769,0.0000002522212
65361,0.2452467204923,3.7140012303284,0.0648945208174,0.5037965006655,0.2602921278364,0.0000002522212
65390,0.2452509109649,3.7140646905872,0.0648788470393,0.5037338287615,0.2602639256384,0.0000002522212
65392,0.2452472020712,3.7140085233302,0.0648251264733,0.5037901900491,0.2602602368071,0.0000002522212
65408,0.2452490833129,3.7140370127374,0.0647074932537,0.5037723592049,0.2602038575347,0.0000002522212
65435,0.2452471373024,3.7140075424754,0.0646982432455,0.5037841868502,0.2602037004022,0.0000002522212
65454,0.2452532574272,3.7141002252674,0.0646982432455,0.5037533632091,0.2601940034143,0.0000002471768
65490,0.2452458438691,3.7139879548010,0.0646514092253,0.5036951401868,0.2601515491352,0.0000002471768
65496,0.2452433743641,3.7139505567687,0.0646514092253,0.5035454557349,0.2600975612227,0.0000002471768
65498,0.2452408652302,3.7139125585999,0.0646514092253,0.5034864097985,0.2600759357167,0.0000002471768
65521,0.2452332422627,3.7137971168497,0.0646138252133,0.5035310338938,0.2600741319669,0.0000002471768
65531,0.2452406737762,3.7139096592314,0.0646138252133,0.5033947769617,0.2600270612440,0.0000002471768
65533,0.2452434271280,3.7139513558214,0.0644961919936,0.5034144824892,0.2599842746994,0.0000002471768
65542,0.2452427743187,3.7139414697186,0.0644961919936,0.5032218076329,0.2599153223630,0.0000002471768
65543,0.2452343680219,3.7138141652766,0.0644961919936,0.5032018999469,0.2599064111258,0.0000002471768
65564,0.2452350358650,3.7138242790518,0.0644961919936,0.5031073759394,0.2598727956610,0.0000002471768
65566,0.2452328101041,3.7137905722664,0.0644662658205,0.5030929588958,0.2598543442653,0.0000002471768
65567,0.2452238295608,3.7136545714715,0.0645838990401,0.5020385131332,0.2595262463278,0.0000002471768
65585,0.2452177042450,3.7135618100659,0.0645838990401,0.5020306341800,0.2595221198483,0.0000002471768
65589,0.2452106925836,3.7134556258982,0.0645838990401,0.5018937908610,0.2594717447355,0.0000002471768
65607,0.2452099826406,3.7134448745641,0.0645838990401,0.5018810895849,0.2594670564348,0.0000002471768
65608,0.2452154907074,3.7135282883893,0.0645370650199,0.5018574808008,0.2594397333033,0.0000002471768
65643,0.2452242514651,3.7136609607642,0.0645370650199,0.5018234310890,0.2594294499971,0.0000002422332
65664,0.2452124741794,3.7134826062747,0.0645370650199,0.5018304431952,0.2594294306167,0.0000002422332
65698,0.2452137911414,3.7135025502667,0.0645480284007,0.5017915241173,0.2594205117439,0.0000002422332
65731,0.2452122556770,3.7134792972875,0.0645480284007,0.5017494427560,0.2594051536582,0.0000002422332
65757,0.2452103148274,3.7134499051814,0.0645011943805,0.5017487323204,0.2593844123119,0.0000002422332
65762,0.2452194156346,3.7135877272454,0.0644668828550,0.5017815499766,0.2593833781369,0.0000002422332
65781,0.2452284441765,3.7137244549281,0.0644200488348,0.5018147361815,0.2593770933175,0.0000002422332
65798,0.2452311605177,3.7137655910305,0.0644200488348,0.5017703497485,0.2593618230931,0.0000002373886
65801,0.2452293749772,3.7137385509166,0.0643138417718,0.5017797774791,0.2593192902113,0.0000002373886
65811,0.2452244316225,3.7136636890564,0.0641962085522,0.5017105468582,0.2592430914622,0.0000002373886
65816,0.2452225866708,3.7136357492220,0.0641962085522,0.5017088364615,0.2592420852595,0.0000002373886
65861,0.2452185196293,3.7135741581965,0.0643045917636,0.5007692441653,0.2589520950212,0.0000002373886
65862,0.2452136691436,3.7135007027393,0.0643345179367,0.5007353221696,0.2589517661357,0.0000002326408
65863,0.2452169363571,3.7135501812189,0.0642168847171,0.5008117522486,0.2589293484726,0.0000002326408
65865,0.2452141335274,3.7135077353395,0.0643230917800,0.5006577817534,0.2589192757164,0.0000002326408
65880,0.2452166440910,3.7135457551588,0.0642762577598,0.5005896259384,0.2588754006088,0.0000002326408
65904,0.2452151873365,3.7135236941589,0.0642294237396,0.5006443911737,0.2588745757368,0.0000002326408
65910,0.2452184855693,3.7135736423940,0.0641821104158,0.5006943192226,0.2588728368083,0.0000002326408
65996,0.2452075432165,3.7134079320765,0.0641352763955,0.5006218823854,0.2588245499964,0.0000002279880
65997,0.2452022628419,3.7133279664086,0.0641352763955,0.5006198228684,0.2588226829458,0.0000002279880
65998,0.2452062228033,3.7133879358208,0.0640268931841,0.5007247508534,0.2588145558415,0.0000002279880
66000,0.2452029415906,3.7133382453376,0.0640737272044,0.5006650233992,0.2588125932139,0.0000002279880
66031,0.2451992404519,3.7132821955212,0.0640737272044,0.5006540281314,0.2588078732313,0.0000002279880
66034,0.2451981147308,3.7132651476696,0.0640920399068,0.5005881126089,0.2587919390484,0.0000002279880
66035,0.2451889603561,3.7131265143837,0.0640920399068,0.4994845982134,0.2583958651126,0.0000002279880
66040,0.2451772918070,3.7129498065946,0.0640920399068,0.4994843743636,0.2583932847628,0.0000002279880
66056,0.2451814148959,3.7130122463989,0.0640920399068,0.4994632204559,0.2583866133149,0.0000002279880
66067,0.2451816606612,3.7130159682530,0.0641044246706,0.4994268325795,0.2583789780646,0.0000002279880
66078,0.2451825455241,3.7130293685621,0.0640575906504,0.4994196248685,0.2583565217727,0.0000002279880
66100,0.2451841609231,3.7130538320650,0.0639808304570,0.4994214180561,0.2583246111280,0.0000002279880
66110,0.2451802274156,3.7129942632699,0.0639808304570,0.4994237206492,0.2583245905882,0.0000002279880
66133,0.2451781293269,3.7129624899435,0.0639339964368,0.4986548552264,0.2580294744810,0.0000002234282
66167,0.2451791231634,3.7129775405427,0.0639339964368,0.4985002109362,0.2579744573423,0.0000002234282
66185,0.2451721967315,3.7128726470845,0.0639247464286,0.4985122923210,0.2579733235979,0.0000002234282
66200,0.2451778661089,3.7129585037869,0.0638779124083,0.4985377908283,0.2579635733513,0.0000002234282
66237,0.2451710443514,3.7128551955117,0.0638779124083,0.4985369012518,0.2579617938402,0.0000002234282
66247,0.2451687534910,3.7128205028620,0.0638871624166,0.4984832147601,0.2579460934838,0.0000002234282
66259,0.2451697513567,3.7128356144799,0.0637695291969,0.4985028413021,0.2579029025545,0.0000002234282
66267,0.2451791185172,3.7129774701804,0.0637695291969,0.4984266410501,0.2578776954274,0.0000002234282
66269,0.2451772576585,3.7129492894513,0.0637695291969,0.4983682363190,0.2578564378394,0.0000002234282
66271,0.2451789510545,3.7129749341359,0.0637695291969,0.4983319079567,0.2578438262949,0.0000002234282
66282,0.2451823904772,3.7130270205422,0.0637695291969,0.4980891653825,0.2577578695376,0.0000002234282
66287,0.2451936286490,3.7131972107233,0.0637231744803,0.4980926764790,0.2577416653731,0.0000002234282
66295,0.2451823718425,3.7130267383382,0.0637231744803,0.4977735453392,0.2576252777932,0.0000002234282
66323,0.2451855330445,3.7130746113874,0.0637231744803,0.4977527476876,0.2576185274610,0.0000002189596
66337,0.2451865043704,3.7130893210863,0.0637231744803,0.4977081924132,0.2576028230042,0.0000002189596
66340,0.2451858634118,3.7130796144501,0.0636978044458,0.4977119870215,0.2575931680013,0.0000002189596
66346,0.2451936767180,3.7131979386774,0.0636978044458,0.4977016988485,0.2575911679337,0.0000002189596
66347,0.2451883235622,3.7131168708148,0.0637446384660,0.4976268924713,0.2575833759885,0.0000002189596
66350,0.2451878747010,3.7131100732893,0.0636978044458,0.4976544209999,0.2575730396984,0.0000002189596
66379,0.2451932176996,3.7131909873311,0.0636978044458,0.4976337380025,0.2575667978419,0.0000002189596
66427,0.2451939008454,3.7132013328481,0.0636509704256,0.4976519464485,0.2575533755237,0.0000002189596
66462,0.2451963561997,3.7132385165833,0.0636973251422,0.4974452065456,0.2574999322986,0.0000002189596
66469,0.2452044897924,3.7133616912098,0.0636738392667,0.4974475853177,0.2574924593975,0.0000002189596
66476,0.2452011848537,3.7133116414223,0.0636738392667,0.4974484748942,0.2574920689023,0.0000002145805
66480,0.2452043671554,3.7133598340032,0.0636738392667,0.4974255942377,0.2574845791610,0.0000002145805
66498,0.2452000452563,3.7132943834288,0.0635562060470,0.4974595624052,0.2574453702912,0.0000002145805
66518,0.2451985382349,3.7132715611895,0.0635562060470,0.4974093919476,0.2574271293375,0.0000002145805
66520,0.2451941724365,3.7132054458076,0.0635562060470,0.4973292423246,0.2573975689439,0.0000002145805
66543,0.2451961189817,3.7132349241689,0.0635566853506,0.4972824723080,0.2573814878992,0.0000002145805
66544,0.2452040618309,3.7133552101877,0.0634390521310,0.4974007426121,0.2573750150957,0.0000002145805
66549,0.2452088869859,3.7134282820370,0.0633922181108,0.4973889028664,0.2573517488539,0.0000002145805
66560,0.2451979829046,3.7132631513013,0.0634157039863,0.4973363605149,0.2573407125147,0.0000002145805
66586,0.2451996051629,3.7132877186819,0.0632980707667,0.4973914189824,0.2573103096429,0.0000002145805
66601,0.2452038708594,3.7133523181273,0.0632745848911,0.4973636684312,0.2572912474344,0.0000002145805
66613,0.2452038926976,3.7133526488435,0.0632277508709,0.4974179899420,0.2572905809306,0.0000002145805
66637,0.2452070083643,3.7133998323076,0.0632745848911,0.4973421402631,0.2572842311254,0.0000002145805
66653,0.2452058439229,3.7133821980786,0.0632741055876,0.4973339902061,0.2572808654517,0.0000002102888
66701,0.2452129383008,3.7134896349006,0.0631564723679,0.4973240560240,0.2572284235164,0.0000002102888
66741,0.2452127771717,3.7134871947711,0.0631096383477,0.4973373617349,0.2572130693054,0.0000002102888
66746,0.2452143914127,3.7135116407374,0.0630216227840,0.4974349479672,0.2572105464841,0.0000002102888
66750,0.2452163741619,3.7135416673694,0.0630216227840,0.4973963375907,0.2571971819388,0.0000002102888
66751,0.2452155750785,3.7135295661005,0.0630216227840,0.4967676416679,0.2569724764485,0.0000002102888
66752,0.2452113755316,3.7134659684208,0.0629664973627,0.4967131966640,0.2569285067208,0.0000002102888
66761,0.2452031439514,3.7133413098772,0.0629463005014,0.4966714232732,0.2569031679449,0.0000002102888
66763,0.2451945140166,3.7132106186756,0.0629229523567,0.4966569510729,0.2568861436825,0.0000002102888
66764,0.2451964640151,3.7132401493325,0.0629229523567,0.4966415725592,0.2568810692130,0.0000002102888
66808,0.2452000192997,3.7132939903435,0.0628761183365,0.4966703900599,0.2568720513012,0.0000002102888
66809,0.2451993330201,3.7132835973675,0.0628765976400,0.4966235390529,0.2568553771547,0.0000002102888
66836,0.2451902537348,3.7131461012310,0.0628765976400,0.4959229516866,0.2566032218198,0.0000002060831
66845,0.2451946666943,3.7132129308170,0.0628499604811,0.4957699139366,0.2565380951895,0.0000002060831
66853,0.2451881050277,3.7131135613425,0.0628031264609,0.4953189443689,0.2563555568352,0.0000002060831
66919,0.2451789945775,3.7129755932456,0.0628031264609,0.4947939876290,0.2561661200459,0.0000002060831
66933,0.2451747248477,3.7129109327209,0.0627562924407,0.4948425617054,0.2561624812653,0.0000002060831
66942,0.2451786679851,3.7129706473510,0.0626386592211,0.4949096167778,0.2561368602265,0.0000002060831
66946,0.2451776476963,3.7129551961595,0.0625918252008,0.4949024315488,0.2561140037170,0.0000002060831
66952,0.2451775508885,3.7129537301079,0.0625918252008,0.4948589352621,0.2560984485843,0.0000002060831
66961,0.2451754646933,3.7129221368969,0.0625449911806,0.4948897952038,0.2560889512273,0.0000002060831
67005,0.2451761994341,3.7129332637656,0.0625755343882,0.4948513620035,0.2560884724749,0.0000002019614
67037,0.2451795960974,3.7129847026263,0.0625287003680,0.4948387943123,0.2560646401473,0.0000002019614
67052,0.2451860271858,3.7130820946332,0.0624818663478,0.4948780612729,0.2560599704292,0.0000002019614
67074,0.2451807229958,3.7130017683059,0.0624818663478,0.4918756502344,0.2549865441604,0.0000002019614
67085,0.2451865162722,3.7130895013276,0.0625287003680,0.4917379869936,0.2549586918566,0.0000002019614
67107,0.2451953181745,3.7132227967928,0.0625287003680,0.4912973941044,0.2548032233752,0.0000002019614
67118,0.2451940413442,3.7132034605535,0.0624818663478,0.4913480468033,0.2548009682954,0.0000002019614
67127,0.2451970403116,3.7132488767310,0.0624616694864,0.4913243749159,0.2547845008881,0.0000002019614
67128,0.2451977539357,3.7132596838103,0.0624207964602,0.4912578589496,0.2547433810940,0.0000002019614
67132,0.2451978637243,3.7132613464427,0.0623930629632,0.4912653131233,0.2547341810406,0.0000001979222
67135,0.2452003981703,3.7132997279376,0.0623930629632,0.4911363755495,0.2546886750027,0.0000001979222
67157,0.2451960892613,3.7132344740841,0.0623930629632,0.4911092840604,0.2546780761332,0.0000001939637
67173,0.2452007737175,3.7133054152004,0.0623462289430,0.4911433562738,0.2546711768699,0.0000001939637
67182,0.2451930919708,3.7131890833018,0.0623462289430,0.4911089935558,0.2546572583821,0.0000001939637
67206,0.2451940304091,3.7132032949540,0.0623462289430,0.4910740577915,0.2546449824173,0.0000001939637
67219,0.2451960642489,3.7132340952978,0.0623462289430,0.4910060421970,0.2546211269564,0.0000001939637
67222,0.2451897614099,3.7131386454927,0.0622993949227,0.4910428888623,0.2546128641484,0.0000001939637
67226,0.2451939426431,3.7132019658310,0.0622525609025,0.4901898653601,0.2542890371532,0.0000001939637
67236,0.2451990947728,3.7132799893648,0.0622057268823,0.4901521326789,0.2542565935005,0.0000001939637
67239,0.2451999588770,3.7132930753059,0.0621588928621,0.4899924966000,0.2541796940574,0.0000001939637
67250,0.2452046406219,3.7133639753628,0.0621720489190,0.4893193761271,0.2539459354297,0.0000001939637
67251,0.2452088571862,3.7134278307522,0.0621252148988,0.4893278094599,0.2539297791608,0.0000001939637
67277,0.2452048170550,3.7133666472543,0.0621720489190,0.4892720063215,0.2539290554490,0.0000001939637
67280,0.2452066664913,3.7133946550033,0.0622188829393,0.4890266570965,0.2538618987566,0.0000001939637
67281,0.2452082491446,3.7134186226079,0.0621012497196,0.4891642908856,0.2538609785843,0.0000001939637
67294,0.2452028566547,3.7133369590739,0.0620544156994,0.4892021364180,0.2538532675893,0.0000001939637
67304,0.2451984710644,3.7132705439646,0.0620484547054,0.4891912928495,0.2538459004052,0.0000001939637
67315,0.2451939996893,3.7132028297347,0.0620952887256,0.4891098308889,0.2538359204190,0.0000001939637
67351,0.2451911436207,3.7131595776076,0.0620952887256,0.4890697104695,0.2538209796831,0.0000001900845
67355,0.2451873162444,3.7131016160573,0.0620066395997,0.4891310204187,0.2538040634590,0.0000001900845
67365,0.2451886365605,3.7131216108432,0.0619604226140,0.4891434279493,0.2537889703651,0.0000001900845
67369,0.2451944227826,3.7132092370343,0.0619604226140,0.4890825845987,0.2537684805018,0.0000001900845
67381,0.2451950493253,3.7132187253583,0.0619135885937,0.4890394095570,0.2537331233802,0.0000001900845
67385,0.2451898071183,3.7131393376977,0.0619135885937,0.4889154755680,0.2536877379112,0.0000001900845
67386,0.2451917880749,3.7131693371823,0.0618667545735,0.4889531042762,0.2536815295033,0.0000001900845
67390,0.2451993969537,3.7132845655742,0.0618667545735,0.4889269443818,0.2536738171580,0.0000001900845
67398,0.2452019462503,3.7133231719651,0.0619251690091,0.4887440794089,0.2536340892750,0.0000001900845
67411,0.2451961922055,3.7132360330657,0.0619251690091,0.4887447480449,0.2536330950639,0.0000001900845
67434,0.2452006948945,3.7133042215096,0.0619720030293,0.4886185542538,0.2536090624377,0.0000001900845
67468,0.2452012964215,3.7133133309975,0.0619720030293,0.4882282113533,0.2534697831576,0.0000001900845
67492,0.2452004357424,3.7133002969260,0.0618667545735,0.4881953871252,0.2534127693067,0.0000001862828
67522,0.2451991024613,3.7132801058002,0.0618667545735,0.4852678420767,0.2523669318006,0.0000001862828
67524,0.2451939222605,3.7132016571570,0.0618667545735,0.4850532923725,0.2522891968632,0.0000001862828
67557,0.2452027617380,3.7133355216600,0.0618667545735,0.4849293399239,0.2522468223053,0.0000001862828
67561,0.2451963593986,3.7132385650265,0.0618355943314,0.4848980610283,0.2522209249518,0.0000001862828
67564,0.2451974256493,3.7132547122622,0.0618355943314,0.4846242275549,0.2521233557650,0.0000001862828
67601,0.2451921960567,3.7131755156341,0.0618283992684,0.4846105277548,0.2521142587539,0.0000001862828
67603,0.2451963454342,3.7132383535512,0.0617887603111,0.4845462791488,0.2520752138510,0.0000001862828
67622,0.2451952359215,3.7132215511587,0.0617419262909,0.4845434428662,0.2520538914172,0.0000001862828
67624,0.2451980975677,3.7132648877521,0.0617419262909,0.4844929076629,0.2520364563402,0.0000001862828
67652,0.2451884292402,3.7131184711967,0.0617173440773,0.4844555774050,0.2520105170864,0.0000001862828
67728,0.2451871201110,3.7130986458252,0.0617173440773,0.4844122861686,0.2519947754028,0.0000001825571
67743,0.2451946479129,3.7132126463929,0.0617173440773,0.4843953225455,0.2519903300664,0.0000001825571
67748,0.2451922020630,3.7131756065931,0.0617173440773,0.4843782830800,0.2519837204323,0.0000001825571
67782,0.2451829576001,3.7130356090156,0.0617173440773,0.4843217309938,0.2519615423024,0.0000001825571
67786,0.2451890265528,3.7131275168612,0.0617173440773,0.4842882298471,0.2519508780969,0.0000001825571
67842,0.2451941343307,3.7132048687352,0.0617173440773,0.4834945212905,0.2516685052791,0.0000001789060
67849,0.2451994854097,3.7132859051466,0.0616705100570,0.4835440696513,0.2516672760591,0.0000001789060
67854,0.2452068037087,3.7133967330159,0.0616705100570,0.4827596307726,0.2513886875236,0.0000001789060
67866,0.2452094420663,3.7134366881405,0.0616236760368,0.4826009818765,0.2513125208430,0.0000001789060
67878,0.2452094590281,3.7134369450092,0.0615768420166,0.4826260927316,0.2513014209173,0.0000001789060
67893,0.2452074525786,3.7134065594619,0.0615300079963,0.4826745696380,0.2512982324217,0.0000001789060
67894,0.2452097387026,3.7134411803823,0.0615300079963,0.4800429670115,0.2503588642245,0.0000001789060
67929,0.2452064835273,3.7133918842092,0.0614831739761,0.4800673631453,0.2503468078689,0.0000001789060
67939,0.2452076943881,3.7134102214102,0.0614831739761,0.4800621528993,0.2503452065370,0.0000001789060
67957,0.2452078748798,3.7134129547654,0.0613655407565,0.4800341978646,0.2502848470358,0.0000001789060
67967,0.2452044578679,3.7133612077475,0.0613420548809,0.4799807914648,0.2502549757295,0.0000001789060
67976,0.2452127791025,3.7134872240117,0.0613420548809,0.4799224280533,0.2502359147757,0.0000001789060
67978,0.2452209073391,3.7136103175255,0.0613420548809,0.4798807938267,0.2502227871740,0.0000001789060
67979,0.2452149696394,3.7135203973674,0.0613420548809,0.4792238434433,0.2499868896729,0.0000001789060
67985,0.2452170629745,3.7135520987055,0.0613420548809,0.4792117030691,0.2499830023967,0.0000001789060
67991,0.2452194202372,3.7135877969465,0.0612952208607,0.4792484455438,0.2499765581139,0.0000001789060
68002,0.2452174307821,3.7135576687612,0.0614004693164,0.4790969661699,0.2499671385067,0.0000001753279
68007,0.2452252489894,3.7136760672106,0.0613536352962,0.4790937373825,0.2499475889756,0.0000001753279
68016,0.2452263138690,3.7136921936822,0.0612360020766,0.4790745750961,0.2498905592534,0.0000001753279
68019,0.2452215702805,3.7136203570692,0.0612360020766,0.4782443756237,0.2495930429585,0.0000001753279
68034,0.2452140948241,3.7135071492187,0.0612360020766,0.4780936755965,0.2495376196368,0.0000001753279
68040,0.2452122827331,3.7134797070238,0.0611891680564,0.4781398915848,0.2495336653187,0.0000001753279
68071,0.2452128015242,3.7134875635649,0.0612561989379,0.4779558379902,0.2494967705822,0.0000001753279
68092,0.2452136270393,3.7135000651139,0.0612272148442,0.4779156760743,0.2494701821825,0.0000001753279
68102,0.2452152245484,3.7135242576940,0.0612272148442,0.4753965277900,0.2485708286900,0.0000001753279
68154,0.2452226404345,3.7136365634164,0.0611803808240,0.4754179163106,0.2485599848429,0.0000001753279
68161,0.2452269974589,3.7137025459247,0.0611335468038,0.4754456494613,0.2485507514647,0.0000001753279
68165,0.2452316788507,3.7137734406349,0.0611335468038,0.4751960555812,0.2484626139486,0.0000001753279
68203,0.2452316568659,3.7137731076982,0.0611329297693,0.4751763626907,0.2484553116191,0.0000001718213
68229,0.2452299052257,3.7137465809669,0.0610152965496,0.4751568227434,0.2483975434780,0.0000001718213
68230,0.2452360540868,3.7138396989399,0.0610152965496,0.4751161326229,0.2483843289052,0.0000001718213
68253,0.2452463568841,3.7139957238686,0.0610152965496,0.4749829410151,0.2483389682161,0.0000001718213
68275,0.2452369410482,3.7138531310299,0.0610152965496,0.4749292786817,0.2483177854179,0.0000001718213
68279,0.2452432756211,3.7139490614107,0.0610159135841,0.4749038433293,0.2483103232153,0.0000001718213
68311,0.2452381130397,3.7138708795967,0.0609690795639,0.4747454660788,0.2482325819212,0.0000001718213
68319,0.2452398672063,3.7138974445871,0.0609222455437,0.4747944638846,0.2482303853074,0.0000001718213
68329,0.2452426569589,3.7139396924284,0.0608754115234,0.4747949305885,0.2482110780686,0.0000001718213
68335,0.2452448918648,3.7139735377059,0.0608285775032,0.4747382876889,0.2481712556470,0.0000001718213
68340,0.2452460874664,3.7139916438232,0.0608285775032,0.4747051730448,0.2481596851887,0.0000001683849
68392,0.2452467185275,3.7140012005739,0.0609462107228,0.3909663488618,0.2183035117306,0.0000001650172
68397,0.2452524890783,3.7140885894396,0.0608285775032,0.3909407361631,0.2182451866478,0.0000001650172
68405,0.2452635378441,3.7142559112685,0.0608285775032,0.3908910173741,0.2182297975301,0.0000001650172
68431,0.2452590622101,3.7141881325427,0.0607817434830,0.3909168397806,0.2182179890308,0.0000001650172
68437,0.2452684002520,3.7143295472744,0.0607349094627,0.3902913620420,0.2179765334102,0.0000001650172
68471,0.2452699599449,3.7143531671677,0.0606880754425,0.3895023172752,0.2176749942047,0.0000001650172
68477,0.2452698040511,3.7143508063206,0.0606846321696,0.3893573265373,0.2176217027041,0.0000001650172
68490,0.2452720385711,3.7143846457547,0.0606377981494,0.3893936275690,0.2176150744611,0.0000001650172
68525,0.2452724935799,3.7143915363801,0.0605909641292,0.3894483637227,0.2176146488663,0.0000001617168
68561,0.2452729813640,3.7143989233513,0.0605023150033,0.3894595793617,0.2175807664943,0.0000001617168
68565,0.2452765751923,3.7144533480670,0.0605023150033,0.3894253996410,0.2175693295573,0.0000001617168
68570,0.2452680932808,3.7143248985203,0.0604554809830,0.3894115734015,0.2175425023391,0.0000001617168
68577,0.2452711639434,3.7143714004463,0.0604554809830,0.3893968281689,0.2175378941838,0.0000001617168
68594,0.2452625115538,3.7142403691916,0.0604086469628,0.3893825934472,0.2175108845482,0.0000001617168
68656,0.2452590233782,3.7141875444743,0.0604086469628,0.3893591762753,0.2175017738063,0.0000001617168
68685,0.2452615359896,3.7142255953071,0.0604086469628,0.3893291900840,0.2174916028690,0.0000001584825
68695,0.2452558255999,3.7141391175169,0.0604086469628,0.3893153081050,0.2174854213644,0.0000001584825
68717,0.2452579117861,3.7141707105928,0.0602910137432,0.3892997959146,0.2174299140993,0.0000001584825
68719,0.2452512137309,3.7140692756572,0.0602910137432,0.3892746883144,0.2174195118017,0.0000001584825
68740,0.2452570232473,3.7141572546160,0.0602910137432,0.3892217551381,0.2174018519923,0.0000001584825
68784,0.2452620853330,3.7142339145290,0.0602437004193,0.3892314685827,0.2173861286735,0.0000001584825
68803,0.2452660158181,3.7142934375542,0.0601968663991,0.3891977279210,0.2173548489610,0.0000001584825
68809,0.2452770753380,3.7144609222417,0.0601500323789,0.3892435341915,0.2173535065175,0.0000001584825
68821,0.2452752376918,3.7144330930405,0.0601500323789,0.3892260520036,0.2173468690976,0.0000001584825
68824,0.2452765421605,3.7144528478348,0.0601500323789,0.3892105119585,0.2173415986105,0.0000001584825
68847,0.2452774181213,3.7144661133313,0.0601031983587,0.3892567632487,0.2173382329114,0.0000001584825
68907,0.2452741105322,3.7144160234062,0.0600563643384,0.3892937362637,0.2173306570675,0.0000001553128
68908,0.2452747833586,3.7144262126477,0.0600095303182,0.3891314394008,0.2172527663563,0.0000001553128
68929,0.2452708239456,3.7143662515406,0.0600095303182,0.3891307543349,0.2172516732443,0.0000001553128
68936,0.2452648370166,3.7142755858570,0.0598918970986,0.3891535598330,0.2172081209147,0.0000001553128
68939,0.2452608423930,3.7142150915227,0.0598510240723,0.3891936086341,0.2172040510560,0.0000001553128
68940,0.2452646990062,3.7142734958349,0.0598510240723,0.3867711563345,0.2163397159375,0.0000001553128
69004,0.2452629001460,3.7142462540072,0.0598079583699,0.3867139296319,0.2163004356298,0.0000001553128
69035,0.2452584920745,3.7141794984436,0.0596903251503,0.3867754876257,0.2162710618038,0.0000001522066
69060,0.2452473918819,3.7140113978104,0.0596434911301,0.3868320400723,0.2162688087705,0.0000001522066
69067,0.2452524481898,3.7140879702263,0.0596434911301,0.3868093404995,0.2162617852748,0.0000001522066
69094,0.2452539776402,3.7141111321288,0.0596434911301,0.3867349700746,0.2162355521481,0.0000001522066
69131,0.2452632164693,3.7142510443875,0.0596428740956,0.3866806535212,0.2162178686848,0.0000001522066
69140,0.2452622713774,3.7142367319749,0.0595888450123,0.3865864499773,0.2161608667209,0.0000001522066
69141,0.2452542357755,3.7141150413144,0.0595820961975,0.3865076644134,0.2161281147556,0.0000001522066
69171,0.2452550209118,3.7141269313705,0.0596289302178,0.3864009810977,0.2161102535379,0.0000001522066
69194,0.2452509083648,3.7140646512116,0.0596289302178,0.3857312063954,0.2158701670270,0.0000001491625
69232,0.2452567516866,3.7141531421163,0.0595820961975,0.3857447186032,0.2158561732329,0.0000001491625
69259,0.2452495133750,3.7140435255722,0.0596289302178,0.3856737909188,0.2158493625733,0.0000001491625
69270,0.2452446946374,3.7139705509059,0.0597340244149,0.3855012277470,0.2158317406526,0.0000001491625
69277,0.2452473964991,3.7140114677335,0.0596163911953,0.3855156831902,0.2157870680443,0.0000001491625
69279,0.2452588573977,3.7141850308759,0.0595695571751,0.3854986382590,0.2157633647527,0.0000001491625
69285,0.2452690046273,3.7143386998959,0.0595233401893,0.3854544391676,0.2157299464897,0.0000001491625
69305,0.2452710841106,3.7143701914638,0.0594074203423,0.3854543275819,0.2156806723068,0.0000001491625
69307,0.2452669944443,3.7143082578082,0.0593605863220,0.3854922870163,0.2156732811676,0.0000001491625
69325,0.2452597102473,3.7141979463785,0.0592429531024,0.3855298543189,0.2156347229251,0.0000001491625
69339,0.2452673573958,3.7143137543243,0.0591961190822,0.3855650367120,0.2156288550172,0.0000001491625
69382,0.2452632599830,3.7142517033573,0.0591726332066,0.3846468792402,0.2152899982421,0.0000001461792
69397,0.2452587346304,3.7141831716951,0.0591524363453,0.3846461688047,0.2152801189990,0.0000001461792
69425,0.2452626555561,3.7142425499530,0.0590655171196,0.3845399235032,0.2152057633502,0.0000001461792
69429,0.2452613905262,3.7142233924185,0.0590498433416,0.3845344192193,0.2151968091232,0.0000001461792
69446,0.2452750437707,3.7144301563123,0.0589322101219,0.3844939547625,0.2151348689897,0.0000001461792
69456,0.2452754570689,3.7144364152744,0.0589304967494,0.3844489408030,0.2151181468370,0.0000001461792
69457,0.2452827873309,3.7145474243103,0.0589076279083,0.3844387632051,0.2151062818191,0.0000001461792
69464,0.2452864727410,3.7146032359335,0.0589076279083,0.3843987144040,0.2150927684066,0.0000001461792
69467,0.2452801076379,3.7145068432051,0.0588925876924,0.3843673247505,0.2150737480586,0.0000001461792
69482,0.2452875946520,3.7146202260850,0.0587749544728,0.3843206325673,0.2150082624021,0.0000001461792
69483,0.2452911994396,3.7146748167666,0.0587984403483,0.3842545690608,0.2149955061223,0.0000001461792
69486,0.2452898583166,3.7146545068825,0.0587516063281,0.3842810269301,0.2149845962549,0.0000001461792
69493,0.2452859307144,3.7145950275166,0.0587516063281,0.3842439246328,0.2149705038054,0.0000001461792
69534,0.2452897443965,3.7146527816837,0.0587516063281,0.3841612352691,0.2149417891074,0.0000001432556
69579,0.2452822979366,3.7145400129542,0.0587047723079,0.3840991808193,0.2148979594110,0.0000001432556
69584,0.2452873914828,3.7146171493039,0.0587516063281,0.3840172920620,0.2148898766234,0.0000001432556
69590,0.2452893287526,3.7146464871977,0.0587859178536,0.3839236949312,0.2148715691454,0.0000001432556
69596,0.2452991175048,3.7147947274577,0.0587859178536,0.3106392393683,0.1887006468912,0.0000001432556
69616,0.2453003656113,3.7148136287068,0.0586682846340,0.3106762787375,0.1886637284518,0.0000001432556
69659,0.2452989259723,3.7147918269018,0.0586214506137,0.3106544392407,0.1886355484145,0.0000001432556
69670,0.2452964217305,3.7147539028188,0.0585746165935,0.3106835843031,0.1886253490192,0.0000001432556
69686,0.2452945038761,3.7147248589501,0.0585979647382,0.3106219401566,0.1886129286314,0.0000001432556
69707,0.2453016571915,3.7148331883166,0.0585979647382,0.3105681713693,0.1885952583464,0.0000001403905
69711,0.2452940472826,3.7147179443251,0.0586447987584,0.3105062972100,0.1885916014606,0.0000001403905
69737,0.2452992797814,3.7147971849656,0.0585979647382,0.3105543005202,0.1885897950267,0.0000001403905
69739,0.2453096035694,3.7149535277754,0.0585414179338,0.3105674320469,0.1885724627532,0.0000001403905
69743,0.2453190793114,3.7150970278277,0.0584945839136,0.3105544983154,0.1885498023566,0.0000001403905
69799,0.2453161464590,3.7150526128919,0.0584477498934,0.3105942881836,0.1885433128325,0.0000001403905
69861,0.2453180553740,3.7150815213829,0.0584477498934,0.3105817030190,0.1885392271841,0.0000001403905
69870,0.2453157945458,3.7150472835406,0.0584477498934,0.3099350818228,0.1883078065794,0.0000001403905
69872,0.2453186007031,3.7150897798133,0.0584009158731,0.3099544318698,0.1882952469069,0.0000001375827
69879,0.2453238342477,3.7151690362899,0.0584009158731,0.3099013572467,0.1882774131582,0.0000001348310
69916,0.2453278914973,3.7152304790281,0.0584211127345,0.3097713808583,0.1882405182278,0.0000001348310
69927,0.2453276816444,3.7152273010299,0.0583509305696,0.3097698563889,0.1882098507354,0.0000001348310
69974,0.2453287172648,3.7152429844005,0.0583040965493,0.3098192806224,0.1882076524430,0.0000001348310
69994,0.2453254032852,3.7151927976983,0.0583040965493,0.3098146881782,0.1882053021459,0.0000001348310
70024,0.2453249999518,3.7151866896421,0.0581864633297,0.3097046842421,0.1881155143603,0.0000001348310
70041,0.2453349409234,3.7153372351026,0.0581864633297,0.3089777572485,0.1878580277850,0.0000001321344
70059,0.2453356466701,3.7153479228884,0.0582148138612,0.3089198040814,0.1878496316846,0.0000001321344
70078,0.2453331575650,3.7153102280338,0.0582148138612,0.3088574698967,0.1878268360961,0.0000001321344
70082,0.2453333896952,3.7153137433992,0.0582148138612,0.3087547697687,0.1877902072212,0.0000001321344
70093,0.2453228228422,3.7151537196286,0.0581679798410,0.3087143745655,0.1877534443143,0.0000001321344
70123,0.2453235462995,3.7151646756203,0.0581380536678,0.3087086695529,0.1877387363336,0.0000001321344
70126,0.2453254007777,3.7151927597251,0.0581223798897,0.3086795902615,0.1877220309271,0.0000001321344
70133,0.2453231148545,3.7151581418447,0.0581223798897,0.3080637616797,0.1875016023072,0.0000001321344
70147,0.2453262851760,3.7152061529978,0.0581223798897,0.3080443901250,0.1874953632494,0.0000001321344
70151,0.2453276424652,3.7152267077011,0.0581223798897,0.3079754449734,0.1874710308286,0.0000001321344
70175,0.2453272793605,3.7152212088668,0.0580772592421,0.3079785963363,0.1874527410868,0.0000001321344
70258,0.2453166463787,3.7150601836456,0.0580772592421,0.3079743825031,0.1874489576503,0.0000001294917
70275,0.2453144797538,3.7150273724113,0.0580304252218,0.3080213186257,0.1874451845515,0.0000001294917
70298,0.2453100034032,3.7149595828330,0.0579835912016,0.3080770744365,0.1874440664001,0.0000001294917
70299,0.2453090885063,3.7149457276904,0.0579835912016,0.3080319804521,0.1874277653563,0.0000001294917
70300,0.2453183250214,3.7150856049065,0.0579491419452,0.3071925040365,0.1871151676370,0.0000001294917
70315,0.2453203635252,3.7151164758821,0.0579023079250,0.3072032888261,0.1870993844468,0.0000001294917
70320,0.2453185890460,3.7150896032786,0.0579023079250,0.3071422627157,0.1870772091619,0.0000001294917
70328,0.2453226028703,3.7151503883863,0.0579023079250,0.3071116239853,0.1870671268634,0.0000001294917
70334,0.2453368219655,3.7153657214891,0.0577846747054,0.3070920957065,0.1870127851901,0.0000001294917
70337,0.2453474649171,3.7155268976931,0.0577378406851,0.3071397839175,0.1870120256035,0.0000001294917
70342,0.2453497906314,3.7155621181673,0.0577378406851,0.3071232251958,0.1870066101417,0.0000001294917
70359,0.2453451860241,3.7154923862768,0.0577378406851,0.3071216871087,0.1870050741233,0.0000001294917
70374,0.2453543283504,3.7156308371041,0.0576910066649,0.3071176223607,0.1869855097746,0.0000001294917
70433,0.2453525938562,3.7156045700304,0.0576441726447,0.3071555237905,0.1869786025992,0.0000001269019
70439,0.2453473071544,3.7155245085439,0.0577618058643,0.3069924450676,0.1869696415705,0.0000001269019
70442,0.2453416822862,3.7154393258859,0.0576441726447,0.3069996778890,0.1869206051551,0.0000001269019
70465,0.2453413611414,3.7154344624898,0.0576441726447,0.3069660496653,0.1869085262585,0.0000001269019
70471,0.2453338312295,3.7153204299677,0.0575265394250,0.3070639965784,0.1868914795094,0.0000001269019
70491,0.2453367675146,3.7153648968876,0.0575265394250,0.3070525126446,0.1868880073083,0.0000001269019
70565,0.2453397010629,3.7154093223622,0.0575733734453,0.3068055728402,0.1868205148615,0.0000001243639
70577,0.2453375733250,3.7153771000311,0.0576012446732,0.3067550337394,0.1868139540508,0.0000001243639
70604,0.2453396199629,3.7154080941899,0.0574925529445,0.3068645404516,0.1868069199867,0.0000001243639
70638,0.2453396531765,3.7154085971734,0.0574925529445,0.3068579631729,0.1868045780758,0.0000001243639
70657,0.2453356677369,3.7153482419221,0.0575393869648,0.3068005703108,0.1868032983252,0.0000001243639
70681,0.2453388735141,3.7153967900149,0.0575393869648,0.3067590181398,0.1867891452164,0.0000001243639
70682,0.2453355259029,3.7153460939971,0.0575453479588,0.3067300080351,0.1867806218312,0.0000001243639
70688,0.2453355045282,3.7153457702997,0.0575453479588,0.3066699851519,0.1867591805069,0.0000001243639
70692,0.2453298659714,3.7152603803434,0.0574985139385,0.3067179777852,0.1867550407480,0.0000001243639
70730,0.2453295824229,3.7152560863024,0.0574985139385,0.3066770118645,0.1867403493016,0.0000001218766
70746,0.2453366691161,3.7153634067464,0.0574706427106,0.3065222728898,0.1866746591472,0.0000001218766
70763,0.2453365963953,3.7153623054682,0.0574706427106,0.3064980064974,0.1866659769955,0.0000001218766
70803,0.2453462524980,3.7155085368924,0.0574706427106,0.3064737269627,0.1866593748979,0.0000001218766
70833,0.2453444554182,3.7154813220265,0.0574238086904,0.3064861661875,0.1866433606667,0.0000001218766
70874,0.2453366114637,3.7153625336627,0.0574238086904,0.3064841066705,0.1866409442776,0.0000001218766
70877,0.2453423705910,3.7154497495321,0.0574238086904,0.3064418522818,0.1866270875232,0.0000001218766
70889,0.2453436989041,3.7154698654230,0.0574114239265,0.3064449097658,0.1866231563643,0.0000001218766
70901,0.2453442343106,3.7154779735868,0.0574114239265,0.3064040881790,0.1866086919562,0.0000001194391
70902,0.2453406396167,3.7154235357635,0.0574114239265,0.3063774591503,0.1865984112972,0.0000001194391
70926,0.2453525785178,3.7156043377470,0.0573645899063,0.3063817395633,0.1865824266291,0.0000001194391
70936,0.2453521948291,3.7155985271886,0.0572469566867,0.3062915693871,0.1864997265388,0.0000001194391
70985,0.2453561285825,3.7156580997073,0.0572380151957,0.3062539026927,0.1864832850275,0.0000001194391
70988,0.2453526188818,3.7156049490172,0.0571203819761,0.3061835326697,0.1864069865608,0.0000001194391
71001,0.2453552393830,3.7156446337247,0.0570735479559,0.3060179462224,0.1863283383568,0.0000001194391
71009,0.2453540312386,3.7156263376612,0.0570545851635,0.3059984062750,0.1863129740052,0.0000001194391
71043,0.2453567513384,3.7156675306845,0.0570545851635,0.3059259997838,0.1862876974225,0.0000001194391
71085,0.2453583183134,3.7156912608573,0.0569369519439,0.3060467879093,0.1862807575822,0.0000001170503
71107,0.2453573744272,3.7156769667025,0.0569581074124,0.3059744415803,0.1862637839755,0.0000001170503
71123,0.2453514086708,3.7155866216558,0.0569531050256,0.3059602296427,0.1862552860271,0.0000001170503
71138,0.2453523152222,3.7156003504136,0.0569531050256,0.2433714714957,0.1639023523785,0.0000001170503
71164,0.2453417564904,3.7154404496298,0.0569062710053,0.2433642386744,0.1638774349196,0.0000001170503
71178,0.2453426535590,3.7154540347822,0.0568594369851,0.1912192581690,0.1452343481023,0.0000001170503
71183,0.2453466593616,3.7155146984100,0.0567418037655,0.1913461007731,0.1452300931817,0.0000001170503
71193,0.2453532582787,3.7156146320039,0.0567418037655,0.1913024864733,0.1452159306997,0.0000001170503
71235,0.2453426948209,3.7154546596494,0.0567073545091,0.1911005844178,0.1451267952576,0.0000001147093
71260,0.2453328599281,3.7153057206388,0.0566605204889,0.1911169507797,0.1451104611869,0.0000001147093
71289,0.2453235633539,3.7151649338914,0.0566605204889,0.1910427377299,0.1450819644032,0.0000001147093
71307,0.2453357906508,3.7153501033226,0.0566360760061,0.1910349093395,0.1450713124776,0.0000001147093
71317,0.2453383673607,3.7153891248588,0.0566768113015,0.1909758097982,0.1450682156344,0.0000001147093
71342,0.2453375450107,3.7153766712413,0.0565591780818,0.1911142198464,0.1450670573397,0.0000001147093
71361,0.2453382679663,3.7153876196357,0.0565532170879,0.1911198003123,0.1450666505705,0.0000001147093
71387,0.2453360988468,3.7153547706242,0.0565320616194,0.1911198713058,0.1450571444847,0.0000001147093
71398,0.2453412923704,3.7154334210258,0.0565320616194,0.1911020937038,0.1450519082390,0.0000001147093
71402,0.2453468840954,3.7155181017652,0.0565411408413,0.1910850542383,0.1450509120375,0.0000001124151
71406,0.2453492804607,3.7155543921730,0.0565002678150,0.1909086992864,0.1449709246217,0.0000001124151
71450,0.2453383083910,3.7153882318251,0.0564534337948,0.1909475632663,0.1449623817338,0.0000001124151
71478,0.2453434670617,3.7154663544173,0.0564534337948,0.1909157428139,0.1449521227160,0.0000001124151
71487,0.2453426473138,3.7154539402052,0.0564065997745,0.1909643480705,0.1449492343530,0.0000001124151
71496,0.2453428455280,3.7154569419488,0.0563658644792,0.1909050101823,0.1449106267408,0.0000001101668
71504,0.2453438352782,3.7154719306651,0.0563534797154,0.1908991030330,0.1449034213780,0.0000001101668
71535,0.2453453646181,3.7154950908942,0.0562358464957,0.1909327248740,0.1448653426571,0.0000001101668
71555,0.2453469811810,3.7155195720232,0.0562826805160,0.1908704209204,0.1448635093743,0.0000001101668
71569,0.2453448383121,3.7154871205479,0.0562826805160,0.1908425053831,0.1448530803534,0.0000001101668
71570,0.2453522398319,3.7155992087082,0.0562580983023,0.1908051643798,0.1448307950863,0.0000001101668
71616,0.2453525977041,3.7156046283033,0.0562112642821,0.1908184546197,0.1448155465645,0.0000001079634
71618,0.2453470013357,3.7155198772440,0.0561694326487,0.1906874696035,0.1447496391369,0.0000001079634
71633,0.2453436774856,3.7154695410633,0.0561694326487,0.1906888891044,0.1447494338479,0.0000001079634
71664,0.2453483826125,3.7155407952153,0.0561225986284,0.1906934493107,0.1447319990116,0.0000001079634
71677,0.2453435537649,3.7154676674452,0.0560757646082,0.1907403490132,0.1447276424293,0.0000001079634
71702,0.2453445223333,3.7154823353852,0.0561160206000,0.1905900023889,0.1446914073246,0.0000001079634
71706,0.2453504569915,3.7155722094824,0.0561628546202,0.1905095853909,0.1446840304036,0.0000001079634
71720,0.2453407914622,3.7154258353019,0.0561628546202,0.1904278000920,0.1446527501834,0.0000001079634
71753,0.2453380817962,3.7153848002869,0.0561197889178,0.1904746005708,0.1446504272678,0.0000001058042
71771,0.2453340084471,3.7153231137398,0.0560757646082,0.1904957334550,0.1446382343047,0.0000001058042
71779,0.2453401766271,3.7154165242784,0.0560757646082,0.1903086290314,0.1445727330491,0.0000001058042
71791,0.2453384385902,3.7153902035532,0.0560757646082,0.1902635776986,0.1445562708509,0.0000001058042
71830,0.2453354665475,3.7153451951217,0.0561326364575,0.1901906559257,0.1445539641440,0.0000001058042
71832,0.2453381108164,3.7153852397677,0.0560858024373,0.1900206500456,0.1444737426644,0.0000001058042
71846,0.2453361598817,3.7153556949330,0.0560981872011,0.1899589932042,0.1444566120624,0.0000001058042
71926,0.2453360693369,3.7153543237273,0.0560981872011,0.1898985799352,0.1444350164924,0.0000001036881
71946,0.2453415908126,3.7154379406159,0.0560981872011,0.1898662013498,0.1444246358852,0.0000001036881
71951,0.2453408688155,3.7154270067362,0.0559805539815,0.1899285727060,0.1443963424190,0.0000001036881
71974,0.2453492839757,3.7155544454033,0.0559805539815,0.1899125971690,0.1443924401186,0.0000001036881
71980,0.2453393189541,3.7154035357300,0.0559337199613,0.1899139577473,0.1443707189548,0.0000001036881
71999,0.2453441088878,3.7154760741910,0.0559337199613,0.1899073645013,0.1443693906384,0.0000001036881
72037,0.2453463429962,3.7155099073912,0.0558160867417,0.1898573316245,0.1443015862543,0.0000001036881
72076,0.2453394857434,3.7154060615772,0.0558160867417,0.1898197790681,0.1442867052158,0.0000001036881
72097,0.2453433969498,3.7154652926464,0.0557692527214,0.1897825713169,0.1442541831259,0.0000001016143
72147,0.2453497556429,3.7155615883027,0.0556694859561,0.1898957443665,0.1442532074641,0.0000001016143
72159,0.2453468371124,3.7155173902567,0.0556694859561,0.1898536694144,0.1442375552961,0.0000001016143
72169,0.2453494769625,3.7155573679844,0.0556516195018,0.1897787828764,0.1442037187343,0.0000001016143
72184,0.2453461455811,3.7155069177487,0.0556516195018,0.1897524301254,0.1441935931701,0.0000001016143
72291,0.2453378381702,3.7153811108299,0.0556182500558,0.1897970254231,0.1441934387115,0.0000000995820
72292,0.2453348337450,3.7153356120009,0.0556182500558,0.1897544827634,0.1441776010991,0.0000000995820
72410,0.2453344202329,3.7153293497989,0.0557299222814,0.1895873834217,0.1441656936783,0.0000000995820
72412,0.2453390941462,3.7154001312537,0.0557198844524,0.1895499673105,0.1441490304075,0.0000000995820
72414,0.2453381507963,3.7153858452208,0.0557532538984,0.1894232461292,0.1441178718875,0.0000000995820
72432,0.2453375134135,3.7153761927352,0.0557064198781,0.1894796477414,0.1441178070155,0.0000000975904
72475,0.2453328430375,3.7153054648490,0.0556595858579,0.1895354672126,0.1441166700231,0.0000000975904
72511,0.2453349202662,3.7153369222713,0.0556595858579,0.1895290871158,0.1441148365375,0.0000000975904
72564,0.2453350097724,3.7153382777489,0.0556472010941,0.1895378567769,0.1441126799833,0.0000000975904
72592,0.2453367965573,3.7153653367081,0.0556421987072,0.1894733837506,0.1440878929049,0.0000000956386
72641,0.2453410261296,3.7154293890913,0.0555731128804,0.1895039528544,0.1440701085674,0.0000000956386
72666,0.2453378323108,3.7153810220961,0.0555453793834,0.1895269081710,0.1440657367206,0.0000000956386
72669,0.2453508112931,3.7155775750052,0.0555453793834,0.1894324955884,0.1440347991516,0.0000000956386
72671,0.2453517187190,3.7155913170070,0.0554985453632,0.1894848841755,0.1440336320867,0.0000000956386
72673,0.2453584348412,3.7156930255476,0.0554761558257,0.1894572233702,0.1440155968806,0.0000000956386
72675,0.2453611049705,3.7157334618209,0.0554559589644,0.1894576427967,0.1440076630487,0.0000000956386
72701,0.2453626531706,3.7157569076683,0.0554836924614,0.1893706139887,0.1439887988731,0.0000000956386
72711,0.2453641858194,3.7157801180072,0.0554836924614,0.1893527855071,0.1439827599830,0.0000000956386
72753,0.2453635726165,3.7157708316997,0.0554836924614,0.1893013923055,0.1439642738675,0.0000000956386
72800,0.2453660955607,3.7158090390124,0.0554368584411,0.1893070753447,0.1439467724323,0.0000000937258
72847,0.2453676304993,3.7158322840269,0.0554836924614,0.1892459170965,0.1439453308392,0.0000000937258
72855,0.2453606107756,3.7157259777644,0.0554836924614,0.1891632023416,0.1439142856288,0.0000000937258
72867,0.2453688714780,3.7158510773320,0.0554368584411,0.1892138467964,0.1439140713616,0.0000000937258
72884,0.2453695213100,3.7158609183475,0.0554100835513,0.1892260825375,0.1439071055661,0.0000000937258
72937,0.2453621879649,3.7157498626209,0.0554100835513,0.1892128377523,0.1439008038546,0.0000000918513
72946,0.2453704920719,3.7158756195059,0.0554100835513,0.1891298193321,0.1438729338703,0.0000000918513
72950,0.2453620294520,3.7157474621124,0.0553615361585,0.1891863301247,0.1438704968522,0.0000000918513
72972,0.2453644705952,3.7157844306343,0.0552924503317,0.1892334758729,0.1438582495100,0.0000000918513
72987,0.2453708186679,3.7158805654556,0.0552456163115,0.1892671288587,0.1438515570118,0.0000000918513
73007,0.2453769605057,3.7159735770696,0.0551987822912,0.1891634723179,0.1437957812038,0.0000000918513
73013,0.2453743302248,3.7159337442572,0.0551987822912,0.1890801686918,0.1437654662772,0.0000000918513
73047,0.2453715397908,3.7158914860973,0.0551987822912,0.1890790437421,0.1437644665593,0.0000000918513
73060,0.2453736767685,3.7159238483558,0.0551987822912,0.1890677201480,0.1437608803423,0.0000000918513
73074,0.2453686973670,3.7158484406065,0.0551987822912,0.1890583412930,0.1437564637367,0.0000000918513
73077,0.2453676377791,3.7158323942718,0.0551987822912,0.1890314895277,0.1437466467659,0.0000000918513
73117,0.2453781612248,3.7159917606856,0.0551519482710,0.1890749687141,0.1437443583479,0.0000000900143
73123,0.2453747957591,3.7159407942809,0.0551519482710,0.1890651023915,0.1437401134901,0.0000000900143
73156,0.2453822682139,3.7160539566759,0.0551502348984,0.1890266827866,0.1437272591404,0.0000000900143
73177,0.2453815304995,3.7160427847744,0.0551502348984,0.1890049595730,0.1437193427681,0.0000000900143
73192,0.2453901938169,3.7161739815195,0.0551034008782,0.1889727564376,0.1436896263506,0.0000000900143
73246,0.2453852326390,3.7160988497472,0.0551034008782,0.1889466787919,0.1436792497961,0.0000000900143
73248,0.2453893624703,3.7161613916577,0.0551034008782,0.1889019342775,0.1436641545763,0.0000000900143
