0,0.2063240533919,3.124558757017,0.5553584234398,0.3201241934734,0.3965531191558,1000
2,0.2063376778299,3.124765084666,0.5553584234398,0.3200285302914,0.3965218732561,1000.0000000000000
13,0.2063498923490,3.1249500605915,0.5551710873589,0.3202404544689,0.3965198909675,903.9207967999999
14,0.2063558819947,3.1250407674176,0.5551710873589,0.3200811803914,0.3964642908639,885.8423808639999
15,0.2063574395478,3.1250643549060,0.5551710873589,0.3200674703772,0.3964597281916,885.8423808639999
16,0.2063592982847,3.1250925035032,0.5551710873589,0.3200314604391,0.3964472658002,868.1255332467199
17,0.2063554432059,3.1250341224262,0.5551710873589,0.3200303039816,0.3964460266914,868.1255332467199
18,0.2063593968292,3.1250939958549,0.5551710873589,0.3199839908809,0.3964303335032,850.7630225817854
19,0.2063668027646,3.1252061508838,0.5551710873589,0.3199267029678,0.3964114605204,850.7630225817854
20,0.2063635456380,3.1251568251593,0.5551710873589,0.3186382124236,0.3959505873704,833.7477621301497
21,0.2063574597170,3.1250646603457,0.5551710873589,0.3183804913858,0.3958572400167,833.7477621301497
22,0.2063638878942,3.1251620082662,0.5550534541393,0.3183560701983,0.3957994813936,817.0728068875467
16322,0.2138198898687,3.2380752429508,0.3992387568271,0.4249897885665,0.3687029395287,0.0000001490063
16341,0.2138240590617,3.2381383809529,0.3991919228069,0.4249454579133,0.3686679288281,0.0000001490063
16348,0.2138311057491,3.2382450955527,0.3990868286097,0.4249818595919,0.3686373990618,0.0000001490063
16372,0.2138224323224,3.2381137457138,0.3990399945895,0.4249628953104,0.3686086957897,0.0000001490063
16378,0.2138336598507,3.2382837747106,0.3990399945895,0.4249543195226,0.3686080389073,0.0000001490063
16380,0.2138355807060,3.2383128640238,0.3990399945895,0.4249164648923,0.3685949310083,0.0000001490063
16411,0.2138370817438,3.2383355956488,0.3990399945895,0.4248848273610,0.3685839535410,0.0000001460262
16414,0.2138336645243,3.2382838454867,0.3989931605693,0.4248078510671,0.3685356580232,0.0000001460262
16415,0.2138286739437,3.2382082684417,0.3989463265490,0.4248585830561,0.3685326354576,0.0000001460262
16417,0.2138300092573,3.2382284903493,0.3989463265490,0.4248554092720,0.3685317881019,0.0000001460262
16418,0.2138276127645,3.2381921980090,0.3988994925288,0.4248999173479,0.3685270985861,0.0000001460262
16419,0.2138360432867,3.2383198693181,0.3988526585086,0.4248514002498,0.3684915058686,0.0000001460262
16426,0.2138480092289,3.2385010808101,0.3988058244883,0.4248497835416,0.3684734208804,0.0000001460262
16442,0.2138501173945,3.2385330067405,0.3986881912687,0.4248794498031,0.3684340534865,0.0000001460262
16445,0.2138485675782,3.2385095364167,0.3986881912687,0.4248211589958,0.3684129032375,0.0000001460262
16453,0.2138495389150,3.2385242462826,0.3985705580491,0.4247979923797,0.3683544233527,0.0000001460262
16454,0.2138521136202,3.2385632374594,0.3985705580491,0.4247583181494,0.3683408057073,0.0000001460262
16455,0.2138534959653,3.2385841716076,0.3984529248295,0.4248143297585,0.3683106918332,0.0000001460262
16460,0.2138586287024,3.2386619014623,0.3983352916098,0.4248460778555,0.3682727160745,0.0000001460262
16462,0.2138564719165,3.2386292392298,0.3982176583902,0.4248019099524,0.3682060654181,0.0000001460262
16467,0.2138557035580,3.2386176032552,0.3981708243700,0.4247507428451,0.3681675550799,0.0000001460262
16468,0.2138584964190,3.2386598981708,0.3981708243700,0.4247171712465,0.3681561636935,0.0000001460262
16469,0.2138614387671,3.2387044569096,0.3980531911504,0.4248358551784,0.3681487670782,0.0000001460262
16472,0.2138578712513,3.2386504306696,0.3980531911504,0.4248278533983,0.3681451448320,0.0000001460262
16489,0.2138564220388,3.2386284838847,0.3980531911504,0.4246529481495,0.3680823681262,0.0000001460262
16495,0.2138644204404,3.2387496111856,0.3979355579307,0.4246522776348,0.3680334283628,0.0000001460262
16496,0.2138637107835,3.2387388641860,0.3979355579307,0.4245567091357,0.3679991446867,0.0000001460262
16505,0.2138616358959,3.2387074422159,0.3979355579307,0.4245542673505,0.3679978280018,0.0000001460262
16519,0.2138637990825,3.2387402013810,0.3978179247111,0.4245788102580,0.3679566426289,0.0000001460262
16530,0.2138634110671,3.2387343252996,0.3977710906909,0.4246070674641,0.3679465796191,0.0000001460262
16535,0.2138657495274,3.2387697387973,0.3977242566707,0.4246348131991,0.3679369181858,0.0000001460262
16539,0.2138553094125,3.2386116343409,0.3976774226504,0.4246362083000,0.3679151075457,0.0000001460262
16544,0.2138553675462,3.2386125147141,0.3976774226504,0.4246273279418,0.3679119484464,0.0000001460262
16549,0.2138622886448,3.2387173274045,0.3976774226504,0.4245793178901,0.3678962850920,0.0000001460262
16550,0.2138609959167,3.2386977504102,0.3976305886302,0.4245745027408,0.3678742166597,0.0000001460262
16563,0.2138658971027,3.2387719736683,0.3975837546100,0.4239676352951,0.3676384568174,0.0000001460262
16576,0.2138625750408,3.2387216645677,0.3974661213903,0.4238965802850,0.3675619539207,0.0000001460262
16580,0.2138690640921,3.2388199343610,0.3974661213903,0.4238759074573,0.3675559612789,0.0000001460262
16582,0.2138729394824,3.2388786230336,0.3974192873701,0.4239195708902,0.3675523140799,0.0000001460262
16596,0.2138720769710,3.2388655612140,0.3973724533499,0.4238635408215,0.3675120467943,0.0000001460262
16599,0.2138719518441,3.2388636662998,0.3973724533499,0.4238350514226,0.3675018451960,0.0000001460262
16600,0.2138779412408,3.2389543693552,0.3973724533499,0.4238220077860,0.3674984701966,0.0000001460262
16641,0.2138833223936,3.2390358612011,0.3973724533499,0.4237772079870,0.3674836233725,0.0000001431057
16642,0.2138770498555,3.2389408702704,0.3973256193296,0.4237446405562,0.3674505763089,0.0000001431057
16660,0.2138765621444,3.2389334844041,0.3972787853094,0.4237603556677,0.3674360126163,0.0000001431057
16664,0.2138711192553,3.2388510576266,0.3972787853094,0.4237477934155,0.3674303597643,0.0000001431057
16667,0.2138730399117,3.2388801439290,0.3972319512892,0.4238016492336,0.3674299338313,0.0000001431057
16680,0.2138812286848,3.2390041542033,0.3972319512892,0.4237377220695,0.3674088574383,0.0000001431057
16685,0.2138770098538,3.2389402644873,0.3972319512892,0.4237373245711,0.3674078114394,0.0000001431057
16694,0.2138755564913,3.2389182548551,0.3971851172689,0.4237515600761,0.3673925123906,0.0000001431057
16695,0.2138669364920,3.2387877141169,0.3971851172689,0.4237223282366,0.3673802253052,0.0000001431057
16708,0.2138713330161,3.2388542948066,0.3971453240531,0.4237587476518,0.3673771201161,0.0000001431057
16736,0.2138819273783,3.2390147351746,0.3971453240531,0.4237152176807,0.3673638439183,0.0000001431057
16739,0.2138846438854,3.2390558737916,0.3971453240531,0.4236900760020,0.3673554468561,0.0000001431057
16763,0.2138878189013,3.2391039560362,0.3970276908335,0.4237159620086,0.3673149579819,0.0000001431057
16779,0.2138846613028,3.2390561375600,0.3969100576138,0.4238122982879,0.3672982729308,0.0000001431057
16789,0.2138930546389,3.2391832457252,0.3969100576138,0.4237778681856,0.3672877750377,0.0000001431057
16794,0.2138875986331,3.2391006203085,0.3969100576138,0.4237324503542,0.3672703852395,0.0000001431057
16805,0.2138871101064,3.2390932220907,0.3968632235936,0.4237548847266,0.3672582211081,0.0000001431057
16815,0.2138896756605,3.2391320746840,0.3968632235936,0.4236859714292,0.3672341589778,0.0000001431057
16846,0.2139035370944,3.2393419913846,0.3968163895734,0.4237028001062,0.3672230678039,0.0000001431057
16849,0.2139028695211,3.2393318816956,0.3967695555531,0.4236461880533,0.3671826344392,0.0000001431057
16850,0.2139043776570,3.2393547208137,0.3967695555531,0.4236024096098,0.3671673224528,0.0000001431057
16859,0.2139057062173,3.2393748404488,0.3966519223335,0.4237226841212,0.3671601480899,0.0000001402436
16865,0.2139101495287,3.2394421296826,0.3966519223335,0.4236879203407,0.3671486845922,0.0000001402436
16872,0.2139044162514,3.2393553052851,0.3966050883133,0.4237006446937,0.3671319287216,0.0000001402436
16879,0.2139034836146,3.2393411814901,0.3965511969610,0.4237054598430,0.3671103522732,0.0000001402436
16881,0.2139044906958,3.2393564326659,0.3965511969610,0.4236173645141,0.3670791054588,0.0000001402436
16885,0.2138992389169,3.2392769000504,0.3965511969610,0.4235887085702,0.3670677458120,0.0000001402436
16898,0.2138973851268,3.2392488263662,0.3965511969610,0.4235721036439,0.3670614182404,0.0000001402436
16904,0.2138965522262,3.2392362129716,0.3965511969610,0.4235670060075,0.3670594191773,0.0000001402436
16911,0.2138976472508,3.2392527959559,0.3965043629407,0.4234750655163,0.3670067462127,0.0000001402436
16919,0.2139071860124,3.2393972503745,0.3963867297211,0.4234460994195,0.3669480309615,0.0000001402436
16935,0.2139086356083,3.2394192029649,0.3963867297211,0.4234420129758,0.3669468821450,0.0000001402436
16942,0.2139179249709,3.2395598805003,0.3963295658823,0.4234684154927,0.3669338034050,0.0000001402436
16944,0.2139205153077,3.2395991084011,0.3963295658823,0.4234598816258,0.3669313106675,0.0000001402436
16964,0.2139193968864,3.2395821710990,0.3963295658823,0.4234349173222,0.3669221551831,0.0000001402436
16973,0.2139196069230,3.2395853518801,0.3963295658823,0.4234085116172,0.3669127695821,0.0000001402436
16987,0.2139195711928,3.2395848107834,0.3962119326627,0.4233276526965,0.3668334695026,0.0000001402436
16997,0.2139269888532,3.2396971433762,0.3961650986424,0.4233512838849,0.3668234269885,0.0000001402436
16998,0.2139309644576,3.2397573496843,0.3960474654228,0.4232966634887,0.3667543573824,0.0000001402436
17022,0.2139259857952,3.2396819531279,0.3960474654228,0.4232894505194,0.3667507144657,0.0000001402436
17024,0.2139286384532,3.2397221248168,0.3960006314026,0.4232630290601,0.3667217749340,0.0000001402436
17036,0.2139170644248,3.2395468484439,0.3959537973824,0.4232996302971,0.3667122949324,0.0000001402436
17040,0.2139229903211,3.2396365898526,0.3959537973824,0.4232601025583,0.3666994477178,0.0000001402436
17058,0.2139260515432,3.2396829488106,0.3958361641627,0.4232047175840,0.3666299091090,0.0000001402436
17073,0.2139249388826,3.2396660987477,0.3957893301425,0.4232564899791,0.3666280890999,0.0000001402436
17078,0.2139287074947,3.2397231703773,0.3957424961223,0.4232084802344,0.3665916785993,0.0000001402436
17083,0.2139175012647,3.2395534639192,0.3957424961223,0.4232047078048,0.3665879299680,0.0000001402436
17089,0.2139187038661,3.2395716760420,0.3957424961223,0.4231687419138,0.3665753427072,0.0000001402436
17104,0.2139282348312,3.2397160123901,0.3957266846133,0.4231671771278,0.3665700498437,0.0000001374387
17105,0.2139372712058,3.2398528586908,0.3957266846133,0.4231508559925,0.3665661572328,0.0000001374387
17124,0.2139359999443,3.2398336067845,0.3957266846133,0.4231475862480,0.3665647170538,0.0000001374387
17134,0.2139276123567,3.2397065856745,0.3956798505930,0.4232060274294,0.3665637198411,0.0000001374387
17137,0.2139304168654,3.2397490569821,0.3956798505930,0.4231305866508,0.3665373776720,0.0000001374387
17144,0.2139313859410,3.2397637326030,0.3956330165728,0.4231118977603,0.3665108390044,0.0000001374387
17147,0.2139271160265,3.2396990692803,0.3955861825526,0.4230804269498,0.3664786127246,0.0000001374387
17148,0.2139297905400,3.2397395719476,0.3955393485323,0.4230453354333,0.3664465814272,0.0000001374387
17158,0.2139327404587,3.2397842453356,0.3954925145121,0.4230472782179,0.3664278356813,0.0000001374387
17189,0.2139402158378,3.2398974520165,0.3954925145121,0.4230161854375,0.3664183329838,0.0000001374387
17191,0.2139352701572,3.2398225549333,0.3954925145121,0.4230147659366,0.3664167662305,0.0000001374387
17198,0.2139304626442,3.2397497502533,0.3954925145121,0.4230150881016,0.3664158511081,0.0000001374387
17202,0.2139346874284,3.2398137301247,0.3954456804919,0.4229804950671,0.3663843300409,0.0000001374387
17207,0.2139379734269,3.2398634930830,0.3954456804919,0.4229670770049,0.3663802420183,0.0000001374387
17208,0.2139341869781,3.2398061513364,0.3954456804919,0.4229578622941,0.3663761396683,0.0000001374387
17209,0.2139329786395,3.2397878523308,0.3953886543839,0.4230142587839,0.3663715825816,0.0000001374387
17210,0.2139306821221,3.2397530740123,0.3952710211643,0.4230540983055,0.3663349046343,0.0000001374387
17218,0.2139426908554,3.2399349335308,0.3953178551846,0.4229631938318,0.3663250837738,0.0000001374387
17224,0.2139479387424,3.2400144072070,0.3953178551846,0.4229180275094,0.3663100774915,0.0000001374387
17226,0.2139419426548,3.2399236028260,0.3952868326733,0.4229511710669,0.3663073342385,0.0000001374387
17227,0.2139379120621,3.2398625637785,0.3952399986531,0.4229546734051,0.3662876496522,0.0000001374387
17228,0.2139415619982,3.2399178381863,0.3951223654335,0.4229833050789,0.3662482431421,0.0000001374387
17237,0.2139430105141,3.2399397744212,0.3950755314132,0.4229822664038,0.3662281108600,0.0000001374387
17240,0.2139480133533,3.2400155371103,0.3950755314132,0.4229459949965,0.3662162288230,0.0000001374387
17256,0.2139506762559,3.2400558639428,0.3949578981936,0.4229143781581,0.3661550934800,0.0000001374387
17260,0.2139411067386,3.2399109437626,0.3950047322139,0.4228609848953,0.3661540455697,0.0000001374387
17265,0.2139301094482,3.2397444014750,0.3950047322139,0.4228318300586,0.3661412765658,0.0000001374387
17278,0.2139319482066,3.2397722475188,0.3950047322139,0.4227974773966,0.3661294017776,0.0000001374387
17280,0.2139320646594,3.2397740110729,0.3950047322139,0.4227084371080,0.3660976266287,0.0000001374387
17294,0.2139345495304,3.2398116418058,0.3950047322139,0.4226918552455,0.3660922370073,0.0000001374387
17302,0.2139370893485,3.2398501046550,0.3948870989942,0.4226650007822,0.3660327761373,0.0000001374387
17313,0.2139354330907,3.2398250223888,0.3948402649740,0.4226614913501,0.3660110961333,0.0000001374387
17329,0.2139403930892,3.2399001363009,0.3948402649740,0.4226354679990,0.3660028649362,0.0000001374387
17332,0.2139383811138,3.2398696670687,0.3948402649740,0.4225992973638,0.3659895157146,0.0000001374387
17341,0.2139346025850,3.2398124452617,0.3948402649740,0.4225606916812,0.3659749182861,0.0000001346899
17344,0.2139411513474,3.2399116193150,0.3947934309538,0.4225615605661,0.3659565601854,0.0000001346899
17349,0.2139392229656,3.2398824160211,0.3947465969335,0.4225716277450,0.3659396706588,0.0000001346899
17354,0.2139390135149,3.2398792441126,0.3946289637139,0.4225943914909,0.3658973414488,0.0000001346899
17366,0.2139399900466,3.2398940326485,0.3946289637139,0.4225678880173,0.3658880851793,0.0000001346899
17368,0.2139446122971,3.2399640317251,0.3945113304943,0.4225980537150,0.3658494348880,0.0000001346899
17383,0.2139478078598,3.2400124251290,0.3945113304943,0.4225822610756,0.3658444794231,0.0000001346899
17388,0.2139545432570,3.2401144255694,0.3944644964741,0.4226109417853,0.3658360941101,0.0000001346899
17391,0.2139572003736,3.2401546647800,0.3944176624538,0.4226038767367,0.3658140685377,0.0000001346899
17392,0.2139580012899,3.2401667938076,0.3944176624538,0.4225707398529,0.3658024055612,0.0000001346899
17400,0.2139624250308,3.2402337866671,0.3943000292342,0.4226058313694,0.3657654719532,0.0000001346899
17401,0.2139588732190,3.2401799982479,0.3943000292342,0.4225476221575,0.3657439218464,0.0000001346899
17407,0.2139545665999,3.2401147790733,0.3943000292342,0.4225390173629,0.3657399258585,0.0000001346899
17408,0.2139485379651,3.2400234818000,0.3942531952140,0.4225171247104,0.3657107434808,0.0000001346899
17415,0.2139534010789,3.2400971284946,0.3941355619944,0.4224956838473,0.3656537138885,0.0000001346899
17436,0.2139531450043,3.2400932505173,0.3941355619944,0.4224021290333,0.3656202465818,0.0000001346899
17442,0.2139488114921,3.2400276240747,0.3940887279741,0.4223899009320,0.3655948790701,0.0000001346899
17445,0.2139484150014,3.2400216196450,0.3940887279741,0.4223761200678,0.3655898723706,0.0000001346899
17446,0.2139518669291,3.2400738954251,0.3939710947545,0.4224143923210,0.3655538664942,0.0000001346899
17457,0.2139580259186,3.2401671667826,0.3939242607343,0.4224616057916,0.3655519765085,0.0000001346899
17458,0.2139613186852,3.2402170322373,0.3938066275147,0.4224998595851,0.3655159299335,0.0000001346899
17459,0.2139571370743,3.2401537061786,0.3938066275147,0.4224332630317,0.3654912493907,0.0000001346899
17463,0.2139687977589,3.2403302948688,0.3937460204030,0.4223696884202,0.3654450684139,0.0000001346899
17466,0.2139682152551,3.2403214734666,0.3936991863827,0.4222545041419,0.3653837346265,0.0000001346899
17468,0.2139621944021,3.2402302940397,0.3936991863827,0.4222436271377,0.3653785597994,0.0000001346899
17475,0.2139614678880,3.2402192917546,0.3936991863827,0.4222267536952,0.3653723778883,0.0000001346899
17478,0.2139693816431,3.2403391371752,0.3936991863827,0.4222155480821,0.3653700716883,0.0000001346899
17479,0.2139638338761,3.2402551221335,0.3935815531631,0.4222338115547,0.3653249913129,0.0000001346899
17484,0.2139653125132,3.2402775145229,0.3935347191429,0.4222043739782,0.3652947230205,0.0000001346899
17489,0.2139725522875,3.2403871532185,0.3934170859232,0.4221740263774,0.3652350217349,0.0000001346899
17492,0.2139730415156,3.2403945620583,0.3932994527036,0.4222388820220,0.3652078750628,0.0000001346899
17494,0.2139768483500,3.2404522125239,0.3931818194840,0.4222549429551,0.3651640126235,0.0000001346899
17501,0.2139766087517,3.2404485840626,0.3931818194840,0.4222353082084,0.3651569488715,0.0000001346899
17502,0.2139763909205,3.2404452852400,0.3931818194840,0.4222131801348,0.3651489993100,0.0000001346899
17521,0.2139793955076,3.2404907865219,0.3931818194840,0.4221686646930,0.3651337447780,0.0000001346899
17527,0.2139757186004,3.2404351036663,0.3931818194840,0.4221185560673,0.3651150609315,0.0000001346899
17533,0.2139661139268,3.2402896510810,0.3931818194840,0.4220509071454,0.3650888424580,0.0000001346899
17534,0.2139671425431,3.2403052283832,0.3931349854638,0.4220712025943,0.3650762395274,0.0000001346899
17537,0.2139713031699,3.2403682366586,0.3930881514435,0.4220525957802,0.3650504140766,0.0000001346899
17538,0.2139795021046,3.2404924008202,0.3930881514435,0.4220474012059,0.3650503157860,0.0000001346899
17546,0.2139674970434,3.2403105969138,0.3929705182239,0.4220255423778,0.3649895223116,0.0000001346899
17550,0.2139747508913,3.2404204487385,0.3929236842037,0.4220668958665,0.3649857740878,0.0000001346899
17551,0.2139868191598,3.2406032098542,0.3928828111774,0.4220710121843,0.3649723132476,0.0000001346899
17578,0.2139994616746,3.2407946673199,0.3928828111774,0.4220601351801,0.3649711377135,0.0000001346899
17595,0.2140038535748,3.2408611779852,0.3928828111774,0.4220258709867,0.3649598416230,0.0000001319961
17610,0.2140038396656,3.2408609673449,0.3928359771572,0.4220280804305,0.3649405560066,0.0000001319961
17613,0.2140007326216,3.2408139144631,0.3927891431370,0.4220070332404,0.3649123016349,0.0000001319961
17620,0.2140056766247,3.2408887861415,0.3927891431370,0.4219957676357,0.3649093376339,0.0000001319961
17624,0.2140023342616,3.2408381696006,0.3927891431370,0.4219901973247,0.3649066320164,0.0000001319961
17626,0.2139987073885,3.2407832444572,0.3927423091167,0.4220453786478,0.3649054907218,0.0000001319961
17627,0.2139886187724,3.2406304630763,0.3927423091167,0.4220296793010,0.3648977219659,0.0000001319961
17634,0.2139903881260,3.2406572580590,0.3926954750965,0.4220670539525,0.3648913774800,0.0000001319961
17643,0.2139915126531,3.2406742878278,0.3926954750965,0.4219724114253,0.3648578175475,0.0000001319961
17648,0.2140023069871,3.2408377565569,0.3926954750965,0.4219530341170,0.3648532101518,0.0000001319961
17661,0.2139996214394,3.2407970867872,0.3926954750965,0.4219017226247,0.3648343091443,0.0000001319961
17664,0.2139945290879,3.2407199685300,0.3926486410763,0.4218703124972,0.3648019283005,0.0000001319961
17665,0.2139919576349,3.2406810266046,0.3926018070560,0.4218871853788,0.3647873315811,0.0000001319961
17678,0.2140013493970,3.2408232548716,0.3926018070560,0.4218607045735,0.3647798866711,0.0000001319961
17686,0.2140025275912,3.2408410973722,0.3925549730358,0.4218031549356,0.3647395139762,0.0000001319961
17691,0.2140090802274,3.2409403300900,0.3924373398162,0.4218400895382,0.3647036948050,0.0000001319961
17716,0.2140178168681,3.2410726372390,0.3923905057960,0.4218875309708,0.3647024385882,0.0000001319961
17718,0.2140197678033,3.2411021820817,0.3923436717757,0.4218872699195,0.3646826916901,0.0000001319961
17723,0.2140214969496,3.2411283681670,0.3923300364152,0.4218849662138,0.3646763957435,0.0000001319961
17742,0.2140112827446,3.2409736848758,0.3923300364152,0.4218910474704,0.3646763788626,0.0000001319961
17751,0.2140138668723,3.2410128187469,0.3923300364152,0.4218816223097,0.3646735664755,0.0000001319961
17752,0.2140200324469,3.2411061898277,0.3923666783477,0.4218128379374,0.3646660255081,0.0000001319961
17756,0.2140167900989,3.2410570879101,0.3923198443275,0.4217991164978,0.3646403584822,0.0000001319961
17757,0.2140213356663,3.2411259257029,0.3922730103073,0.4217832962594,0.3646156107243,0.0000001319961
17761,0.2140267521297,3.2412079522914,0.3921553770876,0.4218232455678,0.3645806247682,0.0000001319961
17772,0.2140250435278,3.2411820773293,0.3920377438680,0.4218220892555,0.3645294314335,0.0000001319961
17773,0.2140310713539,3.2412733623555,0.3920377438680,0.4217915501439,0.3645198162850,0.0000001319961
17775,0.2140290683003,3.2412430282363,0.3919909098478,0.4218224693046,0.3645103578936,0.0000001319961
17789,0.2140211162079,3.2411226022388,0.3919909098478,0.4217951025993,0.3644988800505,0.0000001319961
17800,0.2140198204689,3.2411029796470,0.3919440758275,0.4217109728222,0.3644484843202,0.0000001319961
17801,0.2140206545175,3.2411156104270,0.3918264426079,0.4217309891764,0.3644053975059,0.0000001319961
17812,0.2140213822968,3.2411266318726,0.3918264426079,0.4217144940704,0.3643996623493,0.0000001319961
17820,0.2140246087674,3.2411754933442,0.3917796085877,0.4216117511386,0.3643435881087,0.0000001319961
17829,0.2140191635706,3.2410930316194,0.3917796085877,0.4215730346982,0.3643285939806,0.0000001319961
17841,0.2140183646146,3.2410809322780,0.3916619753681,0.4215780174709,0.3642797881005,0.0000001293562
17860,0.2140333265283,3.2413075145789,0.3916151413478,0.4215695226646,0.3642598886425,0.0000001293562
17864,0.2140300648674,3.2412581201868,0.3916151413478,0.4215303709311,0.3642452069532,0.0000001293562
17872,0.2140289509623,3.2412412512762,0.3916151413478,0.4215091377156,0.3642373849680,0.0000001293562
17873,0.2140320493207,3.2412881726255,0.3914975081282,0.4215221658220,0.3641922875601,0.0000001293562
17879,0.2140348018946,3.2413298574348,0.3914975081282,0.4214963803358,0.3641836682951,0.0000001293562
17884,0.2140344081936,3.2413238952502,0.3914506741080,0.4215252921082,0.3641738378407,0.0000001293562
17886,0.2140374935843,3.2413706202179,0.3913330408884,0.4214831640213,0.3641090390135,0.0000001293562
17892,0.2140445915244,3.2414781109856,0.3913330408884,0.4214650186269,0.3641040795027,0.0000001293562
17897,0.2140514876636,3.2415825456929,0.3912862068681,0.4214693848389,0.3640870448853,0.0000001293562
17907,0.2140543299308,3.2416255888118,0.3912393728479,0.4214547797228,0.3640623661067,0.0000001293562
17917,0.2140424853784,3.2414462156401,0.3912393728479,0.4214168112178,0.3640462678080,0.0000001293562
17918,0.2140526597458,3.2416002956340,0.3911217396283,0.4214038879305,0.3639934183328,0.0000001293562
17924,0.2140548937737,3.2416341276136,0.3910749056080,0.4214508982978,0.3639906147470,0.0000001293562
17928,0.2140556566711,3.2416456808853,0.3910749056080,0.4214258714857,0.3639818400779,0.0000001293562
17936,0.2140656369557,3.2417968217007,0.3910749056080,0.4213691462957,0.3639637197139,0.0000001293562
17941,0.2140661333845,3.2418043395883,0.3910280715878,0.4213306710227,0.3639300131996,0.0000001293562
17953,0.2140694065388,3.2418539080352,0.3909812375676,0.4213178036551,0.3639060473784,0.0000001293562
17982,0.2140795278232,3.2420071841420,0.3909344035473,0.4213075711098,0.3638844900216,0.0000001293562
17988,0.2140728453354,3.2419059849594,0.3909344035473,0.4212972336247,0.3638793661010,0.0000001293562
17994,0.2140802901599,3.2420187289223,0.3909344035473,0.4212757472707,0.3638732877227,0.0000001293562
17996,0.2140719312290,3.2418921417884,0.3908875695271,0.4212721962436,0.3638501565763,0.0000001293562
18000,0.2140727533606,3.2419045920981,0.3908875695271,0.4212708535602,0.3638498532175,0.0000001293562
18009,0.2140680240246,3.2418329713255,0.3908875695271,0.4212440534417,0.3638392683175,0.0000001293562
18010,0.2140612167189,3.2417298819075,0.3909344035473,0.4211697403413,0.3638313409391,0.0000001293562
18016,0.2140620554259,3.2417425832341,0.3909344035473,0.4211556012983,0.3638264710038,0.0000001293562
18019,0.2140607190309,3.2417223449505,0.3908875695271,0.4212013820565,0.3638224631813,0.0000001293562
18025,0.2140637303731,3.2417679485307,0.3908875695271,0.4211844035065,0.3638170447010,0.0000001293562
18029,0.2140747256277,3.2419344599897,0.3908875695271,0.4211410012873,0.3638039000345,0.0000001293562
18037,0.2140781004338,3.2419855678447,0.3908875695271,0.4211074123954,0.3637926271744,0.0000001293562
18039,0.2140803981011,3.2420203635779,0.3908407355069,0.4210685694818,0.3637591753395,0.0000001293562
18054,0.2140778131832,3.2419812177395,0.3907231022873,0.4210893462764,0.3637156274754,0.0000001293562
18056,0.2140850134534,3.2420902581878,0.3906762682670,0.4210528754017,0.3636840733550,0.0000001293562
18061,0.2140790734252,3.2420003027668,0.3905586350474,0.4211036347787,0.3636505146038,0.0000001293562
18066,0.2140757381271,3.2419497932187,0.3905586350474,0.4210732732891,0.3636389565079,0.0000001293562
18068,0.2140729404440,3.2419074252783,0.3905459582940,0.4210699165438,0.3636317252725,0.0000001293562
18079,0.2140694066899,3.2418539103227,0.3905459582940,0.4210294911195,0.3636165303879,0.0000001293562
18092,0.2140694757622,3.2418549563496,0.3904991242738,0.4210569870519,0.3636062934421,0.0000001293562
18093,0.2140751251939,3.2419405109952,0.3903814910542,0.4211605199133,0.3635940658195,0.0000001293562
18100,0.2140716101245,3.2418872790019,0.3903346570339,0.4211162559131,0.3635574322959,0.0000001267691
18117,0.2140842638242,3.2420789058498,0.3903036510504,0.4210472773032,0.3635222203065,0.0000001267691
18119,0.2140834609622,3.2420667473573,0.3903036510504,0.4210471594641,0.3635220061792,0.0000001267691
18140,0.2140797397957,3.2420103942407,0.3903036510504,0.4210131155353,0.3635090502404,0.0000001267691
18151,0.2140794993233,3.2420067525426,0.3902568170302,0.4210080214519,0.3634871076722,0.0000001267691
18170,0.2140841178727,3.2420766955698,0.3902568170302,0.4209836076633,0.3634793781511,0.0000001267691
18173,0.2140757357015,3.2419497564850,0.3902568170302,0.4209321659057,0.3634592099153,0.0000001267691
18176,0.2140687578269,3.2418440839823,0.3902568170302,0.4209362274202,0.3634591651973,0.0000001267691
18181,0.2140685957319,3.2418416292247,0.3902568170302,0.4209321659057,0.3634576799218,0.0000001267691
18190,0.2140721521214,3.2418954869688,0.3902694937836,0.4208948918506,0.3634505627370,0.0000001267691
18196,0.2140779986128,3.2419840258746,0.3902618194170,0.4208560206408,0.3634346439675,0.0000001267691
18204,0.2140735459485,3.2419165950011,0.3902618194170,0.4208380194994,0.3634272608461,0.0000001267691
18212,0.2140710414100,3.2418786664233,0.3902149853968,0.4208651955334,0.3634163581627,0.0000001267691
18229,0.2140697772457,3.2418595219968,0.3901681513765,0.4209192694352,0.3634153276552,0.0000001267691
18233,0.2140736691533,3.2419184608060,0.3900505181569,0.4208707652521,0.3633484244759,0.0000001267691
18236,0.2140685090428,3.2418403164109,0.3899737579635,0.4209373177708,0.3633381902689,0.0000001267691
18243,0.2140657247867,3.2417981518073,0.3899269239433,0.4208819649771,0.3632977530647,0.0000001267691
18252,0.2140714661720,3.2418850989934,0.3898800899231,0.4209226186057,0.3632934307917,0.0000001267691
18257,0.2140752096301,3.2419417896920,0.3898332559028,0.4208962837254,0.3632647559239,0.0000001267691
18265,0.2140826204603,3.2420540188479,0.3898332559028,0.4208844371475,0.3632621130382,0.0000001267691
18276,0.2140810024528,3.2420295158421,0.3897864218826,0.4209200531759,0.3632544146095,0.0000001267691
18280,0.2140895307894,3.2421586684474,0.3896687886630,0.4209390406120,0.3632126091004,0.0000001267691
18281,0.2140873176281,3.2421251524681,0.3896687886630,0.4209348492877,0.3632106379501,0.0000001267691
18283,0.2140897220514,3.2421615649062,0.3896219546428,0.4209417664465,0.3631935518745,0.0000001267691
18285,0.2140928245067,3.2422085482987,0.3896219546428,0.4209091103550,0.3631825537966,0.0000001267691
18289,0.2140929549346,3.2422105234913,0.3896219546428,0.4208877128634,0.3631749397841,0.0000001267691
18304,0.2140926369472,3.2422057079086,0.3895043214231,0.4208043066629,0.3630946694782,0.0000001267691
18305,0.2140932580813,3.2422151143257,0.3893866882035,0.4207627768749,0.3630295562742,0.0000001267691
18310,0.2140884783544,3.2421427304362,0.3893866882035,0.4207449855012,0.3630221779850,0.0000001267691
18312,0.2140912647749,3.2421849278161,0.3892690549839,0.4206881020198,0.3629520453091,0.0000001267691
18318,0.2140901788990,3.2421684833781,0.3892222209637,0.4206741087692,0.3629267433089,0.0000001267691
18320,0.2140891793059,3.2421533456025,0.3892095442103,0.4206562010280,0.3629147005942,0.0000001267691
18321,0.2140828982926,3.2420582263239,0.3891627101900,0.4206337069532,0.3628852493417,0.0000001267691
18331,0.2140830649159,3.2420607496573,0.3891627101900,0.4205421473584,0.3628525851914,0.0000001267691
18336,0.2140858585827,3.2421030567753,0.3891158761698,0.4204886375784,0.3628140014756,0.0000001267691
18338,0.2140831086336,3.2420614117148,0.3889982429502,0.4204983524011,0.3627664675434,0.0000001267691
18351,0.2140884700381,3.2421426044946,0.3888806097306,0.4204725666207,0.3627079929715,0.0000001267691
18355,0.2140877141900,3.2421311579777,0.3888337757103,0.4204880795457,0.3626932996115,0.0000001267691
18356,0.2140905105371,3.2421735056858,0.3888337757103,0.4204035354185,0.3626637044976,0.0000001267691
18374,0.2140915772758,3.2421896603100,0.3887869416901,0.4203860707543,0.3626376239814,0.0000001242337
18375,0.2140940253559,3.2422267338842,0.3887401076699,0.4203682220040,0.3626117022933,0.0000001242337
18377,0.2140854692487,3.2420971607241,0.3886932736496,0.4204113423714,0.3626051972501,0.0000001242337
18389,0.2140911773838,3.2421836043714,0.3885756404300,0.4202817609975,0.3625097271228,0.0000001242337
18395,0.2140885687664,3.2421440996296,0.3884580072104,0.4203045709325,0.3624669003017,0.0000001242337
18401,0.2140787005285,3.2419946556421,0.3884580072104,0.4203001266718,0.3624631984433,0.0000001242337
18403,0.2140698664426,3.2418608727904,0.3884111731902,0.4203467932526,0.3624579003380,0.0000001242337
18407,0.2140639514217,3.2417712960783,0.3882935399705,0.4202941073347,0.3623874021973,0.0000001242337
18411,0.2140620049676,3.2417418190970,0.3882467059503,0.4202848759612,0.3623636164579,0.0000001242337
18412,0.2140642518725,3.2417758460860,0.3882467059503,0.4201978042116,0.3623330008841,0.0000001242337
18416,0.2140636010364,3.2417659898638,0.3882467059503,0.4201059064561,0.3623000407922,0.0000001242337
18417,0.2140577950257,3.2416780639951,0.3881998719301,0.4201316411166,0.3622879158743,0.0000001242337
18420,0.2140662087740,3.2418054812817,0.3881998719301,0.4201128233662,0.3622829981952,0.0000001242337
18426,0.2140720081408,3.2418933065350,0.3881998719301,0.4201043116383,0.3622812010139,0.0000001242337
18429,0.2140744627551,3.2419304790638,0.3881530379099,0.4200676451376,0.3622485601009,0.0000001242337
18432,0.2140703000635,3.2418674395186,0.3881530379099,0.4199861981862,0.3622185798986,0.0000001242337
18437,0.2140632691945,3.2417609644709,0.3881448842397,0.4199846447496,0.3622130240550,0.0000001242337
18439,0.2140649003156,3.2417856660691,0.3880980502195,0.4199428605564,0.3621783789318,0.0000001242337
18454,0.2140653166006,3.2417919702636,0.3880571771932,0.4199114468268,0.3621497319354,0.0000001242337
18457,0.2140617405961,3.2417378154717,0.3880103431730,0.4198987872205,0.3621243726378,0.0000001242337
18467,0.2140645849730,3.2417808905393,0.3878927099534,0.4199130865661,0.3620796748193,0.0000001242337
18475,0.2140587055126,3.2416918523532,0.3878927099534,0.4199074872357,0.3620764151740,0.0000001242337
18485,0.2140628899733,3.2417552215683,0.3878927099534,0.4198367695610,0.3620520555318,0.0000001242337
18518,0.2140523642454,3.2415958205927,0.3878927099534,0.4197864589774,0.3620318319531,0.0000001242337
18524,0.2140539463925,3.2416197805311,0.3878927099534,0.4197501433875,0.3620192011311,0.0000001242337
18526,0.2140578431222,3.2416787923661,0.3877750767337,0.4197312954354,0.3619628904961,0.0000001242337
18535,0.2140563462012,3.2416561230867,0.3877282427135,0.4197644727826,0.3619543470570,0.0000001242337
18539,0.2140587672889,3.2416927878904,0.3877157036910,0.4197673445643,0.3619505176310,0.0000001242337
18543,0.2140703191972,3.2418677292777,0.3877157036910,0.4197359582532,0.3619417836431,0.0000001242337
18545,0.2140711901569,3.2418809190374,0.3875980704714,0.4196801037416,0.3618716080005,0.0000001242337
18547,0.2140685162242,3.2418404251662,0.3875512364512,0.4197189860870,0.3618648498439,0.0000001242337
18558,0.2140850663707,3.2420910595645,0.3875044024310,0.4197348484179,0.3618539896991,0.0000001242337
18559,0.2140799626654,3.2420137693668,0.3874575684107,0.4197209283152,0.3618278528598,0.0000001242337
18566,0.2140817698924,3.2420411379003,0.3873399351911,0.4197603664389,0.3617919109299,0.0000001242337
18573,0.2140924089937,3.2422022557948,0.3873399351911,0.4197023331161,0.3617734645506,0.0000001242337
18589,0.2140840807992,3.2420761341314,0.3873286467653,0.4196931101711,0.3617635481318,0.0000001242337
18593,0.2140715418742,3.2418862454224,0.3873286467653,0.4196545025159,0.3617470727710,0.0000001242337
18597,0.2140709645528,3.2418775025035,0.3872818127451,0.4196823825151,0.3617368344789,0.0000001242337
18607,0.2140776162120,3.2419782348201,0.3872818127451,0.4195965317026,0.3617075988300,0.0000001242337
18609,0.2140838123533,3.2420720688023,0.3872349787249,0.4195587517490,0.3616753620110,0.0000001242337
18611,0.2140955697488,3.2422501220753,0.3871173455052,0.4196369986450,0.3616554125359,0.0000001242337
18615,0.2141063877756,3.2424139496073,0.3871173455052,0.4196051974167,0.3616463731030,0.0000001242337
18616,0.2140968542586,3.2422695746129,0.3871173455052,0.4195769727887,0.3616342499822,0.0000001242337
18618,0.2140865639567,3.2421137389149,0.3871173455052,0.4195251910098,0.3616135514250,0.0000001242337
18623,0.2140810597378,3.2420303833627,0.3871173455052,0.4194656109648,0.3615910933621,0.0000001242337
18625,0.2140825360597,3.2420527406908,0.3870705114850,0.4195160912800,0.3615893666778,0.0000001242337
18626,0.2140814626782,3.2420364854672,0.3870236774648,0.4195017919344,0.3615639580354,0.0000001242337
18629,0.2140871001081,3.2421218583584,0.3870236774648,0.4194846254336,0.3615590351629,0.0000001242337
18632,0.2140955090972,3.2422492035721,0.3869060442452,0.4194832711859,0.3615099391923,0.0000001217490
18642,0.2141000839159,3.2423184843443,0.3868592102249,0.4194640910409,0.3614839977359,0.0000001217490
18657,0.2140979569837,3.2422862742140,0.3868592102249,0.4194052464444,0.3614625260373,0.0000001217490
18663,0.2141030595563,3.2423635472590,0.3868532492309,0.4193761622956,0.3614506775380,0.0000001217490
18681,0.2141023064603,3.2423521424201,0.3868177036365,0.4193842342347,0.3614381651695,0.0000001217490
18682,0.2140952891643,3.2422458729208,0.3868177036365,0.4193575621346,0.3614271357132,0.0000001217490
18692,0.2140950136486,3.2422417005280,0.3867000704169,0.4193710795652,0.3613814900909,0.0000001217490
18697,0.2140987736646,3.2422986419794,0.3865824371972,0.4193411489880,0.3613211920798,0.0000001217490
18726,0.2140893073391,3.2421552845298,0.3865356031770,0.4192523970203,0.3612673947272,0.0000001217490
18737,0.2140988114135,3.2422992136463,0.3865356031770,0.4191810102458,0.3612439360380,0.0000001217490
18741,0.2141016183307,3.2423417214276,0.3865356031770,0.4191344741124,0.3612279174726,0.0000001217490
18744,0.2140969204925,3.2422705776555,0.3864887691568,0.4190643648949,0.3611818000638,0.0000001217490
18746,0.2140987025699,3.2422975653258,0.3864887691568,0.4190385092733,0.3611729477869,0.0000001217490
18755,0.2140923657099,3.2422016003079,0.3863711359372,0.4191364722774,0.3611561624386,0.0000001217490
18757,0.2140918254313,3.2421934183628,0.3863243019169,0.4191061358440,0.3611251405011,0.0000001217490
18765,0.2140986192667,3.2422963037870,0.3862834288907,0.4191119177081,0.3611111442632,0.0000001217490
18766,0.2140979116896,3.2422855882833,0.3862365948704,0.4190932122198,0.3610842403850,0.0000001217490
18772,0.2141002342248,3.2423207606128,0.3862365948704,0.4190840432798,0.3610814634497,0.0000001217490
18776,0.2140926375470,3.2422057169921,0.3861897608502,0.4190604175516,0.3610513261072,0.0000001217490
18779,0.2140924522187,3.2422029103919,0.3861598346771,0.4190553270728,0.3610366428630,0.0000001217490
18780,0.2140968045900,3.2422688224350,0.3860422014574,0.4191054382624,0.3610050581305,0.0000001217490
18792,0.2141077053871,3.2424339034351,0.3859544944110,0.4190647776564,0.3609552836364,0.0000001217490
18794,0.2141075731821,3.2424319013308,0.3859076603907,0.4190409570336,0.3609266762185,0.0000001217490
18797,0.2141081842026,3.2424411545874,0.3858608263705,0.4190097288982,0.3608955825230,0.0000001217490
18815,0.2141022050242,3.2423506062786,0.3857431931509,0.4190051327962,0.3608422455685,0.0000001217490
18845,0.2141028128539,3.2423598112140,0.3857045128008,0.4190184369199,0.3608305499976,0.0000001217490
18846,0.2140981926382,3.2422898429515,0.3855868795812,0.4190678861640,0.3607968061587,0.0000001217490
18850,0.2141034270929,3.2423691132116,0.3855868795812,0.4190556610171,0.3607935617037,0.0000001217490
18859,0.2140981878782,3.2422897708665,0.3855868795812,0.4190040227178,0.3607739967651,0.0000001217490
18861,0.2140955455088,3.2422497549871,0.3855400455609,0.4190591481342,0.3607730464688,0.0000001217490
18862,0.2140968459829,3.2422694492861,0.3854224123413,0.4190752426491,0.3607286589459,0.0000001217490
18866,0.2140958163052,3.2422538559104,0.3853047791217,0.4190842348064,0.3606812355484,0.0000001217490
18875,0.2140990359318,3.2423026137377,0.3852579451015,0.4190466052028,0.3606484146013,0.0000001217490
18889,0.2141034006237,3.2423687123631,0.3852579451015,0.4189974422658,0.3606317917006,0.0000001217490
18896,0.2141072726252,3.2424273497157,0.3852579451015,0.4189825191252,0.3606272917222,0.0000001217490
18913,0.2141191166971,3.2426067156104,0.3852579451015,0.4189418074538,0.3606152898549,0.0000001193141
18916,0.2141202729925,3.2426242264776,0.3852111110812,0.4188445031493,0.3605607143723,0.0000001193141
18926,0.2141162827504,3.2425637984970,0.3851642770610,0.4187946439198,0.3605219807297,0.0000001193141
18943,0.2141120040721,3.2424990024550,0.3851174430408,0.4186913340553,0.3604640957670,0.0000001193141
18944,0.2141128014442,3.2425110778091,0.3851174430408,0.4186439328204,0.3604473376199,0.0000001193141
18945,0.2141090191478,3.2424537989464,0.3851174430408,0.4186009218474,0.3604311660661,0.0000001193141
18956,0.2141175528089,3.2425830321842,0.3850706090205,0.4186435637073,0.3604281522205,0.0000001193141
18963,0.2141191848547,3.2426077477848,0.3850706090205,0.4186288099827,0.3604232327572,0.0000001193141
18971,0.2141238391047,3.2426782314609,0.3850237750003,0.4186051587615,0.3603957115088,0.0000001193141
18977,0.2141292320595,3.2427599020355,0.3849769409801,0.4185376502407,0.3603526852330,0.0000001193141
18978,0.2141299809545,3.2427712432553,0.3849769409801,0.4184942011397,0.3603373281745,0.0000001193141
18983,0.2141313992045,3.2427927211456,0.3849769409801,0.4184882318839,0.3603355002081,0.0000001193141
18994,0.2141278456499,3.2427389063347,0.3849769409801,0.4184463499557,0.3603197809006,0.0000001193141
18998,0.2141270217845,3.2427264297666,0.3849769409801,0.4184311369342,0.3603141711360,0.0000001193141
19009,0.2141245678046,3.2426892668472,0.3849301069598,0.4183929184717,0.3602799241094,0.0000001193141
19019,0.2141277982649,3.2427381887393,0.3848832729396,0.4183738805463,0.3602537453689,0.0000001193141
19028,0.2141373663980,3.2428830879574,0.3848364389194,0.4183523193290,0.3602280235254,0.0000001193141
19030,0.2141447797494,3.2429953552944,0.3847896048991,0.4183830872858,0.3602205289337,0.0000001193141
19045,0.2141443062008,3.2429881839030,0.3847896048991,0.4183778108338,0.3602185430119,0.0000001193141
19047,0.2141409597216,3.2429375050291,0.3847427708789,0.4183393531902,0.3601840193135,0.0000001193141
19054,0.2141397000801,3.2429184290958,0.3847346172088,0.4183017070811,0.3601668099213,0.0000001193141
19061,0.2141377184794,3.2428884198557,0.3847346172088,0.4182964345057,0.3601645022300,0.0000001193141
19074,0.2141349141436,3.2428459511677,0.3846877831885,0.4182579584025,0.3601300881125,0.0000001193141
19092,0.2141353890722,3.2428531434573,0.3846409491683,0.4182206837355,0.3600968057789,0.0000001193141
19095,0.2141374648812,3.2428845793812,0.3846409491683,0.4181954789132,0.3600882488728,0.0000001193141
19098,0.2141357195910,3.2428581488130,0.3845233159487,0.4182369426381,0.3600522691182,0.0000001193141
19103,0.2141388984478,3.2429062892242,0.3845233159487,0.4182055340041,0.3600417329326,0.0000001193141
19111,0.2141417170841,3.2429489744790,0.3845233159487,0.4181834634536,0.3600344545866,0.0000001193141
19117,0.2141510548522,3.2430903850644,0.3845233159487,0.4181517631462,0.3600251339986,0.0000001193141
19122,0.2141533717574,3.2431254721339,0.3844764819284,0.4181927866641,0.3600202100117,0.0000001193141
19127,0.2141590492405,3.2432114515890,0.3844764819284,0.4181618248789,0.3600103688348,0.0000001193141
19133,0.2141646332702,3.2432960157908,0.3843588487088,0.4181501448042,0.3599569797203,0.0000001193141
19153,0.2141659387153,3.2433157853704,0.3843588487088,0.4181326503526,0.3599510114401,0.0000001193141
19165,0.2141658716175,3.2433147692459,0.3843289225357,0.4181520999079,0.3599451178290,0.0000001193141
19168,0.2141729879341,3.2434225383057,0.3842477935177,0.4181801104431,0.3599218769374,0.0000001193141
19177,0.2141660488098,3.2433174526348,0.3842477935177,0.4181506080375,0.3599098534088,0.0000001193141
19186,0.2141746312532,3.2434474246285,0.3842477935177,0.4180814351533,0.3598869879023,0.0000001169278
19191,0.2141735037732,3.2434303501411,0.3842477935177,0.4179830679956,0.3598516151717,0.0000001169278
19200,0.2141704152124,3.2433835771673,0.3842009594975,0.4179443157919,0.3598170415415,0.0000001169278
19221,0.2141700121921,3.2433774738530,0.3840833262778,0.4179654381516,0.3597740846430,0.0000001169278
19222,0.2141738986852,3.2434363306640,0.3839656930582,0.4180069936230,0.3597393444657,0.0000001169278
19225,0.2141793658468,3.2435191250230,0.3839188590380,0.4179629070338,0.3597046990669,0.0000001169278
19241,0.2141817341138,3.2435549899120,0.3838012258184,0.4179469627986,0.3596490979460,0.0000001169278
19251,0.2141869127146,3.2436334143240,0.3838012258184,0.4179325000172,0.3596450423671,0.0000001169278
19254,0.2141848772126,3.2436025888065,0.3838012258184,0.4179120353367,0.3596372973737,0.0000001169278
19271,0.2141918970770,3.2437088972015,0.3836835925987,0.4178947945581,0.3595822299724,0.0000001169278
19273,0.2141896954525,3.2436755559352,0.3836367585785,0.4179093688734,0.3595668915854,0.0000001169278
19288,0.2141931811496,3.2437283431179,0.3835899245583,0.4178776098041,0.3595362242728,0.0000001169278
19290,0.2141961350311,3.2437730765168,0.3835899245583,0.4178384320006,0.3595228651747,0.0000001169278
19306,0.2141931735425,3.2437282279164,0.3835899245583,0.4178380400381,0.3595220905834,0.0000001169278
19310,0.2141925835044,3.2437192924158,0.3835430905380,0.4178805019304,0.3595170573853,0.0000001169278
19312,0.2141987929403,3.2438133277299,0.3835430905380,0.4178002069823,0.3594897112115,0.0000001169278
19331,0.2142027895105,3.2438738515431,0.3834254573184,0.4178384241675,0.3594538023771,0.0000001169278
19332,0.2141957534697,3.2437672981743,0.3833786232982,0.4178872989163,0.3594496781985,0.0000001169278
19336,0.2141932209185,3.2437289453756,0.3832609900786,0.4178299472030,0.3593782385173,0.0000001169278
19341,0.2141996381698,3.2438261278334,0.3832223097285,0.4178165041263,0.3593582352509,0.0000001169278
19344,0.2142023142700,3.2438666545309,0.3831046765089,0.4179497825328,0.3593559938948,0.0000001169278
19346,0.2142013011669,3.2438513121596,0.3831046765089,0.4179371941586,0.3593512809533,0.0000001169278
19350,0.2142084549680,3.2439596488833,0.3829870432892,0.4179051835473,0.3592909673126,0.0000001169278
19360,0.2142044299176,3.2438986937682,0.3829402092690,0.4178854880824,0.3592629989842,0.0000001169278
19368,0.2142043350722,3.2438972574347,0.3828225760494,0.4178633640584,0.3592046629861,0.0000001169278
19378,0.2141986842191,3.2438116812639,0.3828225760494,0.4178513777267,0.3591991712562,0.0000001169278
19380,0.2142021774400,3.2438645823854,0.3828225760494,0.4178419231968,0.3591965431857,0.0000001169278
19384,0.2142034421293,3.2438837347621,0.3828225760494,0.4177403559885,0.3591605401876,0.0000001169278
19393,0.2142071986639,3.2439406234907,0.3827757420292,0.4177374292113,0.3591402281588,0.0000001169278
19407,0.2142089758971,3.2439675378007,0.3827348690029,0.4177000312801,0.3591097355792,0.0000001169278
19415,0.2142049836715,3.2439070797819,0.3826880349827,0.4177252932900,0.3590978305257,0.0000001169278
19445,0.2142005086550,3.2438393104077,0.3826880349827,0.4176417927025,0.3590670499553,0.0000001169278
19454,0.2142007003485,3.2438422134034,0.3825704017631,0.4177140755723,0.3590424921061,0.0000001169278
19458,0.2142093952299,3.2439738881512,0.3825704017631,0.4176510950473,0.3590218622503,0.0000001169278
19471,0.2142131004082,3.2440299991435,0.3825819821784,0.4176107055455,0.3590131944302,0.0000001145892
19476,0.2142087942586,3.2439647870793,0.3825819821784,0.4175996117864,0.3590083096270,0.0000001145892
19483,0.2142089039778,3.2439664486590,0.3825819821784,0.4175554717610,0.3589925688435,0.0000001145892
19488,0.2142182754225,3.2441083692416,0.3825819821784,0.4175245414467,0.3589835304694,0.0000001145892
19489,0.2142135682211,3.2440370836735,0.3825819821784,0.4175240328669,0.3589823401477,0.0000001145892
19490,0.2142059001999,3.2439209596327,0.3825819821784,0.4174377018034,0.3589498644776,0.0000001145892
19494,0.2142063053602,3.2439270953555,0.3825351481581,0.4174177113903,0.3589227401415,0.0000001145892
19499,0.2142066461309,3.2439322559655,0.3825351481581,0.4173240588201,0.3588893658173,0.0000001145892
19502,0.2142044515670,3.2438990216243,0.3825351481581,0.4173119184459,0.3588845597057,0.0000001145892
19507,0.2142050716415,3.2439084119942,0.3825351481581,0.4172637003430,0.3588674718277,0.0000001145892
19508,0.2142069268419,3.2439365070351,0.3824175149385,0.4172857858402,0.3588253428113,0.0000001145892
19510,0.2142059551731,3.2439217921425,0.3824175149385,0.4172215296492,0.3588021859569,0.0000001145892
19533,0.2142118021174,3.2440103379075,0.3822998817189,0.4172925515317,0.3587783895946,0.0000001145892
19536,0.2142085674631,3.2439613525020,0.3822998817189,0.4172308574747,0.3587556628626,0.0000001145892
19538,0.2142091505481,3.2439701827057,0.3822633775173,0.4172115854144,0.3587332602729,0.0000001145892
19542,0.2142083984935,3.2439587936360,0.3821457442976,0.4172091053523,0.3586817991448,0.0000001145892
19550,0.2142113556812,3.2440035771049,0.3821457442976,0.4171647580114,0.3586665944919,0.0000001145892
19558,0.2142166297072,3.2440834466292,0.3821457442976,0.4170991385424,0.3586442891157,0.0000001145892
19565,0.2142186962514,3.2441147422475,0.3821457442976,0.4170723149894,0.3586351521062,0.0000001145892
19566,0.2142210071491,3.2441497383409,0.3821457442976,0.4170462252866,0.3586263295476,0.0000001145892
19581,0.2142211698961,3.2441522029707,0.3821457442976,0.4170359732788,0.3586227029906,0.0000001145892
19589,0.2142150691467,3.2440598135976,0.3821457442976,0.4170239756394,0.3586171108159,0.0000001145892
19597,0.2142101248800,3.2439849379274,0.3820989102774,0.4170322040596,0.3585989183287,0.0000001145892
19602,0.2142089728760,3.2439674920492,0.3820520762572,0.4170227611329,0.3585752272740,0.0000001145892
19618,0.2142137917211,3.2440404683432,0.3820520762572,0.4169962237908,0.3585667822614,0.0000001145892
19619,0.2142191261329,3.2441212523462,0.3820052422369,0.4169466900535,0.3585301630063,0.0000001145892
19628,0.2142203156875,3.2441392668880,0.3819584082167,0.4169147728776,0.3584989471965,0.0000001145892
19630,0.2142162243165,3.2440773074182,0.3819584082167,0.4168644063281,0.3584800824207,0.0000001145892
19639,0.2142192603538,3.2441232849791,0.3819584082167,0.4168265145894,0.3584672002363,0.0000001145892
19654,0.2142239172746,3.2441938091019,0.3819584082167,0.4167895878841,0.3584550100389,0.0000001145892
19664,0.2142258753407,3.2442234619341,0.3818407749971,0.4168542338345,0.3584281032269,0.0000001145892
19673,0.2142302880598,3.2442902878797,0.3818407749971,0.4168362316498,0.3584226194579,0.0000001145892
19682,0.2142341138323,3.2443482251439,0.3818407749971,0.4168323666380,0.3584220589050,0.0000001145892
19689,0.2142351046917,3.2443632306573,0.3818407749971,0.4167998743408,0.3584106668401,0.0000001145892
19698,0.2142334574290,3.2443382846120,0.3817939409769,0.4167592490994,0.3583757331175,0.0000001145892
19707,0.2142340595351,3.2443474028707,0.3817471069566,0.4166434187338,0.3583144224296,0.0000001145892
19718,0.2142269374979,3.2442395471771,0.3817471069566,0.4166262300804,0.3583067574740,0.0000001145892
19721,0.2142202110646,3.2441376824858,0.3817002729364,0.4165878389733,0.3582715332628,0.0000001145892
19729,0.2142249522463,3.2442094826492,0.3817002729364,0.4165823864566,0.3582706019029,0.0000001145892
19763,0.2142259916826,3.2442252238083,0.3815826397168,0.4165709636197,0.3582163308176,0.0000001122974
19779,0.2142291448513,3.2442729752019,0.3815826397168,0.4165323204883,0.3582032053783,0.0000001122974
19787,0.2142271749227,3.2442431427232,0.3815358056965,0.4165670966466,0.3581951315843,0.0000001122974
19790,0.2142338912934,3.2443448550274,0.3815358056965,0.4164787233699,0.3581650089221,0.0000001122974
19793,0.2142340881586,3.2443478363430,0.3815358056965,0.4164775636964,0.3581646369384,0.0000001122974
19807,0.2142319773977,3.2443158711091,0.3815358056965,0.4164557505653,0.3581563942285,0.0000001122974
19814,0.2142388223525,3.2444195306834,0.3814889716763,0.4165001715869,0.3581536539321,0.0000001122974
19819,0.2142357908719,3.2443736221282,0.3814830106823,0.4164687242363,0.3581392184208,0.0000001122974
19839,0.2142346337608,3.2443560989084,0.3814361766621,0.4164890882649,0.3581261716128,0.0000001122974
19849,0.2142367802628,3.2443886054021,0.3813484696156,0.4165759230607,0.3581200552704,0.0000001122974
19855,0.2142389336030,3.2444212154548,0.3813484696156,0.4165723843669,0.3581192528812,0.0000001122974
19857,0.2142369825234,3.2443916684240,0.3813953036358,0.4164913622802,0.3581099700562,0.0000001122974
19869,0.2142448048135,3.2445101287041,0.3813953036358,0.4164595768945,0.3581002943377,0.0000001122974
19872,0.2142433410931,3.2444879622126,0.3813484696156,0.4164178145375,0.3580649938329,0.0000001122974
19899,0.2142389310923,3.2444211774320,0.3813016355954,0.4164205400117,0.3580449504934,0.0000001122974
19901,0.2142389734975,3.2444218196138,0.3813016355954,0.4163876658938,0.3580332188238,0.0000001122974
19903,0.2142397153261,3.2444330538201,0.3813016355954,0.4163750162590,0.3580288600604,0.0000001122974
19905,0.2142472819848,3.2445476428333,0.3812548015751,0.4164212304222,0.3580269148226,0.0000001122974
19914,0.2142492043534,3.2445767550650,0.3812205065774,0.4163630939496,0.3579918658766,0.0000001122974
19921,0.2142590905375,3.2447264708282,0.3811028733578,0.4163860486897,0.3579517682291,0.0000001122974
19928,0.2142446933988,3.2445084414475,0.3811028733578,0.4163549337791,0.3579375706599,0.0000001122974
19934,0.2142469614657,3.2445427889127,0.3809852401381,0.4164488442971,0.3579211819080,0.0000001122974
19949,0.2142444862130,3.2445053038373,0.3808676069185,0.4165044503055,0.3578900965484,0.0000001122974
19967,0.2142454758159,3.2445202903236,0.3808207728983,0.4165231375745,0.3578769109079,0.0000001122974
19971,0.2142369088577,3.2443905528357,0.3807739388781,0.4165039436081,0.3578481484201,0.0000001122974
19975,0.2142406987304,3.2444479464345,0.3806563056584,0.4164911595706,0.3577939805710,0.0000001122974
19979,0.2142438548091,3.2444957418955,0.3806563056584,0.4164445034154,0.3577779939611,0.0000001122974
19993,0.2142488218975,3.2445709631765,0.3805386724388,0.4164885289886,0.3577443675192,0.0000001122974
20009,0.2142459824712,3.2445279630792,0.3804210392192,0.4165296551154,0.3577080327361,0.0000001122974
20017,0.2142507201172,3.2445997096988,0.3804210392192,0.4164731481376,0.3576888668825,0.0000001122974
20019,0.2142530461628,3.2446349351900,0.3803034059996,0.4164436979310,0.3576284331529,0.0000001122974
20033,0.2142532071442,3.2446373730829,0.3802565719793,0.4164057753408,0.3575948521438,0.0000001122974
20039,0.2142573945870,3.2447007874593,0.3802565719793,0.4163956241985,0.3575921240450,0.0000001122974
20052,0.2142597003848,3.2447357063182,0.3802565719793,0.4163049501735,0.3575602345641,0.0000001122974
20066,0.2142607091713,3.2447509833187,0.3802097379591,0.4163230971160,0.3575468600606,0.0000001100515
20072,0.2142547616944,3.2446609150956,0.3802097379591,0.4162737269709,0.3575279534066,0.0000001100515
20074,0.2142679915569,3.2448612673189,0.3802097379591,0.4162532581818,0.3575234780953,0.0000001100515
20075,0.2142562931155,3.2446841068423,0.3802097379591,0.4162234116862,0.3575103118237,0.0000001100515
20081,0.2142481237371,3.2445603902791,0.3801629039389,0.4162233829643,0.3574884792619,0.0000001100515
20089,0.2142491878326,3.2445765048762,0.3801629039389,0.3431439583829,0.3313889127890,0.0000001100515
20103,0.2142496541793,3.2445835672017,0.3801629039389,0.3431059935189,0.3313754538404,0.0000001100515
20106,0.2142451903317,3.2445159669681,0.3801629039389,0.3430670726017,0.3313605969741,0.0000001100515
20108,0.2142440687010,3.2444989810624,0.3801629039389,0.3430179833895,0.3313428247631,0.0000001100515
20113,0.2142442708445,3.2445020423111,0.3801629039389,0.3430139391047,0.3313414236922,0.0000001100515
20114,0.2142455326984,3.2445211517478,0.3800452707193,0.3431299441456,0.3313327102242,0.0000001100515
20117,0.2142338644886,3.2443444490980,0.3800921047395,0.3430597051126,0.3313251962475,0.0000001100515
20120,0.2142379572436,3.2444064295272,0.3800452707193,0.3430687700382,0.3313092390170,0.0000001100515
20121,0.2142462376733,3.2445318278442,0.3799984366990,0.3430325495253,0.3312780057743,0.0000001100515
20123,0.2142515955065,3.2446129665409,0.3799984366990,0.3429880360476,0.3312632562109,0.0000001100515
20124,0.2142512323446,3.2446074668393,0.3799984366990,0.3429679739358,0.3312560133505,0.0000001100515
20127,0.2142522385114,3.2446227041673,0.3799516026788,0.3429958727864,0.3312461211099,0.0000001100515
20131,0.2142541462477,3.2446515948080,0.3799047686586,0.3430233833196,0.3312362833780,0.0000001100515
20132,0.2142532426530,3.2446379108263,0.3798579346383,0.3430623126820,0.3312299213714,0.0000001100515
20134,0.2142500598389,3.2445897104849,0.3798111006181,0.3430863387373,0.3312177483508,0.0000001100515
20143,0.2142527393022,3.2446302881120,0.3796934673985,0.3431236745501,0.3311812425034,0.0000001100515
20153,0.2142529443508,3.2446333933557,0.3796934673985,0.3431083894940,0.3311758274938,0.0000001100515
20160,0.2142565384792,3.2446878226157,0.3796466333782,0.3431166900408,0.3311594904222,0.0000001100515
20162,0.2142560886718,3.2446810107591,0.3796466333782,0.3430143522108,0.3311228448099,0.0000001100515
20183,0.2142486896339,3.2445689601849,0.3795997993580,0.3430369148636,0.3311092456691,0.0000001100515
20195,0.2142484040296,3.2445646350108,0.3794821661384,0.3430690539099,0.3310702484620,0.0000001100515
20197,0.2142529996643,3.2446342310204,0.3794705857231,0.3430478678693,0.3310587037627,0.0000001100515
20199,0.2142508808338,3.2446021435812,0.3793676842021,0.3430203573361,0.3310043238853,0.0000001100515
20208,0.2142503711081,3.2445944243272,0.3793676842021,0.3430107256363,0.3310007747656,0.0000001100515
20231,0.2142490412772,3.2445742854490,0.3793676842021,0.3430008894530,0.3309969768792,0.0000001100515
20236,0.2142478084669,3.2445556158471,0.3793676842021,0.3429524367624,0.3309794081732,0.0000001100515
20255,0.2142444290770,3.2445044385745,0.3793676842021,0.3428616888988,0.3309462740670,0.0000001100515
20273,0.2142405677071,3.2444459622261,0.3792500509825,0.3429384389918,0.3309224431411,0.0000001100515
20278,0.2142352064391,3.2443647715141,0.3792500509825,0.3429201091038,0.3309147479094,0.0000001100515
20302,0.2142338535694,3.2443442837387,0.3791324177629,0.3429347711155,0.3308692802045,0.0000001100515
20307,0.2142418907647,3.2444659985292,0.3790147845432,0.3428812977971,0.3308014906099,0.0000001100515
20310,0.2142392218330,3.2444255803921,0.3790147845432,0.3428749649646,0.3307986569701,0.0000001100515
20314,0.2142437695893,3.2444944513320,0.3789679505230,0.3429187009361,0.3307951797562,0.0000001100515
20321,0.2142389632051,3.2444216637459,0.3788503173034,0.3428296906364,0.3307119461870,0.0000001100515
20323,0.2142371819421,3.2443946884099,0.3787326840838,0.3429719138366,0.3307119442509,0.0000001100515
20326,0.2142425799572,3.2444764356174,0.3787326840838,0.3428168846469,0.3306577334006,0.0000001100515
20333,0.2142428455761,3.2444804581339,0.3786858500635,0.3428293800079,0.3306421812249,0.0000001100515
20336,0.2142474706553,3.2445505000479,0.3786858500635,0.3428204589668,0.3306399862272,0.0000001100515
20360,0.2142541768066,3.2446520575899,0.3786858500635,0.3427778416869,0.3306262028025,0.0000001078505
20370,0.2142689188408,3.2448753100490,0.3786858500635,0.3427293914326,0.3306120581476,0.0000001078505
20378,0.2142674735025,3.2448534219339,0.3786858500635,0.3426802809418,0.3305942089713,0.0000001078505
20381,0.2142677402376,3.2448574613546,0.3786390160433,0.3427166548729,0.3305871850955,0.0000001078505
20383,0.2142686307945,3.2448709478926,0.3786390160433,0.3426933197208,0.3305790419462,0.0000001078505
20386,0.2142605811048,3.2447490438881,0.3786390160433,0.3426780258451,0.3305718549143,0.0000001078505
20390,0.2142478728711,3.2445565911797,0.3786776963934,0.3426123984834,0.3305622706708,0.0000001078505
20391,0.2142545005748,3.2446569607170,0.3786776963934,0.3425900371228,0.3305557046928,0.0000001078505
20402,0.2142512052885,3.2446070571041,0.3786308623731,0.3425700848757,0.3305278010345,0.0000001078505
20408,0.2142530269860,3.2446346447787,0.3786308623731,0.3425071861311,0.3305057275609,0.0000001078505
20426,0.2142551863505,3.2446673460613,0.3786308623731,0.3424957560420,0.3305021081072,0.0000001078505
20429,0.2142544247348,3.2446558121993,0.3785692966543,0.3424536219635,0.3304605117105,0.0000001078505
20430,0.2142564588304,3.2446866164178,0.3785692966543,0.3424469619850,0.3304585690244,0.0000001078505
20437,0.2142553987887,3.2446705632128,0.3785099236116,0.3424302397562,0.3304269240583,0.0000001078505
20439,0.2142538284306,3.2446467818062,0.3784630895913,0.3424573366550,0.3304161932939,0.0000001078505
20445,0.2142534158106,3.2446405331145,0.3784162555711,0.3424611311934,0.3303973883447,0.0000001078505
20454,0.2142592833715,3.2447293910943,0.3783694215509,0.3425039656745,0.3303938719852,0.0000001078505
20459,0.2142695719814,3.2448852011701,0.3783694215509,0.3424905797999,0.3303912960178,0.0000001078505
20463,0.2142785573706,3.2450212753499,0.3783694215509,0.3423959816992,0.3303594364223,0.0000001078505
20479,0.2142773939702,3.2450036568862,0.3783694215509,0.3423873093723,0.3303560898627,0.0000001078505
20490,0.2142786785566,3.2450231105842,0.3783225875306,0.3423783029889,0.3303330768427,0.0000001078505
20497,0.2142827250168,3.2450843899279,0.3782757535104,0.3423570029019,0.3303062650445,0.0000001078505
20507,0.2142846629161,3.2451137373552,0.3781581202908,0.3423440286648,0.3302516324155,0.0000001078505
20511,0.2142788458316,3.2450256437854,0.3782049543110,0.3422872873912,0.3302501928798,0.0000001078505
20518,0.2142662137938,3.2448343449839,0.3782049543110,0.3422760074565,0.3302434574664,0.0000001078505
20519,0.2142680054566,3.2448614778148,0.3780873210914,0.3423400774740,0.3302163093063,0.0000001078505
20534,0.2142642492576,3.2448045941689,0.3779696878718,0.3423659646782,0.3301743355996,0.0000001078505
20547,0.2142595168585,3.2447329270079,0.3779228538515,0.3423389746900,0.3301436105096,0.0000001078505
20549,0.2142635070070,3.2447933535706,0.3779228538515,0.3423316592791,0.3301418528947,0.0000001078505
20554,0.2142706263126,3.2449011678961,0.3778052206319,0.3424652514994,0.3301406757305,0.0000001078505
20562,0.2142701533219,3.2448940049548,0.3777583866117,0.3424876858718,0.3301285149282,0.0000001078505
20579,0.2142641815011,3.2448035680681,0.3778052206319,0.3424312372779,0.3301271467632,0.0000001078505
20583,0.2142601607597,3.2447426782082,0.3778052206319,0.3423818926290,0.3301086620868,0.0000001078505
20585,0.2142539584060,3.2446487501452,0.3778052206319,0.3423701388561,0.3301031352350,0.0000001078505
20598,0.2142560890859,3.2446810170309,0.3777583866117,0.3423192418533,0.3300653425853,0.0000001078505
20617,0.2142562411140,3.2446833193349,0.3777115525915,0.3423044535672,0.3300400219090,0.0000001078505
20619,0.2142504955287,3.2445963085446,0.3777115525915,0.3423035982539,0.3300384852432,0.0000001078505
20625,0.2142492462155,3.2445773890224,0.3776647185712,0.3423453849475,0.3300330696294,0.0000001078505
20631,0.2142513174171,3.2446087551714,0.3775470853516,0.3423258118582,0.3299761088323,0.0000001078505
20642,0.2142625052451,3.2447781829498,0.3775470853516,0.3422823059129,0.3299629683864,0.0000001078505
20660,0.2142679669559,3.2448608947615,0.3775470853516,0.3422427772483,0.3299500213728,0.0000001078505
20666,0.2142713930107,3.2449127787258,0.3775470853516,0.3421314973498,0.3299110127065,0.0000001078505
20691,0.2142701503313,3.2448939596645,0.3774294521320,0.3421629251704,0.3298715564027,0.0000001056934
20693,0.2142761037348,3.2449841176408,0.3773826181118,0.3420672612676,0.3298185947295,0.0000001056934
20697,0.2142757373478,3.2449785690984,0.3773826181118,0.3420614425052,0.3298164380885,0.0000001056934
20704,0.2142808609569,3.2450561607193,0.3773357840915,0.3420059508258,0.3297776458249,0.0000001056934
20706,0.2142825092444,3.2450811222831,0.3772889500713,0.3419704357240,0.3297452433415,0.0000001056934
20709,0.2142812070818,3.2450614024131,0.3771713168517,0.3419726640558,0.3296953459025,0.0000001056934
20731,0.2142937643764,3.2452515693100,0.3772181508719,0.3419024101699,0.3296930178007,0.0000001056934
20750,0.2142940879108,3.2452564688948,0.3771005176523,0.3419277551561,0.3296517246733,0.0000001056934
20785,0.2143010927771,3.2453625501584,0.3769828844327,0.3420314757781,0.3296398545584,0.0000001056934
20799,0.2142887942532,3.2451763020702,0.3769828844327,0.3420259327934,0.3296352395230,0.0000001056934
20804,0.2142866853509,3.2451443649831,0.3769360504124,0.2792351453974,0.3071894346796,0.0000001056934
20808,0.2142848974142,3.2451172885805,0.3769246242557,0.2791932080577,0.3071691770047,0.0000001056934
20817,0.2142862446889,3.2451376916254,0.3769246242557,0.2791598408811,0.3071575488576,0.0000001056934
20820,0.2142891404005,3.2451815441035,0.3769246242557,0.2791375252144,0.3071501994863,0.0000001056934
20827,0.2142968786550,3.2452987317530,0.3768777902355,0.2791493894944,0.3071360232036,0.0000001056934
20834,0.2142986105368,3.2453249592633,0.3768777902355,0.2791417135134,0.3071336528993,0.0000001056934
20849,0.2142872048165,3.2451522317387,0.3769246242557,0.2790707203585,0.3071259258412,0.0000001056934
20857,0.2142818232855,3.2450707341649,0.3769246242557,0.2790548548824,0.3071191064145,0.0000001056934
20863,0.2142890035522,3.2451794716811,0.3768777902355,0.2790359820954,0.3070938330391,0.0000001056934
20864,0.2142919499997,3.2452240925004,0.3768777902355,0.2789493952184,0.3070635405360,0.0000001056934
20872,0.2142897525469,3.2451908144106,0.3768309562153,0.2789966970948,0.3070598914576,0.0000001056934
20877,0.2142888978554,3.2451778710144,0.3768309562153,0.2789543781685,0.3070445944072,0.0000001056934
20882,0.2142932462507,3.2452437228452,0.3767841221950,0.2789133222457,0.3070107916536,0.0000001056934
20884,0.2142839563821,3.2451030376477,0.3767841221950,0.2789018562304,0.3070047059621,0.0000001056934
20895,0.2142827704070,3.2450850773146,0.3767841221950,0.2788891552478,0.3069999157593,0.0000001056934
20902,0.2142812274921,3.2450617115052,0.3767372881748,0.2788623629078,0.3069699447189,0.0000001056934
20905,0.2142781766213,3.2450155093061,0.3767372881748,0.2788239054214,0.3069555561443,0.0000001056934
20919,0.2142795072069,3.2450356596124,0.3767372881748,0.2788170663483,0.3069533987437,0.0000001056934
20939,0.2142793575045,3.2450333925290,0.3767372881748,0.2788028825086,0.3069483010075,0.0000001056934
20940,0.2142846093696,3.2451129264501,0.3767372881748,0.2787703822624,0.3069378191764,0.0000001056934
20966,0.2142826787842,3.2450836897846,0.3767372881748,0.2787187907826,0.3069189799511,0.0000001056934
20983,0.2142860650641,3.2451349713983,0.3767372881748,0.2786920244516,0.3069101461785,0.0000001056934
20987,0.2142869999875,3.2451491298207,0.3766196549552,0.2787031783088,0.3068639158027,0.0000001035796
20993,0.2142776995202,3.2450082841167,0.3766196549552,0.2786085063695,0.3068281114385,0.0000001035796
21005,0.2142770749367,3.2449988254620,0.3766196549552,0.2786022826551,0.3068257548440,0.0000001035796
21013,0.2142807328716,3.2450542210032,0.3765728209350,0.2786538007129,0.3068248662706,0.0000001035796
21015,0.2142814591601,3.2450652198719,0.3765728209350,0.2786347326302,0.3068182118744,0.0000001035796
21019,0.2142865103962,3.2451417154805,0.3765259869147,0.2785427156690,0.3067663593587,0.0000001035796
21037,0.2142951554155,3.2452726351206,0.3765259869147,0.2784895354311,0.3067492189207,0.0000001035796
21039,0.2142923619631,3.2452303312486,0.3764791528945,0.2784788139667,0.3067247195064,0.0000001035796
21046,0.2142856942701,3.2451293561161,0.3764791528945,0.2784579556799,0.3067158413269,0.0000001035796
21060,0.2142868845137,3.2451473810929,0.3764503230594,0.2784611456038,0.3067048799941,0.0000001035796
21068,0.2142889096706,3.2451780499433,0.3763326898398,0.2784625544203,0.3066554028680,0.0000001035796
21070,0.2142933432679,3.2452451920684,0.3762150566202,0.2785442822661,0.3066351272039,0.0000001035796
21078,0.2142992393712,3.2453344822931,0.3761682226000,0.2784944303303,0.3065985146689,0.0000001035796
21103,0.2143057736933,3.2454334376652,0.3761213885797,0.2784127024846,0.3065506546415,0.0000001035796
21121,0.2143124371657,3.2455343488811,0.3761213885797,0.2783626764763,0.3065342160969,0.0000001035796
21129,0.2143074126528,3.2454582579669,0.3761213885797,0.2783478978056,0.3065278613189,0.0000001035796
21131,0.2143078408381,3.2454647423784,0.3760745545595,0.2782833680499,0.3064848350086,0.0000001035796
21135,0.2143100656362,3.2454984345840,0.3760745545595,0.2782061247393,0.3064577248544,0.0000001035796
21137,0.2143070977455,3.2454534890291,0.3760277205393,0.2782569989662,0.3064551865216,0.0000001035796
21142,0.2143075487403,3.2454603188678,0.3759100873196,0.2783263876994,0.3064296506168,0.0000001035796
21145,0.2143129586964,3.2455422469100,0.3759100873196,0.2782538136947,0.3064048906057,0.0000001035796
21159,0.2143240219345,3.2457097879063,0.3757924541000,0.2782948263981,0.3063714944567,0.0000001035796
21163,0.2143222331470,3.2456826986172,0.3758049931225,0.2782432349183,0.3063580594834,0.0000001035796
21177,0.2143206696307,3.2456590208233,0.3758049931225,0.2782298900629,0.3063529584244,0.0000001035796
21179,0.2143211553404,3.2456663763814,0.3756873599029,0.2782361047654,0.3063048678047,0.0000001035796
21189,0.2143186062203,3.2456277726628,0.3756873599029,0.2782309622416,0.3063024849490,0.0000001035796
21195,0.2143291148339,3.2457869144599,0.3755697266832,0.2782083930554,0.3062462621341,0.0000001035796
21208,0.2143255676377,3.2457331959390,0.3755697266832,0.2781434356689,0.3062223029541,0.0000001035796
21213,0.2143254103073,3.2457308133386,0.3755697266832,0.2780824293617,0.3062004812736,0.0000001035796
21214,0.2143377113006,3.2459170988225,0.3755697266832,0.2780088566952,0.3061768412484,0.0000001035796
21221,0.2143437557029,3.2460086348788,0.3755697266832,0.2779551778052,0.3061589654453,0.0000001035796
21224,0.2143474721200,3.2460649160702,0.3754520934636,0.2780239649282,0.3061339144130,0.0000001035796
21228,0.2143466420593,3.2460523456826,0.3754428599831,0.2778193287393,0.3060566949838,0.0000001035796
21259,0.2143373697498,3.2459119263981,0.3753960259629,0.2778229076464,0.3060359145185,0.0000001035796
21267,0.2143366663301,3.2459012738534,0.3753960259629,0.2778088447466,0.3060307413215,0.0000001035796
21273,0.2143306511097,3.2458101797265,0.3752783927433,0.2778403079268,0.3059902749587,0.0000001035796
21290,0.2143283553969,3.2457754135941,0.3752315587230,0.2777715208038,0.3059451444677,0.0000001035796
21297,0.2143319954640,3.2458305385459,0.3752315587230,0.2777391349713,0.3059343581133,0.0000001035796
21305,0.2143289218416,3.2457839917971,0.3751847247028,0.2777902648211,0.3059318884177,0.0000001035796
21319,0.2143331500097,3.2458480229143,0.3750670914832,0.2778197309659,0.3058929038398,0.0000001015080
21322,0.2143381090642,3.2459231225296,0.3750202574629,0.2778391804361,0.3058808410108,0.0000001015080
21334,0.2143477199868,3.2460686697506,0.3749734234427,0.2777700995223,0.3058381570163,0.0000001015080
21336,0.2143495102227,3.2460957809716,0.3749734234427,0.2777257775813,0.3058227113736,0.0000001015080
21339,0.2143507758654,3.2461149477869,0.3749734234427,0.2777151480202,0.3058191863109,0.0000001015080
21342,0.2143488762780,3.2460861805536,0.3749265894225,0.2777696475851,0.3058181716639,0.0000001015080
21346,0.2143455179422,3.2460353221223,0.3749265894225,0.2777395678529,0.3058067092590,0.0000001015080
21359,0.2143519084787,3.2461321000137,0.3748797554022,0.2777285898729,0.3057840862296,0.0000001015080
21360,0.2143473692387,3.2460633580426,0.3747621221826,0.2777532613116,0.3057415105264,0.0000001015080
21369,0.2143486490926,3.2460827400715,0.3746444889630,0.2777943190238,0.3057060340125,0.0000001015080
21375,0.2143428830787,3.2459954199120,0.3746444889630,0.2777806953713,0.3056999328479,0.0000001015080
21382,0.2143417250415,3.2459778826680,0.3745268557434,0.2777810986042,0.3056494144718,0.0000001015080
21387,0.2143379738270,3.2459210745068,0.3744092225238,0.2778079131938,0.3056077730423,0.0000001015080
21390,0.2143394310751,3.2459431429822,0.3742915893041,0.2778088875301,0.3055580190501,0.0000001015080
21392,0.2143275680686,3.2457634903417,0.3743384233244,0.2777347842674,0.3055490832492,0.0000001015080
21396,0.2143275088716,3.2457625938670,0.3743384233244,0.2776416151660,0.3055157958851,0.0000001015080
21397,0.2143254767980,3.2457318202687,0.3743384233244,0.2775541534481,0.3054841241129,0.0000001015080
21411,0.2143297867400,3.2457970897655,0.3742915893041,0.2775103841922,0.3054493440718,0.0000001015080
21422,0.2143302063167,3.2458034438094,0.3742915893041,0.2774972657970,0.3054447488400,0.0000001015080
21462,0.2143262429344,3.2457434225907,0.3741739560845,0.2775159572987,0.3054001608431,0.0000001015080
21482,0.2143256526147,3.2457344828262,0.3741739560845,0.2775016288878,0.3053949170564,0.0000001015080
21483,0.2143293566569,3.2457905766134,0.3741739560845,0.2774252666142,0.3053684385392,0.0000001015080
21491,0.2143351636028,3.2458785166446,0.3741739560845,0.2773624688400,0.3053472551082,0.0000001015080
21495,0.2143297365154,3.2457963291668,0.3741739560845,0.2773186405837,0.3053304392123,0.0000001015080
21522,0.2143313775321,3.2458211806232,0.3741319867202,0.2773380276142,0.3053197279278,0.0000001015080
21535,0.2143278816286,3.2457682388755,0.3740851527000,0.2772893408169,0.3052815189407,0.0000001015080
21545,0.2143215859190,3.2456728970370,0.3740383186797,0.2772189964122,0.3052349751354,0.0000001015080
21552,0.2143174681139,3.2456105372506,0.3739914846595,0.2772133840266,0.3052120166023,0.0000001015080
21559,0.2143239195314,3.2457082371196,0.3738738514399,0.2771806805153,0.3051513049864,0.0000001015080
21562,0.2143265227116,3.2457476595204,0.3738270174196,0.2772080178734,0.3051415544300,0.0000001015080
21580,0.2143312184792,3.2458187719348,0.3737801833994,0.2771368127703,0.3050970585490,0.0000001015080
21591,0.2143199085089,3.2456474944421,0.3737801833994,0.2770825641586,0.3050752604797,0.0000001015080
21605,0.2143196010409,3.2456428381652,0.3737753187435,0.2770856569765,0.3050742143190,0.0000001015080
21609,0.2143133749327,3.2455485503658,0.3737753187435,0.2770748842532,0.3050690327518,0.0000001015080
21623,0.2143205372870,3.2456570166181,0.3736576855239,0.2771145509061,0.3050343199667,0.0000001015080
21629,0.2143156901108,3.2455836112808,0.3736576855239,0.2770743617469,0.3050189280150,0.0000001015080
21630,0.2143086978221,3.2454777204921,0.3736108515036,0.2770802821781,0.3049994723842,0.0000001015080
21644,0.2143033217879,3.2453963061603,0.3736108515036,0.2770362506152,0.3049825948187,0.0000000994778
21647,0.2143186099693,3.2456278294387,0.3735640174834,0.2770251435862,0.3049618323385,0.0000000994778
21650,0.2143178909699,3.2456169409557,0.3735640174834,0.2770125462260,0.3049571792100,0.0000000994778
21652,0.2143261027534,3.2457412996988,0.3735171834632,0.2769421793912,0.3049137361425,0.0000000994778
21670,0.2143269666661,3.2457543827390,0.3735171834632,0.2768997628786,0.3048987725121,0.0000000994778
21671,0.2143358982023,3.2458896413745,0.3734703494429,0.2769357460632,0.3048934658272,0.0000000994778
21688,0.2143445140093,3.2460201186246,0.3734703494429,0.2768787882152,0.3048749699830,0.0000000994778
21710,0.2143436099732,3.2460064279573,0.3734703494429,0.2768462499180,0.3048631554405,0.0000000994778
21715,0.2143488400669,3.2460856321740,0.3733527162233,0.2769792046107,0.3048613457567,0.0000000994778
21720,0.2143496402475,3.2460977500605,0.3733058822031,0.2769410695344,0.3048278258309,0.0000000994778
21734,0.2143465475758,3.2460509148297,0.3732590481829,0.2769984228671,0.3048275747257,0.0000000994778
21737,0.2143397935114,3.2459486316953,0.3732122141626,0.2769700291478,0.3047959150892,0.0000000994778
21763,0.2143378264778,3.2459188430597,0.3731653801424,0.2769278975980,0.3047603748770,0.0000000994778
21781,0.2143310943377,3.2458168919443,0.3731653801424,0.2769137563678,0.3047538818362,0.0000000994778
21786,0.2143345936906,3.2458698859297,0.3731185461222,0.2769602448379,0.3047511629996,0.0000000994778
21805,0.2143371976430,3.2459093200231,0.3730717121019,0.2769870432964,0.3047412201445,0.0000000994778
21827,0.2143416607815,3.2459769095176,0.3730717121019,0.2769697971148,0.3047360171807,0.0000000994778
21836,0.2143461384127,3.2460447184887,0.3730717121019,0.2768964885812,0.3047107950540,0.0000000994778
21843,0.2143547285419,3.2461748068763,0.3730717121019,0.2768728572721,0.3047041960427,0.0000000994778
21844,0.2143592442076,3.2462431918400,0.3730717121019,0.2768443281963,0.3046949747297,0.0000000994778
21845,0.2143608636988,3.2462677173151,0.3730248780817,0.2768959028365,0.3046936695549,0.0000000994778
21864,0.2143531792928,3.2461513451436,0.3729780440615,0.2769256608350,0.3046825790301,0.0000000994778
21866,0.2143628265679,3.2462974428834,0.3728604108418,0.2769257045871,0.3046342476922,0.0000000994778
21880,0.2143640785460,3.2463164027635,0.3728604108418,0.2768866058907,0.3046205521531,0.0000000994778
21905,0.2143656654738,3.2463404351000,0.3728135768216,0.2768442326774,0.3045856871956,0.0000000994778
21918,0.2143613302040,3.2462747820413,0.3727368166282,0.2768759156614,0.3045631763349,0.0000000994778
21931,0.2143660959714,3.2463469545294,0.3726899826080,0.2768326381810,0.3045286696048,0.0000000994778
21941,0.2143728151136,3.2464487088042,0.3726431485878,0.2768821581969,0.3045277234180,0.0000000994778
21951,0.2143732828895,3.2464557927746,0.3725963145675,0.2769208366202,0.3045215656553,0.0000000994778
21954,0.2143775930325,3.2465210653140,0.3724786813479,0.2768653328153,0.3044522522330,0.0000000994778
21957,0.2143727215151,3.2464472913544,0.3724318473277,0.2769153861238,0.3044490127950,0.0000000994778
21959,0.2143665549922,3.2463539059126,0.3724318473277,0.2769087508657,0.3044453216623,0.0000000994778
21976,0.2143648070027,3.2463274344665,0.3724318473277,0.2768607942487,0.3044278197298,0.0000000974883
21986,0.2143582999429,3.2462288919538,0.3723142141081,0.2769247120662,0.3043988389149,0.0000000974883
21997,0.2143548188634,3.2461761746999,0.3723486633644,0.2768634587729,0.3043909807601,0.0000000974883
22010,0.2143632536200,3.2463039101353,0.3722310301448,0.2768573904140,0.3043402066999,0.0000000974883
22022,0.2143558989591,3.2461925316025,0.3722310301448,0.2768489018104,0.3043355990570,0.0000000974883
22030,0.2143586591851,3.2462343322958,0.3721841961246,0.2768436298010,0.3043142359506,0.0000000974883
22042,0.2143608354573,3.2462672896279,0.3720665629050,0.2768054361105,0.3042506474539,0.0000000974883
22048,0.2143637617721,3.2463116055593,0.3720197288847,0.2767813939196,0.3042226163016,0.0000000974883
22067,0.2143565627659,3.2462025842520,0.3720289623653,0.2767566132618,0.3042161806284,0.0000000974883
22081,0.2143560822692,3.2461953076404,0.3720289623653,0.2767065162012,0.3041981858575,0.0000000974883
22083,0.2143575381269,3.2462173550587,0.3720289623653,0.2766231462494,0.3041687228442,0.0000000974883
22085,0.2143546466110,3.2461735661210,0.3720289623653,0.2766234838476,0.3041682238045,0.0000000974883
22097,0.2143587785780,3.2462361403736,0.3720289623653,0.2766068275770,0.3041631605579,0.0000000974883
22098,0.2143602808619,3.2462588908688,0.3720289623653,0.2765947630898,0.3041591737304,0.0000000974883
22120,0.2143584710134,3.2462314826354,0.3719821283450,0.2765133407679,0.3041096347821,0.0000000974883
22126,0.2143585225142,3.2462322625591,0.3718644951254,0.2765253407700,0.3040635172961,0.0000000974883
22130,0.2143590670784,3.2462405094065,0.3718644951254,0.2765151461460,0.3040599930513,0.0000000974883
22140,0.2143526915109,3.2461439582043,0.3718176611052,0.2764865782248,0.3040283523063,0.0000000974883
22179,0.2143461433092,3.2460447926422,0.3717000278856,0.2765084457353,0.3039843447084,0.0000000974883
22182,0.2143518525831,3.2461312535338,0.3717000278856,0.2764971460820,0.3039815325338,0.0000000974883
22200,0.2143433166689,3.2460019861744,0.3716531938653,0.2764994744888,0.3039604632602,0.0000000974883
22212,0.2143389062414,3.2459351949320,0.3716063598451,0.2764719990610,0.3039296337928,0.0000000974883
22214,0.2143387005941,3.2459320806227,0.3714887266255,0.2764195157387,0.3038604314449,0.0000000974883
22216,0.2143392234663,3.2459399989669,0.3713710934058,0.2764501974011,0.3038210869885,0.0000000974883
22223,0.2143412085102,3.2459700603502,0.3713710934058,0.2764370582089,0.3038168197865,0.0000000974883
22240,0.2143436144919,3.2460064963889,0.3712534601862,0.2763872005949,0.3037491148262,0.0000000974883
22247,0.2143473312868,3.2460627833011,0.3712066261660,0.2763173970649,0.3037049097272,0.0000000974883
22248,0.2143372701892,3.2459104186587,0.3712066261660,0.2763099761550,0.3037001034527,0.0000000974883
22315,0.2143256481587,3.2457344153448,0.3711597921458,0.2762806216147,0.3036670575303,0.0000000974883
22320,0.2143291136336,3.2457868962832,0.3711597921458,0.2761933923386,0.3036366468192,0.0000000955385
22331,0.2143192800602,3.2456379772537,0.3711129581255,0.2761846455065,0.3036113440333,0.0000000955385
22332,0.2143112955466,3.2455170602715,0.3710661241053,0.2761133050011,0.3035640825912,0.0000000955385
22348,0.2143083239744,3.2454720589653,0.3710661241053,0.2760867166926,0.3035539500013,0.0000000955385
22360,0.2143147163767,3.2455688651120,0.3710661241053,0.2760543825283,0.3035437718860,0.0000000955385
22364,0.2143183680370,3.2456241656295,0.3710192900851,0.2760763403863,0.3035323247538,0.0000000955385
22386,0.2143169452819,3.2456026195143,0.3710192900851,0.2760727514983,0.3035307381320,0.0000000955385
22387,0.2143171253727,3.2456053467993,0.3710192900851,0.2760555155424,0.3035246210243,0.0000000955385
22399,0.2143106080331,3.2455066486088,0.3709724560648,0.2760426103390,0.3034985437274,0.0000000955385
22403,0.2143196962881,3.2456442805835,0.3709256220446,0.2760847631777,0.3034954740729,0.0000000955385
22411,0.2143204033476,3.2456549882481,0.3709256220446,0.2760661045835,0.3034889618020,0.0000000955385
22414,0.2143228875937,3.2456926095184,0.3708847490184,0.2760503988273,0.3034663679306,0.0000000955385
22427,0.2143203513106,3.2456542002027,0.3707671157987,0.2760770149451,0.3034249159607,0.0000000955385
22429,0.2143087897712,3.2454791129634,0.3707671157987,0.2760605784351,0.3034165683058,0.0000000955385
22462,0.2143115267687,3.2455205618845,0.3707671157987,0.2760098819068,0.3033990489023,0.0000000955385
22468,0.2143056772599,3.2454319772828,0.3707202817785,0.2760497678690,0.3033919686997,0.0000000955385
22480,0.2143044630880,3.2454135899394,0.3707202817785,0.2760384312963,0.3033876597441,0.0000000955385
22491,0.2143158774337,3.2455864480870,0.3707202817785,0.2760132101489,0.3033810981226,0.0000000955385
22523,0.2143177812210,3.2456152789244,0.3706734477583,0.2760213543911,0.3033643430120,0.0000000955385
22526,0.2143234040672,3.2457004309609,0.3706734477583,0.2759904953053,0.3033545268056,0.0000000955385
22530,0.2143166950866,3.2455988305729,0.3706266137380,0.2759383526290,0.3033143950595,0.0000000955385
22543,0.2143136645818,3.2455529367950,0.3706266137380,0.2758954196115,0.3032984124451,0.0000000955385
22550,0.2143147856204,3.2455699137341,0.3705089805184,0.2759687465317,0.3032744266164,0.0000000955385
22553,0.2143124952964,3.2455352292080,0.3705558145386,0.2759072462522,0.3032720431702,0.0000000955385
22557,0.2143098273780,3.2454948264165,0.3705465810581,0.2758335621390,0.3032411985127,0.0000000955385
22565,0.2143122362966,3.2455313069318,0.3705465810581,0.2758298592714,0.3032403922568,0.0000000955385
22572,0.2143144244152,3.2455644436652,0.3704997470379,0.2758724370789,0.3032359957763,0.0000000955385
22580,0.2143164399987,3.2455949675366,0.3704229868445,0.2758652941582,0.3032009794182,0.0000000955385
22590,0.2143163318441,3.2455933296501,0.3703761528243,0.2758033127270,0.3031587482938,0.0000000955385
22594,0.2143161184593,3.2455900981633,0.3703293188041,0.2756806438154,0.3030948205199,0.0000000955385
22611,0.2143187298757,3.2456296452931,0.3702824847838,0.2756592135281,0.3030676547122,0.0000000955385
22613,0.2143214282309,3.2456705090181,0.3702824847838,0.2755644331651,0.3030343828015,0.0000000955385
22648,0.2143245895706,3.2457183841526,0.3702416117576,0.2755315089054,0.3030057845560,0.0000000955385
22669,0.2143243455550,3.2457146887951,0.3702416117576,0.2755289856823,0.3030048311159,0.0000000955385
22708,0.2143278073285,3.2457671136797,0.3701239785380,0.2755596095255,0.3029660957744,0.0000000936277
22713,0.2143348405226,3.2458736239373,0.3700771445177,0.2756094026593,0.3029653144265,0.0000000936277
22737,0.2143312955375,3.2458199389020,0.3700771445177,0.2755434883174,0.3029410139504,0.0000000936277
22742,0.2143251880847,3.2457274480123,0.3700771445177,0.2755262714691,0.3029335563361,0.0000000936277
22744,0.2143258166642,3.2457369671811,0.3700771445177,0.2755009326682,0.3029246414600,0.0000000936277
22748,0.2143250500928,3.2457253582710,0.3700303104975,0.2754715904575,0.3028939261108,0.0000000936277
22758,0.2143256055599,3.2457337702316,0.3700303104975,0.2754408230128,0.3028830567663,0.0000000936277
22761,0.2143218667205,3.2456771494776,0.3700303104975,0.2754294197535,0.3028781829938,0.0000000936277
22763,0.2143260763893,3.2457409004424,0.3699927099578,0.2754365973251,0.3028655339671,0.0000000936277
22772,0.2143351899978,3.2458789163686,0.3699458759375,0.2753806298867,0.3028274267894,0.0000000936277
22775,0.2143310106905,3.2458156251963,0.3698282427179,0.2753671772133,0.3027713124604,0.0000000936277
22789,0.2143281256689,3.2457719346061,0.3698282427179,0.2753158115732,0.3027523493700,0.0000000936277
22803,0.2143275486528,3.2457631963112,0.3698168000335,0.2752949314461,0.3027398645279,0.0000000936277
22808,0.2143238298298,3.2457068786842,0.3697699660133,0.2752762241187,0.3027123147259,0.0000000936277
22814,0.2143268658739,3.2457528563492,0.3697231319931,0.2752859781146,0.3026963771538,0.0000000936277
22839,0.2143254929122,3.2457320643021,0.3697231319931,0.2752424889904,0.3026805511177,0.0000000936277
22851,0.2143374211251,3.2459127044225,0.3697231319931,0.2752106397146,0.3026717324219,0.0000000936277
22859,0.2143424453615,3.2459887911502,0.3696762979728,0.2751896223837,0.3026452311314,0.0000000936277
22869,0.2143390564474,3.2459374696433,0.3696762979728,0.2751721970426,0.3026382815994,0.0000000936277
22889,0.2143355560098,3.2458844592313,0.3696762979728,0.2751061534832,0.3026139445202,0.0000000936277
22909,0.2143345172490,3.2458687283026,0.3695586647532,0.2751013603579,0.3025615958611,0.0000000936277
22911,0.2143368772117,3.2459044674323,0.3694410315336,0.2750793637773,0.3025038314088,0.0000000936277
22929,0.2143485513679,3.2460812601338,0.3693941975134,0.2751132317615,0.3024983569994,0.0000000936277
22934,0.2143489488241,3.2460872791869,0.3692765642937,0.2752533660579,0.3024980758946,0.0000000936277
22935,0.2143523745032,3.2461391574601,0.3692297302735,0.2752154751042,0.3024652057623,0.0000000936277
22937,0.2143483659864,3.2460784527291,0.3691828962533,0.2752373537095,0.3024520888590,0.0000000936277
22942,0.2143513796128,3.2461240909008,0.3691828962533,0.2752203147441,0.3024466492913,0.0000000936277
22966,0.2143521093527,3.2461351420371,0.3691360622330,0.2751994446077,0.3024192803210,0.0000000936277
23000,0.2143574163356,3.2462155106595,0.3690184290134,0.2752210853187,0.3023777321201,0.0000000936277
23005,0.2143595640553,3.2462480355941,0.3690184290134,0.2752075663259,0.3023733641340,0.0000000936277
23015,0.2143599303663,3.2462535829850,0.3689007957938,0.2752386768052,0.3023341392777,0.0000000936277
23024,0.2143705010180,3.2464136642828,0.3687831625742,0.2752688615625,0.3022967704508,0.0000000936277
23043,0.2143706817185,3.2464164008014,0.3686655293546,0.2752681468919,0.3022461396959,0.0000000917552
23044,0.2143640345722,3.2463157368266,0.3686655293546,0.2752528912805,0.3022392668748,0.0000000917552
23047,0.2143657202016,3.2463412638938,0.3686655293546,0.2752360093959,0.3022335988365,0.0000000917552
23050,0.2143680239830,3.2463761522181,0.3686655293546,0.2751961210638,0.3022198466711,0.0000000917552
23055,0.2143708442743,3.2464188625361,0.3685478961349,0.2752074470370,0.3021740817727,0.0000000917552
23060,0.2143712737716,3.2464253668167,0.3684302629153,0.2751690186391,0.3021100351430,0.0000000917552
23064,0.2143620166911,3.2462851781602,0.3684302629153,0.2751449495407,0.3020994553763,0.0000000917552
23065,0.2143658463690,3.2463431745654,0.3684197788381,0.2751226391909,0.3020878148636,0.0000000917552
23066,0.2143730593935,3.2464524081640,0.3683729448179,0.2751594532509,0.3020824366673,0.0000000917552
23071,0.2143785178492,3.2465350706816,0.3683261107976,0.2751502505275,0.3020602479265,0.0000000917552
23078,0.2143749696632,3.2464813371716,0.3683261107976,0.2751003644860,0.3020416711575,0.0000000917552
23079,0.2143724623370,3.2464433663776,0.3683261107976,0.2750807457298,0.3020341271747,0.0000000917552
23097,0.2143702867695,3.2464104197172,0.3683261107976,0.2750714501675,0.3020303411380,0.0000000917552
23099,0.2143710601082,3.2464221311105,0.3683261107976,0.2750235570348,0.3020134021632,0.0000000917552
23108,0.2143769938670,3.2465119915892,0.3682084775780,0.2750960965360,0.3019901664106,0.0000000917552
23113,0.2143806841048,3.2465678763230,0.3682084775780,0.2750626863671,0.3019790249727,0.0000000917552
23115,0.2143773639236,3.2465175957029,0.3682084775780,0.2750380455580,0.3019695132164,0.0000000917552
23116,0.2143807299732,3.2465685709513,0.3680908443584,0.2750765986764,0.3019335892466,0.0000000917552
23139,0.2143772094654,3.2465152565975,0.3680908443584,0.2750261586748,0.3019148205658,0.0000000917552
23151,0.2143802258472,3.2465609364986,0.3680908443584,0.2749752809079,0.3018972963023,0.0000000917552
23153,0.2143816501601,3.2465825062055,0.3680908443584,0.2749709262775,0.3018960462870,0.0000000917552
23159,0.2143761369591,3.2464990146285,0.3680440103381,0.2749204226750,0.3018567561630,0.0000000917552
23165,0.2143756012856,3.2464909024220,0.3680440103381,0.2748548471676,0.3018332215517,0.0000000917552
23178,0.2143748834770,3.2464800319726,0.3679263771185,0.2748246458287,0.3017718673061,0.0000000917552
23181,0.2143763335394,3.2465019916279,0.3678795430983,0.2748028635553,0.3017443269275,0.0000000917552
23188,0.2143755944870,3.2464907994640,0.3678327090781,0.2748330648942,0.3017348830286,0.0000000917552
23205,0.2143795457711,3.2465506374668,0.3678327090781,0.2747615808909,0.3017101997312,0.0000000917552
23216,0.2143772674571,3.2465161348207,0.3677150758584,0.2747698120010,0.3016622369662,0.0000000917552
23237,0.2143736757211,3.2464617417916,0.3677150758584,0.2746814433228,0.3016299070663,0.0000000917552
23252,0.2143680885941,3.2463771306839,0.3675974426388,0.2747475452983,0.3016019034362,0.0000000917552
23280,0.2143710708700,3.2464222940879,0.3675974426388,0.2747172115153,0.3015917090014,0.0000000917552
23286,0.2143800377865,3.2465580885188,0.3675974426388,0.2747034739119,0.3015887241966,0.0000000917552
23292,0.2143802034068,3.2465605966617,0.3674798094192,0.2748260618331,0.3015821268501,0.0000000917552
23295,0.2143876160528,3.2466728533161,0.3674466107595,0.2748322851219,0.3015717098803,0.0000000917552
23300,0.2143890616350,3.2466947451250,0.3674466107595,0.2747360116065,0.3015376362496,0.0000000917552
23314,0.2144003396244,3.2468655383007,0.3674466107595,0.2747143886185,0.3015323304659,0.0000000917552
23375,0.2143984093447,3.2468363062646,0.3674466107595,0.2747148787032,0.3015320918648,0.0000000917552
