0,0.2063240533919,3.124558757017,0.5553584234398,0.3201241934734,0.3965531191558,100000
1,0.2063157943178,3.124433682107,0.5553584234398,0.320068473272,0.3965314492823,100000.0000000000000
2,0.2063236712643,3.1245529701001,0.5553584234398,0.3198603476450,0.3964588066184,100000.0000000000000
8,0.2063399267244,3.1247991417858,0.5554520914803,0.3193486111748,0.3963196703521,100000.0000000000000
9,0.2063531670125,3.1249996518937,0.5554520914803,0.3190999642302,0.3962337050765,100000.0000000000000
11,0.2063668912168,3.1252074903984,0.5554052574601,0.3191370650532,0.3962298245484,100000.0000000000000
13,0.2063813649097,3.1254266791121,0.5554520914803,0.3189950044811,0.3962022618583,100000.0000000000000
14,0.2063844170070,3.1254728998855,0.5553344582607,0.3190170500738,0.3961603750681,100000.0000000000000
18,0.2064021290388,3.1257411298048,0.5553344582607,0.3189084959966,0.3961254011902,100000.0000000000000
20,0.2064133002919,3.1259103065735,0.5552876242404,0.3189155578916,0.3961102454126,100000.0000000000000
21,0.2064123559636,3.1258960057236,0.5551699910208,0.3187474285908,0.3959995826407,100000.0000000000000
27,0.2064331879792,3.1262114844847,0.5549815586018,0.3188817624700,0.3959712662785,100000.0000000000000
28,0.2064325008104,3.1262010780430,0.5549815586018,0.3187553685105,0.3959259783282,100000.0000000000000
29,0.2064320626852,3.1261944431022,0.5549815586018,0.3185740515338,0.3958611283811,100000.0000000000000
32,0.2064293623699,3.1261535496941,0.5548170913620,0.3185355159059,0.3957763010579,100000.0000000000000
40,0.2064435374762,3.1263682166297,0.5546526241221,0.3186355092556,0.3957445645314,100000.0000000000000
41,0.2064403180509,3.1263194618517,0.5546526241221,0.3184155277631,0.3956653098358,100000.0000000000000
43,0.2064505492048,3.1264744018169,0.5546526241221,0.3183515381042,0.3956446487763,100000.0000000000000
44,0.2064519211651,3.1264951786986,0.5546526241221,0.3181922534329,0.3955880553852,100000.0000000000000
134224,0.2536723374974,3.8415982553171,0.0069083843485,0.8620368901910,0.3651894121099,0.0000031449417
134347,0.2536825098942,3.8417523054678,0.0069818555276,0.8619130885634,0.3651788646904,0.0000031449417
134412,0.2536854412765,3.8417966981414,0.0069831061243,0.8618874383744,0.3651708680320,0.0000031449417
134442,0.2536917817225,3.8418927174648,0.0069693330329,0.8618780893877,0.3651629850217,0.0000031449417
134501,0.2536986507247,3.8419967412119,0.0070047243687,0.8617114347132,0.3651201051395,0.0000031449417
134515,0.2537056647768,3.8421029615838,0.0070047243687,0.8616958326019,0.3651160359680,0.0000031449417
134980,0.2537100207020,3.8421689274476,0.0070515583889,0.8616190159136,0.3651096065720,0.0000031449417
135027,0.2537085050954,3.8421459751937,0.0070979131056,0.8615497079571,0.3651043952647,0.0000031449417
135047,0.2537150041458,3.8422443964129,0.0070979131056,0.8615282356709,0.3650981192447,0.0000031449417
135071,0.2537210806597,3.8423364187651,0.0070979131056,0.8614710327914,0.3650789917550,0.0000031449417
135112,0.2537202056210,3.8423231672330,0.0071447471258,0.8614090108913,0.3650767252910,0.0000031449417
135127,0.2537210985823,3.8423366901838,0.0070560814722,0.8613719121160,0.3650256675114,0.0000031449417
135188,0.2537195943042,3.8423139094894,0.0070560814722,0.8613070497269,0.3650021800272,0.0000031449417
135256,0.2537183177028,3.8422945767160,0.0070739479264,0.8612696375583,0.3649962020327,0.0000031449417
135294,0.2537194793543,3.8423121686957,0.0070271139062,0.8613237851927,0.3649957176760,0.0000031449417
135317,0.2537062069561,3.8421111723144,0.0070271139062,0.8613106536660,0.3649881837597,0.0000031449417
135342,0.2537073649320,3.8421287086293,0.0069535049962,0.8613181009215,0.3649595449557,0.0000031449417
135453,0.2537092778338,3.8421576774973,0.0069535049962,0.8613061262684,0.3649556782015,0.0000031449417
135476,0.2537050927459,3.8420942987828,0.0069071502795,0.8613335595116,0.3649447126766,0.0000031449417
135727,0.2536999749440,3.8420167951064,0.0069539842997,0.8612742051826,0.3649424897531,0.0000031449417
135845,0.2536901011638,3.8418672671876,0.0069539842997,0.8612775159324,0.3649415563537,0.0000031449417
135865,0.2536922837816,3.8419003206168,0.0069589866866,0.8612351155361,0.3649290249389,0.0000031449417
135901,0.2536937714629,3.8419228499716,0.0069835689002,0.8611721201741,0.3649173806186,0.0000031449417
135928,0.2536934631917,3.8419181815303,0.0069835689002,0.8611611624482,0.3649134010870,0.0000031449417
135960,0.2536950553969,3.8419422937877,0.0069835689002,0.8611155398517,0.3648974484893,0.0000031449417
135971,0.2536913497945,3.8418861763735,0.0069785665134,0.8610727023219,0.3648792114338,0.0000031449417
135989,0.2536846531993,3.8417847635486,0.0069785665134,0.8610706733140,0.3648770518034,0.0000031449417
136521,0.2536817277134,3.8417404601701,0.0070163047840,0.8610246305676,0.3648761546202,0.0000031449417
136586,0.2536868913254,3.8418186575931,0.0070158254804,0.8610093339583,0.3648715926179,0.0000031449417
136810,0.2536941221289,3.8419281604353,0.0070374437248,0.8609781284904,0.3648712622277,0.0000031449417
136949,0.2536972177390,3.8419750401647,0.0070228662848,0.8609258863708,0.3648470201986,0.0000031449417
137122,0.2537111733387,3.8421863829067,0.0069808969205,0.8609333760052,0.3648346986832,0.0000031449417
137133,0.2537068734272,3.8421212653109,0.0070397906596,0.8608536039854,0.3648305274404,0.0000031449417
137189,0.2537082577843,3.8421422299298,0.0070397906596,0.8607901045268,0.3648081457103,0.0000031449417
137203,0.2537134520769,3.8422208919771,0.0070304029204,0.8607379491758,0.3647866085452,0.0000031449417
137426,0.2537137792670,3.8422258469246,0.0070354053073,0.8607243499995,0.3647839656887,0.0000031449417
137447,0.2537113853020,3.8421895928662,0.0070255382645,0.8607337158854,0.3647825689229,0.0000031449417
137626,0.2537096390721,3.8421631480667,0.0070037657615,0.8606682939013,0.3647494986637,0.0000031449417
137653,0.2537105682076,3.8421772188385,0.0069617963972,0.8606674489802,0.3647314091362,0.0000031449417
137907,0.2537133040913,3.8422186508929,0.0069149623770,0.8606371264170,0.3647010941872,0.0000031449417
137981,0.2537110133012,3.8421839593085,0.0068502619025,0.8606647510537,0.3646827404705,0.0000031449417
137987,0.2537148307286,3.8422417701938,0.0068497825989,0.8605999323825,0.3646602035494,0.0000031449417
138383,0.2537253164295,3.8424005650026,0.0068966166191,0.8604586775901,0.3646320740681,0.0000031449417
138422,0.2537201138122,3.8423217768868,0.0068972336536,0.8603882035544,0.3646060543665,0.0000031449417
138493,0.2537166271934,3.8422689757465,0.0068881379040,0.8603971663213,0.3646046100437,0.0000031449417
138686,0.2537136346390,3.8422236566863,0.0068881379040,0.8603712270865,0.3645947047695,0.0000031449417
138696,0.2537147962604,3.8422412482097,0.0069321622136,0.8603051718547,0.3645902300955,0.0000031449417
138721,0.2537233810716,3.8423712560619,0.0068422624910,0.8603172005155,0.3645578371956,0.0000031449417
138969,0.2537326932382,3.8425122789383,0.0067625548560,0.8603364822494,0.3645325585784,0.0000031449417
138971,0.2537340294747,3.8425325148228,0.0067625548560,0.8603304199723,0.3645306798158,0.0000031449417
139029,0.2537338669116,3.8425300529767,0.0068562228965,0.8601983575560,0.3645236232781,0.0000031449417
139645,0.2537070617806,3.8421241177231,0.0068590326071,0.8602034272583,0.3645208940911,0.0000031449417
139743,0.2537219697891,3.8423498836864,0.0069058666274,0.7348837933722,0.3197871482852,0.0000031449417
139765,0.2537206057299,3.8423292264577,0.0069058666274,0.7346362120357,0.3196984340809,0.0000031449417
139820,0.2537158064199,3.8422565460033,0.0069498909369,0.7345658208623,0.3196911335138,0.0000031449417
140064,0.2537014558826,3.8420392223503,0.0069498909369,0.7345718831394,0.3196902234976,0.0000030820429
140111,0.2537009179954,3.8420310766193,0.0069035362203,0.7346102600423,0.3196839479657,0.0000030820429
140142,0.2536996135763,3.8420113225763,0.0068142535322,0.7346763432768,0.3196690055933,0.0000030820429
140322,0.2537110953578,3.8421852019677,0.0068170632428,0.7346297199156,0.3196560189363,0.0000030820429
140340,0.2537048012358,3.8420898841721,0.0068350674280,0.7345912571643,0.3196486495783,0.0000030820429
140519,0.2537069727326,3.8421227691860,0.0068737477781,0.7345288545639,0.3196434055490,0.0000030820429
140646,0.2536997167678,3.8420128853022,0.0068770367923,0.7345192883748,0.3196398437808,0.0000030820429
140740,0.2537013440897,3.8420375293650,0.0068770367923,0.7345170766596,0.3196394025943,0.0000030820429
140828,0.2537019340904,3.8420464642998,0.0069238708125,0.7344370751490,0.3196310287780,0.0000030820429
140926,0.2536892339833,3.8418541346600,0.0069238708125,0.7344317772320,0.3196264152132,0.0000030820429
141062,0.2536919721541,3.8418956013491,0.0068970959227,0.7343196965596,0.3195754981998,0.0000030820429
141097,0.2536836686116,3.8417698530132,0.0069439299430,0.7342584845279,0.3195719291523,0.0000030820429
141106,0.2536842276842,3.8417783195747,0.0069378312181,0.7342483951972,0.3195658318819,0.0000030820429
141118,0.2536841099171,3.8417765361168,0.0069378312181,0.7342377309751,0.3195619979954,0.0000030820429
141400,0.2536749240912,3.8416374265348,0.0068914765014,0.7342894684014,0.3195586409492,0.0000030820429
141462,0.2536858396617,3.8418027312618,0.0068942862121,0.7342760447058,0.3195573899847,0.0000030820429
141534,0.2536770646446,3.8416698429441,0.0068942862121,0.7342773238226,0.3195559664514,0.0000030820429
141588,0.2536761232240,3.8416555861275,0.0069383105216,0.7341917938647,0.3195440858661,0.0000030820429
141648,0.2536840191540,3.8417751616050,0.0070314992585,0.7340723041798,0.3195430409937,0.0000030820429
141661,0.2536760497045,3.8416544727534,0.0070783332788,0.7340068904105,0.3195380429170,0.0000030820429
141665,0.2536729392040,3.8416073675250,0.0070783332788,0.7339976062872,0.3195340606229,0.0000030820429
141696,0.2536836260927,3.8417692091090,0.0069857615764,0.7340799402677,0.3195260820768,0.0000030820429
141699,0.2536765545999,3.8416621188577,0.0070325955966,0.7339981570750,0.3195154301967,0.0000030820429
141876,0.2536659870178,3.8415020840457,0.0070325955966,0.7339870617070,0.3195092030834,0.0000030820429
141999,0.2536565163213,3.8413586604015,0.0070794296168,0.7338488782178,0.3194778941253,0.0000030820429
142544,0.2536497091986,3.8412555737537,0.0070325955966,0.7339024190820,0.3194754854704,0.0000030820429
142623,0.2536497821163,3.8412566780159,0.0070380772870,0.7338914693860,0.3194739397858,0.0000030820429
142626,0.2536498572967,3.8412578165435,0.0069788750306,0.7339509507394,0.3194698268408,0.0000030820429
142674,0.2536502927820,3.8412644115054,0.0068717258882,0.7338704522841,0.3193952496497,0.0000030820429
142740,0.2536531543229,3.8413077465052,0.0068433753568,0.7338693603770,0.3193833226424,0.0000030820429
142907,0.2536520466859,3.8412909725187,0.0068902093770,0.7337538882978,0.3193619169863,0.0000030204020
142919,0.2536532019134,3.8413084672114,0.0069370433972,0.7336680396584,0.3193515760297,0.0000030204020
143363,0.2536600377230,3.8414119882920,0.0070307114377,0.7335256774491,0.3193423406458,0.0000030204020
143676,0.2536583834367,3.8413869358823,0.0070770661543,0.7334702426821,0.3193420543319,0.0000030204020
143680,0.2536507436086,3.8412712387959,0.0070307114377,0.7335180914689,0.3193376397712,0.0000030204020
143797,0.2536489211063,3.8412436389325,0.0069169842668,0.7336422939230,0.3193328670382,0.0000030204020
143802,0.2536439087419,3.8411677319957,0.0069638182870,0.7335781606242,0.3193289599335,0.0000030204020
143842,0.2536477748740,3.8412262804614,0.0069638182870,0.7334544514302,0.3192856065354,0.0000030204020
143895,0.2536479911630,3.8412295559282,0.0069115025764,0.7334701586859,0.3192688415984,0.0000030204020
144079,0.2536483941247,3.8412356583565,0.0069544305479,0.7334130372519,0.3192669251372,0.0000030204020
144795,0.2536444339397,3.8411756855582,0.0069987468470,0.7333318308012,0.3192560669219,0.0000030204020
144815,0.2536456623337,3.8411942882819,0.0069992261506,0.7332578752755,0.3192301228773,0.0000030204020
144899,0.2536406586145,3.8411185122664,0.0069802633583,0.7332444046580,0.3192161128059,0.0000030204020
144943,0.2536348254943,3.8410301758530,0.0069802633583,0.7331692204863,0.3191880113617,0.0000030204020
145043,0.2536409096219,3.8411223135070,0.0070188059774,0.7331151148890,0.3191865099411,0.0000030204020
145210,0.2536405559950,3.8411169582024,0.0069719719572,0.7331388258276,0.3191748306333,0.0000030204020
145379,0.2536497494939,3.8412561839845,0.0069719719572,0.7331216025656,0.3191706495038,0.0000030204020
145464,0.2536529483304,3.8413046269667,0.0069441007293,0.7331423728816,0.3191668081268,0.0000030204020
145475,0.2536458234420,3.8411967280964,0.0068264675097,0.7331980421711,0.3191347490171,0.0000030204020
145539,0.2536439549887,3.8411684323541,0.0067921559842,0.7332210637112,0.3191278656734,0.0000030204020
145569,0.2536495736981,3.8412535217429,0.0067392232391,0.7332428588146,0.3191141681858,0.0000030204020
145640,0.2536496736627,3.8412550356007,0.0066923892188,0.7332660064713,0.3191023849041,0.0000030204020
145660,0.2536591879763,3.8413991197804,0.0066831392106,0.7332213823760,0.3190845222195,0.0000030204020
145820,0.2536536398705,3.8413150996069,0.0066831392106,0.7331227642236,0.3190481125709,0.0000030204020
145883,0.2536448652723,3.8411822176332,0.0066641764183,0.7331462536844,0.3190464944821,0.0000030204020
145908,0.2536363758165,3.8410536538368,0.0066506953163,0.7331212429269,0.3190299652844,0.0000030204020
145988,0.2536362701108,3.8410520530359,0.0066751232714,0.7330693061694,0.3190218629148,0.0000029599940
146060,0.2536404098048,3.8411147443080,0.0067034738029,0.7330033327797,0.3190113382950,0.0000029599940
146153,0.2536353697673,3.8410384182899,0.0067103768763,0.7329542412345,0.3189956840523,0.0000029599940
146329,0.2536418790901,3.8411369950736,0.0067348213590,0.7329201731891,0.3189953879550,0.0000029599940
146352,0.2536537941456,3.8413174359403,0.0066737349438,0.7329660293692,0.3189881384961,0.0000029599940
146556,0.2536570062427,3.8413660797412,0.0066411533186,0.7329609268663,0.3189730409265,0.0000029599940
146657,0.2536607219881,3.8414223507608,0.0066879873388,0.7328939890481,0.3189700025170,0.0000029599940
146705,0.2536587890354,3.8413930782432,0.0066635428561,0.7328558767287,0.3189455005633,0.0000029599940
146730,0.2536593887678,3.8414021605535,0.0066391149010,0.7328349698815,0.3189276932226,0.0000029599940
146734,0.2536546715111,3.8413307227085,0.0066859489213,0.7327346387202,0.3189109215473,0.0000029599940
146841,0.2536523795800,3.8412960138460,0.0066582154243,0.7327612180969,0.3189080372693,0.0000029599940
146987,0.2536526739025,3.8413004710479,0.0066582154243,0.7327471695758,0.3189030830094,0.0000029599940
147301,0.2536514337538,3.8412816903123,0.0066690245465,0.7327074401602,0.3188932606672,0.0000029599940
147477,0.2536534014791,3.8413114894223,0.0067687913118,0.7325717964427,0.3188879953230,0.0000029599940
148085,0.2536555279399,3.8413436924142,0.0067535968373,0.7325667198822,0.3188801260182,0.0000029599940
148191,0.2536458019968,3.8411964033304,0.0067222658089,0.6177301449546,0.2778515518297,0.0000029599940
148194,0.2536427214216,3.8411497512901,0.0067161670840,0.6177239752623,0.2778460745057,0.0000029599940
148372,0.2536432999234,3.8411585120860,0.0067590950554,0.6176529871159,0.2778392432630,0.0000029599940
148401,0.2536478818650,3.8412279007266,0.0067630011042,0.6176440744786,0.2778387160438,0.0000029599940
148469,0.2536414847056,3.8411310225392,0.0067630011042,0.6176385256052,0.2778353634834,0.0000029599940
148509,0.2536418172196,3.8411360581097,0.0068098351244,0.6175818835265,0.2778352771455,0.0000029599940
148645,0.2536408038024,3.8411207109824,0.0068059290757,0.6175706853656,0.2778293866206,0.0000029599940
148720,0.2536450888426,3.8411856033682,0.0068527630959,0.6174610541120,0.2778112225474,0.0000029599940
148807,0.2536450439659,3.8411849237574,0.0068527630959,0.6173155115064,0.2777592334289,0.0000029599940
148880,0.2536439525947,3.8411683960987,0.0068995971161,0.6172499206899,0.2777556459950,0.0000029599940
149236,0.2536530417355,3.8413060414886,0.0068120278006,0.6172455951270,0.2777185191175,0.0000029599940
149281,0.2536473525059,3.8412198841446,0.0067651937803,0.6172964676107,0.2777153970181,0.0000029599940
149329,0.2536478344743,3.8412271830457,0.0067385566214,0.6173155284940,0.2777108918301,0.0000029599940
149729,0.2536769934914,3.8416687654044,0.0067808675584,0.6172470595380,0.2777108202511,0.0000029599940
149758,0.2536751836696,3.8416413575745,0.0067918309392,0.6171744605906,0.2776892028284,0.0000029599940
149763,0.2536713639071,3.8415835113267,0.0067918309392,0.6171686054867,0.2776862931993,0.0000029599940
149809,0.2536658752536,3.8415003914948,0.0067449969190,0.6172194779704,0.2776832140805,0.0000029599940
149819,0.2536604688790,3.8414185176921,0.0067410908703,0.6172025350767,0.2776743305173,0.0000029599940
150107,0.2536561668411,3.8413533678951,0.0067601913935,0.6171223384852,0.2776529529507,0.0000029599940
150147,0.2536547427827,3.8413318020426,0.0067133573733,0.6171317443415,0.2776359353068,0.0000029599940
150198,0.2536554438136,3.8413424184106,0.0066665233531,0.6171447691415,0.2776206655191,0.0000029599940
150238,0.2536507336712,3.8412710883049,0.0067133573733,0.6170843033750,0.2776181330092,0.0000029599940
150336,0.2536610266802,3.8414269649991,0.0067434212774,0.6170123440510,0.2776075234257,0.0000029599940
150407,0.2536477414316,3.8412257740118,0.0066965872571,0.6170642078881,0.2776031276627,0.0000029599940
150409,0.2536401881295,3.8411113872698,0.0067434212774,0.5127208557838,0.2403560979265,0.0000029599940
150488,0.2536567304599,3.8413619033023,0.0067315158171,0.5126281307088,0.2403214242733,0.0000029599940
150546,0.2536550565031,3.8413365530037,0.0067315158171,0.5125767558648,0.2403027174097,0.0000029599940
150619,0.2536522164617,3.8412935435925,0.0067243207541,0.5125837208167,0.2403015127138,0.0000029599940
150790,0.2536582620810,3.8413850980784,0.0067711547743,0.5124857314367,0.2402878837195,0.0000029599940
150953,0.2536698070931,3.8415599350312,0.0067421872084,0.5125044053476,0.2402846122334,0.0000029599940
151015,0.2536643790501,3.8414777330823,0.0067421872084,0.5124887497876,0.2402778578099,0.0000029599940
151128,0.2536657012200,3.8414977559414,0.0068358552488,0.5123650445701,0.2402741041431,0.0000029599940
151138,0.2536677823125,3.8415292718781,0.0068029651064,0.5123583900052,0.2402580776858,0.0000029599940
151209,0.2536650604636,3.8414880523661,0.0067890212286,0.5123426976081,0.2402459140574,0.0000029007941
151218,0.2536643567333,3.8414773951171,0.0068942696844,0.5121301726113,0.2402149679545,0.0000029007941
151233,0.2536711790917,3.8415807124924,0.0068751691611,0.5120462459162,0.2401782701302,0.0000029007941
151256,0.2536802800638,3.8417185370538,0.0068920770082,0.5120047401802,0.2401726430816,0.0000029007941
151494,0.2536823521346,3.8417499163671,0.0068731142159,0.5120226398772,0.2401713529346,0.0000029007941
151653,0.2536790991826,3.8417006538624,0.0068099893830,0.5120492764869,0.2401531154486,0.0000029007941
151843,0.2536684072430,3.8415387357870,0.0068030863096,0.5120583116354,0.2401510926974,0.0000029007941
151956,0.2536688075714,3.8415447983353,0.0067932192669,0.5120676720909,0.2401502927693,0.0000029007941
152099,0.2536647291331,3.8414830347172,0.0067932192669,0.5120695799175,0.2401501001848,0.0000029007941
152126,0.2536756693714,3.8416487130122,0.0067532883201,0.5121083896022,0.2401491918604,0.0000029007941
152217,0.2536804563373,3.8417212065296,0.0066824891207,0.5121809847225,0.2401458019535,0.0000029007941
152222,0.2536759853346,3.8416534979397,0.0067293231409,0.5120296059283,0.2401108517493,0.0000029007941
152287,0.2536701058573,3.8415644594979,0.0067509413853,0.5120018175244,0.2401089323933,0.0000029007941
152361,0.2536738280763,3.8416208285522,0.0067902552976,0.5119254784017,0.2400993148588,0.0000029007941
152457,0.2536724399698,3.8415998071529,0.0067506163403,0.5119299803667,0.2400836371275,0.0000029007941
152473,0.2536652998615,3.8414916777928,0.0068679410427,0.5117691913186,0.2400749644595,0.0000029007941
152481,0.2536672695319,3.8415215063600,0.0069147750629,0.5117016055771,0.2400713204899,0.0000029007941
152630,0.2536818985888,3.8417430478962,0.0068363014970,0.5117562118831,0.2400603260117,0.0000029007941
152730,0.2536778015768,3.8416810029999,0.0068291064340,0.5117215513194,0.2400439857094,0.0000029007941
152758,0.2536811804029,3.8417321717335,0.0068759404542,0.5116620300239,0.2400435238610,0.0000029007941
153088,0.2536746058724,3.8416326074495,0.0068972336536,0.5116203968950,0.2400363717153,0.0000029007941
153190,0.2536626093364,3.8414509326461,0.0069620718590,0.5114740005472,0.2400093044214,0.0000029007941
153198,0.2536587920551,3.8413931239743,0.0069620718590,0.5114184868679,0.2399886601185,0.0000029007941
153227,0.2536725754173,3.8416018583619,0.0069440676739,0.5113656655136,0.2399650328474,0.0000029007941
153397,0.2536773177807,3.8416736764212,0.0069909016941,0.5113063281464,0.2399649288742,0.0000029007941
153438,0.2536867343052,3.8418162796877,0.0069996723988,0.5112437576910,0.2399483589831,0.0000029007941
153477,0.2536853668165,3.8417955705237,0.0070465064190,0.5111811503600,0.2399457779117,0.0000029007941
153524,0.2536870939167,3.8418217256227,0.0069996723988,0.5111999665519,0.2399327963502,0.0000029007941
153543,0.2536802597785,3.8417182298545,0.0068820391791,0.5113238758212,0.2399251709654,0.0000029007941
153640,0.2536842154545,3.8417781343680,0.0069133702076,0.5112083486871,0.2398981865032,0.0000029007941
153692,0.2536864433998,3.8418118742343,0.0069133702076,0.5111400785314,0.2398742817216,0.0000029007941
153770,0.2536935483034,3.8419194704574,0.0067973126297,0.5111667505036,0.2398355909433,0.0000029007941
153852,0.2536985537039,3.8419952719335,0.0067912139047,0.5111239175720,0.2398187523143,0.0000029007941
153960,0.2536879559122,3.8418347796299,0.0067973126297,0.5111172978713,0.2398167309194,0.0000029007941
154007,0.2536872090277,3.8418234688568,0.0067662901184,0.5111065767484,0.2397994465383,0.0000029007941
154011,0.2536914467617,3.8418876448395,0.0067194560982,0.5111559058876,0.2397979004509,0.0000029007941
154049,0.2536810938651,3.8417308612113,0.0067194560982,0.5111465003654,0.2397923228580,0.0000029007941
154328,0.2536737369224,3.8416194481239,0.0066748147541,0.5111879012864,0.2397864004089,0.0000029007941
154340,0.2536638615214,3.8414698956590,0.0066748147541,0.5111903090824,0.2397851441786,0.0000029007941
154507,0.2536692212147,3.8415510625246,0.0067022232061,0.5111277275312,0.2397756886098,0.0000029007941
154638,0.2536791662956,3.8417016702177,0.0066553891859,0.5111251319746,0.2397568209911,0.0000029007941
155338,0.2536697427726,3.8415589609652,0.0066879708111,0.5110809206684,0.2397529754662,0.0000029007941
155450,0.2536686067962,3.8415417578085,0.0066879708111,0.5110747746935,0.2397505370516,0.0000029007941
155640,0.2536800679504,3.8417153248223,0.0067348048313,0.5110091653534,0.2397496328290,0.0000029007941
155876,0.2536853871599,3.8417958786021,0.0066171716117,0.4172349953199,0.2062095834107,0.0000029007941
156180,0.2536813936560,3.8417354012254,0.0065426040945,0.4173207262351,0.2062073883365,0.0000029007941
156259,0.2536748358933,3.8416360908720,0.0066602373141,0.4169626770280,0.2061285226218,0.0000029007941
156360,0.2536759085024,3.8416523343971,0.0066602373141,0.4169568219240,0.2061266613580,0.0000029007941
156388,0.2536691112978,3.8415493979500,0.0066602373141,0.4169428158451,0.2061202026431,0.0000029007941
156514,0.2536678330136,3.8415300396923,0.0066134032939,0.4169842357208,0.2061146498149,0.0000029007941
156595,0.2536715878123,3.8415869021323,0.0065977295158,0.4169240619656,0.2060872464543,0.0000029007941
156732,0.2536489447620,3.8412439971728,0.0065977295158,0.4169299170695,0.2060844854806,0.0000029007941
156850,0.2536433595961,3.8411594157648,0.0066445635360,0.4168576612451,0.2060775547307,0.0000029007941
156965,0.2536397054070,3.8411040769510,0.0065710923569,0.4169469305105,0.2060771659225,0.0000029007941
157058,0.2536413248982,3.8411286024261,0.0065242583367,0.4169848225892,0.2060709741186,0.0000029007941
157200,0.2536495470295,3.8412531178757,0.0065487028194,0.4169230072791,0.2060611353143,0.0000029007941
157253,0.2536531937043,3.8413083428933,0.0064396860458,0.4168356235589,0.2059839867987,0.0000029007941
158018,0.2536566832122,3.8413611877865,0.0064194891845,0.4168571517270,0.2059837673842,0.0000028427782
158291,0.2536675744813,3.8415261244957,0.0064815176792,0.3332087899673,0.1761382699540,0.0000028427782
158292,0.2536656624402,3.8414971686630,0.0064407823839,0.3331916057474,0.1761142650258,0.0000028427782
158337,0.2536583267892,3.8413860780158,0.0064876164041,0.3330510232092,0.1760825567742,0.0000028427782
158499,0.2536581624040,3.8413835885763,0.0064407823839,0.3330621148113,0.1760664111123,0.0000028427782
158500,0.2536732662304,3.8416123199924,0.0063287851133,0.2601152474352,0.1499691961819,0.0000028427782
158568,0.2536778395105,3.8416815774656,0.0063402277977,0.2599491359626,0.1499157546522,0.0000028427782
158594,0.2536763183834,3.8416585416100,0.0063576149483,0.2598699024384,0.1498945826452,0.0000028427782
158678,0.2536740160578,3.8416236753334,0.0063684240705,0.2598035747820,0.1498750333219,0.0000028427782
159148,0.2536726824479,3.8416034792265,0.0064091593659,0.2597500207275,0.1498730790840,0.0000028427782
159413,0.2536676090573,3.8415266481123,0.0063706167467,0.2597015172683,0.1498381509995,0.0000028427782
159514,0.2536734293793,3.8416147907093,0.0063237827265,0.2597392399004,0.1498327988570,0.0000028427782
159750,0.2536763542022,3.8416590840470,0.0063250167955,0.2596925683742,0.1498172860893,0.0000028427782
159823,0.2536842432321,3.8417785550307,0.0063179594634,0.2596366933737,0.1497959966675,0.0000028427782
160192,0.2536910521902,3.8418816694727,0.0063015143922,0.2596496645992,0.1497950404228,0.0000028427782
160325,0.2536887047471,3.8418461199383,0.0063483484124,0.2595814997690,0.1497902645400,0.0000028427782
160356,0.2536873091526,3.8418249851423,0.0063951824326,0.2595150180581,0.1497862937389,0.0000028427782
160388,0.2536874566614,3.8418272190058,0.0064097598727,0.2594644604535,0.1497745165348,0.0000028427782
160420,0.2536778646800,3.8416819586301,0.0064097598727,0.1969179193457,0.1274344107146,0.0000028427782
160456,0.2536775939441,3.8416778586228,0.0063503868299,0.1968098598184,0.1273703144217,0.0000028427782
160642,0.2536783316546,3.8416890304646,0.0063814093412,0.1967682593639,0.1273689105593,0.0000028427782
160833,0.2536810827802,3.8417306933417,0.0063814093412,0.1967155049149,0.1273506592116,0.0000028427782
161079,0.2536762853249,3.8416580409744,0.0063814093412,0.1967017048879,0.1273447026044,0.0000028427782
161146,0.2536659347221,3.8415012920825,0.0063814093412,0.1966836703456,0.1273360437101,0.0000028427782
161178,0.2536677472821,3.8415287413794,0.0064080465001,0.1966307259962,0.1273289393448,0.0000028427782
161203,0.2536662265882,3.8415057120848,0.0064548805203,0.1965368674905,0.1273151643099,0.0000028427782
161222,0.2536673777187,3.8415231447339,0.0063699831845,0.1966024338552,0.1273024429671,0.0000028427782
161235,0.2536568679306,3.8413639851510,0.0063214357917,0.1966217086349,0.1272862686940,0.0000028427782
161341,0.2536520911099,3.8412916452726,0.0063214357917,0.1965480505923,0.1272589386458,0.0000028427782
161848,0.2536518151677,3.8412874664209,0.0062746017714,0.1965614790439,0.1272436036680,0.0000028427782
161892,0.2536614978400,3.8414341002136,0.0062277677512,0.1965818129365,0.1272328689078,0.0000028427782
161894,0.2536579221448,3.8413799501051,0.0062218067572,0.1965144619399,0.1272054940484,0.0000028427782
162016,0.2536564024220,3.8413569355167,0.0061951695983,0.1964606769988,0.1271745435607,0.0000028427782
162062,0.2536602130434,3.8414146433328,0.0062337122175,0.1963273982964,0.1271442788512,0.0000028427782
162320,0.2536662256799,3.8415056983295,0.0063273802580,0.1962050235066,0.1271420054372,0.0000028427782
162334,0.2536561057105,3.8413524421371,0.0063273802580,0.1961856391158,0.1271329138756,0.0000028427782
162578,0.2536528179356,3.8413026522760,0.0063273802580,0.1441287324348,0.1085404569663,0.0000028427782
162632,0.2536576995777,3.8413765795629,0.0063742142782,0.1440666395276,0.1085393987171,0.0000028427782
162691,0.2536537945878,3.8413174426368,0.0063742142782,0.1440666395276,0.1085385619336,0.0000028427782
162702,0.2536413527897,3.8411290248119,0.0063742142782,0.1023741718977,0.0936457288233,0.0000028427782
163017,0.2536348363055,3.8410303395771,0.0063112437040,0.1024190613257,0.0936333769835,0.0000028427782
163038,0.2536389924796,3.8410932804217,0.0062440420361,0.1023354437037,0.0935756034410,0.0000028427782
163081,0.2536355919550,3.8410417830870,0.0062440420361,0.1022644100571,0.0935495055977,0.0000028427782
163116,0.2536412625625,3.8411276584167,0.0062908760563,0.1020858621261,0.0935070253326,0.0000028427782
163310,0.2536338103975,3.8410148032889,0.0063848526140,0.1018903246196,0.0934758692839,0.0000028427782
163378,0.2536328510337,3.8410002747440,0.0063575984206,0.1018790365639,0.0934599518889,0.0000028427782
163545,0.2536351289718,3.8410347716978,0.0063684075428,0.1018241680599,0.0934454766051,0.0000028427782
163652,0.2536506830644,3.8412703219172,0.0063684075428,0.1017703756782,0.0934295980601,0.0000028427782
163833,0.2536563875895,3.8413567108945,0.0063684075428,0.1017644319586,0.0934286977013,0.0000028427782
164174,0.2536549153644,3.8413344156091,0.0064152415631,0.1016886896975,0.0934214031399,0.0000028427782
164456,0.2536505939084,3.8412689717455,0.0063684075428,0.1017367812058,0.0934175809294,0.0000028427782
164528,0.2536457010962,3.8411948752991,0.0064152415631,0.1016744453274,0.0934143413789,0.0000028427782
164613,0.2536404549662,3.8411154282282,0.0064604999416,0.1015823122551,0.0933997089874,0.0000028427782
165320,0.2536439376088,3.8411681691537,0.0064604999416,0.1015778042341,0.0933988452605,0.0000028427782
165349,0.2536422573891,3.8411427240096,0.0063990884814,0.1015018387690,0.0933450354929,0.0000028427782
165626,0.2536438294862,3.8411665317520,0.0063522544611,0.1014958770639,0.0933231714675,0.0000028427782
165690,0.2536479928449,3.8412295814000,0.0062902259664,0.1015625810016,0.0933213028101,0.0000028427782
165823,0.2536445496502,3.8411774378711,0.0062808382273,0.1015666795342,0.0933180054275,0.0000028427782
165838,0.2536425610691,3.8411473229212,0.0062808382273,0.1014900629172,0.0932902162255,0.0000028427782
165900,0.2536461920518,3.8412023102992,0.0063204771845,0.1014343310719,0.0932880781873,0.0000028427782
166187,0.2536364299461,3.8410544735727,0.0064141452250,0.1013158595239,0.0932838184863,0.0000028427782
166237,0.2536379176384,3.8410770030924,0.0064141452250,0.1012388334184,0.0932566279541,0.0000028427782
166313,0.2536400797847,3.8411097465030,0.0064141452250,0.1012300138249,0.0932539414163,0.0000028427782
166591,0.2536489811031,3.8412445475205,0.0064213402880,0.1011976662876,0.0932473797482,0.0000027859227
166615,0.2536438066940,3.8411661865889,0.0064681743082,0.1011332447399,0.0932433349736,0.0000027302042
166620,0.2536434683158,3.8411610622096,0.0064381104041,0.1011391724332,0.0932324949670,0.0000027302042
166925,0.2536470458941,3.8412152408344,0.0063560227790,0.1011692747310,0.0932088320008,0.0000027302042
166949,0.2536459741590,3.8411990105446,0.0063630801110,0.1011571727563,0.0932073047804,0.0000027302042
166978,0.2536464886476,3.8412068019286,0.0063162460908,0.1012110036035,0.0932065686075,0.0000027302042
167367,0.2536640246029,3.8414723653560,0.0063701374431,0.1011003491893,0.0931939031724,0.0000027302042
167501,0.2536573441209,3.8413711965475,0.0063577526793,0.1010889514005,0.0931830932458,0.0000027302042
167519,0.2536503454549,3.8412652091812,0.0063506953472,0.1010758761312,0.0931738992217,0.0000027302042
167556,0.2536584174929,3.8413874516265,0.0063975293674,0.0698062999763,0.0820279948975,0.0000027302042
167577,0.2536651270725,3.8414890610868,0.0063506953472,0.0698086035971,0.0820101836633,0.0000027302042
167696,0.2536636456962,3.8414666272154,0.0063975293674,0.0697209231335,0.0819986234972,0.0000027302042
167946,0.2536703068281,3.8415675029875,0.0063975293674,0.0695995536922,0.0819567046536,0.0000027302042
168002,0.2536681155709,3.8415343187221,0.0062798961478,0.0695441182554,0.0818860224912,0.0000027302042
168769,0.2536735334216,3.8416163663202,0.0063195351051,0.0694879004677,0.0818840938024,0.0000027302042
168785,0.2536667243028,3.8415132494444,0.0063195351051,0.0694749687195,0.0818780162240,0.0000027302042
169100,0.2536547341498,3.8413316713063,0.0063663691253,0.0694056053116,0.0818707459828,0.0000027302042
169192,0.2536553578536,3.8413411166372,0.0062611041418,0.0695197684625,0.0818665386232,0.0000027302042
169446,0.2536541057976,3.8413221555786,0.0063079381620,0.0693802491957,0.0818365137388,0.0000027302042
169779,0.2536553300626,3.8413406957732,0.0063547721823,0.0693150941979,0.0818335781622,0.0000027302042
169834,0.2536554876034,3.8413430815608,0.0063079381620,0.0693274816464,0.0818179642868,0.0000027302042
169927,0.2536480744559,3.8412308173120,0.0062626797835,0.0693699939226,0.0818121622630,0.0000027302042
170035,0.2536561690669,3.8413534016019,0.0062626797835,0.0492017443310,0.0746109505398,0.0000027302042
170197,0.2536462846787,3.8412037130359,0.0062354255901,0.0492129467075,0.0746011529367,0.0000027302042
170276,0.2536409298763,3.8411226202381,0.0062299438997,0.0492166650743,0.0745989841713,0.0000027302042
170554,0.2536506964967,3.8412705253365,0.0062778742580,0.0491370306076,0.0745931777197,0.0000027302042
170900,0.2536517921618,3.8412871180205,0.0062853943659,0.0490937781358,0.0745811880971,0.0000027302042
171023,0.2536414904898,3.8411311101340,0.0062629883007,0.0484501937278,0.0743395264223,0.0000027302042
171041,0.2536389073250,3.8410919908460,0.0061657227288,0.0485284650116,0.0743252416718,0.0000027302042
171382,0.2536395391084,3.8411015585349,0.0062125567490,0.0484634124305,0.0743222157123,0.0000027302042
171392,0.2536369731528,3.8410626998608,0.0062593907692,0.0483945106158,0.0743171297966,0.0000027302042
171569,0.2536423461754,3.8411440685848,0.0062777199994,0.0483470082306,0.0743091714054,0.0000027302042
171599,0.2536408680808,3.8411216844106,0.0063229783779,0.0482026386042,0.0742766905379,0.0000027302042
171778,0.2536395447511,3.8411016439876,0.0063698123982,0.0481026458863,0.0742607670053,0.0000027302042
171980,0.2536359836429,3.8410477147838,0.0063245540196,0.0481446411902,0.0742556057855,0.0000027302042
172219,0.2536394310212,3.8410999216691,0.0062777199994,0.0481462827921,0.0742368590729,0.0000027302042
172952,0.2536354277516,3.8410392964011,0.0063245540196,0.0480676034062,0.0742279731717,0.0000027302042
172997,0.2536323112606,3.8409921004531,0.0063129736043,0.0480569262707,0.0742185290544,0.0000027302042
173041,0.2536433165769,3.8411587642857,0.0062661395840,0.0480757744460,0.0742075471047,0.0000027302042
173329,0.2536398398025,3.8411061122282,0.0062661395840,0.0480768018152,0.0742071689991,0.0000027302042
174447,0.2536344490588,3.8410244751375,0.0063712337812,0.0479054964413,0.0741898737193,0.0000027302042
174586,0.2536282739225,3.8409309592526,0.0063320741275,0.0479241212307,0.0741784194776,0.0000027302042
174707,0.2536386909566,3.8410887141757,0.0063320741275,0.0479170258895,0.0741781176487,0.0000027302042
174964,0.2536329515238,3.8410017965594,0.0064002013472,0.0478226945317,0.0741723953795,0.0000027302042
175011,0.2536346991854,3.8410282630386,0.0064470353674,0.0477653042696,0.0741723450792,0.0000027302042
175176,0.2536388390595,3.8410909570370,0.0064426500151,0.0476904576008,0.0741446218052,0.0000027302042
175200,0.2536354532959,3.8410396832411,0.0064426500151,0.0476914849699,0.0741442632020,0.0000027302042
175478,0.2536308307011,3.8409696789507,0.0064800962962,0.0476221295160,0.0741345512472,0.0000027302042
175542,0.2536333225977,3.8410074160789,0.0064332622759,0.0476472259106,0.0741239765001,0.0000027302042
175601,0.2536298415776,3.8409546997260,0.0063433625533,0.0476691731936,0.0740925404301,0.0000027302042
175720,0.2536289743614,3.8409415666569,0.0064528421028,0.0475064165423,0.0740811470294,0.0000027302042
175795,0.2536322793119,3.8409916166243,0.0064996761230,0.0474386535680,0.0740777258938,0.0000027302042
176835,0.2536503504217,3.8412652843981,0.0064142994836,0.0475116314335,0.0740710718096,0.0000027302042
176899,0.2536432433410,3.8411576552050,0.0064142994836,0.0474849812085,0.0740600309262,0.0000027302042
177027,0.2536470476454,3.8412152673561,0.0064445507017,0.0474418148140,0.0740583943726,0.0000027302042
177072,0.2536399473337,3.8411077406731,0.0064445507017,0.0474150299347,0.0740473068489,0.0000027302042
177148,0.2536386460855,3.8410880346511,0.0063792331927,0.0474188536226,0.0740204003947,0.0000027302042
177327,0.2536427959255,3.8411508795724,0.0063792331927,0.0474129985186,0.0740191985376,0.0000027302042
177343,0.2536396798402,3.8411036897685,0.0063046656755,0.0474842987832,0.0740120376778,0.0000027302042
177513,0.2536393365721,3.8410984913375,0.0063046656755,0.0473939488352,0.0739796962818,0.0000026756001
177681,0.2536355656095,3.8410413841124,0.0062672193944,0.0474364401345,0.0739780152762,0.0000026756001
177879,0.2536414635293,3.8411307018463,0.0062520249199,0.0473628884637,0.0739464987447,0.0000026756001
178086,0.2536376955338,3.8410736395548,0.0062612749281,0.0473358342759,0.0739399933964,0.0000026756001
179331,0.2536350923535,3.8410342171518,0.0062543718547,0.0472858578023,0.0739186283714,0.0000026756001
179370,0.2536244356634,3.8408728328941,0.0062227323090,0.0472919541129,0.0739049622435,0.0000026756001
179660,0.2536275120810,3.8409194219731,0.0061939024739,0.0472338156329,0.0738725020894,0.0000026756001
180085,0.2536243301612,3.8408712351749,0.0062280597408,0.0471764187079,0.0738659601762,0.0000026756001
180699,0.2536186453032,3.8407851440354,0.0062186720016,0.0471877582557,0.0738647685141,0.0000026756001
180921,0.2536167396928,3.8407562855883,0.0061898421665,0.0471738115456,0.0738470235575,0.0000026756001
181397,0.2536164497732,3.8407518950649,0.0061845147348,0.0471520662815,0.0738369120811,0.0000026756001
182658,0.2536156554055,3.8407398652090,0.0061687032258,0.0471453589172,0.0738275700112,0.0000026756001
183050,0.2536145325825,3.8407228612461,0.0061687032258,0.0471398488437,0.0738253615229,0.0000026756001
183582,0.2536167492716,3.8407564306499,0.0061275051546,0.0471636261299,0.0738166720994,0.0000026756001
183962,0.2536196557338,3.8408004459351,0.0061433166636,0.0470876771617,0.0737969466423,0.0000026756001
184563,0.2536227616146,3.8408474812022,0.0061057326516,0.0471004439332,0.0737860643157,0.0000026756001
184816,0.2536250853578,3.8408826718258,0.0061466056778,0.0470415906668,0.0737830602482,0.0000026756001
185765,0.2536219614736,3.8408353639165,0.0061683781808,0.0470165254671,0.0737827700601,0.0000026756001
186173,0.2536226863433,3.8408463412982,0.0061841896898,0.0469698562068,0.0737730341574,0.0000026756001
186504,0.2536182963490,3.8407798594952,0.0062310237100,0.0468890504472,0.0737633059674,0.0000026756001
186629,0.2536172052688,3.8407633362433,0.0062684699911,0.0468322074858,0.0737588195130,0.0000026756001
186961,0.2536196500905,3.8408003604723,0.0061602245106,0.0468738891416,0.0737278387888,0.0000026756001
187110,0.2536139604551,3.8407141969837,0.0061934396980,0.0467602406942,0.0737002659303,0.0000026756001
187509,0.2536062533440,3.8405974809692,0.0062233658712,0.0467006392097,0.0736901536648,0.0000026756001
187735,0.2536013198606,3.8405227686003,0.0061890543457,0.0467276381312,0.0736840340223,0.0000026756001
187741,0.2536178121436,3.8407725267186,0.0061422203255,0.0467685097000,0.0736820933488,0.0000026756001
187794,0.2536166549975,3.8407550029693,0.0061591281726,0.0467113148574,0.0736686648797,0.0000026756001
187803,0.2536302479849,3.8409608543322,0.0061393940871,0.0466385479566,0.0736371320186,0.0000026756001
187808,0.2536307145398,3.8409679198117,0.0061727470054,0.0465957930512,0.0736362564934,0.0000026756001
187901,0.2536448808861,3.8411824540868,0.0062538925511,0.0464726844554,0.0736301014459,0.0000026756001
188060,0.2536441942503,3.8411720557170,0.0062380810421,0.0464705535147,0.0736224168983,0.0000026756001
188261,0.2536448218687,3.8411815603310,0.0061362593315,0.0465592233361,0.0736105813054,0.0000026756001
188324,0.2536456293900,3.8411937893839,0.0061118148488,0.0465719401871,0.0736048198713,0.0000026756001
188349,0.2536466486640,3.8412092252063,0.0061252959507,0.0465142035631,0.0735901956794,0.0000026756001
188505,0.2536438629444,3.8411670384405,0.0061384520077,0.0464982796331,0.0735895499318,0.0000026756001
188631,0.2536364579981,3.8410548983898,0.0061547593480,0.0464127918737,0.0735644206750,0.0000026756001
188768,0.2536409276382,3.8411225863451,0.0061776281890,0.0463499107884,0.0735527218565,0.0000026756001
189328,0.2536357784300,3.8410446070532,0.0062244622093,0.0462796295964,0.0735465897520,0.0000026756001
189947,0.2536353236118,3.8410377193139,0.0062681614739,0.0462066303639,0.0735391493927,0.0000026756001
189966,0.2536325018457,3.8409949866615,0.0062229030953,0.0462603450164,0.0735383320851,0.0000026756001
189975,0.2536264198104,3.8409028806931,0.0061760690751,0.0463006303480,0.0735313446873,0.0000026756001
190362,0.2536341440035,3.8410198553987,0.0062213274536,0.0462143153171,0.0735215695227,0.0000026756001
190401,0.2536353054683,3.8410374445491,0.0062089426898,0.0462215964412,0.0735191110535,0.0000026220881
190438,0.2536346647227,3.8410277411385,0.0062105183315,0.0462194655004,0.0735188879757,0.0000026220881
190580,0.2536376374623,3.8410727601232,0.0062229030953,0.0462016044298,0.0735184537934,0.0000026220881
191207,0.2536432814793,3.8411582327696,0.0062158457632,0.0461404255189,0.0734947890437,0.0000026220881
191258,0.2536508837544,3.8412733611548,0.0062521957062,0.0460789702053,0.0734900483234,0.0000026220881
191265,0.2536499196196,3.8412587603568,0.0062053616860,0.0461348157986,0.0734897148548,0.0000026220881
191909,0.2536570824887,3.8413672344048,0.0062947986328,0.0460091930574,0.0734847146107,0.0000026220881
193717,0.2536583402054,3.8413862811903,0.0062479646125,0.0460239954576,0.0734701989700,0.0000026220881
193874,0.2536503538771,3.8412653367256,0.0062479646125,0.0460274766882,0.0734697309105,0.0000026220881
194211,0.2536537375885,3.8413165794425,0.0062479646125,0.0460239954576,0.0734692126949,0.0000026220881
194396,0.2536597827714,3.8414081273204,0.0062692578120,0.0459768355248,0.0734627909150,0.0000026220881
194549,0.2536601434349,3.8414135891860,0.0062692578120,0.0459278213158,0.0734453631254,0.0000026220881
195036,0.2536578703008,3.8413791649832,0.0061793580893,0.0459954607970,0.0734305045302,0.0000026220881
195550,0.2536706631701,3.8415728994074,0.0062158457632,0.0459210567584,0.0734223105630,0.0000026220881
195553,0.2536669415795,3.8415165398697,0.0062626797835,0.0458403899354,0.0734127752226,0.0000026220881
195925,0.2536613196183,3.8414314012346,0.0062023646613,0.0459125494768,0.0734114924433,0.0000026220881
196000,0.2536653610244,3.8414926040397,0.0061931146531,0.0458972941827,0.0734029458504,0.0000026220881
196027,0.2536632135337,3.8414600825738,0.0062399486733,0.0457973252491,0.0733868542062,0.0000026220881
196063,0.2536725742653,3.8416018409168,0.0062023646613,0.0457739124722,0.0733643909375,0.0000026220881
196109,0.2536691739442,3.8415503466630,0.0062023646613,0.0457299331870,0.0733479554097,0.0000026220881
196474,0.2536752759841,3.8416427555787,0.0062023646613,0.0457177291923,0.0733449044201,0.0000026220881
196755,0.2536787528621,3.8416954092055,0.0061713421501,0.0457429605288,0.0733413652950,0.0000026220881
196804,0.2536721723592,3.8415957544747,0.0061713421501,0.0457161865231,0.0733303930424,0.0000026220881
196953,0.2536709904350,3.8415778554876,0.0062181761703,0.0456417271056,0.0733236188468,0.0000026220881
197523,0.2536756381338,3.8416482399522,0.0062368139177,0.0455792947299,0.0733103051112,0.0000026220881
197692,0.2536699879914,3.8415626745434,0.0062368139177,0.0455523676103,0.0732994775380,0.0000025696464
197847,0.2536717010398,3.8415886168426,0.0061899798975,0.0455775232209,0.0732887570435,0.0000025696464
198164,0.2536767729981,3.8416654262671,0.0062263298405,0.0455065246507,0.0732800658065,0.0000025696464
198447,0.2536836332382,3.8417693173213,0.0061599159934,0.0454942468175,0.0732486878402,0.0000025696464
198931,0.2536763641366,3.8416592344940,0.0061555306411,0.0454818695343,0.0732408302806,0.0000025696464
199392,0.2536710304798,3.8415784619240,0.0061555306411,0.0454683188034,0.0732348478073,0.0000025696464
199907,0.2536663976071,3.8415083019853,0.0061555306411,0.0454476358060,0.0732264682641,0.0000025696464
200820,0.2536707015688,3.8415734809162,0.0062421413495,0.0453333394776,0.0732236892994,0.0000025696464
201063,0.2536654904259,3.8414945636888,0.0062773949544,0.0452582015247,0.0732108463305,0.0000025696464
202729,0.2536703092689,3.8415675399508,0.0062773949544,0.0452411271696,0.0732057809558,0.0000025696464
202951,0.2536675169778,3.8415252536658,0.0062197518120,0.0452009000886,0.0731661115891,0.0000025696464
202984,0.2536717581289,3.8415894813961,0.0061844982071,0.0451377194949,0.0731293472217,0.0000025696464
203405,0.2536765212335,3.8416616135589,0.0061968829709,0.0450660773852,0.0731100891751,0.0000025696464
203428,0.2536808503739,3.8417271737949,0.0061855945451,0.0450709949213,0.0731079352142,0.0000025696464
203445,0.2536841449330,3.8417770663955,0.0062068877445,0.0450261823290,0.0731017623508,0.0000025696464
203648,0.2536812318174,3.8417329503516,0.0062181761703,0.0449709546164,0.0730862518254,0.0000025696464
204310,0.2536887959060,3.8418475004443,0.0062294645961,0.0449073022075,0.0730699775952,0.0000025696464
204344,0.2536888801577,3.8418487763464,0.0062294645961,0.0448802643301,0.0730603392643,0.0000025696464
204516,0.2536904566747,3.8418726510233,0.0061826305758,0.0449249607278,0.0730565683656,0.0000025696464
204656,0.2536904311451,3.8418722644039,0.0062426206531,0.0448294398357,0.0730481583237,0.0000025696464
204698,0.2536843266516,3.8417798183300,0.0062181761703,0.0448476670122,0.0730428837170,0.0000025696464
204742,0.2536734285119,3.8416147775740,0.0061724384882,0.0448673421392,0.0730279733686,0.0000025696464
204793,0.2536681823386,3.8415353298487,0.0061724384882,0.0448632250630,0.0730253788043,0.0000025696464
204796,0.2536598116366,3.8414085644528,0.0061458013293,0.0448684421693,0.0730140324094,0.0000025696464
204803,0.2536596926333,3.8414067622749,0.0061724384882,0.0448012773796,0.0730014354091,0.0000025696464
205238,0.2536592408114,3.8413999199115,0.0061458013293,0.0448212204333,0.0729970451840,0.0000025696464
205536,0.2536616906116,3.8414370195346,0.0061468976673,0.0447560849866,0.0729747773409,0.0000025696464
205873,0.2536611081813,3.8414281992456,0.0061468976673,0.0447431041624,0.0729700165257,0.0000025696464
205904,0.2536642572255,3.8414758881779,0.0061713421501,0.0446647833356,0.0729531958039,0.0000025696464
207113,0.2536620979409,3.8414431881047,0.0061713421501,0.0446396328486,0.0729437507833,0.0000025696464
207251,0.2536703271156,3.8415678102190,0.0062054994169,0.0445882221170,0.0729417920309,0.0000025696464
207643,0.2536687826137,3.8415444203779,0.0062523334372,0.0445189867325,0.0729368058662,0.0000025696464
208951,0.2536727380001,3.8416043205057,0.0062778742580,0.0444785646474,0.0729341630561,0.0000025696464
209126,0.2536584521600,3.8413879766232,0.0063247082782,0.0444017710970,0.0729237472596,0.0000025696464
209311,0.2536601073741,3.8414130430837,0.0063247082782,0.0443410546749,0.0729024175118,0.0000025696464
209570,0.2536643463832,3.8414772383760,0.0062437169911,0.0442757438492,0.0728452900245,0.0000025696464
209598,0.2536628135809,3.8414540257133,0.0062094054657,0.0443027672106,0.0728399078278,0.0000025696464
209721,0.2536590307962,3.8413967394536,0.0061727635331,0.0443274812310,0.0728322199816,0.0000025696464
209755,0.2536614921873,3.8414340146089,0.0061727635331,0.0443155638500,0.0728284912150,0.0000025696464
209770,0.2536683119312,3.8415372923911,0.0061727635331,0.0443067393282,0.0728268009738,0.0000025696464
209806,0.2536744463725,3.8416301919924,0.0061940567325,0.0442564527970,0.0728192816784,0.0000025696464
209884,0.2536781900765,3.8416868864148,0.0061815342378,0.0442341437732,0.0728067496087,0.0000025696464
210383,0.2536766182217,3.8416630823430,0.0061815342378,0.0441864758292,0.0727893885170,0.0000025696464
210442,0.2536834590156,3.8417666789037,0.0062539090788,0.0440819474064,0.0727845406108,0.0000025696464
210549,0.2536795757634,3.8417078711725,0.0062651975046,0.0440088467769,0.0727624390144,0.0000025696464
211456,0.2536789006733,3.8416976476496,0.0062478103539,0.0440186186202,0.0727583326603,0.0000025696464
211491,0.2536799531170,3.8417135857925,0.0062478103539,0.0440068666445,0.0727543610498,0.0000025696464
211596,0.2536827130851,3.8417553825789,0.0062946443742,0.0439409695817,0.0727514895292,0.0000025696464
211601,0.2536858888904,3.8418034767786,0.0062669108772,0.0438594928547,0.0727111854434,0.0000025696464
211649,0.2536886121610,3.8418447178205,0.0062200768569,0.0439097424090,0.0727096435478,0.0000025696464
211936,0.2536956536533,3.8419513537462,0.0062669108772,0.0438436833653,0.0727076316464,0.0000025696464
212557,0.2537059914159,3.8421079081863,0.0062368469731,0.0438535220841,0.0727004761790,0.0000025696464
213011,0.2537049887030,3.8420927231645,0.0062755273232,0.0437973060115,0.0726967614361,0.0000025696464
213063,0.2537097682307,3.8421651040372,0.0062771029649,0.0437697718732,0.0726886272748,0.0000025696464
213295,0.2537118713255,3.8421969531750,0.0063239369851,0.0437079718880,0.0726870782377,0.0000025696464
214641,0.2537093968439,3.8421594797791,0.0063239369851,0.0437079718880,0.0726865479916,0.0000025182534
215068,0.2537123818669,3.8422046847828,0.0063239369851,0.0437047095177,0.0726860225071,0.0000025182534
215170,0.2537122750619,3.8422030673339,0.0063707710053,0.0436483699521,0.0726859500699,0.0000025182534
215238,0.2537121207408,3.8422007303058,0.0063707710053,0.0436349072005,0.0726811088755,0.0000025182534
215569,0.2537186073732,3.8422989634670,0.0064644390458,0.0434990296247,0.0726741146084,0.0000025182534
215658,0.2537151304952,3.8422463098402,0.0064725927159,0.0434739599870,0.0726679105512,0.0000025182534
215878,0.2537163670890,3.8422650367407,0.0064725927159,0.0434250955552,0.0726507239528,0.0000025182534
216575,0.2537249057467,3.8423943456467,0.0064725927159,0.0433717510453,0.0726335020544,0.0000024678884
217492,0.2537194692401,3.8423120155265,0.0065111353351,0.0432668925590,0.0726114058947,0.0000024678884
217549,0.2537204570928,3.8423269755074,0.0064790164858,0.0432802703054,0.0726026301229,0.0000024678884
217770,0.2537231530906,3.8423678035308,0.0065258505060,0.0431969347195,0.0725935168504,0.0000024678884
217823,0.2537240484984,3.8423813635318,0.0065242748644,0.0431805688793,0.0725871885056,0.0000024678884
217852,0.2537236660906,3.8423755723713,0.0065242748644,0.0431735970393,0.0725846166182,0.0000024678884
217948,0.2537217548482,3.8423466286339,0.0065242748644,0.0431570340141,0.0725782917001,0.0000024678884
218154,0.2537134195450,3.8422203993165,0.0064589573554,0.0432174954240,0.0725701057063,0.0000024678884
218458,0.2537193129318,3.8423096484030,0.0064589573554,0.0432127425020,0.0725696711027,0.0000024678884
218555,0.2537220168967,3.8423505970807,0.0064498616058,0.0430731718686,0.0725165056906,0.0000024678884
219115,0.2537262853738,3.8424152386356,0.0064498616058,0.0430451968482,0.0725074292855,0.0000024678884
219741,0.2537203055043,3.8423246798592,0.0064030275855,0.0430925879426,0.0725030015528,0.0000024678884
220092,0.2537192438973,3.8423086029486,0.0064498616058,0.0430294614233,0.0725003006031,0.0000024678884
220096,0.2537244572768,3.8423875540465,0.0064966956260,0.0429481203342,0.0724924390898,0.0000024678884
221188,0.2537348477422,3.8425449066147,0.0064327995001,0.0430091154802,0.0724890655449,0.0000024678884
221315,0.2537307529462,3.8424828952767,0.0064681908359,0.0428664623996,0.0724524082751,0.0000024678884
221589,0.2537212354161,3.8423387623862,0.0064681908359,0.0428525987109,0.0724454174870,0.0000024678884
221923,0.2537117059070,3.8421944480881,0.0064681908359,0.0428522179193,0.0724432394523,0.0000024678884
222123,0.2537084301775,3.8421448406417,0.0063881581560,0.0429129765735,0.0724299373097,0.0000024678884
222307,0.2537109178963,3.8421825145023,0.0063311320481,0.0428487664912,0.0723830984595,0.0000024678884
222449,0.2537011065032,3.8420339313697,0.0062842980278,0.0428618211348,0.0723655866679,0.0000024678884
222609,0.2537027714002,3.8420591444672,0.0062457554087,0.0429040759632,0.0723645161763,0.0000024678884
222865,0.2536935033291,3.8419187893689,0.0062800669341,0.0427799407896,0.0723329011100,0.0000024678884
222972,0.2536867806971,3.8418169822442,0.0062424663944,0.0427518311148,0.0723053068594,0.0000024678884
223044,0.2536930534108,3.8419119758346,0.0062424663944,0.0427409975946,0.0723027818980,0.0000024678884
223203,0.2536920637376,3.8418969882846,0.0061956323742,0.0427973371602,0.0723026193756,0.0000024678884
223513,0.2536834030865,3.8417658319175,0.0061818592827,0.0428104548398,0.0722995456539,0.0000024678884
223973,0.2536859369727,3.8418042049341,0.0061943817775,0.0427424691704,0.0722811748168,0.0000024678884
223974,0.2536806941190,3.8417248074798,0.0061943817775,0.0427403749113,0.0722793033985,0.0000024678884
224603,0.2536826030488,3.8417537161951,0.0061874787040,0.0426367081573,0.0722397301541,0.0000024678884
224894,0.2536738352212,3.8416209367550,0.0061406446838,0.0426965680469,0.0722391581429,0.0000024678884
225004,0.2536725355677,3.8416012548823,0.0061874787040,0.0426315173729,0.0722357189851,0.0000024678884
225340,0.2536732575141,3.8416121879943,0.0062195975534,0.0425272424807,0.0722123978761,0.0000024678884
225366,0.2536701749791,3.8415655062730,0.0062664315736,0.0424672663965,0.0722103890258,0.0000024678884
225467,0.2536614479479,3.8414333446506,0.0062195975534,0.0425272424807,0.0722098672548,0.0000024678884
226514,0.2536564311795,3.8413573710184,0.0062195975534,0.0425165576840,0.0722049762342,0.0000024678884
226566,0.2536580955866,3.8413825766976,0.0061727635331,0.0425695751687,0.0722041959859,0.0000024678884
226869,0.2536555119104,3.8413434496640,0.0061264088165,0.0425656429210,0.0721823716597,0.0000024678884
227523,0.2536545038756,3.8413281840477,0.0061264088165,0.0425086858901,0.0721618138555,0.0000024678884
227609,0.2536603566341,3.8414168178621,0.0061732428367,0.0424311502737,0.0721554484493,0.0000024678884
227794,0.2536572797249,3.8413702213390,0.0062108268487,0.0423669744084,0.0721479765935,0.0000024678884
229495,0.2536483429630,3.8412348835664,0.0062571815654,0.0422698742052,0.0721312492362,0.0000024678884
229568,0.2536460607206,3.8412003214285,0.0063040155856,0.0421906911431,0.0721225522422,0.0000024678884
229602,0.2536470106982,3.8412147078311,0.0062571815654,0.0422456817542,0.0721223235898,0.0000024678884
229623,0.2536473523061,3.8412198811192,0.0062891461560,0.0421931707731,0.0721173419800,0.0000024678884
230100,0.2536580168916,3.8413813849457,0.0062891461560,0.0421711732685,0.0721117709967,0.0000024678884
230119,0.2536617829115,3.8414384173182,0.0062896254596,0.0421426411713,0.0721025933820,0.0000024678884
230656,0.2536620501289,3.8414424640427,0.0062988754678,0.0421289474932,0.0721017243328,0.0000024678884
230806,0.2536642042167,3.8414750854157,0.0063010681440,0.0421150493317,0.0720981620123,0.0000024678884
230873,0.2536605467748,3.8414196973410,0.0063010681440,0.0420904310226,0.0720885860215,0.0000024678884
231009,0.2536540177912,3.8413208228156,0.0062896254596,0.0421009466867,0.0720860385403,0.0000024678884
231272,0.2536516075205,3.8412843218240,0.0062772406958,0.0420194948397,0.0720511243525,0.0000024678884
231992,0.2536358994753,3.8410464401554,0.0063208022295,0.0419729596266,0.0720498078525,0.0000024185306
232039,0.2536297228258,3.8409529013552,0.0063208022295,0.0419615510500,0.0720444097932,0.0000024185306
232145,0.2536269526746,3.8409109503561,0.0063203229259,0.0419328104600,0.0720333462771,0.0000024185306
232279,0.2536312528349,3.8409760717186,0.0063557142617,0.0418640876832,0.0720248916065,0.0000024185306
232282,0.2536282666775,3.8409308495355,0.0063088802415,0.0419122534484,0.0720213820517,0.0000024185306
232761,0.2536293566307,3.8409473557199,0.0063235954124,0.0418601700324,0.0720093208949,0.0000024185306
233077,0.2536338066648,3.8410147467620,0.0063704294327,0.0417829391225,0.0720027637288,0.0000024185306
233094,0.2536309475057,3.8409714478333,0.0063599453554,0.0417875858369,0.0719993174167,0.0000024185306
233248,0.2536422829174,3.8411431106084,0.0062805297100,0.0417989798384,0.0719717804432,0.0000024185306
233456,0.2536398896342,3.8411068668751,0.0063273637302,0.0417213506682,0.0719636146161,0.0000024185306
234184,0.2536410138436,3.8411238918339,0.0063120149971,0.0417094332873,0.0719530212821,0.0000024185306
234586,0.2536503030666,3.8412645672540,0.0062651809769,0.0417597725876,0.0719529184285,0.0000024185306
234966,0.2536502424614,3.8412636494535,0.0062720675226,0.0416830798729,0.0719284665632,0.0000024185306
235540,0.2536560854416,3.8413521351857,0.0062720675226,0.0416724165317,0.0719259102942,0.0000024185306
236562,0.2536556255379,3.8413451704316,0.0063189015428,0.0416157064870,0.0719256298790,0.0000024185306
236683,0.2536576389752,3.8413756618027,0.0063189015428,0.0416014803489,0.0719209805662,0.0000024185306
236876,0.2536587143178,3.8413919467252,0.0063497697954,0.0415522913762,0.0719168727577,0.0000024185306
237583,0.2536609853520,3.8414263391267,0.0063497697954,0.0415410345879,0.0719133391263,0.0000024185306
238537,0.2536604039676,3.8414175346777,0.0063497697954,0.0415263994829,0.0719079877207,0.0000023701600
238787,0.2536607773041,3.8414231884624,0.0063497697954,0.0415232256497,0.0719069342095,0.0000023701600
238851,0.2536628870647,3.8414551385467,0.0063497697954,0.0415083860612,0.0719020864480,0.0000023701600
239139,0.2536638057485,3.8414690510370,0.0062835102070,0.0415831465572,0.0719005865195,0.0000023701600
239300,0.2536723579043,3.8415985643577,0.0062835102070,0.0415712079420,0.0718981553332,0.0000023701600
239461,0.2536779325131,3.8416829858901,0.0062584486898,0.0415699677046,0.0718881663001,0.0000023701600
239968,0.2536813969532,3.8417354511586,0.0063085717242,0.0414588909935,0.0718707197266,0.0000023701600
240227,0.2536826860928,3.8417549738084,0.0062612584004,0.0414402997500,0.0718440791022,0.0000023701600
240324,0.2536726008875,3.8416022440804,0.0062612584004,0.0414427085684,0.0718427782791,0.0000023701600
240368,0.2536592566697,3.8414001600692,0.0063080924207,0.0413633039907,0.0718316317490,0.0000023701600
240530,0.2536614952576,3.8414340611052,0.0063550806995,0.0412919628558,0.0718267703035,0.0000023701600
240668,0.2536546564282,3.8413304942952,0.0063082466793,0.0413021587143,0.0718088744951,0.0000023701600
241305,0.2536500758212,3.8412611258640,0.0063082466793,0.0412730934368,0.0717975124802,0.0000023701600
241985,0.2536455848565,3.8411931149715,0.0063164003494,0.0412476730660,0.0717909658569,0.0000023701600
245861,0.2536302988577,3.8409616247479,0.0062471602640,0.0413060741855,0.0717788735060,0.0000023701600
246297,0.2536300138560,3.8409573086996,0.0062982253779,0.0412221107425,0.0717707105392,0.0000023701600
247364,0.2536204722116,3.8408128106233,0.0062559309686,0.0412773010527,0.0717702505507,0.0000023701600
247384,0.2536226179116,3.8408453049721,0.0061613208487,0.0413590380854,0.0717593549467,0.0000023701600
247402,0.2536215181097,3.8408286496404,0.0061613208487,0.0413586593606,0.0717589840160,0.0000023701600
247548,0.2536232355357,3.8408546582345,0.0062081548690,0.0412782669920,0.0717507121986,0.0000023701600
247775,0.2536248114459,3.8408785237210,0.0062081548690,0.0412773010527,0.0717507049154,0.0000023701600
247795,0.2536263650620,3.8409020515877,0.0062189639911,0.0412582344487,0.0717488608126,0.0000023701600
247929,0.2536225220277,3.8408438529125,0.0062145786388,0.0412480457421,0.0717425190448,0.0000023701600
248190,0.2536245117907,3.8408739857615,0.0062614126591,0.0411635023863,0.0717328230899,0.0000023701600
248351,0.2536250002117,3.8408813823782,0.0062315030136,0.0411928738915,0.0717305991553,0.0000023701600
252723,0.2536118729520,3.8406825839657,0.0062789540683,0.0411339962268,0.0717270946000,0.0000023701600
254217,0.2536060312187,3.8405941171165,0.0062380645144,0.0411724369231,0.0717220475256,0.0000023701600
254339,0.2536061165456,3.8405954093025,0.0061486275676,0.0412282825165,0.0717036805446,0.0000023701600
254719,0.2535931271087,3.8403986980694,0.0061486275676,0.0412201645759,0.0716979978294,0.0000023701600
255080,0.2535929853149,3.8403965507537,0.0061954615879,0.0410823349638,0.0716688143065,0.0000023701600
258848,0.2535909547095,3.8403657993897,0.0061486275676,0.0411344228916,0.0716669102852,0.0000023701600
263071,0.2535927174161,3.8403924937099,0.0061981170399,0.0410629197760,0.0716629609548,0.0000023227568
298426,0.2535907992383,3.8403634449434,0.0061981170399,0.0410629197760,0.0716625499167,0.0000022763017
331093,0.2535844750884,3.8402676724068,0.0062286767752,0.0410003912377,0.0716519601504,0.0000021861601
332968,0.2535824877655,3.8402375765119,0.0062161377528,0.0409843632362,0.0716404361424,0.0000021861601
334580,0.2535808169949,3.8402122744642,0.0062051743720,0.0409578938175,0.0716259261646,0.0000021424369
342316,0.2535713520551,3.8400689379995,0.0062051743720,0.0409578938175,0.0716238979632,0.0000021424369
692423,0.2535276037397,3.8394064162055,0.0062245999402,0.0409578938175,0.0716228485677,0.0000015823377
693826,0.2535179025883,3.8392595025656,0.0062245999402,0.0409578938175,0.0716207697495,0.0000015823377
752428,0.2535045151391,3.8390567638597,0.0062245999402,0.0409578938175,0.0716179010104,0.0000015196771
771000,0.2534931501284,3.8388846528382,0.0062245999402,0.0409578938175,0.0716154656510,0.0000014892836
783213,0.2534905091611,3.8388446581915,0.0062245999402,0.0409578938175,0.0716148997294,0.0000014892836
846428,0.2534775411447,3.8386482713506,0.0062245999402,0.0409578938175,0.0716121208688,0.0000014017018
847745,0.2534760033687,3.8386249833647,0.0062245999402,0.0409578938175,0.0716117913453,0.0000014017018
937324,0.2534709657657,3.8385486942154,0.0062245999402,0.0409578938175,0.0716107118590,0.0000012670274
944280,0.2534706654218,3.8385441458251,0.0062245999402,0.0409578938175,0.0716106474996,0.0000012670274
959618,0.2534570797134,3.8383384046950,0.0062245999402,0.0409578938175,0.0716077362763,0.0000012416869
1009137,0.2534562937855,3.8383265026504,0.0062245999402,0.0409578938175,0.0716075678632,0.0000011925161
1182994,0.2534545196788,3.8382996356890,0.0062245999402,0.0409578938175,0.0716071876975,0.0000010352536
1390608,0.2534507443934,3.8382424629991,0.0062245999402,0.0409578938175,0.0716063787078,0.0000008631404
1400743,0.2534404541865,3.8380866287394,0.0062482566021,0.0409209276028,0.0716011100133,0.0000008631404
1401755,0.2534374303300,3.8380408356425,0.0062476395676,0.0409176712079,0.0715990346025,0.0000008631404
1402485,0.2534302980609,3.8379328249985,0.0062524876958,0.0408876503278,0.0715888622855,0.0000008631404
1403601,0.2534207923917,3.8377888717301,0.0062496614574,0.0408678865561,0.0715785556214,0.0000008631404
1410934,0.2534159927745,3.8377161866227,0.0062719132640,0.0408376148271,0.0715762522888,0.0000008458776
1417809,0.2534041502587,3.8375368442931,0.0062910303149,0.0408166949325,0.0715744362377,0.0000008458776
1421306,0.2533982940872,3.8374481587914,0.0063035528097,0.0407700576327,0.0715618919488,0.0000008458776
1421912,0.2534045773373,3.8375433119447,0.0062758358404,0.0407967797619,0.0715609032760,0.0000008458776
1424037,0.2533918947735,3.8373512479794,0.0062758358404,0.0408005009353,0.0715595145742,0.0000008458776
1425803,0.2533888177154,3.8373046492008,0.0062758358404,0.0407967797619,0.0715575262142,0.0000008458776
1444061,0.2533880317863,3.8372927471393,0.0062758358404,0.0407967797619,0.0715573578008,0.0000008289600
1454728,0.2533797729807,3.8371676762959,0.0063035528097,0.0407662202647,0.0715565526517,0.0000008123808
1454914,0.2533760417970,3.8371111714793,0.0062758358404,0.0407967797619,0.0715547885174,0.0000008123808
1460700,0.2533654759831,3.8369511634442,0.0062181926980,0.0408672044785,0.0715529718950,0.0000008123808
1460911,0.2533729532102,3.8370643981113,0.0062181926980,0.0408481705219,0.0715477763163,0.0000008123808
1461636,0.2533714887529,3.8370422204599,0.0062524876958,0.0407766674063,0.0715366235332,0.0000008123808
1462120,0.2533682312501,3.8369928890379,0.0062454303637,0.0407725903506,0.0715314448347,0.0000008123808
1463778,0.2533684963769,3.8369969041030,0.0062524876958,0.0407563578656,0.0715287289024,0.0000008123808
1467131,0.2533645728423,3.8369374863355,0.0062333706448,0.0407459917145,0.0715159929263,0.0000008123808
1497486,0.2533513795500,3.8367376879307,0.0062333706448,0.0407459917145,0.0715131657922,0.0000007802106
1519211,0.2533478006468,3.8366834892406,0.0061862281073,0.0407913685490,0.0715084009521,0.0000007646064
1519830,0.2533437736717,3.8366225049768,0.0062313487550,0.0407046973076,0.0714959214345,0.0000007646064
1521097,0.2533377297418,3.8365309760749,0.0062351005451,0.0406941137968,0.0714924543914,0.0000007646064
1522219,0.2533376414029,3.8365296382767,0.0062351005451,0.0406779197995,0.0714866518912,0.0000007646064
1524047,0.2533338429216,3.8364721143104,0.0062351005451,0.0406737338476,0.0714843429481,0.0000007493142
1526179,0.2533337564801,3.8364708052452,0.0061708793742,0.0407365772101,0.0714792451240,0.0000007493142
1526198,0.2533318854705,3.8364424707905,0.0061794958202,0.0407158838814,0.0714751464814,0.0000007493142
1526917,0.2533287529687,3.8363950323768,0.0062263298405,0.0406219424047,0.0714609964266,0.0000007493142
1615067,0.2533198829887,3.8362607059453,0.0062263298405,0.0406219424047,0.0714590957166,0.0000007052486
1651779,0.2533066337173,3.8360600597950,0.0062263298405,0.0406219424047,0.0714562565870,0.0000006773207
1691759,0.2532941810519,3.8358714773983,0.0062263298405,0.0406219424047,0.0714535881587,0.0000006504988
1700039,0.2532836606645,3.8357121572983,0.0062379267835,0.0405800355422,0.0714413371718,0.0000006504988
1701473,0.2532832362243,3.8357057296033,0.0061910927632,0.0406306129398,0.0714392378537,0.0000006504988
1703064,0.2532837904953,3.8357141234480,0.0061840354312,0.0406257225218,0.0714345854773,0.0000006504988
1710954,0.2532829973889,3.8357021126945,0.0062183304289,0.0405542194061,0.0714235765551,0.0000006504988
1713665,0.2532766301211,3.8356056871822,0.0062051743720,0.0405274915525,0.0714070281684,0.0000006374888
1766377,0.2532704951302,3.8355127792577,0.0062051743720,0.0405274915525,0.0714057135275,0.0000006122443
1787334,0.2532680433084,3.8354756490193,0.0062051743720,0.0405274915525,0.0714051881371,0.0000005999994
1800662,0.2532641468052,3.8354166406159,0.0062051743720,0.0405274915525,0.0714043531721,0.0000005999994
1975484,0.2532533356217,3.8352529167181,0.0062051743720,0.0405274915525,0.0714020364900,0.0000005104573
1990529,0.2532416361885,3.8350757412227,0.0062051743720,0.0405274915525,0.0713995294686,0.0000005104573
2162199,0.2532306980827,3.8349100952219,0.0062051743720,0.0405274915525,0.0713971855887,0.0000004431410
2186403,0.2532277386209,3.8348652773150,0.0062051743720,0.0405274915525,0.0713965514184,0.0000004342782
2243087,0.2532237822132,3.8348053617208,0.0062051743720,0.0405274915525,0.0713957036167,0.0000004087392
2500152,0.2532116717783,3.8346219620404,0.0062051743720,0.0405274915525,0.0713931085235,0.0000003272903
2690166,0.2532098933492,3.8345950296193,0.0062051743720,0.0405274915525,0.0713927274316,0.0000002784465
2818740,0.2531978688825,3.8344129318356,0.0062051743720,0.0405274915525,0.0713901507601,0.0000002516935
2860678,0.2531953757896,3.8343751765909,0.0062051743720,0.0405274915525,0.0713896165259,0.0000002417265
2893472,0.2531822891965,3.8341769940316,0.0062051743720,0.0405274915525,0.0713868122560,0.0000002368919
2928126,0.2531808729456,3.8341555464150,0.0062051743720,0.0405274915525,0.0713865087737,0.0000002275110
3536610,0.2531719911769,3.8340210414571,0.0062051743720,0.0405274915525,0.0713846055375,0.0000001345490
3584786,0.2531717548735,3.8340174628918,0.0062051743720,0.0405274915525,0.0713845549011,0.0000001292208
3671298,0.2531704583705,3.8339978287308,0.0062051743720,0.0405274915525,0.0713842770790,0.0000001191892
