0,0.2063240533919,3.124558757017,0.5553584234398,0.3201241934734,0.3965531191558,100000
1,0.2063227912267,3.124539642865,0.5553115894196,0.3201575752845,0.3965446990443,100000.0000000000000
2,0.2063372214649,3.1247581735034,0.5553115894196,0.3198198886922,0.3964271888838,100000.0000000000000
3,0.2063344270541,3.1247158551185,0.5551939562000,0.3198140750470,0.3963740995427,100000.0000000000000
5,0.2063289023735,3.1246321896949,0.5550763229804,0.3195616908561,0.3962323642345,100000.0000000000000
6,0.2063355749624,3.1247332389707,0.5550763229804,0.3194582848128,0.3961968633452,100000.0000000000000
7,0.2063415382474,3.1248235465920,0.5550294889601,0.3194753101989,0.3961841499641,100000.0000000000000
8,0.2063441839208,3.1248636125060,0.5550294889601,0.3193206235905,0.3961294716768,100000.0000000000000
17,0.2063821687743,3.1254388527877,0.5552876242404,0.3186397478542,0.3960050707883,100000.0000000000000
18,0.2063906297867,3.1255669858396,0.5551699910208,0.3184297771513,0.3958814800887,100000.0000000000000
22,0.2063944368176,3.1256246392804,0.5550055237810,0.3185153544733,0.3958423732503,100000.0000000000000
23,0.2063912428485,3.1255762700094,0.5550523578012,0.3183254205452,0.3957939270056,100000.0000000000000
25,0.2064033187109,3.1257591461256,0.5550523578012,0.3180889514251,0.3957120614333,100000.0000000000000
26,0.2064086926965,3.1258405294321,0.5550523578012,0.3167323907225,0.3952287270364,100000.0000000000000
27,0.2064146845096,3.1259312690811,0.5550523578012,0.3165464479250,0.3951636028544,100000.0000000000000
28,0.2064159934425,3.1259510914809,0.5549347245816,0.3165860306886,0.3951276058043,100000.0000000000000
29,0.2064179546509,3.1259807919002,0.5549347245816,0.3162855626744,0.3950207160582,100000.0000000000000
30,0.2064201268827,3.1260136880439,0.5548878905614,0.3162792485877,0.3949988547825,100000.0000000000000
31,0.2064229848490,3.1260569689095,0.5548878905614,0.3160553953728,0.3949195196271,100000.0000000000000
32,0.2064211842845,3.1260297012718,0.5547702573417,0.3158131270811,0.3947821951650,100000.0000000000000
33,0.2064247358876,3.1260834865300,0.5547702573417,0.3157330108768,0.3947543432926,100000.0000000000000
34,0.2064394261667,3.1263059552128,0.5547702573417,0.3155817673223,0.3947034756544,100000.0000000000000
35,0.2064569241733,3.1265709439469,0.5547702573417,0.3154707531278,0.3946675773007,100000.0000000000000
36,0.2064528330765,3.1265089886280,0.5546526241221,0.3154914838926,0.3946236902447,100000.0000000000000
37,0.2064590309355,3.1266028486239,0.5546057901019,0.3154473475742,0.3945891836635,100000.0000000000000
143815,0.2540779285195,3.8477405007760,0.0067614419902,0.8580901419010,0.3638037962146,0.0000030204020
143841,0.2540792247680,3.8477601310840,0.0067614419902,0.8580847396188,0.3638021445957,0.0000030204020
143915,0.2540824657855,3.8478092128520,0.0067614419902,0.8580686279874,0.3637970849453,0.0000030204020
143990,0.2540863373892,3.8478678441802,0.0067146079700,0.8580772983958,0.3637809394262,0.0000030204020
144035,0.2540879850614,3.8478927964268,0.0067261883853,0.8580182341853,0.3637651611731,0.0000030204020
144073,0.2540834016893,3.8478233861220,0.0067730224055,0.8579639261489,0.3637648550175,0.0000030204020
144164,0.2540784493092,3.8477483875836,0.0067730224055,0.8579194836907,0.3637479214867,0.0000030204020
144187,0.2540765988602,3.8477203644972,0.0067484401919,0.8579330112017,0.3637418209815,0.0000030204020
144247,0.2540724390466,3.8476573685366,0.0067479608883,0.8579179081765,0.3637353302394,0.0000030204020
144375,0.2540623358767,3.8475043667533,0.0067011268681,0.8579722162130,0.3637324892788,0.0000030204020
144710,0.2540580857440,3.8474400030065,0.0066895464528,0.8579778365680,0.3637286227706,0.0000030204020
144739,0.2540493017685,3.8473069790217,0.0067363804730,0.8579181658548,0.3637255012441,0.0000030204020
144804,0.2540543036926,3.8473827278525,0.0066278264753,0.8580399505180,0.3637235444657,0.0000030204020
144833,0.2540372602629,3.8471246232026,0.0066278264753,0.8580122185406,0.3637099880245,0.0000030204020
145202,0.2540528694912,3.8473610083948,0.0065230407954,0.8581086766912,0.3637028740501,0.0000030204020
145321,0.2540687586101,3.8476016322328,0.0065698748156,0.8579066905755,0.3636542126858,0.0000030204020
145329,0.2540678462997,3.8475878162605,0.0065518706304,0.8578316863113,0.3636195138742,0.0000030204020
145483,0.2540636440029,3.8475241769359,0.0065518706304,0.8577843387938,0.3636017035543,0.0000030204020
145534,0.2540568854564,3.8474218259236,0.0065987046507,0.8576625725903,0.3635768390875,0.0000030204020
145660,0.2540495417742,3.8473106136541,0.0065987046507,0.8575873729136,0.3635484084139,0.0000030204020
145768,0.2540487833414,3.8472991279945,0.0065987046507,0.8575784577658,0.3635450619112,0.0000030204020
145930,0.2540445718123,3.8472353488570,0.0065987046507,0.8574980950375,0.3635154584663,0.0000030204020
146014,0.2540362111544,3.8471087355686,0.0065987046507,0.8574911349682,0.3635111811577,0.0000030204020
146123,0.2540380537502,3.8471366397247,0.0065987046507,0.8574155075475,0.3634845662066,0.0000030204020
146300,0.2540456432173,3.8472515741484,0.0065987046507,0.8573547990474,0.3634645109138,0.0000030204020
146692,0.2540480569762,3.8472881279641,0.0066118607076,0.8572462333789,0.3634318930049,0.0000030204020
146715,0.2540426556261,3.8472063302507,0.0065382517976,0.8573173553377,0.3634245895966,0.0000030204020
147013,0.2540396301649,3.8471605128520,0.0065404444737,0.8572596446952,0.3634042700581,0.0000030204020
147694,0.2540433309538,3.8472165573722,0.0065867991904,0.8571986811172,0.3634031566850,0.0000030204020
148062,0.2540321603205,3.8470473899885,0.0065867991904,0.8571462066321,0.3633820220903,0.0000030204020
148594,0.2540303271629,3.8470196287629,0.0065404444737,0.8571995642381,0.3633808192515,0.0000030204020
148683,0.2540345820423,3.8470840643949,0.0065404444737,0.8571310553798,0.3633572635620,0.0000030204020
148692,0.2540316930714,3.8470403139969,0.0065404444737,0.7322077527254,0.3187411792631,0.0000030204020
148717,0.2540356656067,3.8471004738267,0.0065410615082,0.7321438636113,0.3187194774233,0.0000030204020
149058,0.2540209129161,3.8468770599895,0.0064361050420,0.7316982188574,0.3185121759491,0.0000030204020
149109,0.2540191219229,3.8468499372994,0.0064234282886,0.7316629135761,0.3184937502415,0.0000030204020
149111,0.2540151838039,3.8467902986670,0.0064234282886,0.7316032756609,0.3184716071034,0.0000030204020
149616,0.2539998380005,3.8465579027663,0.0064948445225,0.7315046325655,0.3184636959975,0.0000030204020
149670,0.2539936509773,3.8464642068676,0.0064779366754,0.7314790536475,0.3184459886587,0.0000030204020
149802,0.2539896024729,3.8464028965661,0.0063696911949,0.7315759672386,0.3184333421987,0.0000030204020
149918,0.2539875320163,3.8463715416992,0.0063436710705,0.7315044177286,0.3183961936511,0.0000030204020
149930,0.2539767061506,3.8462075954549,0.0063359967040,0.7315118778369,0.3183932491329,0.0000030204020
150187,0.2539717139627,3.8461319940699,0.0063605954453,0.6165859069025,0.2773577320766,0.0000030204020
150214,0.2539724367922,3.8461429405554,0.0063605954453,0.6165700957332,0.2773522401225,0.0000030204020
150256,0.2539867184433,3.8463592209998,0.0063649807977,0.6165101596632,0.2773357741737,0.0000030204020
150268,0.2539810544908,3.8462734464510,0.0063403820563,0.6164794746088,0.2773130592039,0.0000030204020
150438,0.2539811104346,3.8462742936612,0.0063872160765,0.6162986433110,0.2772685603084,0.0000030204020
150458,0.2539863987443,3.8463543794983,0.0063615375248,0.6163196554684,0.2772661927660,0.0000030204020
150555,0.2540002519305,3.8465641712967,0.0064083715450,0.6162431540999,0.2772619111115,0.0000030204020
150697,0.2540045459269,3.8466291993138,0.0064552055653,0.6161815829598,0.2772609132837,0.0000030204020
151253,0.2539977926641,3.8465269283170,0.0064083715450,0.6162400640679,0.2772602805430,0.0000030204020
151296,0.2540017596273,3.8465870037644,0.0064552055653,0.6161760587591,0.2772583432907,0.0000030204020
151355,0.2540012934973,3.8465799447202,0.0064552055653,0.6161627178512,0.2772534787957,0.0000030204020
151400,0.2539951097565,3.8464862985299,0.0064312403861,0.6161892095912,0.2772513442530,0.0000030204020
151447,0.2539900170244,3.8464091745091,0.0064686866672,0.6161200756530,0.2772416106672,0.0000029599940
151466,0.2539924063788,3.8464453587450,0.0064218526470,0.6161367478233,0.2772280052953,0.0000029599940
151557,0.2539976610108,3.8465249345676,0.0064686866672,0.6160653828932,0.2772237155358,0.0000029599940
151616,0.2539983867663,3.8465359253640,0.0064855945143,0.6160144190328,0.2772129158963,0.0000029599940
151677,0.2539962036772,3.8465028647973,0.0064732097504,0.6159488282163,0.2771837150440,0.0000029599940
151872,0.2539946827774,3.8464798323848,0.0065200437707,0.6158720253147,0.2771760312521,0.0000029599940
152040,0.2539815321656,3.8462806803299,0.0064641305285,0.6159373264134,0.2771725722668,0.0000029599940
152229,0.2539752224348,3.8461851261548,0.0064641305285,0.6158794859181,0.2771505628619,0.0000029599940
152463,0.2539729737002,3.8461510714566,0.0064641305285,0.6158794859181,0.2771500809902,0.0000029599940
152585,0.2539713740258,3.8461268460857,0.0063869075593,0.6158026645569,0.2770892064441,0.0000029599940
153055,0.2539717188500,3.8461320680819,0.0063421284843,0.6158332717323,0.2770810204369,0.0000029599940
153081,0.2539724196324,3.8461426806886,0.0063496485922,0.6157897536314,0.2770688513291,0.0000029599940
153145,0.2539847364937,3.8463292064762,0.0063496485922,0.6157766221047,0.2770668008256,0.0000029599940
153165,0.2539918321987,3.8464366633966,0.0063408778876,0.6157664519520,0.2770609302630,0.0000029599940
153177,0.2539929290730,3.8464532743928,0.0063034316065,0.6158072003319,0.2770596698941,0.0000029599940
153320,0.2539931309178,3.8464563311182,0.0063394565046,0.6157638093037,0.2770596555928,0.0000029599940
153324,0.2539953967848,3.8464906452689,0.0062926224843,0.6157866864319,0.2770482398157,0.0000029599940
153432,0.2539906402825,3.8464186130914,0.0062248203096,0.6158358108109,0.2770357069114,0.0000029599940
153615,0.2539902778060,3.8464131237698,0.0062949859468,0.6157203982007,0.2770244814359,0.0000029599940
153652,0.2540043660332,3.8466264750139,0.0062949859468,0.6156436275812,0.2770000822633,0.0000029599940
154189,0.2540089054552,3.8466952197410,0.0063402443254,0.6155739283713,0.2769955588696,0.0000029599940
154228,0.2540001802265,3.8465630854157,0.0063402443254,0.6155421253967,0.2769823309725,0.0000029599940
154309,0.2540006961006,3.8465708977815,0.0063402443254,0.6155030180860,0.2769684746203,0.0000029599940
154325,0.2540029931368,3.8466056839548,0.0063870783456,0.6154450750543,0.2769683446254,0.0000029599940
154892,0.2539912169714,3.8464273464317,0.0063446296777,0.6154758347401,0.2769586144772,0.0000029599940
155484,0.2539896536543,3.8464036716541,0.0063136071665,0.6154697582609,0.2769428139476,0.0000029599940
155519,0.2539887851034,3.8463905183733,0.0063053157654,0.6154749801450,0.2769409393305,0.0000029599940
155939,0.2539852144893,3.8463364452125,0.0063053157654,0.6154658321533,0.2769369070591,0.0000029599940
156493,0.2539817080506,3.8462833439204,0.0063190888569,0.6154507243043,0.2769366627725,0.0000029599940
157502,0.2539884780584,3.8463858685020,0.0063162791462,0.6154052326219,0.2769206622973,0.0000029599940
158420,0.2539917949608,3.8464360994675,0.0063025060548,0.6154142781938,0.2769187008700,0.0000029599940
158886,0.2539949446693,3.8464837984593,0.0063053157654,0.6153970121346,0.2769144135195,0.0000029599940
159155,0.2539977547501,3.8465263541498,0.0063521497857,0.6153170962531,0.2769065460164,0.0000029599940
159188,0.2539939254311,3.8464683631793,0.0063989838059,0.6152332127195,0.2768958387662,0.0000029599940
159348,0.2539876450513,3.8463732534936,0.0063480729506,0.6152789388035,0.2768890047768,0.0000029599940
159454,0.2539896066646,3.8464029600449,0.0063933313291,0.6152131050158,0.2768853095034,0.0000029599940
159466,0.2539937002109,3.8464649524582,0.0064014849993,0.6151350696237,0.2768618113391,0.0000029599940
159468,0.2540009610842,3.8465749106755,0.0063671734738,0.6151560107607,0.2768561412785,0.0000029599940
159516,0.2540112973165,3.8467314419407,0.0063546509791,0.6151433335460,0.2768484618253,0.0000029599940
159517,0.2540111634104,3.8467294140757,0.0063546509791,0.6150971275496,0.2768319309895,0.0000029599940
159723,0.2540108460174,3.8467246074963,0.0063078169588,0.6151183749121,0.2768193795976,0.0000029599940
160356,0.2540162155905,3.8468059239802,0.0063093926005,0.6151130868155,0.2768193168894,0.0000029599940
161219,0.2540083018842,3.8466860792985,0.0063617083111,0.6149642695424,0.2767868930879,0.0000029599940
161403,0.2540079942706,3.8466814208174,0.0063617083111,0.6149609190116,0.2767856305526,0.0000029599940
161549,0.2540071065758,3.8466679776231,0.0063617083111,0.6149053132893,0.2767655811458,0.0000029599940
161853,0.2540071168254,3.8466681328413,0.0063911551807,0.6148500751466,0.2767584755209,0.0000029599940
162080,0.2540076265463,3.8466758520232,0.0063667106980,0.6148559792089,0.2767502171337,0.0000029599940
162177,0.2540065373711,3.8466593576214,0.0063911551807,0.6147917081413,0.2767375059931,0.0000029599940
162439,0.2540046152541,3.8466302492005,0.0064298355308,0.6147141248703,0.2767259630927,0.0000029599940
162926,0.2540082585297,3.8466854227417,0.0064326452414,0.6147040639013,0.2767243547532,0.0000029599940
162988,0.2540033156902,3.8466105686847,0.0064326452414,0.6146546136515,0.2767056347698,0.0000029599940
163267,0.2539941399361,3.8464716116291,0.0064092970968,0.6146789810543,0.2767023648329,0.0000029007941
163334,0.2539944959823,3.8464770035713,0.0064456470398,0.6146338866649,0.2767019145364,0.0000029007941
163396,0.2539934400360,3.8464610123858,0.0064669402392,0.6145487759494,0.2766804172350,0.0000029007941
163721,0.2540003787545,3.8465660919105,0.0064902883839,0.5101546416807,0.2394082910693,0.0000029007941
163731,0.2540024781947,3.8465978857040,0.0065137742594,0.5101120255142,0.2394035862651,0.0000029007941
164431,0.2540033275266,3.8466107479334,0.0064669402392,0.5101466632675,0.2393960671680,0.0000029007941
164509,0.2540020938532,3.8465920652599,0.0064183928464,0.5101562191875,0.2393784096125,0.0000029007941
164535,0.2540083734340,3.8466871628446,0.0064309153411,0.5100507738536,0.2393474629726,0.0000029007941
164613,0.2540098996379,3.8467102755831,0.0064309153411,0.5100388564726,0.2393435338088,0.0000029007941
164685,0.2540104342834,3.8467183722221,0.0064255879094,0.5099836283446,0.2393216408593,0.0000029007941
164688,0.2540178980816,3.8468314035218,0.0064528421028,0.5098801427516,0.2392979614728,0.0000029007941
165025,0.2540317466801,3.8470411258440,0.0064207397812,0.5098907734216,0.2392909675597,0.0000029007941
165029,0.2540263020909,3.8469586733203,0.0063864282557,0.5099115615748,0.2392825202629,0.0000029007941
165257,0.2540262706008,3.8469581964363,0.0063864282557,0.5098659638916,0.2392662286282,0.0000029007941
165651,0.2540324532910,3.8470518267163,0.0063864282557,0.5098492381055,0.2392615799953,0.0000029007941
165794,0.2540354221570,3.8470967870402,0.0063917556875,0.5097959375748,0.2392454634621,0.0000029007941
165824,0.2540354838828,3.8470977218117,0.0063792331927,0.5097893226371,0.2392377474279,0.0000029007941
165958,0.2540333920026,3.8470660425069,0.0064260672130,0.5097104924410,0.2392292172493,0.0000029007941
165991,0.2540257607761,3.8469504756832,0.0064260672130,0.5096990984395,0.2392235127002,0.0000029007941
165999,0.2540260433699,3.8469547552662,0.0063748478404,0.5096963616541,0.2392006446730,0.0000029007941
166494,0.2540217218414,3.8468893103043,0.0062910468427,0.5097890927539,0.2391969221678,0.0000029007941
166521,0.2540273249851,3.8469741639675,0.0062910468427,0.5097816812272,0.2391954758676,0.0000029007941
166735,0.2540279403183,3.8469834825361,0.0063308235308,0.5097210463064,0.2391909995480,0.0000028427782
166748,0.2540268787159,3.8469674056936,0.0063776575511,0.5096647089022,0.2391907232832,0.0000028427782
166972,0.2540383353983,3.8471409049874,0.0064216818606,0.5096042750153,0.2391904623168,0.0000028427782
167185,0.2540432347067,3.8472150998111,0.0064685158809,0.5095331919987,0.2391861970999,0.0000028427782
167403,0.2540421621527,3.8471988571199,0.0064685158809,0.5095223714283,0.2391821027775,0.0000028427782
167746,0.2540246656381,3.8469338909802,0.0064713255915,0.5095217996241,0.2391793534703,0.0000028427782
168115,0.2540162715770,3.8468067718362,0.0064713255915,0.5095148344947,0.2391750671967,0.0000028427782
168231,0.2540195001718,3.8468556654770,0.0064194891845,0.5095231080467,0.2391564982754,0.0000028427782
168298,0.2540193638340,3.8468536007864,0.0063726551642,0.5095304000083,0.2391390016092,0.0000028427782
168533,0.2539972014768,3.8465179754137,0.0063258211440,0.5095874359985,0.2391345508062,0.0000028427782
168703,0.2539958450144,3.8464974332297,0.0062081879244,0.5096658610230,0.2391118548360,0.0000028427782
168844,0.2539919327844,3.8464381866601,0.0062434415293,0.5096116180223,0.2391067526886,0.0000028427782
168862,0.2539885606407,3.8463871191232,0.0062130525803,0.5096266755721,0.2390983839475,0.0000028427782
168892,0.2539917050669,3.8464347381209,0.0062271507167,0.5095331929978,0.2390717131779,0.0000028427782
169128,0.2539983381595,3.8465351892657,0.0062456342055,0.5094873773537,0.2390646933200,0.0000028427782
169436,0.2540186144487,3.8468422521411,0.0063449216673,0.5093510878493,0.2390629151854,0.0000028427782
169553,0.2540170268548,3.8468182097172,0.0063917556875,0.5092791898524,0.2390569688537,0.0000028427782
169614,0.2540176786993,3.8468280812102,0.0064357799971,0.5092210268852,0.2390552036076,0.0000028427782
169693,0.2540199729336,3.8468628249532,0.0063181467774,0.5093249403270,0.2390423929357,0.0000028427782
169722,0.2540192951182,3.8468525601582,0.0062959114986,0.5093168721923,0.2390298368077,0.0000028427782
169823,0.2540244260860,3.8469302632189,0.0063427455188,0.5092446022795,0.2390251973406,0.0000028427782
169875,0.2540259351127,3.8469531158253,0.0064336038486,0.5091178814258,0.2390192025399,0.0000028427782
169947,0.2540274067635,3.8469754024139,0.0063159706290,0.5092015937949,0.2389990009313,0.0000028427782
170003,0.2540201470246,3.8468654613762,0.0063187803396,0.5092017787489,0.2389987154897,0.0000028427782
170135,0.2540251507078,3.8469412368462,0.0063056242827,0.5091847054750,0.2389880517996,0.0000028427782
170309,0.2540332990804,3.8470646352988,0.0063056242827,0.5090276507761,0.2389337069156,0.0000028427782
170398,0.2540367545953,3.8471169654039,0.0062587902624,0.5090715225393,0.2389300441469,0.0000028427782
170915,0.2540264916124,3.8469615434232,0.0063416491807,0.5089741528434,0.2389285810099,0.0000028427782
171071,0.2540271592383,3.8469716539085,0.0063352254109,0.5089101275097,0.2389031048378,0.0000028427782
171534,0.2540116692119,3.8467370739023,0.0061947233502,0.5090486288301,0.2388890351348,0.0000027859227
171699,0.2540130147420,3.8467574505280,0.0061904922565,0.5089543472940,0.2388538381596,0.0000027859227
172051,0.2540203224268,3.8468681176555,0.0062786786065,0.5088354281142,0.2388507271064,0.0000027859227
172275,0.2540282666229,3.8469884240730,0.0063255126268,0.4154797940969,0.2055312032938,0.0000027859227
172302,0.2540227199048,3.8469044249155,0.0063839270623,0.4148031432282,0.2053133884450,0.0000027859227
172463,0.2540168184862,3.8468150541950,0.0063839270623,0.4147748717152,0.2053020268863,0.0000027859227
172591,0.2540155494325,3.8467958357248,0.0063952154881,0.4147165012464,0.2052857462470,0.0000027859227
172644,0.2540166314439,3.8468122216387,0.0063798667549,0.4147284958693,0.2052836838720,0.0000027859227
172775,0.2540125697759,3.8467507119882,0.0063798667549,0.3312935218797,0.1754846085183,0.0000027859227
172786,0.2540084583187,3.8466884483339,0.0063798667549,0.3312899657079,0.1754824574304,0.0000027859227
172901,0.2540065968546,3.8466602584353,0.0063836350728,0.3311472214796,0.1754326934570,0.0000027859227
172946,0.2540052467483,3.8466398125097,0.0063864447834,0.3311213501038,0.1754243685332,0.0000027859227
172965,0.2540169634291,3.8468172492011,0.0064304690930,0.3310607685398,0.1754241105388,0.0000027859227
173420,0.2540270377973,3.8469698148136,0.0063836350728,0.2581223585593,0.1493567654732,0.0000027859227
173425,0.2540263596510,3.8469595450070,0.0064304690930,0.2580642750752,0.1493559477776,0.0000027859227
173525,0.2540250845183,3.8469402344761,0.0064221776919,0.2579968118120,0.1493280270547,0.0000027859227
173627,0.2540279091560,3.8469830106152,0.0064690117122,0.2579244749972,0.1493228694805,0.0000027859227
173703,0.2540312583102,3.8470337300004,0.0064304690930,0.2578632179328,0.1492851913680,0.0000027859227
173940,0.2540243963676,3.8469298131640,0.0063864447834,0.2579094385288,0.1492813607462,0.0000027859227
173961,0.2540263791809,3.8469598407663,0.0064332788036,0.2578429568179,0.1492781138896,0.0000027859227
173988,0.2540294941393,3.8470070135050,0.0064295104858,0.2577714447333,0.1492516263571,0.0000027859227
174336,0.2540412142755,3.8471845025254,0.0064735347954,0.2577108816289,0.1492513756960,0.0000027859227
174591,0.2540449891589,3.8472416691272,0.0064735347954,0.2576253126946,0.1492216242658,0.0000027859227
174831,0.2540436610589,3.8472215564633,0.0063443046328,0.2577787558847,0.1492207564569,0.0000027859227
174873,0.2540428348741,3.8472090447710,0.0063828472519,0.2577187451558,0.1492156652795,0.0000027859227
174951,0.2540423502160,3.8472017051390,0.0063443046328,0.2577286960577,0.1492025970524,0.0000027859227
175323,0.2540403857583,3.8471719555126,0.0063159541013,0.2577393746780,0.1491938396623,0.0000027859227
175436,0.2540423725020,3.8472020426361,0.0063599784108,0.2576787746543,0.1491914900887,0.0000027859227
175477,0.2540515714650,3.8473413511655,0.0064068124311,0.2575467973632,0.1491663982713,0.0000027859227
175711,0.2540441030170,3.8472282494489,0.0063463595780,0.2576151985497,0.1491633185191,0.0000027859227
175793,0.2540504261206,3.8473240061411,0.0063305480690,0.2575900225921,0.1491489056954,0.0000027859227
175860,0.2540516688515,3.8473428259804,0.0063747101095,0.2575315432134,0.1491472130913,0.0000027859227
175914,0.2540527337096,3.8473589521259,0.0063278760892,0.2575200920409,0.1491232798478,0.0000027859227
176102,0.2540595813644,3.8474626525883,0.0063513619648,0.2574875411228,0.1491231872497,0.0000027859227
176184,0.2540560454539,3.8474091049776,0.0063436875983,0.2574842555342,0.1491179671159,0.0000027859227
176642,0.2540622782118,3.8475034934799,0.0063801752722,0.2574230368497,0.1491130764655,0.0000027859227
176737,0.2540679572047,3.8475894957982,0.0064138532354,0.1949430520848,0.1268144465322,0.0000027859227
176768,0.2540587883549,3.8474506433017,0.0064138532354,0.1948299062758,0.1267720725611,0.0000027859227
176772,0.2540624013813,3.8475053587510,0.0064055618344,0.1947594810222,0.1267441414472,0.0000027859227
176827,0.2540601491952,3.8474712517829,0.0063936563741,0.1947687214886,0.1267418566624,0.0000027859227
176984,0.2540699749114,3.8476200518248,0.0064246788853,0.1946772477055,0.1267245883267,0.0000027859227
177262,0.2540716221791,3.8476449979446,0.0064448757467,0.1946324020205,0.1267175807943,0.0000027859227
177430,0.2540720010194,3.8476507350797,0.0063676527774,0.1946518609426,0.1266915160311,0.0000027859227
177522,0.2540745804839,3.8476897983306,0.0063234907369,0.1945670620681,0.1266428568724,0.0000027859227
178011,0.2540710967364,3.8476370406733,0.0063393022459,0.1944994225869,0.1266247297585,0.0000027859227
178158,0.2540672873657,3.8475793517984,0.0063861362662,0.1944379976821,0.1266220477217,0.0000027859227
178828,0.2540604027753,3.8474750919845,0.0063535546410,0.1943763665570,0.1265845977826,0.0000027859227
178888,0.2540594385706,3.8474604901284,0.0063408778876,0.1943311654915,0.1265628150353,0.0000027859227
179337,0.2540553434974,3.8473984745914,0.0063382059078,0.1942838993220,0.1265439116107,0.0000027859227
179885,0.2540513871578,3.8473385600295,0.0063507284026,0.1942100891660,0.1265220698371,0.0000027859227
179900,0.2540537911486,3.8473749659170,0.0063975624228,0.1941505792952,0.1265214031756,0.0000027859227
180129,0.2540509751364,3.8473323204020,0.0064443964431,0.1940763708789,0.1265143684616,0.0000027859227
180377,0.2540565806236,3.8474172095552,0.0064404903943,0.1940638283673,0.1265094161481,0.0000027859227
180858,0.2540620070494,3.8474993870134,0.0064318739483,0.1939525106484,0.1264671298629,0.0000027859227
181001,0.2540625589856,3.8475077455008,0.0063850399281,0.1939663234584,0.1264521095584,0.0000027859227
181033,0.2540622001086,3.8475023106903,0.0063382059078,0.1940157669127,0.1264496193097,0.0000027859227
181064,0.2540537909777,3.8473749633301,0.0063382059078,0.1940199556457,0.1264493133292,0.0000027859227
181540,0.2540529484198,3.8473622036850,0.0063382059078,0.1939733827889,0.1264324996179,0.0000027859227
182179,0.2540482554802,3.8472911340966,0.0063355504558,0.1939328682811,0.1264158864701,0.0000027859227
182687,0.2540266303831,3.8469636449575,0.0063493235473,0.1939197506015,0.1264124703886,0.0000027859227
183004,0.2540209395170,3.8468774628324,0.0063707875330,0.1417834818929,0.1078003538010,0.0000027859227
183146,0.2540162495436,3.8468064381637,0.0063707875330,0.1417552397131,0.1077892623139,0.0000027859227
183185,0.2540163167978,3.8468074566576,0.0063607662317,0.1416935622528,0.1077629542177,0.0000027859227
183280,0.2540113831156,3.8467327412770,0.0063922515188,0.1416314633083,0.1077532125001,0.0000027859227
183364,0.2540121653859,3.8467445879315,0.0063784784273,0.1416445809879,0.1077521622615,0.0000027302042
183970,0.2540133333301,3.8467622752055,0.0063343163868,0.1416581966129,0.1077383486697,0.0000027302042
184101,0.2540210200335,3.8468786821687,0.0063697077227,0.1415501821378,0.1077165869375,0.0000027302042
184325,0.2540249634988,3.8469384017644,0.0063697077227,0.1415129720812,0.1077041426599,0.0000027302042
184388,0.2540301052035,3.8470162674231,0.0063697077227,0.1414510243978,0.1076831202811,0.0000027302042
185789,0.2540231614926,3.8469111122930,0.0063343163868,0.1414952261054,0.1076822509518,0.0000027302042
186181,0.2540125288807,3.8467500926745,0.0063382224356,0.1414704242110,0.1076727887365,0.0000027302042
186732,0.2540154484480,3.8467943064210,0.0063823844760,0.1413921061096,0.1076643701963,0.0000027302042
186836,0.2540104837566,3.8467191214411,0.0063736137714,0.1413774610952,0.1076543170982,0.0000027302042
187305,0.2540149844311,3.8467872793772,0.0063736137714,0.0997459526671,0.0927868856612,0.0000027302042
187425,0.2540072589284,3.8466702848405,0.0062594238246,0.0998242028780,0.0927642381516,0.0000027302042
187598,0.2540099247796,3.8467106563271,0.0063062578449,0.0997363839710,0.0927535172331,0.0000027302042
187640,0.2539990102825,3.8465453678548,0.0063062578449,0.0996503686004,0.0927204586371,0.0000027302042
187940,0.2540006195305,3.8465697382082,0.0062594238246,0.0996795824051,0.0927111652546,0.0000027302042
187941,0.2539935730796,3.8464630271900,0.0063062578449,0.0995437916629,0.0926812303302,0.0000027302042
188418,0.2539963243466,3.8465046922081,0.0063062578449,0.0994827346698,0.0926600138185,0.0000027302042
191555,0.2540011296077,3.8465774627852,0.0063779991237,0.0993417973677,0.0926414550289,0.0000026756001
191673,0.2539991215941,3.8465470535509,0.0064248331440,0.0680393805677,0.0814816618917,0.0000026756001
191783,0.2539942048572,3.8464725947907,0.0064716671642,0.0679628195087,0.0814733367929,0.0000026756001
191826,0.2539992834319,3.8465495044134,0.0063911551807,0.0680289327380,0.0814635317907,0.0000026756001
191977,0.2539933711218,3.8464599687536,0.0063482272092,0.0680630034324,0.0814560352702,0.0000026756001
192362,0.2540004724536,3.8465675108850,0.0063950612294,0.0680008349568,0.0814554256801,0.0000026756001
192512,0.2540026103453,3.8465998869841,0.0063900588426,0.0680052807177,0.0814553276914,0.0000026756001
192536,0.2540009305346,3.8465744480349,0.0062990627819,0.0679428413514,0.0813936696466,0.0000026756001
192776,0.2539867775864,3.8463601166591,0.0063040651687,0.0678729707792,0.0813678269763,0.0000026756001
193206,0.2539767299111,3.8462079552832,0.0063040651687,0.0678746908078,0.0813662881989,0.0000026756001
193280,0.2539729591081,3.8461508504746,0.0062691366087,0.0678464909841,0.0813404394212,0.0000026756001
193428,0.2539807152971,3.8462683097236,0.0063115852767,0.0677657768116,0.0813314672578,0.0000026756001
193500,0.2539838474687,3.8463157431378,0.0063115852767,0.0677559882731,0.0813286425308,0.0000026756001
193813,0.2539826321503,3.8462973384295,0.0063076792279,0.0677187189910,0.0813133976267,0.0000026756001
194453,0.2539773858242,3.8462178883904,0.0063579399933,0.0676530177510,0.0813103490134,0.0000026756001
195079,0.2539795119058,3.8462500856389,0.0063540339446,0.0676312858911,0.0813013692029,0.0000026756001
195155,0.2539783001699,3.8462317351862,0.0063567059243,0.0676179072660,0.0812974765990,0.0000026756001
195441,0.2539702306428,3.8461095307640,0.0063545132481,0.0676148669105,0.0812937218550,0.0000026756001
195520,0.2539688605464,3.8460887821090,0.0063462218471,0.0676200721598,0.0812917338229,0.0000026756001
195648,0.2539740470701,3.8461673265038,0.0064394105840,0.0675008711487,0.0812902114613,0.0000026756001
196232,0.2539591567948,3.8459418290918,0.0064394105840,0.0674915624015,0.0812836961354,0.0000026756001
196308,0.2539628224163,3.8459973410386,0.0064383142459,0.0674130823192,0.0812559831657,0.0000026756001
196375,0.2539707783711,3.8461178255276,0.0064383142459,0.0673588326666,0.0812383131372,0.0000026756001
196625,0.2539665873866,3.8460543575161,0.0063919595292,0.0674137653728,0.0812371675856,0.0000026756001
196645,0.2539638719511,3.8460132351286,0.0064121563906,0.0673450902650,0.0812207146801,0.0000026756001
196906,0.2539498595484,3.8458010321657,0.0064628964595,0.0465668687552,0.0738186643699,0.0000026756001
197171,0.2539461153986,3.8457443309919,0.0064160624393,0.0465460227328,0.0737903453211,0.0000026756001
197564,0.2539436835657,3.8457075034629,0.0064268715615,0.0465083829715,0.0737810139231,0.0000026756001
198008,0.2539410415603,3.8456674930962,0.0064535087204,0.0464229760179,0.0737613612209,0.0000026756001
199095,0.2539437395666,3.8457083515374,0.0063969619161,0.0464890338683,0.0737612971098,0.0000026756001
199129,0.2539337775002,3.8455574866186,0.0064437959363,0.0463945068857,0.0737454744677,0.0000026756001
199749,0.2539371544615,3.8456086271124,0.0063773820892,0.0464589769730,0.0737407600561,0.0000026756001
200020,0.2539390523955,3.8456373693080,0.0063975789506,0.0463804159003,0.0737217650280,0.0000026756001
202592,0.2539446551560,3.8457222171680,0.0063828637796,0.0463558459593,0.0737078841387,0.0000026756001
202825,0.2539559105982,3.8458926688903,0.0064171587774,0.0462934300367,0.0737027024744,0.0000026756001
204432,0.2539540270794,3.8458641449982,0.0063964826125,0.0463190966471,0.0737026042963,0.0000026756001
204441,0.2539502620876,3.8458071281935,0.0063877119078,0.0463149466070,0.0736965564818,0.0000026756001
204662,0.2539528430477,3.8458462140948,0.0063598406799,0.0463333301155,0.0736917302714,0.0000026756001
204963,0.2539576705139,3.8459193209465,0.0064066747002,0.0462521367035,0.0736838388043,0.0000026756001
205040,0.2539549478185,3.8458780886145,0.0064242161095,0.0461891205797,0.0736682673579,0.0000026756001
205320,0.2539599556966,3.8459539276116,0.0063773820892,0.0462129836708,0.0736577912842,0.0000026756001
205382,0.2539645078564,3.8460228652393,0.0063305480690,0.0462427212784,0.0736493155982,0.0000026756001
205440,0.2539651691656,3.8460328800648,0.0063305480690,0.0462376573531,0.0736476487626,0.0000026756001
205934,0.2539827038689,3.8462984245321,0.0063468388816,0.0462013452708,0.0736454193750,0.0000026756001
205950,0.2539829603260,3.8463023083033,0.0063518412684,0.0461831894254,0.0736411339797,0.0000026220881
206173,0.2539875630177,3.8463720111815,0.0063986752886,0.0461206242768,0.0736398472978,0.0000026220881
206412,0.2540009453397,3.8465746722417,0.0064405069220,0.0460564408464,0.0736377201274,0.0000026220881
206499,0.2539954341371,3.8464912109297,0.0064040027204,0.0460419351972,0.0736157139086,0.0000026220881
207049,0.2539947543936,3.8464809169357,0.0064508367406,0.0459783843484,0.0736129432405,0.0000026220881
207932,0.2539844618823,3.8463250477789,0.0064553763516,0.0459638602395,0.0736074960682,0.0000026220881
209991,0.2539842686857,3.8463221220213,0.0064085423314,0.0460173964510,0.0736065030215,0.0000026220881
213281,0.2539877843502,3.8463753630280,0.0064553763516,0.0459072800016,0.0735880007977,0.0000026220881
213785,0.2539919737979,3.8464388077656,0.0063994631095,0.0459592329308,0.0735834903360,0.0000026220881
213803,0.2539816302906,3.8462821663292,0.0064284306754,0.0459072800016,0.0735751339238,0.0000026220881
213823,0.2539809187142,3.8462713902593,0.0063994631095,0.0458430634755,0.0735396322983,0.0000026220881
214122,0.2539755880462,3.8461906629520,0.0064326617691,0.0457617593056,0.0735236808058,0.0000026220881
214896,0.2539764125958,3.8462031498798,0.0064326617691,0.0457471613582,0.0735186439424,0.0000025696464
215706,0.2539667407245,3.8460566796561,0.0063870783456,0.0457779109449,0.0735080176408,0.0000025696464
217073,0.2539608652913,3.8459677024586,0.0064191971949,0.0457324639608,0.0735042927748,0.0000025696464
217707,0.2539627787205,3.8459966793117,0.0064159081807,0.0457182567808,0.0734982192250,0.0000025696464
217734,0.2539579401602,3.8459234044533,0.0064049447999,0.0457035409237,0.0734872281356,0.0000025696464
221522,0.2539696667385,3.8461009910317,0.0064622628973,0.0456137622734,0.0734822420690,0.0000025696464
221832,0.2539750994509,3.8461832636949,0.0064389147527,0.0456345417087,0.0734808211009,0.0000025696464
221854,0.2539712223070,3.8461245484665,0.0064857487729,0.0455531637003,0.0734709984328,0.0000025696464
223207,0.2539746504936,3.8461764647128,0.0064622628973,0.0455169291355,0.0734487267530,0.0000025696464
223973,0.2539691124539,3.8460925969811,0.0064154288771,0.0455456382430,0.0734377215600,0.0000025696464
224146,0.2539663800464,3.8460512175690,0.0064622628973,0.0454803906155,0.0734339050429,0.0000025696464
224264,0.2539740871497,3.8461679334672,0.0064005594475,0.0455448209012,0.0734321230457,0.0000025696464
224535,0.2539769821010,3.8462117744309,0.0064207563089,0.0454803906155,0.0734183883738,0.0000025696464
228251,0.2539738390735,3.8461641766162,0.0064005594475,0.0454942492116,0.0734140085688,0.0000025696464
228718,0.2539673813182,3.8460663807687,0.0063739222886,0.0455089835283,0.0734064710949,0.0000025696464
229738,0.2539708883634,3.8461194912448,0.0063892710218,0.0454682161038,0.0733992408386,0.0000025696464
230588,0.2539742881961,3.8461709781009,0.0063592071177,0.0454898260673,0.0733948026879,0.0000025696464
231526,0.2539729566212,3.8461508128138,0.0064235825472,0.0454025929550,0.0733909521373,0.0000025696464
231728,0.2539656375167,3.8460399727459,0.0064033856859,0.0453878401786,0.0733754591114,0.0000025696464
232470,0.2539626698629,3.8459950307792,0.0064181008568,0.0453631352957,0.0733723065149,0.0000025696464
232504,0.2539563500197,3.8458993234629,0.0064181008568,0.0453344870040,0.0733607207300,0.0000025696464
233102,0.2539494756611,3.8457952185996,0.0064181008568,0.0453195978583,0.0733539301011,0.0000025696464
233653,0.2539513181435,3.8458231210394,0.0063565516657,0.0453878765605,0.0733523319448,0.0000025696464
233849,0.2539546634270,3.8458737818068,0.0064033856859,0.0452947141034,0.0733398482081,0.0000025696464
234292,0.2539564106381,3.8459002414639,0.0064033856859,0.0452574961069,0.0733269304689,0.0000025696464
234302,0.2539628640801,3.8459979719922,0.0064033856859,0.0452063127439,0.0733100335768,0.0000025696464
234723,0.2539646599354,3.8460251683145,0.0064181008568,0.0451649177699,0.0733019409855,0.0000025696464
235167,0.2539609499091,3.8459689839043,0.0064304690930,0.0451499917049,0.0733011159150,0.0000025696464
235558,0.2539667919377,3.8460574552253,0.0064157539221,0.0451082854772,0.0732811661951,0.0000025696464
236854,0.2539641501911,3.8460174487780,0.0063568601829,0.0451708506259,0.0732777046286,0.0000025696464
238556,0.2539570434469,3.8459098246815,0.0063568601829,0.0451649955220,0.0732740906463,0.0000025182534
239325,0.2539604361697,3.8459612038673,0.0064036942032,0.0450983043525,0.0732710711065,0.0000025182534
240187,0.2539570805608,3.8459103867320,0.0063394730323,0.0451132488771,0.0732481660187,0.0000025182534
240953,0.2539634308256,3.8460065547508,0.0063863070525,0.0450317416513,0.0732404887891,0.0000025182534
242296,0.2539559341812,3.8458930260301,0.0063596698936,0.0450466051854,0.0732327748452,0.0000025182534
243898,0.2539599805874,3.8459543045569,0.0063761149648,0.0450045234364,0.0732256606238,0.0000025182534
244722,0.2539768405306,3.8462096304987,0.0063449547227,0.0450260593128,0.0732236104637,0.0000024678884
244876,0.2539813322968,3.8462776535279,0.0063449547227,0.0449621304337,0.0732017412425,0.0000024678884
248286,0.2539810334153,3.8462731272857,0.0063449547227,0.0449579584984,0.0732001872196,0.0000024678884
249443,0.2539826844800,3.8462981309085,0.0063247578613,0.0449718170945,0.0731968347201,0.0000024678884
252351,0.2539924684775,3.8464462991632,0.0063706332744,0.0448871140873,0.0731883411082,0.0000024678884
252542,0.2539888924487,3.8463921440033,0.0063908301357,0.0448373866303,0.0731784708080,0.0000024678884
253004,0.2539852143852,3.8463364436366,0.0064000801440,0.0448129599285,0.0731729231187,0.0000024678884
253134,0.2539925105820,3.8464469367913,0.0063917887429,0.0447736319363,0.0731568874203,0.0000024678884
254710,0.2539945543278,3.8464778871522,0.0064038484618,0.0447544093015,0.0731556285901,0.0000024678884
255051,0.2539808070483,3.8462696991984,0.0063917887429,0.0447692989752,0.0731528320342,0.0000024678884
255209,0.2539784133088,3.8462334485542,0.0064038484618,0.0447451005542,0.0731488452477,0.0000024678884
255350,0.2539811070841,3.8462742429209,0.0063715918816,0.0447558179465,0.0731394258767,0.0000024678884
256138,0.2539815900832,3.8462815574300,0.0063715918816,0.0447020317145,0.0731203200080,0.0000024678884
256240,0.2539890031431,3.8463938203528,0.0063939814191,0.0446511906588,0.0731133465170,0.0000024678884
256860,0.2539984189474,3.8465364127133,0.0063939814191,0.0446403815900,0.0731115038076,0.0000024678884
256878,0.2539996443834,3.8465549706397,0.0064408154393,0.0445716065939,0.0731072756254,0.0000024678884
256971,0.2540037953822,3.8466178331108,0.0064408154393,0.0445272124918,0.0730923100887,0.0000024678884
257043,0.2540029067172,3.8466043752220,0.0064408154393,0.0445178233963,0.0730887664120,0.0000024678884
257366,0.2540003728305,3.8465660021986,0.0063949234985,0.0444932362820,0.0730597743495,0.0000024678884
258637,0.2540055375811,3.8466442168629,0.0064057326207,0.0444456253485,0.0730485096579,0.0000024678884
258731,0.2539984351333,3.8465366578310,0.0064301771034,0.0444172941581,0.0730473456294,0.0000024678884
259328,0.2540019884383,3.8465904688634,0.0064057326207,0.0444434119425,0.0730469586251,0.0000024678884
259655,0.2539987877494,3.8465419978284,0.0064057326207,0.0444366117742,0.0730438441317,0.0000024678884
259924,0.2539943628217,3.8464749869946,0.0064057326207,0.0443819125189,0.0730233604845,0.0000024678884
260068,0.2539911644647,3.8464265512739,0.0063654766290,0.0443997672697,0.0730117992512,0.0000024678884
260263,0.2539923762988,3.8464449032144,0.0063654766290,0.0443369551348,0.0729896260246,0.0000024678884
260342,0.2539860474745,3.8463490598888,0.0063321237107,0.0443465536151,0.0729774037688,0.0000024678884
260525,0.2539864539810,3.8463552159985,0.0063996338958,0.0442628788970,0.0729765399859,0.0000024678884
261183,0.2539931954740,3.8464573087539,0.0064464679160,0.0441980436593,0.0729749008725,0.0000024678884
261441,0.2539989680384,3.8465447281126,0.0064688574535,0.0441562301503,0.0729707999706,0.0000024678884
261455,0.2540057267711,3.8466470819445,0.0063894418081,0.0441003491206,0.0729182554832,0.0000024678884
261535,0.2540118430212,3.8467397060592,0.0063980582541,0.0440441993398,0.0729032053777,0.0000024678884
262881,0.2539966714409,3.8465099485819,0.0063980582541,0.0440500544437,0.0729020454333,0.0000024185306
262947,0.2539909733961,3.8464236577420,0.0064448922744,0.0439793280027,0.0728956367034,0.0000024185306
263190,0.2539877139527,3.8463742969327,0.0063703247572,0.0440497606643,0.0728881352659,0.0000024185306
263219,0.2539790137394,3.8462425414378,0.0064171587774,0.0439083953415,0.0728558550421,0.0000024185306
263796,0.2539819299938,3.8462867050153,0.0063579565210,0.0439731339927,0.0728542285051,0.0000024185306
263888,0.2539744604532,3.8461735867524,0.0063759607062,0.0439319650028,0.0728456407579,0.0000024185306
263925,0.2539775783068,3.8462208033359,0.0063955405330,0.0438618123793,0.0728296457154,0.0000024185306
265370,0.2539492769892,3.8457922099242,0.0063955405330,0.0438774789343,0.0728291763455,0.0000024185306
265503,0.2539476182434,3.8457670899797,0.0063955405330,0.0438752655283,0.0728280303978,0.0000024185306
266027,0.2539598753415,3.8459527107198,0.0064423745533,0.0437958424910,0.0728223632714,0.0000024185306
266488,0.2539603943419,3.8459605704295,0.0064892085735,0.0437252476529,0.0728173337665,0.0000024185306
266917,0.2539671953866,3.8460635650315,0.0064610123006,0.0437393784399,0.0728117537259,0.0000024185306
266987,0.2539572805030,3.8459134146451,0.0064610123006,0.0437386729167,0.0728093771354,0.0000024185306
267033,0.2539580190049,3.8459245984716,0.0064610123006,0.0437242872257,0.0728043976390,0.0000024185306
267518,0.2539597739077,3.8459511746118,0.0064854567834,0.0436889339894,0.0728026237407,0.0000024185306
267966,0.2539496589613,3.8457979944865,0.0064033691582,0.0437733530129,0.0727954254927,0.0000024185306
268784,0.2539554658350,3.8458859334244,0.0063928850810,0.0437250301214,0.0727749184713,0.0000024185306
270538,0.2539708268022,3.8461185589661,0.0063928850810,0.0436783828916,0.0727615503822,0.0000023701600
274337,0.2539798881366,3.8462557832551,0.0064227947264,0.0436068131099,0.0727507498798,0.0000023701600
275172,0.2539748181303,3.8461790033930,0.0064343751417,0.0435596668659,0.0727377885408,0.0000023701600
275435,0.2539730273565,3.8461518840249,0.0064044654963,0.0435350371080,0.0727157900419,0.0000023701600
276350,0.2539784831183,3.8462345057446,0.0064397191012,0.0434774920123,0.0727115160017,0.0000023701600
277145,0.2539825063322,3.8462954330491,0.0064773031132,0.0434299702470,0.0727115134936,0.0000023701600
277925,0.2539767945683,3.8462089344475,0.0064036942032,0.0434339348519,0.0726801587988,0.0000023701600
278280,0.2539844080092,3.8463242319272,0.0064168502601,0.0433899397812,0.0726717160353,0.0000023701600
278289,0.2539762125218,3.8462001199717,0.0064015015270,0.0434101952289,0.0726706159194,0.0000023701600
278538,0.2539820712663,3.8462888444366,0.0064434708913,0.0433516561195,0.0726689514103,0.0000023701600
278835,0.2539820486660,3.8462885021800,0.0064015015270,0.0433745161584,0.0726591239966,0.0000023701600
279026,0.2539933632453,3.8464598494718,0.0064483355472,0.0433014258320,0.0726555165842,0.0000023701600
279120,0.2539863273322,3.8463532980373,0.0064281386859,0.0432922482497,0.0726420753829,0.0000023701600
279879,0.2539831469011,3.8463051337851,0.0064281386859,0.0432922482497,0.0726413938620,0.0000023701600
280196,0.2539805821141,3.8462662928079,0.0063105054663,0.0434217631791,0.0726366853597,0.0000023701600
280380,0.2539810772595,3.8462737912591,0.0063097176455,0.0433846688655,0.0726232058556,0.0000023701600
280578,0.2539846363395,3.8463276897472,0.0062683653156,0.0433674303310,0.0726000894691,0.0000023701600
280603,0.2539827437053,3.8462990278124,0.0062636714461,0.0433158388512,0.0725792467177,0.0000023701600
280935,0.2539795842428,3.8462511811058,0.0062636714461,0.0432622403933,0.0725594273837,0.0000023701600
280974,0.2539827835307,3.8462996309260,0.0062636714461,0.0432420135254,0.0725528890640,0.0000023701600
281420,0.2539904085174,3.8464151032546,0.0063056408104,0.0431827233735,0.0725513348058,0.0000023701600
281599,0.2539914663958,3.8464311237001,0.0063884832009,0.0430751020302,0.0725486291817,0.0000023701600
281824,0.2539896450347,3.8464035411199,0.0063900588426,0.0430612011063,0.0725439495494,0.0000023701600
282889,0.2539797646478,3.8462539131493,0.0063565351380,0.0431041415250,0.0725428008854,0.0000023701600
282904,0.2539797122631,3.8462531198384,0.0063565351380,0.0430751128837,0.0725324222883,0.0000023701600
283442,0.2539873928579,3.8463694342934,0.0063651515840,0.0430151539791,0.0725163469981,0.0000023701600
283489,0.2539870594016,3.8463643844503,0.0062708499813,0.0431086070664,0.0725092366732,0.0000023701600
283678,0.2539879660971,3.8463781153924,0.0062724256230,0.0431051177018,0.0725088600385,0.0000023701600
283782,0.2539938586788,3.8464673522857,0.0063040651687,0.0430316470215,0.0724974430111,0.0000023701600
284687,0.2539978457767,3.8465277326518,0.0063508991889,0.0429258870674,0.0724805977001,0.0000023701600
284786,0.2539951516836,3.8464869334709,0.0063508991889,0.0429265925906,0.0724802723670,0.0000023701600
285101,0.2539933495314,3.8464596417900,0.0063646722804,0.0428773548554,0.0724682040396,0.0000023701600
285259,0.2539838453716,3.8463157113781,0.0064115063006,0.0427844985247,0.0724530761816,0.0000023701600
285379,0.2539799223819,3.8462563018645,0.0064115063006,0.0427048845769,0.0724238019881,0.0000023701600
285971,0.2539755233348,3.8461896829663,0.0063118937939,0.0427744222065,0.0724050031286,0.0000023227568
286451,0.2539737349870,3.8461626003375,0.0063118937939,0.0427742815918,0.0724045696917,0.0000023227568
286602,0.2539818247692,3.8462851115011,0.0063118937939,0.0427048845769,0.0723815185682,0.0000023227568
287998,0.2539745321899,3.8461746731284,0.0062981207024,0.0426573568448,0.0723570789292,0.0000023227568
288470,0.2539778635250,3.8462251226625,0.0063646722804,0.0425680990549,0.0723544371094,0.0000023227568
288754,0.2539759590508,3.8461962814227,0.0063646722804,0.0425590840447,0.0723508093613,0.0000023227568
288943,0.2539800199957,3.8462577801216,0.0063269340098,0.0425656386331,0.0723378469437,0.0000023227568
289143,0.2539800057400,3.8462575642345,0.0063269340098,0.0424977800854,0.0723136086933,0.0000023227568
289173,0.2539798465008,3.8462551527253,0.0063269340098,0.0424186286896,0.0722853062149,0.0000023227568
289442,0.2539848563293,3.8463310212596,0.0062981207024,0.0424468512714,0.0722841106828,0.0000023227568
290058,0.2539744913528,3.8461740546941,0.0062981207024,0.0423851975708,0.0722598704376,0.0000023227568
292956,0.2539805571893,3.8462659153490,0.0063389937287,0.0423232751191,0.0722565721097,0.0000023227568
294581,0.2539837092067,3.8463136493065,0.0063129901320,0.0422610839164,0.0722238919996,0.0000023227568
294610,0.2539791234133,3.8462442023324,0.0063042194273,0.0422363434006,0.0722103145576,0.0000023227568
294729,0.2539849101724,3.8463318366559,0.0063269340098,0.0421850664226,0.0722029761921,0.0000023227568
295665,0.2539869106682,3.8463621320421,0.0062893499978,0.0421738834469,0.0721833035161,0.0000023227568
297694,0.2539904955282,3.8464164209412,0.0062993712991,0.0421189133892,0.0721687343804,0.0000023227568
297807,0.2539910315224,3.8464245380034,0.0062525372789,0.0421337404118,0.0721540728785,0.0000023227568
298092,0.2540027248964,3.8466016217392,0.0062993712991,0.0420569534158,0.0721492263974,0.0000023227568
298622,0.2540112570228,3.8467308317363,0.0062536336170,0.0420611079014,0.0721329365912,0.0000023227568
298866,0.2540072361067,3.8466699392302,0.0062376678494,0.0420631883045,0.0721259754956,0.0000022763017
298910,0.2540084233372,3.8466879185761,0.0062845018696,0.0419979366573,0.0721229974654,0.0000022763017
299160,0.2540152388136,3.8467911317314,0.0063313358898,0.0419346715142,0.0721219349536,0.0000022763017
299208,0.2540122651191,3.8467460982838,0.0063781699101,0.0418408961743,0.0721078782635,0.0000022763017
299430,0.2540090879224,3.8466979830140,0.0063473016575,0.0417621935889,0.0720658601183,0.0000022763017
299756,0.2540043060622,3.8466255668172,0.0063172377534,0.0417693818988,0.0720545181572,0.0000022763017
299827,0.2539997651759,3.8465567999138,0.0063640717736,0.0416874870205,0.0720443686623,0.0000022763017
299833,0.2539998757500,3.8465584744420,0.0064109057939,0.0416156371889,0.0720388034256,0.0000022763017
299949,0.2540075121502,3.8466741196167,0.0064018100443,0.0415493775556,0.0720128774639,0.0000022763017
299950,0.2540104642528,3.8467188260758,0.0063729802092,0.0415646630611,0.0720066135228,0.0000022763017
300430,0.2540061598846,3.8466536409897,0.0063822302174,0.0415494182857,0.0720042108848,0.0000022763017
300460,0.2539950606579,3.8464855549839,0.0063745558509,0.0415568783940,0.0720012077892,0.0000022763017
301009,0.2540060804388,3.8466524378671,0.0063620333561,0.0415502634564,0.0719958399096,0.0000022763017
301217,0.2540023151012,3.8465954158258,0.0063620333561,0.0415495579331,0.0719947810790,0.0000022763017
301263,0.2540053778468,3.8466417978567,0.0063996173681,0.0414812655514,0.0719871546790,0.0000022763017
302353,0.2540072591338,3.8466702879513,0.0064018100443,0.0414696776237,0.0719843589847,0.0000022763017
303665,0.2540041298611,3.8466228984380,0.0064486440645,0.0413914840051,0.0719758338568,0.0000022763017
305777,0.2540168248307,3.8468151502755,0.0063794039791,0.0414509137784,0.0719701048042,0.0000022763017
306522,0.2540062287441,3.8466546837931,0.0063794039791,0.0414463974207,0.0719662212293,0.0000022763017
306557,0.2540077797060,3.8466781714650,0.0063864613111,0.0413782021996,0.0719452227131,0.0000022763017
309890,0.2540054877955,3.8466434629132,0.0063864613111,0.0413782021996,0.0719447315894,0.0000022307756
312599,0.2540095296719,3.8467046728401,0.0063352419386,0.0413876077218,0.0719270056612,0.0000022307756
312913,0.2540134470441,3.8467639972845,0.0063352419386,0.0413817526179,0.0719257539895,0.0000022307756
313773,0.2540123943073,3.8467480547020,0.0063750186267,0.0413130841662,0.0719180511081,0.0000022307756
314864,0.2540087723151,3.8466932034762,0.0063820759588,0.0412997839011,0.0719155494431,0.0000022307756
316581,0.2540116786618,3.8467372170110,0.0063092383419,0.0413649926081,0.0719082449341,0.0000022307756
316667,0.2540056752597,3.8466463018591,0.0063129901320,0.0413515744332,0.0719037741955,0.0000022307756
317044,0.2540030083350,3.8466059141167,0.0063560723621,0.0412863841859,0.0718983842934,0.0000022307756
317396,0.2540024557273,3.8465975454596,0.0063560723621,0.0412713951825,0.0718929126619,0.0000022307756
317764,0.2539972071784,3.8465180617585,0.0063598241522,0.0412428718097,0.0718832089641,0.0000022307756
319937,0.2539960858594,3.8465010805719,0.0062954487227,0.0412930640451,0.0718733050100,0.0000022307756
321147,0.2539986752148,3.8465402936102,0.0063504198854,0.0412237387768,0.0718726599172,0.0000022307756
321909,0.2539947068613,3.8464801971091,0.0063596698936,0.0411987952050,0.0718668654265,0.0000022307756
323305,0.2539898969162,3.8464073555978,0.0063667272257,0.0411854211013,0.0718640828292,0.0000022307756
326519,0.2539860389018,3.8463489300653,0.0062841768246,0.0412411896984,0.0718477947247,0.0000022307756
326736,0.2539799355204,3.8462565008336,0.0063576314761,0.0411468251038,0.0718442657812,0.0000022307756
334078,0.2539621434899,3.8459870594191,0.0063435333396,0.0411644497098,0.0718407056469,0.0000021861601
334187,0.2539624301533,3.8459914006322,0.0063435333396,0.0411612758766,0.0718396335629,0.0000021861601
336050,0.2539671394865,3.8460627184835,0.0063037566515,0.0411922504469,0.0718346579002,0.0000021861601
336538,0.2539613039510,3.8459743454939,0.0063037566515,0.0411874284072,0.0718316852713,0.0000021861601
338092,0.2539496575027,3.8457979723979,0.0063435333396,0.0411116646143,0.0718191782584,0.0000021861601
341809,0.2539555519643,3.8458872377607,0.0063505906717,0.0410982351317,0.0718186696844,0.0000021861601
344054,0.2539606257595,3.8459640750038,0.0062788493929,0.0411633146212,0.0718122533387,0.0000021861601
344959,0.2539558179028,3.8458912651174,0.0063256834131,0.0410982351317,0.0718080521318,0.0000021861601
345447,0.2539505226015,3.8458110734004,0.0063256834131,0.0410847061990,0.0718020856627,0.0000021861601
346722,0.2539486373977,3.8457825239905,0.0063256834131,0.0410689038333,0.0717960379884,0.0000021861601
351421,0.2539436864404,3.8457075469980,0.0063283388651,0.0410437260106,0.0717871230404,0.0000021861601
357674,0.2539398834292,3.8456499544312,0.0062813505863,0.0411022710917,0.0717870792331,0.0000021424369
361985,0.2539293126281,3.8454898708701,0.0063532461237,0.0410102492845,0.0717827615035,0.0000020995882
362553,0.2539293836190,3.8454909459509,0.0063281846065,0.0410223311845,0.0717763510299,0.0000020995882
379069,0.2539088875079,3.8451805541077,0.0063211272744,0.0410358160460,0.0717737504572,0.0000020995882
379570,0.2539156940381,3.8452836317822,0.0063281846065,0.0410223311845,0.0717734175483,0.0000020995882
408198,0.2539060215029,3.8451371515044,0.0063281846065,0.0410223311845,0.0717713448622,0.0000020164445
413107,0.2539043984456,3.8451125720245,0.0063281846065,0.0410223311845,0.0717709970642,0.0000020164445
434523,0.2539035599191,3.8450998734311,0.0063281846065,0.0410223311845,0.0717708173799,0.0000019761156
448684,0.2538936732939,3.8449501509871,0.0063281846065,0.0410223311845,0.0717686988174,0.0000019761156
454284,0.2538896785030,3.8448896541205,0.0063375888734,0.0409967459634,0.0717627356119,0.0000019365933
454937,0.2538953076332,3.8449749013208,0.0063375888734,0.0409831431922,0.0717590837215,0.0000019365933
461562,0.2538895461714,3.8448876500991,0.0063631131665,0.0409537195956,0.0717582796779,0.0000019365933
461807,0.2538827152732,3.8447842033978,0.0063375888734,0.0409673408264,0.0717507416566,0.0000019365933
466670,0.2538670968001,3.8445476782019,0.0062678860120,0.0410339661139,0.0717413169316,0.0000019365933
467028,0.2538728206221,3.8446343594108,0.0062678860120,0.0410132831165,0.0717351566801,0.0000019365933
467227,0.2538712124817,3.8446100058316,0.0062678860120,0.0409981919023,0.0717294223592,0.0000019365933
468510,0.2538756376706,3.8446770206196,0.0063291266860,0.0409191385837,0.0717283832890,0.0000019365933
473378,0.2538715935196,3.8446157762460,0.0062822926657,0.0409737566452,0.0717269514128,0.0000019365933
473444,0.2538713327932,3.8446118278215,0.0063291266860,0.0408929855518,0.0717181204467,0.0000019365933
473491,0.2538646883985,3.8445112055165,0.0063306857999,0.0408793089420,0.0717124803361,0.0000019365933
475511,0.2538672917661,3.8445506307562,0.0063306857999,0.0408760014581,0.0717118569563,0.0000019365933
476535,0.2538659474006,3.8445302717670,0.0063306857999,0.0408600828977,0.0717058836779,0.0000018978614
484186,0.2538640613787,3.8445017099680,0.0063306857999,0.0408600828977,0.0717054795303,0.0000018978614
496885,0.2538620526591,3.8444712900424,0.0063306857999,0.0408600828977,0.0717050490904,0.0000018978614
498983,0.2538634091525,3.8444918326939,0.0062674067085,0.0409094617708,0.0716958554687,0.0000018978614
499342,0.2538601996664,3.8444432284342,0.0063142407287,0.0408303530733,0.0716869863384,0.0000018978614
516686,0.2538479629645,3.8442579165751,0.0063142407287,0.0408303530733,0.0716843641880,0.0000018599042
522193,0.2538184085834,3.8438103468467,0.0063275510443,0.0408041446625,0.0716743753806,0.0000018599042
523488,0.2538139454294,3.8437427571178,0.0063275510443,0.0407904126738,0.0716685147088,0.0000018599042
524658,0.2538157783900,3.8437705153606,0.0063040651687,0.0407742617242,0.0716530739145,0.0000018227061
525257,0.2538171149655,3.8437907563772,0.0063040651687,0.0407704894618,0.0716520130870,0.0000018227061
528251,0.2538135141766,3.8437362262528,0.0063284931237,0.0407403556746,0.0716509485461,0.0000018227061
531746,0.2538129033176,3.8437269754411,0.0063046822032,0.0407100872331,0.0716298028098,0.0000018227061
533665,0.2538023754684,3.8435675423411,0.0062114769386,0.0408196336759,0.0716267254583,0.0000018227061
533787,0.2538117041693,3.8437088156138,0.0062583109589,0.0407378966432,0.0716196043912,0.0000018227061
535005,0.2538074089379,3.8436437688927,0.0063051449791,0.0406699991565,0.0716145066050,0.0000018227061
535635,0.2538049558167,3.8436066189776,0.0063045279446,0.0406658783102,0.0716122447620,0.0000018227061
537342,0.2538044455517,3.8435988915558,0.0063045279446,0.0406491463874,0.0716061597328,0.0000018227061
537739,0.2538040054073,3.8435922260350,0.0063286473824,0.0406184739832,0.0716054478880,0.0000018227061
539245,0.2537979972929,3.8435012395219,0.0063438418569,0.0405705054276,0.0715935407256,0.0000018227061
540240,0.2538035968260,3.8435860385054,0.0063040651687,0.0405567252119,0.0715727719678,0.0000018227061
542482,0.2537953051994,3.8434604706236,0.0063040651687,0.0405613108367,0.0715726329139,0.0000018227061
547900,0.2537943937824,3.8434466681803,0.0063040651687,0.0405567252119,0.0715707998871,0.0000017862520
551933,0.2537981462052,3.8435034946405,0.0063273967857,0.0405256488448,0.0715705045396,0.0000017505269
553218,0.2538024993761,3.8435694187916,0.0063291101582,0.0405082549585,0.0715659595622,0.0000017505269
553485,0.2538035828079,3.8435858262165,0.0063273967857,0.0404906638872,0.0715591748981,0.0000017505269
556502,0.2538088781092,3.8436660179335,0.0063040651687,0.0405043005818,0.0715551805892,0.0000017505269
566022,0.2538074736825,3.8436447493814,0.0062713127572,0.0405444374470,0.0715551774876,0.0000017505269
566610,0.2538106811792,3.8436933235137,0.0062713127572,0.0405354085099,0.0715526401879,0.0000017505269
567885,0.2538118103678,3.8437104238768,0.0062871242662,0.0404696709203,0.0715361808073,0.0000017505269
710028,0.2538137043693,3.8437391065183,0.0063345918486,0.0404024846955,0.0715329348341,0.0000015506910
710232,0.2538094743634,3.8436750475699,0.0062877578284,0.0404564471376,0.0715312289820,0.0000015506910
711689,0.2538039774803,3.8435918031108,0.0062948151605,0.0403753138106,0.0715040994612,0.0000015506910
711748,0.2537988042281,3.8435134596978,0.0062941815983,0.0403617652582,0.0714978806118,0.0000015506910
795073,0.2537962543139,3.8434748439552,0.0062941815983,0.0403617652582,0.0714973342016,0.0000014303080
837507,0.2537819266709,3.8432578670113,0.0063117230076,0.0403069607110,0.0714822086867,0.0000013736678
837837,0.2537807861795,3.8432405954793,0.0063117230076,0.0402929494396,0.0714769602701,0.0000013736678
838511,0.2537864804838,3.8433268296739,0.0062871242662,0.0402793455083,0.0714627796136,0.0000013736678
888049,0.2537808993231,3.8432423089202,0.0063356881867,0.0402236892449,0.0714625195224,0.0000013192705
888205,0.2537792915257,3.8432179605345,0.0062888541665,0.0402788671336,0.0714618096603,0.0000013192705
889872,0.2537734235570,3.8431290963788,0.0062888541665,0.0401956481841,0.0714308311850,0.0000013192705
891645,0.2537794507742,3.8432203721844,0.0062930852602,0.0401674651706,0.0714238706955,0.0000013192705
1021010,0.2537792008998,3.8432165881022,0.0062930852602,0.0401674651706,0.0714238171510,0.0000011925161
