0,0.2063240533919,3.124558757017,0.5553584234398,0.3201241934734,0.3965531191558,100000
2,0.2063343779406,3.124715111347,0.5553115894196,0.3201358971453,0.396539439719,100000.0000000000000
4,0.2063425247341,3.1248384858857,0.5553115894196,0.3196332825867,0.3963616802610,100000.0000000000000
10,0.2063647102765,3.1251744623730,0.5552647553994,0.3187193538722,0.3960199594705,100000.0000000000000
11,0.2063646453172,3.1251734786335,0.5552647553994,0.3186882522205,0.3960088378179,100000.0000000000000
12,0.2063695991013,3.1252484984348,0.5552179213791,0.3187227033442,0.3960021315928,100000.0000000000000
13,0.2063670571614,3.1252100034539,0.5552179213791,0.3187140463878,0.3959984951213,100000.0000000000000
15,0.2063730519723,3.1253007885000,0.5552179213791,0.3186959741305,0.3959933253460,100000.0000000000000
17,0.2063626084186,3.1251426319659,0.5552179213791,0.3184854216045,0.3959158901109,100000.0000000000000
19,0.2063649463086,3.1251780368291,0.5551242533387,0.3185647082694,0.3959045643075,100000.0000000000000
20,0.2063733577315,3.1253054188981,0.5550066201191,0.3184348269867,0.3958095663459,100000.0000000000000
21,0.2063707374175,3.1252657370257,0.5550066201191,0.3183741259728,0.3957873259165,100000.0000000000000
22,0.2063716459842,3.1252794963036,0.5550066201191,0.3178711981896,0.3956079035439,100000.0000000000000
23,0.2063860066788,3.1254969737779,0.5550066201191,0.3178541110313,0.3956048782791,100000.0000000000000
24,0.2063835189300,3.1254592994637,0.5550066201191,0.3178547406930,0.3956045700693,100000.0000000000000
25,0.2063814572117,3.1254280769285,0.5550066201191,0.3176645273282,0.3955361949279,100000.0000000000000
30,0.2063790955235,3.1253923116677,0.5550066201191,0.3171551597824,0.3953537718712,100000.0000000000000
31,0.2063798038525,3.1254030385575,0.5550066201191,0.3167906962299,0.3952237581015,100000.0000000000000
32,0.2063868765196,3.1255101465930,0.5548889868994,0.3167769301777,0.3951699429888,100000.0000000000000
33,0.2063886370471,3.1255368079140,0.5548421528792,0.3167522429120,0.3951414316412,100000.0000000000000
34,0.2063975644621,3.1256720041365,0.5547245196596,0.3166273315313,0.3950483192143,100000.0000000000000
35,0.2064033051862,3.1257589413085,0.5547245196596,0.3165812637124,0.3950330965770,100000.0000000000000
36,0.2063989560777,3.1256930786778,0.5547245196596,0.3165542956480,0.3950225331736,100000.0000000000000
37,0.2064094695317,3.1258522937777,0.5547245196596,0.3161532067862,0.3948815400346,100000.0000000000000
38,0.2064081280631,3.1258319786588,0.5546068864400,0.3160024263158,0.3947769881720,100000.0000000000000
39,0.2064104607288,3.1258673044044,0.5546068864400,0.3159529298767,0.3947598107293,100000.0000000000000
40,0.2064083061121,3.1258346750228,0.5544892532203,0.3159797861579,0.3947185263177,100000.0000000000000
41,0.2064094614217,3.1258521709602,0.5544892532203,0.3157841529548,0.3946489048830,100000.0000000000000
42,0.2064128934171,3.1259041448858,0.5544892532203,0.3156991100410,0.3946192678413,100000.0000000000000
43,0.2064156149596,3.1259453597592,0.5545360872406,0.3155540671030,0.3945881217027,100000.0000000000000
48,0.2064216414315,3.1260366242773,0.5545360872406,0.3152944663589,0.3944966985380,100000.0000000000000
49,0.2064292235760,3.1261514478078,0.5545360872406,0.3151905785603,0.3944612204981,100000.0000000000000
50,0.2064175956007,3.1259753544660,0.5545360872406,0.3137317811342,0.3939377297083,100000.0000000000000
51,0.2064197164661,3.1260074727199,0.5545360872406,0.3136388180870,0.3939049830912,100000.0000000000000
54,0.2064288337553,3.1261455443861,0.5545360872406,0.3136201869829,0.3939002828303,100000.0000000000000
55,0.2064348066262,3.1262359971756,0.5544892532203,0.3136426474634,0.3938895126084,100000.0000000000000
56,0.2064184425952,3.1259881812978,0.5544892532203,0.3130680849712,0.3936808051402,100000.0000000000000
57,0.2064257027824,3.1260981291261,0.5544892532203,0.3130593166949,0.3936792293674,100000.0000000000000
133011,0.2542850601409,3.8508772892928,0.0063085386688,0.8838344192505,0.3728484649063,0.0000028427782
133133,0.2542829347604,3.8508451026610,0.0063085386688,0.8838243811713,0.3728444244393,0.0000028427782
133219,0.2542785166264,3.8507781947127,0.0062617046486,0.8838642735918,0.3728376532664,0.0000028427782
133245,0.2542749945129,3.8507248560420,0.0062203523188,0.8838468125994,0.3728129400320,0.0000028427782
133260,0.2542780984942,3.8507718625439,0.0062203523188,0.8838140711560,0.3728019117982,0.0000028427782
133275,0.2542810111667,3.8508159718765,0.0061913682251,0.8837651223768,0.3727726324810,0.0000028427782
133311,0.2542790234489,3.8507858700005,0.0061645933353,0.8836597137044,0.3727230856343,0.0000028427782
133329,0.2542791792693,3.8507882297360,0.0061177593150,0.8835902935847,0.3726782544016,0.0000028427782
133368,0.2542830355766,3.8508466294160,0.0061530129200,0.8835337042158,0.3726739789520,0.0000028427782
133456,0.2542891089434,3.8509386041088,0.0061177593150,0.8834557453917,0.3726323292628,0.0000028427782
133518,0.2542927550558,3.8509938206103,0.0061067959342,0.8833196329405,0.3725798003911,0.0000028427782
133549,0.2542869134289,3.8509053553725,0.0060599619140,0.8833590116889,0.3725725407297,0.0000028427782
133740,0.2542857291368,3.8508874205250,0.0060190888877,0.8833497410513,0.3725514589995,0.0000028427782
133881,0.2542830411243,3.8508467134298,0.0060356882176,0.8831637396794,0.3724915679340,0.0000028427782
134072,0.2542822436847,3.8508346370531,0.0060580777551,0.8830831885318,0.3724722243031,0.0000028427782
134104,0.2542812147066,3.8508190542727,0.0060444589222,0.8830743198049,0.3724629997627,0.0000028427782
134112,0.2542802064797,3.8508037857467,0.0060659229080,0.7577354367171,0.3277080957480,0.0000028427782
134338,0.2542985997784,3.8510823327287,0.0062330455999,0.7575180582607,0.3277060260170,0.0000028427782
134347,0.2543099687038,3.8512545030357,0.0061987340744,0.7575307354754,0.3276982848525,0.0000028427782
134353,0.2543138113959,3.8513126965286,0.0061329372618,0.7575579098953,0.3276806148025,0.0000028427782
134358,0.2543139235311,3.8513143946967,0.0061583072963,0.7574855544407,0.3276656704696,0.0000028427782
134386,0.2543039239706,3.8511629619683,0.0061114732761,0.7574838689852,0.3276428540353,0.0000028427782
134415,0.2543056154103,3.8511885770275,0.0060940861254,0.7574908931345,0.3276382734754,0.0000028427782
134428,0.2543068365521,3.8512070699224,0.0061077049583,0.7574388947687,0.3276258009464,0.0000028427782
134430,0.2543103087502,3.8512596526777,0.0060608709380,0.7549871041351,0.3267308337539,0.0000028427782
134439,0.2543156791542,3.8513409817441,0.0060608709380,0.7548969925483,0.3266998018452,0.0000028427782
134499,0.2543254069635,3.8514882990899,0.0060483484433,0.6399826190494,0.2856556719141,0.0000028427782
134508,0.2543298053104,3.8515549073843,0.0060259589058,0.6398209894221,0.2855892940340,0.0000028427782
134569,0.2543395189737,3.8517020105033,0.0059791248855,0.6398590086347,0.2855848821006,0.0000028427782
134615,0.2543448947275,3.8517834205866,0.0060259589058,0.6397960692341,0.2855836274134,0.0000028427782
134646,0.2543483367826,3.8518355468581,0.0060701209463,0.6395896456962,0.2855295688933,0.0000028427782
134697,0.2543502278101,3.8518641844624,0.0060701209463,0.6394380819168,0.2854758441923,0.0000028427782
134920,0.2543524659859,3.8518980792576,0.0061565939237,0.6392578327615,0.2854490089505,0.0000028427782
134938,0.2543551157290,3.8519382068038,0.0062034279440,0.6391923784198,0.2854462719250,0.0000028427782
135005,0.2543495399847,3.8518537680769,0.0062034279440,0.6391795311421,0.2854404888092,0.0000028427782
135045,0.2543513670193,3.8518814365753,0.0062502619642,0.6390534450272,0.2854159212842,0.0000028427782
135177,0.2543509541820,3.8518751845930,0.0062034279440,0.6366202808451,0.2845267738882,0.0000028427782
135179,0.2543544819759,3.8519286092872,0.0062034279440,0.6365479888777,0.2845017112843,0.0000028427782
135275,0.2543440737164,3.8517709872459,0.0061565939237,0.6365716642082,0.2844878646952,0.0000028427782
135352,0.2543443653758,3.8517754041171,0.0061592659035,0.6364867247190,0.2844587367959,0.0000028427782
135414,0.2543427831991,3.8517514437318,0.0061212025879,0.6364082183554,0.2844140469216,0.0000028427782
135441,0.2543447538173,3.8517812866524,0.0061212025879,0.6340982203979,0.2835894699263,0.0000028427782
135500,0.2543334502065,3.8516101054655,0.0060743685677,0.6340907062718,0.2835642923846,0.0000028427782
135541,0.2543350940755,3.8516350001177,0.0060580777551,0.6340967685489,0.2835598279644,0.0000028427782
135573,0.2543358415668,3.8516463200788,0.0060999093885,0.6340424192082,0.2835585055052,0.0000028427782
135637,0.2543348322790,3.8516310354864,0.0061049117753,0.6340064008775,0.2835475694197,0.0000028427782
135747,0.2543349176905,3.8516323289531,0.0061517457955,0.6339125115835,0.2835341275544,0.0000028427782
135763,0.2543323282851,3.8515931151581,0.0061473604432,0.6339164825427,0.2835331114449,0.0000028427782
135812,0.2543426290919,3.8517491099409,0.0062649936628,0.6315022795786,0.2827235176532,0.0000028427782
135880,0.2543392238024,3.8516975404474,0.0062649936628,0.6293571122458,0.2819566567581,0.0000028427782
135883,0.2543416212566,3.8517338473463,0.0062405491801,0.6293747452813,0.2819529918041,0.0000028427782
135951,0.2543425944793,3.8517485857702,0.0062405491801,0.6292718985705,0.2819164693836,0.0000027859227
135955,0.2543383770322,3.8516847170117,0.0062873832003,0.6292005988092,0.2819101731675,0.0000027859227
136009,0.2543430929516,3.8517561346034,0.0063292148337,0.6290210320096,0.2818649805647,0.0000027859227
136017,0.2543475100906,3.8518230274848,0.0064468480534,0.6272973763219,0.2813007500144,0.0000027859227
136037,0.2543577318622,3.8519778253646,0.0064000140331,0.6273332175593,0.2812956691130,0.0000027859227
136053,0.2543532009983,3.8519092102405,0.0064468480534,0.6271471342192,0.2812483116008,0.0000027859227
136061,0.2543458655737,3.8517981230218,0.0064846028517,0.6268588154616,0.2811599493671,0.0000027859227
136086,0.2543432968152,3.8517592219015,0.0064468480534,0.6268042711378,0.2811237381753,0.0000027859227
136088,0.2543556719654,3.8519466304137,0.0064000140331,0.6268332591269,0.2811166711235,0.0000027859227
136140,0.2543651936008,3.8520908254740,0.0064000140331,0.6266887231509,0.2810670914826,0.0000027859227
136309,0.2543715841459,3.8521876034956,0.0064028237438,0.6266756954328,0.2810650122903,0.0000027859227
136354,0.2543671855689,3.8521209917163,0.0063804342063,0.6266490842948,0.2810449702442,0.0000027859227
136372,0.2543762620305,3.8522584450925,0.0063804342063,0.6265779895774,0.2810215242297,0.0000027859227
136424,0.2543663082100,3.8521077050471,0.0063854365931,0.6265611797364,0.2810155316336,0.0000027859227
136721,0.2543612077927,3.8520304646421,0.0063804342063,0.6264763369638,0.2809819938168,0.0000027859227
136784,0.2543651262081,3.8520898048829,0.0063804342063,0.5220301008863,0.2436806063067,0.0000027859227
136831,0.2543721471915,3.8521961302244,0.0064178804874,0.5219735301396,0.2436779553712,0.0000027859227
136877,0.2543789763807,3.8522995510442,0.0063873372797,0.5219916602147,0.2436728038496,0.0000027859227
137006,0.2543796669824,3.8523100094743,0.0064030110578,0.5219388125016,0.2436607949859,0.0000027859227
137145,0.2543731697837,3.8522116162964,0.0064365512902,0.5218857464224,0.2436548249432,0.0000027859227
137149,0.2543690441826,3.8521491384478,0.0063869075593,0.5218112449913,0.2436060573471,0.0000027859227
137161,0.2543784384665,3.8522914049048,0.0063483649401,0.5218283644108,0.2435976662210,0.0000027859227
137224,0.2543838750299,3.8523737358855,0.0063483649401,0.5217533383344,0.2435720361716,0.0000027859227
137232,0.2543760493094,3.8522552236567,0.0062307317205,0.5218636977295,0.2435593590642,0.0000027859227
137259,0.2543740843905,3.8522254670467,0.0062307317205,0.5200562933376,0.2429134364416,0.0000027859227
137271,0.2543757646411,3.8522509126577,0.0062307317205,0.5200268471719,0.2429032800076,0.0000027859227
137303,0.2543774487914,3.8522764173259,0.0061649349079,0.5200357363606,0.2428786169732,0.0000027859227
137329,0.2543770530307,3.8522704239497,0.0061437794394,0.5198800948804,0.2428138792950,0.0000027859227
137454,0.2543708727821,3.8521768306456,0.0061137155354,0.5196199118269,0.2427067479067,0.0000027859227
137492,0.2543732373019,3.8522126387882,0.0061939024739,0.5194771078870,0.2426906190132,0.0000027859227
137619,0.2543693356560,3.8521535525026,0.0061605495556,0.5195177840434,0.2426900160370,0.0000027859227
137621,0.2543706881751,3.8521740349688,0.0061605495556,0.5195153969152,0.2426894533168,0.0000027859227
137680,0.2543675707121,3.8521268243007,0.0062542175961,0.5193756695256,0.2426790260958,0.0000027859227
137681,0.2543613284466,3.8520322918176,0.0062542175961,0.5193719574940,0.2426763627419,0.0000027859227
137688,0.2543582158697,3.8519851551439,0.0062300981583,0.5177448780121,0.2420842590442,0.0000027859227
137703,0.2543470451874,3.8518159870200,0.0062398109424,0.5177324262450,0.2420815808887,0.0000027859227
137834,0.2543425900032,3.8517485179845,0.0062443340256,0.5177220664103,0.2420788647296,0.0000027859227
137872,0.2543389730798,3.8516937435194,0.0063102850968,0.5174632297642,0.2420139127601,0.0000027859227
137885,0.2543407860766,3.8517211994314,0.0063206314431,0.5173923361823,0.2419934162714,0.0000027859227
138018,0.2543399361339,3.8517083279517,0.0063211107467,0.5173332397336,0.2419723336821,0.0000027859227
138024,0.2543463824137,3.8518059500150,0.0063120315248,0.5156349907784,0.2413633064487,0.0000027859227
138025,0.2543523932707,3.8518969780630,0.0062863529731,0.5155556983442,0.2413252706694,0.0000027859227
138029,0.2543513594334,3.8518813216947,0.0062863529731,0.5154938817497,0.2413029717776,0.0000027859227
138046,0.2543461941506,3.8518030989706,0.0062020726718,0.5155052767930,0.2412698144605,0.0000027859227
138132,0.2543458312558,3.8517976033141,0.0062111518937,0.5153002742154,0.2412004125862,0.0000027859227
138141,0.2543448467329,3.8517826937593,0.0062476395676,0.5152460807406,0.2411964843791,0.0000027859227
138244,0.2543468636548,3.8518132379013,0.0061425453704,0.5152698506925,0.2411603654750,0.0000027859227
138408,0.2543385167855,3.8516868334260,0.0062025354476,0.5151724073677,0.2411494857058,0.0000027859227
138551,0.2543449379819,3.8517840756289,0.0061691825293,0.5151837455160,0.2411406169073,0.0000027859227
138684,0.2543387061671,3.8516897014102,0.0062548511583,0.5150543068620,0.2411297685544,0.0000027859227
138702,0.2543404490210,3.8517160950812,0.0062521791785,0.5150459746100,0.2411260210846,0.0000027859227
138758,0.2543329228647,3.8516021194342,0.0062206938914,0.5150147277387,0.2410997550454,0.0000027859227
138826,0.2543347156506,3.8516292692741,0.0062206938914,0.4210883936185,0.2075550198852,0.0000027859227
138848,0.2543329599409,3.8516026809137,0.0061738598712,0.4210456968689,0.2075193230996,0.0000027859227
138872,0.2543324224339,3.8515945409413,0.0061705708570,0.4210492023232,0.2075190502900,0.0000027859227
138885,0.2543337399310,3.8516144930364,0.0061574148000,0.4210589866365,0.2075171886983,0.0000027859227
138892,0.2543372457162,3.8516675844307,0.0062042488202,0.4209036736210,0.2074825427268,0.0000027859227
138965,0.2543288241060,3.8515400480854,0.0061818592827,0.4209293909334,0.2074803273344,0.0000027859227
139129,0.2543186336177,3.8513857239581,0.0061350252625,0.4209816842074,0.2074767481047,0.0000027859227
139200,0.2543201298633,3.8514083830089,0.0061300228757,0.4209644818615,0.2074687811537,0.0000027859227
139272,0.2543137843107,3.8513122863520,0.0061300228757,0.4209657301923,0.2074678672249,0.0000027859227
139315,0.2543092425832,3.8512435067103,0.0060173920429,0.4209947622767,0.2074289922422,0.0000027859227
139398,0.2543160123880,3.8513460282167,0.0060429163360,0.4209112112687,0.2074115422517,0.0000027859227
139451,0.2543184787960,3.8513833793479,0.0060294352341,0.4209241830950,0.2074109259477,0.0000027859227
139466,0.2543175785382,3.8513697458988,0.0060294352341,0.4208553059674,0.2073861340611,0.0000027859227
139472,0.2543112216959,3.8512734782713,0.0059826012138,0.4208898778862,0.2073770472716,0.0000027859227
139478,0.2543172546313,3.8513648406731,0.0059826012138,0.4208582565114,0.2073670466953,0.0000027859227
139506,0.2543122937791,3.8512897138321,0.0060294352341,0.4207149940626,0.2073348902182,0.0000027859227
139891,0.2543146356825,3.8513251794738,0.0060872326351,0.4206428882212,0.2073344102832,0.0000027302042
140083,0.2543194936585,3.8513987483624,0.0060692284499,0.4206258826871,0.2073216617936,0.0000027302042
140551,0.2543301690425,3.8515604157204,0.0060358755316,0.4206377210822,0.2073138832663,0.0000027302042
140670,0.2543407902786,3.8517212630656,0.0060245871059,0.4206365798221,0.2073109137558,0.0000027302042
140749,0.2543500980289,3.8518622190630,0.0060731344987,0.4205101198914,0.2072885500383,0.0000027302042
140874,0.2543467855441,3.8518120549975,0.0061199685189,0.4204549316495,0.2072882018567,0.0000027302042
140952,0.2543416030932,3.8517335722807,0.0061276428855,0.4203779375246,0.2072628824440,0.0000027302042
141140,0.2543402430011,3.8517129751294,0.0060920972910,0.4204134391504,0.2072600363215,0.0000027302042
141412,0.2543389733757,3.8516937479999,0.0060715753847,0.4203589907231,0.2072315232894,0.0000027302042
141491,0.2543428922850,3.8517530957213,0.0060247413645,0.4190536356890,0.2067460931062,0.0000027302042
141506,0.2543377704406,3.8516755308255,0.0060820594619,0.4189818070572,0.2067439073843,0.0000027302042
141564,0.2543243043153,3.8514716006534,0.0060820594619,0.4188384790376,0.2066898332075,0.0000027302042
141587,0.2543252545412,3.8514859908156,0.0060352254417,0.4179304176472,0.2063456574650,0.0000027302042
141662,0.2543247721759,3.8514786859052,0.0060063956066,0.4179509792875,0.2063405419003,0.0000027302042
141670,0.2543247571488,3.8514784583360,0.0060532296269,0.4178814635562,0.2063357833564,0.0000027302042
141744,0.2543288846738,3.8515409653205,0.0060662314252,0.4176587538938,0.2062627008601,0.0000027302042
141756,0.2543264523363,3.8515041301506,0.0060662314252,0.4173156673104,0.2061396487223,0.0000027302042
141816,0.2543248919055,3.8514804990836,0.0060662314252,0.4171706765724,0.2060875319379,0.0000027302042
141841,0.2543164234342,3.8513522530744,0.0061080630586,0.4170981971566,0.2060777596027,0.0000027302042
141862,0.2543184158261,3.8513824257358,0.0061455093397,0.4168987495331,0.2060230036559,0.0000027302042
141892,0.2543207139396,3.8514172282240,0.0061755732438,0.4167509853794,0.2059836077270,0.0000027302042
142040,0.2543185921457,3.8513850959089,0.0061755732438,0.4167296452964,0.2059755315987,0.0000027302042
142107,0.2543114952403,3.8512776208108,0.0061755732438,0.4167257093895,0.2059726051522,0.0000027302042
142239,0.2543055357754,3.8511873710405,0.0061575690586,0.4166395894971,0.2059328549402,0.0000027302042
142340,0.2543059285227,3.8511933187821,0.0061884373112,0.4165849393769,0.2059266504514,0.0000027302042
142350,0.2543059741090,3.8511940091381,0.0061416032910,0.4165966118286,0.2059107572297,0.0000027302042
142471,0.2543055469101,3.8511875396636,0.0061416032910,0.4165402956173,0.2058905527545,0.0000027302042
142502,0.2543056879117,3.8511896749841,0.0061541257857,0.4164777972519,0.2058736289078,0.0000027302042
142714,0.2543092379691,3.8512434368343,0.0061072917655,0.4164562421417,0.2058466196578,0.0000027302042
142764,0.2543050646563,3.8511802364426,0.0061072917655,0.4163722361740,0.2058157232451,0.0000027302042
142911,0.2543126981046,3.8512958369129,0.0060604577453,0.4163977928818,0.2058064146568,0.0000026756001
143283,0.2543137683728,3.8513120449880,0.0060230114642,0.4164045861953,0.2057930217772,0.0000026756001
143300,0.2543222469500,3.8514404440403,0.0059761774440,0.4164259747160,0.2057824056496,0.0000026756001
143321,0.2543118829763,3.8512834926601,0.0059921432116,0.4163900106040,0.2057741829442,0.0000026756001
143388,0.2543119046670,3.8512838211434,0.0059921432116,0.4163812293672,0.2057710514362,0.0000026756001
143400,0.2543206034942,3.8514155556456,0.0059921432116,0.4163410803687,0.2057585765425,0.0000026756001
143495,0.2543244339303,3.8514735635349,0.0059822761689,0.4162687686139,0.2057293429910,0.0000026756001
143686,0.2543254962833,3.8514896517438,0.0059534463338,0.4162837164637,0.2057225535123,0.0000026756001
143699,0.2543280632004,3.8515285249769,0.0059534463338,0.4162427222214,0.2057084627650,0.0000026756001
143924,0.2543354527203,3.8516404314111,0.0060311486066,0.4161279785385,0.2057023673209,0.0000026756001
144091,0.2543317707637,3.8515846720871,0.0061248166471,0.3325028331231,0.1758755984135,0.0000026756001
144111,0.2543320938116,3.8515895643056,0.0061039862236,0.3325230327753,0.1758739544752,0.0000026756001
144222,0.2543335050264,3.8516109356555,0.0060551137858,0.3325626549613,0.1758674623286,0.0000026756001
144278,0.2543323734565,3.8515937992302,0.0060621711179,0.3325536307532,0.1758670214888,0.0000026756001
144332,0.2543323229819,3.8515930348465,0.0060621711179,0.3325454300242,0.1758640818410,0.0000026756001
144397,0.2543343117532,3.8516231526762,0.0060621711179,0.3325295106005,0.1758588224978,0.0000026756001
144507,0.2543248873553,3.8514804301751,0.0060621711179,0.3325238708014,0.1758547887700,0.0000026756001
144584,0.2543252524514,3.8514859591683,0.0060516870406,0.3325199515563,0.1758489740985,0.0000026756001
144746,0.2543212262352,3.8514249863970,0.0060496486231,0.3323608366994,0.1757904109958,0.0000026756001
144757,0.2543163466900,3.8513510908653,0.0060958656088,0.3323035789097,0.1757887234480,0.0000026756001
145129,0.2543112545156,3.8512739752904,0.0060496486231,0.3323608366994,0.1757882741987,0.0000026756001
145142,0.2543110392112,3.8512707147334,0.0060964826433,0.3323034012658,0.1757877871302,0.0000026756001
145458,0.2543183119768,3.8513808530478,0.0059482896884,0.3324507605753,0.1757784626384,0.0000026756001
145547,0.2543230704797,3.8514529155222,0.0058721630572,0.3325226877668,0.1757725449012,0.0000026756001
145616,0.2543249899935,3.8514819845222,0.0059085130002,0.3324503575525,0.1757627025532,0.0000026756001
145961,0.2543289554205,3.8515420367034,0.0058836057416,0.3324764902251,0.1757622108454,0.0000026756001
146191,0.2543270489157,3.8515131647130,0.0058836057416,0.3324064322247,0.1757367815943,0.0000026756001
146354,0.2543338990593,3.8516169028654,0.0058836057416,0.3323861477680,0.1757310050334,0.0000026756001
146433,0.2543282525416,3.8515313923491,0.0058723173158,0.3323924331909,0.1757272019624,0.0000026756001
146484,0.2543280904237,3.8515289372451,0.0058626045317,0.3323268780186,0.1756995920396,0.0000026756001
146560,0.2543386019473,3.8516881231117,0.0059569061344,0.3321687469142,0.1756857840871,0.0000026756001
146716,0.2543402669516,3.8517133378341,0.0059213605399,0.3321733120723,0.1756725374611,0.0000026756001
147477,0.2543556005728,3.8519455492485,0.0058118644627,0.3322246039291,0.1756472148672,0.0000026220881
147568,0.2543557788291,3.8519482487523,0.0057983998885,0.3322081266593,0.1756355977939,0.0000026220881
148068,0.2543572754715,3.8519709138111,0.0058303479515,0.3321389552173,0.1756249064436,0.0000026220881
148083,0.2543620444212,3.8520431344923,0.0058408320287,0.3321032378054,0.1756176653188,0.0000026220881
148191,0.2543783615284,3.8522902397593,0.0057633005422,0.3321220584900,0.1755946557349,0.0000026220881
148619,0.2543704513731,3.8521704488541,0.0057479518091,0.3321403981035,0.1755929325351,0.0000026220881
148715,0.2543751520797,3.8522416360653,0.0057843017521,0.3320615889680,0.1755813722565,0.0000026220881
148992,0.2543763702400,3.8522600838103,0.0057913590842,0.3320523217887,0.1755813481549,0.0000026220881
149174,0.2543744859894,3.8522315488347,0.0057843017521,0.3320615889680,0.1755812295229,0.0000026220881
149336,0.2543712682019,3.8521828188589,0.0058076498967,0.3319702959835,0.1755579417074,0.0000026220881
149357,0.2543699998009,3.8521636102723,0.0057963614710,0.3319577607219,0.1755483551313,0.0000026220881
149646,0.2543641287812,3.8520746999124,0.0057608158765,0.3319909789809,0.1755437268934,0.0000026220881
149704,0.2543598947072,3.8520105793559,0.0057843017521,0.3319073519819,0.1755230181817,0.0000026220881
149830,0.2543644941694,3.8520802333276,0.0057717792573,0.3319090465312,0.1755192421934,0.0000026220881
150075,0.2543651528381,3.8520902081666,0.0058402315219,0.3317984201646,0.1755092106049,0.0000026220881
150291,0.2543618311234,3.8520399043238,0.0058474265849,0.3317881513543,0.1755079149751,0.0000026220881
150338,0.2543629166899,3.8520563440759,0.0058452339087,0.3317850778548,0.1755061101997,0.0000026220881
150374,0.2543572047585,3.8519698429384,0.0058490022266,0.3317723288671,0.1755019479979,0.0000026220881
150501,0.2543603000124,3.8520167172725,0.0058958362468,0.3316735598099,0.1754874083263,0.0000026220881
150803,0.2543552753005,3.8519406233452,0.0058843935624,0.2585391731645,0.1493620037927,0.0000026220881
150921,0.2543568366889,3.8519642689148,0.0059274592648,0.2584732475947,0.1493572502592,0.0000026220881
150956,0.2543511968177,3.8518788590531,0.0058301936929,0.2585503014550,0.1493418757061,0.0000026220881
151050,0.2543558170424,3.8519488274509,0.0057749140129,0.2584580499454,0.1492862274951,0.0000026220881
151130,0.2543626791450,3.8520527467111,0.0058217480332,0.2583862482962,0.1492821262225,0.0000026220881
151211,0.2543660187088,3.8521033208588,0.0057749140129,0.2584073159226,0.1492702942726,0.0000026220881
151835,0.2543583023842,3.8519864653142,0.0057274464305,0.2584513774705,0.1492640337920,0.0000026220881
151880,0.2543608187185,3.8520245725264,0.0057628377663,0.2583988851100,0.1492609934503,0.0000026220881
151978,0.2543662586633,3.8521069547151,0.0057742804507,0.2583779225171,0.1492595765200,0.0000026220881
151999,0.2543606510185,3.8520220328879,0.0057742804507,0.1955584821307,0.1268228604581,0.0000026220881
152012,0.2543613493287,3.8520326080539,0.0058150157461,0.1953995999838,0.1267837244558,0.0000026220881
152090,0.2543633283102,3.8520625776280,0.0058482144057,0.1953462141282,0.1267793101433,0.0000026220881
152263,0.2543732312500,3.8522125471388,0.0058013803855,0.1953680118524,0.1267691453803,0.0000026220881
152307,0.2543763145176,3.8522592399541,0.0058013803855,0.1953621116194,0.1267676988545,0.0000026220881
152362,0.2543792263775,3.8523033369809,0.0058013803855,0.1953558075573,0.1267660713737,0.0000026220881
152435,0.2543758065911,3.8522515479458,0.0057899377011,0.1430569879889,0.1080822847089,0.0000026220881
152520,0.2543875459546,3.8524293281440,0.0058067078173,0.1429929523690,0.1080691176152,0.0000026220881
152535,0.2543866845362,3.8524162828765,0.0058535418375,0.1429342664352,0.1080680454864,0.0000026220881
152742,0.2543898201306,3.8524637681245,0.0058095175279,0.1429766513498,0.1080649873078,0.0000026220881
152747,0.2543935667613,3.8525205068690,0.0058067078173,0.1429710410889,0.1080625823309,0.0000026220881
152851,0.2543848451798,3.8523884277770,0.0058067078173,0.1429643331977,0.1080583177451,0.0000026220881
152933,0.2543902697692,3.8524705774248,0.0058405400392,0.1429005804347,0.1080512108369,0.0000026220881
152962,0.2543777057044,3.8522803079999,0.0058405400392,0.1012273760890,0.0931652312709,0.0000026220881
152972,0.2543747533805,3.8522355981893,0.0057937060189,0.1012279246761,0.0931447228311,0.0000026220881
153069,0.2543738301295,3.8522216165325,0.0058405400392,0.1011640498656,0.0931417842822,0.0000026220881
153295,0.2543729825463,3.8522087807855,0.0058858149454,0.1011097130373,0.0931416001785,0.0000026220881
153339,0.2543794596172,3.8523068691485,0.0058547924342,0.1011313919282,0.0931374352213,0.0000026220881
153447,0.2543797668332,3.8523115216078,0.0058563515482,0.1009656518310,0.0930789763531,0.0000026220881
154432,0.2543707118178,3.8521743930125,0.0057590694485,0.1010628384396,0.0930700531673,0.0000026220881
154436,0.2543632981843,3.8520621214039,0.0057518743855,0.1010709389530,0.0930682739737,0.0000026220881
154902,0.2543569500355,3.8519659854284,0.0057573560759,0.1010549547456,0.0930635543064,0.0000026220881
155208,0.2543573670399,3.8519723005183,0.0057142903735,0.1010633599582,0.0930481887965,0.0000026220881
155295,0.2543609076253,3.8520259189248,0.0057573560759,0.1010034910209,0.0930460224597,0.0000026220881
155506,0.2543680439456,3.8521339909200,0.0057501610129,0.1009746249605,0.0930341587655,0.0000026220881
156358,0.2543599964497,3.8520121201387,0.0057116183938,0.1009922950906,0.0930222267975,0.0000026220881
156734,0.2543649966910,3.8520878434847,0.0057360628765,0.1009352403570,0.0930133977941,0.0000026220881
156828,0.2543608784108,3.8520254765026,0.0057360628765,0.1008698719530,0.0929891694469,0.0000026220881
157707,0.2543672445381,3.8521218847417,0.0057360628765,0.1008042973287,0.0929671141083,0.0000025696464
158013,0.2543595636301,3.8520055655454,0.0057791285789,0.1007444283914,0.0929625431658,0.0000025696464
158097,0.2543512032869,3.8518789570227,0.0057791285789,0.1007373296754,0.0929582164080,0.0000025696464
158115,0.2543502674518,3.8518647847932,0.0057911882978,0.1006843460456,0.0929442615979,0.0000025696464
158146,0.2543494033805,3.8518516993514,0.0057911882978,0.1006115989032,0.0929180953175,0.0000025696464
158193,0.2543441506480,3.8517721522930,0.0057557969620,0.1005905440120,0.0928942824126,0.0000025696464
158634,0.2543333370828,3.8516083923273,0.0056950190639,0.1006300476940,0.0928800260073,0.0000025696464
158768,0.2543413350881,3.8517295136282,0.0057003464957,0.1006093646966,0.0928766362658,0.0000025696464
158962,0.2543503532821,3.8518660846013,0.0056887495527,0.1005828912915,0.0928641438300,0.0000025696464
158995,0.2543523312637,3.8518960390335,0.0056643215977,0.1004829374293,0.0928184007517,0.0000025696464
160828,0.2543466094631,3.8518093884369,0.0056751307199,0.1004619519859,0.0928143123313,0.0000025696464
162325,0.2543092326194,3.8512433558193,0.0056511655407,0.1004952837351,0.0928079364127,0.0000025696464
162465,0.2543051358025,3.8511813138757,0.0056043315205,0.1003862831408,0.0927480580167,0.0000025696464
162874,0.2543038160034,3.8511613269198,0.0056273380925,0.1003185217495,0.0927334346652,0.0000025696464
163402,0.2542966696631,3.8510531031815,0.0055928888361,0.1003377641228,0.0927240116157,0.0000025696464
163624,0.2542962693811,3.8510470413358,0.0055928888361,0.1003370774457,0.0927236805992,0.0000025696464
163990,0.2542921331438,3.8509844024138,0.0056397228563,0.1002597972462,0.0927152659143,0.0000025696464
164105,0.2542927484998,3.8509937213271,0.0056397228563,0.1002507518743,0.0927121672863,0.0000025696464
164509,0.2542960065197,3.8510430605794,0.0055449584778,0.0691312000472,0.0815581264758,0.0000025696464
165772,0.2543111601320,3.8512725459515,0.0056303351172,0.0689318929374,0.0815267825562,0.0000025696464
165773,0.2543129348296,3.8512994218626,0.0056303351172,0.0689228475655,0.0815239323585,0.0000025696464
167017,0.2543109080441,3.8512687283470,0.0057116183938,0.0687734355450,0.0815049723014,0.0000025182534
167167,0.2543044668845,3.8511711838222,0.0057584524140,0.0687187326388,0.0815041270237,0.0000025182534
167245,0.2543125686902,3.8512938770692,0.0057584524140,0.0686580977699,0.0814842078146,0.0000025182534
167672,0.2543184312211,3.8513826588756,0.0057275841614,0.0685964760080,0.0814502270480,0.0000025182534
167842,0.2543297976166,3.8515547908700,0.0057744181816,0.0685291192398,0.0814486784385,0.0000025182534
167858,0.2543300823261,3.8515591024927,0.0057744181816,0.0684582412930,0.0814234258952,0.0000025182534
167937,0.2543312479225,3.8515767542128,0.0058096717866,0.0684055727078,0.0814199741447,0.0000025182534
168367,0.2543406284449,3.8517188122662,0.0057742804507,0.0684373194307,0.0814181546566,0.0000025182534
168603,0.2543478011484,3.8518274352457,0.0057390268458,0.0683843392384,0.0813856614794,0.0000025182534
168852,0.2543520927818,3.8518924274785,0.0057101970107,0.0684029467547,0.0813808710131,0.0000025182534
168975,0.2543485013988,3.8518380397950,0.0056921928256,0.0683898746552,0.0813677167447,0.0000025182534
169125,0.2543431027614,3.8517562831634,0.0057390268458,0.0683099364986,0.0813580822752,0.0000025182534
169178,0.2543310108188,3.8515731635291,0.0057503152716,0.0682353198868,0.0813336802514,0.0000025182534
169640,0.2543191752235,3.8513939260023,0.0057858608660,0.0681359732561,0.0813108969391,0.0000025182534
170120,0.2543259149882,3.8514959925842,0.0057792828376,0.0681323204563,0.0813082174480,0.0000025182534
170189,0.2543340172020,3.8516186920111,0.0057739554058,0.0680856806477,0.0812910133771,0.0000025182534
170208,0.2543304894533,3.8515652680014,0.0057532792409,0.0680855466639,0.0812813483660,0.0000025182534
170372,0.2543358520102,3.8516464782336,0.0057484145850,0.0680300117247,0.0812605787260,0.0000025182534
170811,0.2543334565836,3.8516102020408,0.0057952486052,0.0679551443216,0.0812533987850,0.0000025182534
170916,0.2543358323610,3.8516461806673,0.0058306399410,0.0679012840743,0.0812498397929,0.0000025182534
171145,0.2543278708954,3.8515256127220,0.0058217149777,0.0472114081239,0.0738550673694,0.0000025182534
171251,0.2543369559868,3.8516631967870,0.0058685489980,0.0471361314363,0.0738502013664,0.0000025182534
171416,0.2543269310301,3.8515113794609,0.0058351960797,0.0471431895554,0.0738362798104,0.0000025182534
171444,0.2543266243075,3.8515067344722,0.0057302396134,0.0472197616703,0.0738185799253,0.0000025182534
171660,0.2543289224640,3.8515415376125,0.0058192137843,0.0471031637294,0.0738155620532,0.0000025182534
171745,0.2543259422949,3.8514964061150,0.0059080171689,0.0469612966932,0.0738023152403,0.0000025182534
171755,0.2543204744304,3.8514136011114,0.0059080171689,0.0469488633553,0.0737967030772,0.0000025182534
171807,0.2543213734146,3.8514272152732,0.0059075378653,0.0469464211587,0.0737958180878,0.0000025182534
171885,0.2543129982225,3.8513003818805,0.0059075378653,0.0468732565771,0.0737678931961,0.0000025182534
171963,0.2543221118980,3.8514383988201,0.0059416951322,0.0468188820120,0.0737650654676,0.0000025182534
171976,0.2543150088461,3.8513308306404,0.0059416951322,0.0467977765082,0.0737560057052,0.0000024678884
171980,0.2543130360993,3.8513009554842,0.0059078629103,0.0468075391657,0.0737445701134,0.0000024678884
171990,0.2543150703986,3.8513317627866,0.0059078629103,0.0467988565092,0.0737419050859,0.0000024678884
172582,0.2543218813303,3.8514349071170,0.0059002050714,0.0468002085562,0.0737405655143,0.0000024678884
172616,0.2543208075709,3.8514186461717,0.0058839142588,0.0468175000251,0.0737395291708,0.0000024678884
172671,0.2543196612531,3.8514012864053,0.0059307482791,0.0467315590874,0.0737286620622,0.0000024678884
172692,0.2543180969634,3.8513775968976,0.0059258836232,0.0467229574213,0.0737231699811,0.0000024678884
172985,0.2543112606675,3.8512740684542,0.0058790496029,0.0467774216950,0.0737210848639,0.0000024678884
173002,0.2543061769382,3.8511970807700,0.0058839142588,0.0467648519877,0.0737175911647,0.0000024678884
173015,0.2543072853962,3.8512138671909,0.0058594697761,0.0467852670248,0.0737146435692,0.0000024678884
173123,0.2543046810403,3.8511744269851,0.0058958197191,0.0467375006524,0.0737126046212,0.0000024678884
173150,0.2543085163645,3.8512325088987,0.0059153995459,0.0466607996336,0.0736944246098,0.0000024678884
173177,0.2543076428881,3.8512192810264,0.0058245412161,0.0467266244333,0.0736788070091,0.0000024678884
173257,0.2543070591021,3.8512104402066,0.0058713752364,0.0466676915133,0.0736777061636,0.0000024678884
173291,0.2543088962233,3.8512382614570,0.0058713752364,0.0466589031529,0.0736749611323,0.0000024678884
173470,0.2543029766373,3.8511486156116,0.0058115394178,0.0466721319765,0.0736527733072,0.0000024678884
173483,0.2542929180647,3.8509962892066,0.0058115394178,0.0466764949189,0.0736521760925,0.0000024678884
173609,0.2542952478789,3.8510315717701,0.0058115394178,0.0466629284971,0.0736478301878,0.0000024678884
174420,0.2543057847634,3.8511911416995,0.0058000967334,0.0466569666401,0.0736430548493,0.0000024678884
174473,0.2543011200270,3.8511204992188,0.0057925766254,0.0466001431563,0.0736185382582,0.0000024678884
174502,0.2542947030913,3.8510233215404,0.0057925766254,0.0465789348636,0.0736095888103,0.0000024678884
174510,0.2543004152161,3.8511098256067,0.0057457426052,0.0466098470540,0.0736017811821,0.0000024678884
174551,0.2543028710332,3.8511470163488,0.0057925766254,0.0465307929700,0.0735941455501,0.0000024678884
174573,0.2543038703280,3.8511621496078,0.0058394106457,0.0464718495593,0.0735933801896,0.0000024678884
174638,0.2542994700659,3.8510955123100,0.0058862446659,0.0463935985735,0.0735845622186,0.0000024678884
174710,0.2542902474559,3.8509558456720,0.0058862446659,0.0463781936411,0.0735770841835,0.0000024678884
174886,0.2542943019529,3.8510172467241,0.0059042488511,0.0463143882014,0.0735628814266,0.0000024678884
174984,0.2543067239196,3.8512053642239,0.0058574148308,0.0463453003918,0.0735565116216,0.0000024678884
175023,0.2543106363824,3.8512646143194,0.0058372179695,0.0463602889547,0.0735540472670,0.0000024678884
175038,0.2543132698159,3.8513044948734,0.0058660478046,0.0462881572499,0.0735412058946,0.0000024678884
175233,0.2543124039411,3.8512913821192,0.0058508533301,0.0462963169469,0.0735374226099,0.0000024678884
175455,0.2543152517207,3.8513345087186,0.0058976873503,0.0462169142790,0.0735297464756,0.0000024678884
175461,0.2543214353504,3.8514281532260,0.0058632380939,0.0462274118408,0.0735200567013,0.0000024678884
175590,0.2543149621077,3.8513301228373,0.0058632380939,0.0462236351356,0.0735173207546,0.0000024678884
175807,0.2543251566933,3.8514845090137,0.0059100721141,0.0461472521685,0.0735122974005,0.0000024678884
176226,0.2543243275321,3.8514719522462,0.0059100721141,0.0461476185416,0.0735122505706,0.0000024678884
176343,0.2543277729310,3.8515241291550,0.0059569061344,0.0460690711869,0.0735050079667,0.0000024678884
176561,0.2543303978709,3.8515638810840,0.0059995090609,0.0460047939320,0.0735008726884,0.0000024678884
176648,0.2543316447352,3.8515827635207,0.0059526750407,0.0459402402743,0.0734580132730,0.0000024678884
177017,0.2543319328819,3.8515871271953,0.0059172837048,0.0459310291728,0.0734396176242,0.0000024678884
177049,0.2543208792728,3.8514197320198,0.0059641177251,0.0458611608420,0.0734323677413,0.0000024678884
177305,0.2543178304046,3.8513735601476,0.0059641177251,0.0458401400504,0.0734242069869,0.0000024678884
177566,0.2543170582008,3.8513618659415,0.0059581567311,0.0458310981369,0.0734182575481,0.0000024678884
177823,0.2543264298980,3.8515037903465,0.0060049907513,0.0457610051262,0.0734153042738,0.0000024678884
178307,0.2543322307614,3.8515916382654,0.0060403820872,0.0457121299792,0.0734142596217,0.0000024678884
178341,0.2543303364488,3.8515629509113,0.0060403820872,0.0457028908807,0.0734105540195,0.0000024678884
178560,0.2543245622261,3.8514755064389,0.0059227488675,0.0456324038891,0.0733337285235,0.0000024678884
178563,0.2543234121488,3.8514580897380,0.0059227488675,0.0456229676055,0.0733301119771,0.0000024678884
178663,0.2543245947752,3.8514759993592,0.0058874952626,0.0456319084835,0.0733184498799,0.0000024678884
178955,0.2543217991922,3.8514336632229,0.0058519496681,0.0456651267425,0.0733144806641,0.0000024678884
179482,0.2543101965630,3.8512579537217,0.0058987836884,0.0455604525326,0.0732946824630,0.0000024678884
179657,0.2543158439306,3.8513434771090,0.0059100721141,0.0455107028500,0.0732829627662,0.0000024678884
179683,0.2543277488102,3.8515237638710,0.0058632380939,0.0455466891088,0.0732782943241,0.0000024678884
179814,0.2543393916995,3.8517000830709,0.0058408320287,0.0454455822596,0.0732350770406,0.0000024678884
180351,0.2543431804742,3.8517574600410,0.0058738929575,0.0453685207571,0.0732225359252,0.0000024678884
180720,0.2543487170087,3.8518413049784,0.0059207269777,0.0453029283514,0.0732203681892,0.0000024678884
181608,0.2543495599892,3.8518540710230,0.0058876660489,0.0451775274761,0.0731615938316,0.0000024678884
181743,0.2543497972308,3.8518576637946,0.0058876660489,0.0451674080651,0.0731580305937,0.0000024678884
181837,0.2543539021856,3.8519198289777,0.0058499277783,0.0451610168192,0.0731404540945,0.0000024678884
183098,0.2543472081199,3.8518184544600,0.0058499277783,0.0451495768215,0.0731349339384,0.0000024678884
183107,0.2543434225067,3.8517611253664,0.0058967617985,0.0450897418658,0.0731328248315,0.0000024678884
184020,0.2543437710747,3.8517664040579,0.0059435958188,0.0450296381590,0.0731315056380,0.0000024678884
184346,0.2543310557124,3.8515738433951,0.0059435958188,0.0450206695105,0.0731255778287,0.0000024678884
184415,0.2543327931238,3.8516001546457,0.0059435958188,0.0450182606921,0.0731250898389,0.0000024678884
184451,0.2543432167535,3.8517580094523,0.0058826636621,0.0450327357515,0.0731063793565,0.0000024185306
184542,0.2543391781941,3.8516968497568,0.0057650304425,0.0451233836619,0.0730874739676,0.0000024185306
184752,0.2543394640804,3.8517011792017,0.0057650304425,0.0450226337555,0.0730515531196,0.0000024185306
185073,0.2543437303039,3.8517657866284,0.0057437207154,0.0450366511237,0.0730483407730,0.0000024185306
185460,0.2543484698778,3.8518375624440,0.0056627294283,0.0450346141660,0.0730139183595,0.0000024185306
185605,0.2543484346764,3.8518370293557,0.0057067537379,0.0449486965557,0.0730020935168,0.0000024185306
185682,0.2543528452209,3.8519038223704,0.0057535877581,0.0448820319704,0.0729993015760,0.0000024185306
185743,0.2543504046818,3.8518668629951,0.0057192762326,0.0449086209626,0.0729935697324,0.0000024185306
186145,0.2543421369268,3.8517416566235,0.0057192762326,0.0449062121442,0.0729909377784,0.0000024185306
186163,0.2543303207822,3.8515627136580,0.0057422993323,0.0448764699916,0.0729876505928,0.0000024185306
186235,0.2543291950611,3.8515456658064,0.0057891333526,0.0447902890787,0.0729767021923,0.0000024185306
186426,0.2543342181366,3.8516217349526,0.0057891333526,0.0447216715749,0.0729532723143,0.0000024185306
186448,0.2543321327797,3.8515901544365,0.0058359673728,0.0446437361247,0.0729450630857,0.0000024185306
187059,0.2543300432813,3.8515585112005,0.0057914802874,0.0446760113810,0.0729370763195,0.0000024185306
187161,0.2543363106137,3.8516534232969,0.0057914802874,0.0446541060600,0.0729305959904,0.0000024185306
187287,0.2543355527007,3.8516419455091,0.0058383143076,0.0445656747382,0.0729189226885,0.0000024185306
187502,0.2543307327575,3.8515689525858,0.0058383143076,0.0445439068367,0.0729101155930,0.0000024185306
187786,0.2543270153230,3.8515126559863,0.0058383143076,0.0445220042810,0.0729014966585,0.0000024185306
187831,0.2543301758565,3.8515605189109,0.0058016723750,0.0445501000619,0.0728965044378,0.0000024185306
188447,0.2543361315115,3.8516507109837,0.0058485063953,0.0444883028585,0.0728957819428,0.0000024185306
188770,0.2543311042379,3.8515745782616,0.0058485063953,0.0444713945617,0.0728886659924,0.0000024185306
188941,0.2543368618240,3.8516617707908,0.0058485063953,0.0444494735464,0.0728820708268,0.0000024185306
189166,0.2543321880444,3.8515909913603,0.0058383143076,0.0443767365914,0.0728507237811,0.0000024185306
189329,0.2543374999861,3.8516714350786,0.0057914802874,0.0443900850870,0.0728365576512,0.0000024185306
189367,0.2543406629824,3.8517193353007,0.0057556096479,0.0443257513509,0.0727988859707,0.0000024185306
189478,0.2543385258071,3.8516869700493,0.0057556096479,0.0443145884499,0.0727944412542,0.0000024185306
189730,0.2543414416604,3.8517311275517,0.0057087756277,0.0443421209488,0.0727848273922,0.0000024185306
189776,0.2543465378617,3.8518083041102,0.0057418365565,0.0442796794731,0.0727777878778,0.0000024185306
189853,0.2543429219249,3.8517535445867,0.0057886705767,0.0442061730160,0.0727708324511,0.0000024185306
189989,0.2543477353489,3.8518264387823,0.0057805169065,0.0441969106673,0.0727650614873,0.0000024185306
190336,0.2543432138384,3.8517579653068,0.0058273509268,0.0441164556408,0.0727554303771,0.0000024185306
190948,0.2543346247317,3.8516278924034,0.0057690742222,0.0441834574103,0.0727525433271,0.0000023701600
191406,0.2543202518962,3.8514102310677,0.0057521663751,0.0441902599298,0.0727446466848,0.0000023701600
191914,0.2543129227432,3.8512992388263,0.0057543590512,0.0441792832589,0.0727400956308,0.0000023701600
192741,0.2543175592852,3.8513694543323,0.0057653224320,0.0441403718740,0.0727318908441,0.0000023701600
192758,0.2543163266930,3.8513507880328,0.0058121564523,0.0440540432840,0.0727208668009,0.0000023701600
192996,0.2543230663751,3.8514528533632,0.0057744181816,0.0440605978724,0.0727084783984,0.0000023701600
193444,0.2543282674510,3.8515316181366,0.0057891333526,0.0439974863446,0.0726933595851,0.0000023701600
194190,0.2543272579165,3.8515163298082,0.0057891333526,0.0439911195168,0.0726908693892,0.0000023701600
195513,0.2543365982631,3.8516577794412,0.0057332035827,0.0440031855694,0.0726732102952,0.0000023701600
195780,0.2543252221897,3.8514855008870,0.0057043737477,0.0440224367361,0.0726652923383,0.0000023701600
195982,0.2543186470421,3.8513859272555,0.0057206645603,0.0440064968982,0.0726651723556,0.0000023701600
196067,0.2543303863144,3.8515637060730,0.0057186261427,0.0439321840196,0.0726402739927,0.0000023701600
196280,0.2543341504585,3.8516207100385,0.0057430706255,0.0438671240388,0.0726283210944,0.0000023701600
196522,0.2543293931085,3.8515486650237,0.0056962366052,0.0438453246548,0.0725994444451,0.0000023701600
196605,0.2543192902529,3.8513956680002,0.0056962366052,0.0438490218675,0.0725985999805,0.0000023701600
196896,0.2543234922939,3.8514593034507,0.0057282011959,0.0438029584276,0.0725967482996,0.0000023701600
197451,0.2543266777009,3.8515075430582,0.0057015640370,0.0438069352966,0.0725874352720,0.0000023701600
197993,0.2543252752963,3.8514863051298,0.0057282011959,0.0437371520648,0.0725736280992,0.0000023701600
199688,0.2543359405028,3.8516478183597,0.0058138698248,0.0436091045690,0.0725668973787,0.0000023701600
199887,0.2543345956940,3.8516274526586,0.0056962366052,0.0437217890263,0.0725564394175,0.0000023701600
199927,0.2543354835297,3.8516408979869,0.0056891792732,0.0436091045690,0.0725133606481,0.0000023701600
200254,0.2543403692770,3.8517148874438,0.0056971786847,0.0435556588992,0.0724987481739,0.0000023701600
201697,0.2543368798169,3.8516620432755,0.0056503446645,0.0435923599491,0.0724910362274,0.0000023701600
202286,0.2543349065795,3.8516321606889,0.0056492483264,0.0435338225960,0.0724692373340,0.0000023701600
202976,0.2543394461651,3.8517009078941,0.0056960823466,0.0434693157533,0.0724672436672,0.0000023701600
204910,0.2543371714440,3.8516664596584,0.0057739388781,0.0433633001663,0.0724622606023,0.0000023227568
204966,0.2543341198404,3.8516202463600,0.0056916969943,0.0434495949708,0.0724571797386,0.0000023227568
205289,0.2543428162908,3.8517519448702,0.0056968701674,0.0432852426778,0.0724025630904,0.0000023227568
205392,0.2543401828807,3.8517120646690,0.0056658476562,0.0432634856499,0.0723809330592,0.0000023227568
205547,0.2543389506999,3.8516934045998,0.0056658476562,0.0432525563349,0.0723767656937,0.0000023227568
205714,0.2543390691681,3.8516951986740,0.0056740013264,0.0432414298349,0.0723763117598,0.0000023227568
205981,0.2543381378028,3.8516810941362,0.0056545757582,0.0432647652523,0.0723761210156,0.0000023227568
206225,0.2543449412894,3.8517841257185,0.0056545757582,0.0431990766352,0.0723541186852,0.0000023227568
206479,0.2543507998665,3.8518728476484,0.0057014097784,0.0431101593710,0.0723436896518,0.0000023227568
207128,0.2543582003375,3.8519849199251,0.0056545757582,0.0431240183975,0.0723301533963,0.0000023227568
207391,0.2543628643857,3.8520555519836,0.0056392270250,0.0431357084884,0.0723287498392,0.0000023227568
207808,0.2543552864985,3.8519407929278,0.0056392270250,0.0431395414594,0.0723284949245,0.0000023227568
208081,0.2543609145862,3.8520260243415,0.0056392270250,0.0431176246896,0.0723218735255,0.0000023227568
208173,0.2543511349628,3.8518779223264,0.0056168209598,0.0431433535765,0.0723193641807,0.0000023227568
208359,0.2543514752534,3.8518830756666,0.0056086672897,0.0431318679106,0.0723118406465,0.0000023227568
208434,0.2543525621206,3.8518995351162,0.0056201099741,0.0430621097665,0.0722920639313,0.0000023227568
208742,0.2543537581693,3.8519176480035,0.0056077252102,0.0430731819768,0.0722909668324,0.0000023227568
208850,0.2543483900904,3.8518363541480,0.0056301312754,0.0430408811281,0.0722878831117,0.0000023227568
208865,0.2543441541023,3.8517722046045,0.0056301312754,0.0430368073304,0.0722855204722,0.0000023227568
208939,0.2543502261381,3.8518641591416,0.0056301312754,0.0429703124602,0.0722630734548,0.0000023227568
209029,0.2543509331614,3.8518748662584,0.0056567684343,0.0428891139711,0.0722456414247,0.0000023227568
209628,0.2543488421132,3.8518431995526,0.0056453257499,0.0429004308230,0.0722443310681,0.0000023227568
214389,0.2543492208287,3.8518489347981,0.0056453257499,0.0428879803047,0.0722399656078,0.0000022763017
217991,0.2543419255414,3.8517384554165,0.0056453257499,0.0428774854203,0.0722346541590,0.0000022763017
219802,0.2543383621288,3.8516844913144,0.0056453257499,0.0428781720974,0.0722341358123,0.0000022763017
222316,0.2543453987137,3.8517910529235,0.0056567684343,0.0428444618655,0.0722285082910,0.0000022763017
224177,0.2543398485350,3.8517070013588,0.0056567684343,0.0428339300618,0.0722235576086,0.0000022763017
228695,0.2543369780764,3.8516635313113,0.0056567684343,0.0428339300618,0.0722229425103,0.0000022763017
233603,0.2543301412373,3.8515599946408,0.0056567684343,0.0428232988081,0.0722176805970,0.0000022763017
233725,0.2543279341763,3.8515265710442,0.0056453257499,0.0428344536793,0.0722162875304,0.0000022763017
238551,0.2543365464072,3.8516569941390,0.0056453257499,0.0428236419852,0.0722142716891,0.0000022307756
239013,0.2543247836688,3.8514788599530,0.0056180715565,0.0428010585721,0.0721920052290,0.0000022307756
240837,0.2543228852993,3.8514501111626,0.0055962990535,0.0428127308410,0.0721864360303,0.0000022307756
257067,0.2543312914552,3.8515774134690,0.0055984917297,0.0428017379507,0.0721852510355,0.0000022307756
263316,0.2543236371195,3.8514614966808,0.0055984917297,0.0427658866176,0.0721708067732,0.0000021861601
263726,0.2543221320566,3.8514387041010,0.0056055490618,0.0427535418032,0.0721690999683,0.0000021861601
267433,0.2543225784155,3.8514454637331,0.0055941063774,0.0427648586551,0.0721683333419,0.0000021861601
268403,0.2543174987209,3.8513685371499,0.0056055490618,0.0427429361610,0.0721643193813,0.0000021861601
271662,0.2543171295784,3.8513629468793,0.0056055490618,0.0427429361610,0.0721642402793,0.0000021861601
321192,0.2543062153996,3.8511976632284,0.0056055490618,0.0427429361610,0.0721619015267,0.0000020995882
700447,0.2543007763269,3.8511152942459,0.0056055490618,0.0427429361610,0.0721607360111,0.0000014892836
731558,0.2542849444363,3.8508755370704,0.0056055490618,0.0427429361610,0.0721573434632,0.0000014594979
792928,0.2542782912211,3.8507747811892,0.0056055490618,0.0427429361610,0.0721559177742,0.0000013736678
882562,0.2542701032170,3.8506507825587,0.0056055490618,0.0427429361610,0.0721541632019,0.0000012670274
901141,0.2542678533252,3.8506167103363,0.0056055490618,0.0427429361610,0.0721536810822,0.0000012670274
948255,0.2542542196001,3.8504102420419,0.0056055490618,0.0427429361610,0.0721507595697,0.0000012168531
983346,0.2542521879461,3.8503794747993,0.0056055490618,0.0427429361610,0.0721503242153,0.0000011686657
1037455,0.2542423105961,3.8502298928194,0.0056055490618,0.0427429361610,0.0721482076403,0.0000011223866
1135429,0.2542394013741,3.8501858357402,0.0056055490618,0.0427429361610,0.0721475842355,0.0000010352536
1222863,0.2542292005872,3.8500313556526,0.0056055490618,0.0427429361610,0.0721453983526,0.0000009548850
1407674,0.2542165979474,3.8498405020507,0.0056055490618,0.0427429361610,0.0721426977870,0.0000007961332
1438701,0.2542041531349,3.8496520385776,0.0056055490618,0.0427429361610,0.0721400310414,0.0000007802106
1499994,0.2542036310660,3.8496441323976,0.0056055490618,0.0427429361610,0.0721399191695,0.0000007343279
1519655,0.2541901412659,3.8494398436969,0.0056055490618,0.0427429361610,0.0721370284981,0.0000007343279
1546876,0.2541780042078,3.8492560408355,0.0056055490618,0.0427429361610,0.0721344276999,0.0000007196414
1560744,0.2541659413892,3.8490733622535,0.0056055490618,0.0427429361610,0.0721318428102,0.0000007052486
1702058,0.2541586944197,3.8489636145943,0.0056055490618,0.0427429361610,0.0721302898882,0.0000006247391
