0,0.2063240533919,3.124558757017,0.5553584234398,0.3201241934734,0.3965531191558,1000
1,0.2063358179957,3.124736919452,0.5553584234398,0.3200584556601,0.3965321623519,1000.0000000000000
6,0.2063512839487,3.1249711348920,0.5552647553994,0.3196706300501,0.3963568238923,1000.0000000000000
8,0.2063572858183,3.1250620268353,0.5552647553994,0.3196223064181,0.3963408515672,1000.0000000000000
11,0.2063694063642,3.1252455796352,0.5551471221798,0.3196597190966,0.3963063962610,1000.0000000000000
12,0.2063734192198,3.1253063500732,0.5551471221798,0.3194247834051,0.3962233505545,1000.0000000000000
13,0.2063675241042,3.1252170748062,0.5551002881595,0.3194229383561,0.3962013566464,1000.0000000000000
14,0.2063783760642,3.1253814162207,0.5551002881595,0.3192698699221,0.3961490147686,1000.0000000000000
15,0.2063847761417,3.1254783385999,0.5551002881595,0.3191179600056,0.3960961326722,1000.0000000000000
16,0.2063724493629,3.1252916626201,0.5551002881595,0.3190817638915,0.3960805640360,1000.0000000000000
24,0.2063981457152,3.1256808065980,0.5549597860988,0.3191689347684,0.3960569876843,1000.0000000000000
26,0.2064115574728,3.1258839134281,0.5549129520786,0.3190799509598,0.3960080099778,1000.0000000000000
27,0.2064115663438,3.1258840477697,0.5549129520786,0.3187716941670,0.3958979201670,1000.0000000000000
28,0.2064126560494,3.1259005502044,0.5548661180584,0.3187639592795,0.3958753194926,1000.0000000000000
29,0.2064232780704,3.1260614094365,0.5548192840381,0.3186295941162,0.3958095363586,1000.0000000000000
30,0.2064197659249,3.1260082217220,0.5548192840381,0.3185676926733,0.3957866760979,1000.0000000000000
31,0.2064170900055,3.1259676977630,0.5547016508185,0.3185040755639,0.3957129680534,1000.0000000000000
32,0.2064200326976,3.1260122617108,0.5547016508185,0.3183138621991,0.3956456652857,1000.0000000000000
33,0.2064208187458,3.1260241655766,0.5547016508185,0.3182215787498,0.3956128753498,1000.0000000000000
34,0.2064256218187,3.1260969030171,0.5545840175989,0.3183495072745,0.3956091791016,1000.0000000000000
35,0.2064196850760,3.1260069973506,0.5545840175989,0.3182990621564,0.3955898908288,1000.0000000000000
36,0.2064293776095,3.1261537804810,0.5545840175989,0.3181792583666,0.3955491807325,1000.0000000000000
37,0.2064342117260,3.1262269880443,0.5544663843793,0.3180298273077,0.3954464341423,1000.0000000000000
39,0.2064418429020,3.1263425541023,0.5543487511596,0.3178409798324,0.3953302096304,1000.0000000000000
40,0.2064468446810,3.1264183007363,0.5542311179400,0.3178567807464,0.3952865103868,1000.0000000000000
46,0.2064486046905,3.1264449542112,0.5541603187406,0.3179164548289,0.3952778571900,1000.0000000000000
47,0.2064510703167,3.1264822935033,0.5541603187406,0.3178709075828,0.3952621186649,1000.0000000000000
51,0.2064678516932,3.1267364296349,0.5541134847204,0.3179134033201,0.3952608200002,1000.0000000000000
54,0.2064825633533,3.1269592221101,0.5541134847204,0.3178338086124,0.3952355458175,1000.0000000000000
55,0.2064843323498,3.1269860116835,0.5540666507002,0.3176596903155,0.3951536680591,1000.0000000000000
56,0.2064920473196,3.1271028467114,0.5540666507002,0.3176392523843,0.3951480220058,1000.0000000000000
58,0.2065013167793,3.1272432228383,0.5540666507002,0.3175644262230,0.3951232846896,1000.0000000000000
59,0.2065000545292,3.1272241073996,0.5540666507002,0.3175439168936,0.3951156894469,1000.0000000000000
60,0.2065045893804,3.1272927829066,0.5539490174805,0.3171295475213,0.3949182579022,1000.0000000000000
61,0.2065056760302,3.1273092390646,0.5539490174805,0.3170256571881,0.3948813870653,1000.0000000000000
63,0.2064990489994,3.1272088797183,0.5539490174805,0.3169685551928,0.3948595734175,1000.0000000000000
64,0.2064981846860,3.1271957906091,0.5539958515008,0.3168621621956,0.3948414624315,1000.0000000000000
65,0.2065022308186,3.1272570649933,0.5538782182812,0.3168999748064,0.3948054197268,1000.0000000000000
66,0.2064987725648,3.1272046934099,0.5538782182812,0.3165996769784,0.3946974294481,1000.0000000000000
67,0.2065003929000,3.1272292316671,0.5538313842609,0.3165801620491,0.3946707353222,1000.0000000000000
68,0.2065049642807,3.1272984603747,0.5537137510413,0.3165139980434,0.3945976706648,1000.0000000000000
69,0.2065111675890,3.1273924028932,0.5535961178217,0.3163318277393,0.3944835248852,1000.0000000000000
70,0.2065016261658,3.1272479081677,0.5535961178217,0.3159029318774,0.3943283032010,1000.0000000000000
71,0.2065058265527,3.1273115185687,0.5534784846021,0.3158022007777,0.3942428136542,1000.0000000000000
77,0.2065312208994,3.1276960889915,0.5535492838014,0.3154010449718,0.3941353278833,1000.0000000000000
78,0.2065436844037,3.1278848355320,0.5535492838014,0.3153528145868,0.3941207734967,1000.0000000000000
79,0.2065408507608,3.1278419230185,0.5534316505818,0.3153481396069,0.3940680824149,1000.0000000000000
81,0.2065534786471,3.1280331589505,0.5534316505818,0.3150195521416,0.3939534357243,1000.0000000000000
83,0.2065573320786,3.1280915150802,0.5534316505818,0.3148930803561,0.3939090929648,1000.0000000000000
84,0.2065568880489,3.1280847907214,0.5533848165616,0.3149419511768,0.3939063799572,1000.0000000000000
86,0.2065688659176,3.1282661828279,0.5533848165616,0.3149187493640,0.3939006602816,980.0000000000000
87,0.2065708125319,3.1282956622355,0.5532671833420,0.3149913741483,0.3938766005992,980.0000000000000
88,0.2065729640059,3.1283282440251,0.5532671833420,0.3147980233551,0.3938080077747,980.0000000000000
90,0.2065709433812,3.1282976438085,0.5533140173622,0.3146977114850,0.3937918208387,980.0000000000000
91,0.2065665402285,3.1282309627354,0.5531963841426,0.3146497859819,0.3937233468179,980.0000000000000
92,0.2065589045937,3.1281153291516,0.5531963841426,0.3143022581016,0.3935975935103,980.0000000000000
93,0.2065657461309,3.1282189369703,0.5531963841426,0.3142355630743,0.3935752399014,980.0000000000000
95,0.2065767728231,3.1283859245174,0.5532432181628,0.3141614740283,0.3935712141134,980.0000000000000
102,0.2065652364037,3.1282112176924,0.5531255849432,0.3141140270874,0.3935013824505,980.0000000000000
103,0.2065828034925,3.1284772526039,0.5531255849432,0.3136939688078,0.3933551260126,980.0000000000000
104,0.2065762034193,3.1283773015015,0.5530079517236,0.3137041539316,0.3933069350184,980.0000000000000
105,0.2065763386529,3.1283793494711,0.5528903185040,0.3134456141463,0.3931642141224,980.0000000000000
106,0.2065721927975,3.1283165648915,0.5528434844837,0.3134748682418,0.3931537018931,980.0000000000000
107,0.2065737315419,3.1283398675418,0.5528434844837,0.3133264667974,0.3931010311082,980.0000000000000
108,0.2065782548552,3.1284083683212,0.5527966504635,0.3133779347315,0.3931003100717,980.0000000000000
114,0.2065828516502,3.1284779819008,0.5527498164433,0.3133519775429,0.3930719529518,980.0000000000000
121,0.2065981665642,3.1287099100147,0.5528674496629,0.3130772786097,0.3930275421941,980.0000000000000
122,0.2066016189313,3.1287621924497,0.5528674496629,0.3128462298654,0.3929457645784,980.0000000000000
123,0.2066035125690,3.1287908695834,0.5527498164433,0.3127977540136,0.3928784433168,980.0000000000000
124,0.2066017688504,3.1287644628150,0.5527029824230,0.3128336839446,0.3928708300580,980.0000000000000
125,0.2066041899477,3.1288011277638,0.5527498164433,0.3122920773407,0.3926979896576,980.0000000000000
126,0.2066080078339,3.1288589455973,0.5527029824230,0.3122869751828,0.3926769138538,980.0000000000000
127,0.2066189101060,3.1290240489345,0.5527029824230,0.3121913896030,0.3926451123479,980.0000000000000
129,0.2066219373851,3.1290698938635,0.5526561484028,0.3120414578900,0.3925721422873,980.0000000000000
132,0.2066181640887,3.1290127512948,0.5525385151832,0.3120487291485,0.3925235163648,980.0000000000000
133,0.2066127446322,3.1289306793785,0.5524916811629,0.3119487990535,0.3924665940101,980.0000000000000
134,0.2066098762760,3.1288872411700,0.5523740479433,0.3118839251110,0.3923923958602,980.0000000000000
135,0.2065939237522,3.1286456571323,0.5523740479433,0.3117328931095,0.3923350374617,980.0000000000000
139,0.2065901375291,3.1285883188025,0.5523740479433,0.3114590293580,0.3922364176455,980.0000000000000
140,0.2065941828959,3.1286495815872,0.5523272139231,0.3114153963832,0.3922016295816,980.0000000000000
141,0.2066010543102,3.1287536418627,0.5523272139231,0.3113025781164,0.3921628097894,980.0000000000000
142,0.2066003405567,3.1287428328241,0.5523272139231,0.3111712483512,0.3921157533546,980.0000000000000
143,0.2066035592495,3.1287915765091,0.5523272139231,0.3108523976773,0.3920025678338,980.0000000000000
146,0.2066159812015,3.1289796937854,0.5521627466832,0.3106078207433,0.3918473948157,980.0000000000000
150,0.2065974948424,3.1286997375019,0.5522803799029,0.3099267348870,0.3916506027414,980.0000000000000
151,0.2066032680681,3.1287871668759,0.5521627466832,0.3098694221925,0.3915809568047,980.0000000000000
152,0.2066020778289,3.1287691419672,0.5522095807035,0.3097806835222,0.3915690810942,980.0000000000000
153,0.2065951756672,3.1286646160559,0.5520919474838,0.3097924166498,0.3915213782253,980.0000000000000
154,0.2065998082092,3.1287347709863,0.5519743142642,0.3097773033901,0.3914665590831,980.0000000000000
155,0.2065923651805,3.1286220542175,0.5519743142642,0.3095799664713,0.3913944866774,980.0000000000000
156,0.2065947327353,3.1286579083219,0.5519274802440,0.3095235221144,0.3913547635887,980.0000000000000
157,0.2065988282963,3.1287199312460,0.5518806462238,0.3094559562258,0.3913114388115,980.0000000000000
159,0.2065970842172,3.1286935190197,0.5518806462238,0.3091231190677,0.3911921946666,980.0000000000000
160,0.2066012059023,3.1287559375649,0.5518338122035,0.3091223116169,0.3911727177866,980.0000000000000
161,0.2065924098787,3.1286227311241,0.5518338122035,0.3084015991600,0.3909134356184,980.0000000000000
162,0.2065970902422,3.1286936102615,0.5518338122035,0.3082112011988,0.3908464392816,980.0000000000000
163,0.2065924081756,3.1286227053322,0.5518338122035,0.3081329001940,0.3908174713370,980.0000000000000
164,0.2065896445087,3.1285808525322,0.5518338122035,0.3081321456543,0.3908166096442,980.0000000000000
165,0.2065908124065,3.1285985391035,0.5518806462238,0.3080206322518,0.3907971054158,980.0000000000000
168,0.2066020767900,3.1287691262343,0.5518806462238,0.3079777976070,0.3907842211248,980.0000000000000
169,0.2066072823236,3.1288479585141,0.5518338122035,0.3080098916792,0.3907767270420,980.0000000000000
170,0.2066069070712,3.1288422757147,0.5518338122035,0.3079413118882,0.3907521538483,980.0000000000000
177,0.2066158197980,3.1289772495004,0.5519046114029,0.3078493330074,0.3907515566320,960.4000000000000
121967,0.2531988870238,3.8344283505048,0.0085622020798,0.8652051641533,0.3669282638797,0.0000026248351
122044,0.2531944578916,3.8343612760002,0.0085622020798,0.8651359546794,0.3669025971107,0.0000026248351
122053,0.2531928449078,3.8343368490726,0.0086019787679,0.8650758313124,0.3668978259923,0.0000026248351
122061,0.2532001461218,3.8344474182083,0.0085834952792,0.8650370530565,0.3668776196659,0.0000026248351
122114,0.2531991596710,3.8344324794575,0.0085366612589,0.8650735568812,0.3668703736409,0.0000026248351
122151,0.2532048245700,3.8345182683398,0.0085366612589,0.8650647400476,0.3668684386787,0.0000026248351
122201,0.2532007094331,3.8344559489593,0.0085076936930,0.8650028456690,0.3668330370573,0.0000026248351
122212,0.2532026940899,3.8344860044799,0.0085076936930,0.8649611121711,0.3668185575202,0.0000026248351
122226,0.2532036270340,3.8345001329284,0.0085545277132,0.8648811508712,0.3668102715527,0.0000026248351
122337,0.2532020913928,3.8344768772717,0.0085484289883,0.8648837945063,0.3668082729028,0.0000026248351
122670,0.2531901149480,3.8342955067304,0.0085545277132,0.8648572795025,0.3667988506168,0.0000026248351
122671,0.2531887747174,3.8342752103597,0.0085551447477,0.8648136444374,0.3667832439161,0.0000026248351
122733,0.2531862134643,3.8342364229013,0.0085551447477,0.8648034975158,0.3667790711756,0.0000026248351
122755,0.2531870503344,3.8342490964104,0.0085551447477,0.8647950953774,0.3667762497412,0.0000026248351
122794,0.2531830970631,3.8341892283127,0.0084555157132,0.8648583785005,0.3667553055694,0.0000026248351
122904,0.2531758217530,3.8340790514654,0.0084555157132,0.8648484535107,0.3667502019351,0.0000025723384
122913,0.2531864167357,3.8342395012309,0.0084086816930,0.8648935281674,0.3667484986573,0.0000025723384
122928,0.2531851575344,3.8342204319630,0.0084086816930,0.8648771088410,0.3667423647833,0.0000025723384
123025,0.2531893918283,3.8342845558502,0.0084288785543,0.8648339399618,0.3667365104729,0.0000025723384
123046,0.2531980548684,3.8344157483946,0.0084086816930,0.8648325735548,0.3667292230384,0.0000025723384
123091,0.2532076297822,3.8345607503003,0.0084464199636,0.8647648834614,0.3667232733168,0.0000025723384
123103,0.2531997413584,3.8344412884964,0.0084114914037,0.8647053582513,0.3666853545539,0.0000025723384
123456,0.2531943696723,3.8343599400130,0.0084136840798,0.8646521831598,0.3666661520925,0.0000025208916
123536,0.2531949836483,3.8343692380274,0.0083934872185,0.8646628728472,0.3666614456066,0.0000025208916
123616,0.2531839154233,3.8342016215095,0.0083873884936,0.8646685704456,0.3666584949614,0.0000025208916
123673,0.2531770668854,3.8340979076732,0.0083873884936,0.8646574695347,0.3666530628065,0.0000025208916
123799,0.2531916697024,3.8343190518339,0.0084516096645,0.8645184252467,0.3666340566663,0.0000025208916
123814,0.2531971470391,3.8344020002838,0.0084516096645,0.8644740277857,0.3666193741452,0.0000025208916
123974,0.2532024622044,3.8344824928197,0.0084653827560,0.8644067309878,0.3666023812920,0.0000025208916
124056,0.2532039405310,3.8345048805075,0.0084653827560,0.8643503358952,0.3665825569718,0.0000025208916
124059,0.2532040754798,3.8345069241635,0.0084653827560,0.8643054798951,0.3665665658893,0.0000025208916
124214,0.2531993298821,3.8344350571243,0.0084653827560,0.8643036738665,0.3665649039653,0.0000025208916
124327,0.2531920927316,3.8343254581622,0.0084213584464,0.8643461306248,0.3665596487141,0.0000025208916
124468,0.2531854840465,3.8342253766425,0.0083728110536,0.8644077131357,0.3665594202957,0.0000025208916
124570,0.2531687579591,3.8339720778055,0.0083728110536,0.8643904957539,0.3665496870692,0.0000025208916
124573,0.2531690048158,3.8339758161874,0.0083728110536,0.8643519057403,0.3665359578193,0.0000025208916
124605,0.2531618597596,3.8338676118968,0.0083789097785,0.8643377044943,0.3665319686015,0.0000025208916
124687,0.2531640844141,3.8339013019274,0.0083728110536,0.8643345730139,0.3665287131881,0.0000025208916
124781,0.2531578708982,3.8338072048251,0.0083789097785,0.8643201434179,0.3665248420325,0.0000025208916
124891,0.2531684153845,3.8339668898759,0.0084229340881,0.8642517008542,0.3665215253538,0.0000025208916
124964,0.2531704503058,3.8339977065998,0.0084229340881,0.8642416803325,0.3665183826506,0.0000025208916
124969,0.2531700657425,3.8339918827969,0.0084229340881,0.8642337215274,0.3665154578138,0.0000025208916
125014,0.2531703795241,3.8339966346851,0.0084697681083,0.8641627704746,0.3665102571139,0.0000025208916
125050,0.2531676284014,3.8339549718529,0.0084229340881,0.8642153239504,0.3665083649632,0.0000025208916
125481,0.2531461033783,3.8336289982294,0.0084162183287,0.8641250004325,0.3664686158764,0.0000025208916
125583,0.2531360337141,3.8334765038543,0.0084162183287,0.8641290386154,0.3664679002994,0.0000025208916
125654,0.2531367160306,3.8334868368141,0.0084162183287,0.8640847377539,0.3664522247738,0.0000025208916
125662,0.2531365251611,3.8334839462977,0.0084162183287,0.8640407541049,0.3664364754271,0.0000025208916
125929,0.2531474952435,3.8336500765497,0.0082645655731,0.8641402505532,0.3664093665668,0.0000025208916
125944,0.2531440696312,3.8335981992875,0.0082302540476,0.8641496164392,0.3663972725268,0.0000025208916
125959,0.2531368815709,3.8334893437457,0.0082029998542,0.8641674061385,0.3663904053236,0.0000025208916
125985,0.2531493172083,3.8336776682726,0.0081969011293,0.8641648384690,0.3663895393390,0.0000025208916
126055,0.2531578754921,3.8338072743947,0.0081843786346,0.8641377610657,0.3663763359723,0.0000025208916
126226,0.2531549372084,3.8337627772080,0.0082545607995,0.8640309976311,0.3663676546127,0.0000025208916
126394,0.2531567851095,3.8337907617086,0.0082616181315,0.8639760293378,0.3663514436291,0.0000025208916
126485,0.2531501863957,3.8336908311925,0.0082616181315,0.8639586241954,0.3663438134966,0.0000025208916
126744,0.2531494800272,3.8336801339920,0.0083013948197,0.8638866933734,0.3663350197048,0.0000025208916
126969,0.2531360523407,3.8334767859339,0.0082752369644,0.8638755011853,0.3663169346239,0.0000025208916
126990,0.2531410697261,3.8335527689101,0.0083689050049,0.7388937588901,0.3217218166898,0.0000025208916
127127,0.2531403962169,3.8335425693287,0.0083407087320,0.7388350504981,0.3216886209667,0.0000025208916
127148,0.2531390077073,3.8335215418241,0.0083875427522,0.7387510478225,0.3216783941963,0.0000025208916
127211,0.2531333673062,3.8334361239381,0.0083407087320,0.7387803536571,0.3216675801855,0.0000025208916
127229,0.2531295528799,3.8333783585011,0.0083865841451,0.7386875810126,0.3216532906124,0.0000025208916
127239,0.2531329896686,3.8334304050170,0.0083397501248,0.7383974947308,0.3215303531006,0.0000025208916
127297,0.2531397981685,3.8335335125195,0.0082985520536,0.7383736847810,0.3215056521952,0.0000025208916
127389,0.2531390864694,3.8335227345926,0.0082985520536,0.7383601683302,0.3215006723844,0.0000025208916
127472,0.2531417538951,3.8335631299235,0.0083563494547,0.7382853208130,0.3214992830342,0.0000025208916
127560,0.2531420453205,3.8335675432516,0.0083732573018,0.7382467401210,0.3214928128841,0.0000025208916
127610,0.2531417989270,3.8335638118839,0.0084039547680,0.7381169327262,0.3214595563586,0.0000025208916
127643,0.2531384691486,3.8335133859238,0.0083738908640,0.7381484837194,0.3214572265162,0.0000025208916
127835,0.2531196825191,3.8332288823651,0.0083738908640,0.7381572522067,0.3214563324125,0.0000025208916
127854,0.2531164592376,3.8331800691883,0.0083623104487,0.7380248989827,0.3214034096656,0.0000025208916
128160,0.2531032605050,3.8329801883947,0.0083154764284,0.7380210450335,0.3213791332324,0.0000025208916
128289,0.2531080797561,3.8330531708366,0.0083154764284,0.7380028495816,0.3213736675533,0.0000025208916
128310,0.2531128458416,3.8331253481415,0.0083154764284,0.7379951460287,0.3213719375885,0.0000025208916
128390,0.2531135246706,3.8331356282865,0.0081978432088,0.7380565239115,0.3213435894873,0.0000025208916
128427,0.2531126160862,3.8331218687404,0.0081615097935,0.7380071619005,0.3213101940373,0.0000025208916
128499,0.2531036864503,3.8329866388834,0.0082083438137,0.6229141171177,0.2802236934158,0.0000025208916
128507,0.2531050031454,3.8330065788337,0.0082083438137,0.6228956188446,0.2802173690387,0.0000025208916
128563,0.2531089411858,3.8330662162737,0.0082083438137,0.6228358354485,0.2801968616916,0.0000025208916
128634,0.2531085035779,3.8330595891679,0.0082083438137,0.6228283812747,0.2801941057136,0.0000025208916
128685,0.2530978693036,3.8328985443726,0.0082083438137,0.6228200863681,0.2801888644738,0.0000025208916
128686,0.2531089243402,3.8330659611659,0.0082257309644,0.6227539043628,0.2801750486158,0.0000024704738
128798,0.2531096258904,3.8330765853983,0.0082257309644,0.6227251403241,0.2801649260770,0.0000024704738
128882,0.2531055868706,3.8330154187313,0.0082384077178,0.6226639857248,0.2801476525387,0.0000024704738
129146,0.2531049988056,3.8330065131120,0.0082568912065,0.6226325528950,0.2801442220094,0.0000024704738
129148,0.2531050046188,3.8330066011470,0.0082100571863,0.6226359796579,0.2801253753760,0.0000024704738
129172,0.2531188550770,3.8332163516317,0.0082280613715,0.6226006995817,0.2801234593835,0.0000024704738
129193,0.2531132951379,3.8331321522563,0.0082230589847,0.6226057360067,0.2801219228111,0.0000024704738
129275,0.2531158783976,3.8331712729820,0.0082230589847,0.6225866043143,0.2801156436194,0.0000024704738
129307,0.2531206121321,3.8332429603657,0.0082050547995,0.6225566855571,0.2800982566413,0.0000024704738
129492,0.2531294150366,3.8333762710095,0.0081978597365,0.6225556769711,0.2800966991703,0.0000024704738
129500,0.2531331925161,3.8334334769269,0.0081978597365,0.6225418874288,0.2800925837937,0.0000024704738
129707,0.2531301187547,3.8333869280738,0.0081510257163,0.6225925283216,0.2800899394407,0.0000024704738
129747,0.2531211035884,3.8332504029508,0.0081510257163,0.6225931818909,0.2800882410369,0.0000024704738
129749,0.2531174548232,3.8331951462752,0.0081978597365,0.6225117165699,0.2800784361242,0.0000024704738
129932,0.2531320567453,3.8334162768834,0.0082446937567,0.6224418570105,0.2800766869878,0.0000024704738
130032,0.2531289064112,3.8333685684179,0.0082915277770,0.6223837430120,0.2800753286397,0.0000024704738
130576,0.2531226935033,3.8332744805238,0.0083383617972,0.6223212631238,0.2800717547794,0.0000024210643
130591,0.2531293223139,3.8333748668235,0.0082600424899,0.6222634589597,0.2800189654771,0.0000024210643
130913,0.2531354205365,3.8334672179310,0.0082747576608,0.6222035393627,0.2800051788848,0.0000024210643
131213,0.2531306473155,3.8333949325654,0.0081610304899,0.6223418233526,0.2800048029749,0.0000024210643
131258,0.2531416595964,3.8335617018694,0.0082039584614,0.6222716968611,0.2800005152759,0.0000024210643
131579,0.2531294575352,3.8333769146056,0.0082078645102,0.6222144895724,0.2799791433949,0.0000024210643
131598,0.2531305982148,3.8333941889881,0.0082078645102,0.6222054085751,0.2799761446129,0.0000024210643
131612,0.2531311321596,3.8334022750155,0.0082039584614,0.6220622186631,0.2799234457545,0.0000024210643
131629,0.2531314863088,3.8334076382282,0.0082039584614,0.6220526665899,0.2799201101889,0.0000024210643
131754,0.2531239597047,3.8332936557991,0.0081967633984,0.6220576123164,0.2799171800776,0.0000024210643
131874,0.2531209228913,3.8332476664841,0.0081749908954,0.6220805039784,0.2799153738527,0.0000024210643
131894,0.2531145573389,3.8331512669515,0.0081749908954,0.6220817442157,0.2799144527477,0.0000024210643
132030,0.2531161016630,3.8331746540998,0.0080725521503,0.6221654205524,0.2799007657609,0.0000024210643
132041,0.2531163029792,3.8331777028198,0.0080725521503,0.6221621569205,0.2798996433173,0.0000024210643
132068,0.2531132271598,3.8331311228013,0.0080725521503,0.6221635891739,0.2798994957322,0.0000024210643
132142,0.2531144927828,3.8331502893173,0.0080797472133,0.6221450960438,0.2798962458462,0.0000024210643
132305,0.2531033183002,3.8329810636413,0.0080797472133,0.6221436637904,0.2798933397952,0.0000024210643
132324,0.2531036812639,3.8329865603418,0.0081215788467,0.6220907612018,0.2798924516344,0.0000024210643
132390,0.2530937521139,3.8328361939047,0.0081684128669,0.6220347711177,0.2798903992237,0.0000024210643
132430,0.2530846767122,3.8326987565807,0.0081684128669,0.6220276618069,0.2798859154552,0.0000024210643
132448,0.2530832716273,3.8326774780618,0.0082152468872,0.6219600095031,0.2798815245515,0.0000024210643
132571,0.2530790704940,3.8326138563572,0.0082152468872,0.6218888004221,0.2798551924940,0.0000024210643
132644,0.2530879007845,3.8327475817326,0.0082481205019,0.6218111159063,0.2798434289212,0.0000024210643
132657,0.2530975702772,3.8328940159349,0.0082202492740,0.6218305489257,0.2798404965074,0.0000024210643
132748,0.2531034677706,3.8329833272125,0.0082573705101,0.6217682126745,0.2798354064104,0.0000024210643
132860,0.2531114587613,3.8331043422826,0.0082105364899,0.6217682190389,0.2798170493156,0.0000024210643
132862,0.2531152412633,3.8331616242595,0.0081817066548,0.6217881721175,0.2798126303076,0.0000024210643
133056,0.2531170515999,3.8331890398866,0.0081817066548,0.6217378315783,0.2797950394729,0.0000024210643
133062,0.2531189618039,3.8332179678982,0.0081767042680,0.6217372064198,0.2797930816513,0.0000024210643
133102,0.2531108353491,3.8330949013667,0.0081695092050,0.6217347964559,0.2797873959684,0.0000024210643
133173,0.2531197273634,3.8332295614844,0.0081515050199,0.6216433921883,0.2797489409394,0.0000024210643
133182,0.2531255672728,3.8333180007127,0.0081890890319,0.6215545559145,0.2797345725416,0.0000024210643
133733,0.2531255202349,3.8333172883726,0.0081416379771,0.6215921823287,0.2797276643008,0.0000024210643
133783,0.2531266518436,3.8333344253852,0.0081634104801,0.5173604959553,0.2425116355849,0.0000024210643
133802,0.2531252358769,3.8333129820736,0.0081300410341,0.5171389321666,0.2424179010477,0.0000024210643
133852,0.2531255667227,3.8333179923806,0.0080457772605,0.5171645373123,0.2423910035923,0.0000024210643
133862,0.2531229615414,3.8332785396763,0.0080457772605,0.5170742508440,0.2423582001719,0.0000024210643
133902,0.2531171716088,3.8331908572930,0.0080279108063,0.5170907118612,0.2423551813550,0.0000024210643
133992,0.2531207489136,3.8332450317767,0.0079810767860,0.5170859639727,0.2423341805229,0.0000024210643
134094,0.2530998200147,3.8329280858218,0.0079641689389,0.5169369326505,0.2422692240664,0.0000024210643
134154,0.2530994204413,3.8329220347065,0.0079173349187,0.5169460502343,0.2422523230006,0.0000024210643
134178,0.2531000022872,3.8329308461454,0.0079591665521,0.5168928236841,0.2422513660425,0.0000024210643
134229,0.2531047828268,3.8330032423422,0.0079597835866,0.5168524451522,0.2422382339829,0.0000024210643
134309,0.2531022713117,3.8329652081119,0.0079942328430,0.5167669622639,0.2422219301652,0.0000024210643
134437,0.2531081109264,3.8330536428774,0.0079115281833,0.5168441938493,0.2422153193661,0.0000024210643
134557,0.2530960827022,3.8328714881908,0.0078628100042,0.5169088436131,0.2422149518712,0.0000023726430
134571,0.2530865203804,3.8327266769778,0.0078628100042,0.5168452320434,0.2421901843845,0.0000023726430
134634,0.2530894949844,3.8327717241981,0.0078419795807,0.5168535743020,0.2421848738533,0.0000023726430
134772,0.2531013187196,3.8329507821157,0.0078888136009,0.5167021955077,0.2421534153788,0.0000023726430
134808,0.2530943641106,3.8328454619452,0.0078938159877,0.5166193894165,0.2421244953815,0.0000023726430
134961,0.2530910586498,3.8327954042509,0.0078469819675,0.5166256492869,0.2421059510135,0.0000023726430
135101,0.2530871992629,3.8327369579333,0.0078333631346,0.5166172885687,0.2420963013886,0.0000023726430
135140,0.2530856645220,3.8327137159115,0.0077457938191,0.5166231926311,0.2420605514026,0.0000023726430
135463,0.2530887902157,3.8327610512242,0.0076989597988,0.5166160576145,0.2420386012509,0.0000023726430
135508,0.2531016251809,3.8329554231474,0.0076989597988,0.5165490309370,0.2420174135015,0.0000023726430
135631,0.2531068585436,3.8330346768688,0.0076989597988,0.5164796035292,0.2419937394336,0.0000023726430
135996,0.2531032600830,3.8329801820043,0.0076771872958,0.5164808344835,0.2419840768887,0.0000023726430
136251,0.2531060036787,3.8330217308475,0.0076721849090,0.5164273649621,0.2419634246643,0.0000023726430
136295,0.2531031492875,3.8329785041229,0.0076765702613,0.5164133595466,0.2419596905117,0.0000023726430
136545,0.2530985550732,3.8329089296247,0.0077234042816,0.5163413590787,0.2419530633073,0.0000023726430
136734,0.2530955150716,3.8328628920275,0.0077284066684,0.5163329739614,0.2419515610737,0.0000023726430
136871,0.2530939389646,3.8328390235599,0.0077284066684,0.5162688107765,0.2419283079133,0.0000023726430
136932,0.2530891115515,3.8327659175142,0.0077702383018,0.5162069876887,0.2419231216363,0.0000023726430
137097,0.2530885719159,3.8327577453052,0.0077702383018,0.5161913100917,0.2419174068583,0.0000023726430
137137,0.2530924790455,3.8328169146363,0.0076526050822,0.5162096597617,0.2418743833170,0.0000023726430
137146,0.2530910054809,3.8327945990637,0.0076526050822,0.5162063484329,0.2418728849357,0.0000023726430
137183,0.2530921709137,3.8328122483069,0.0075484529645,0.5162874094613,0.2418574484168,0.0000023726430
137229,0.2530922474510,3.8328134073834,0.0075838443003,0.5161336857957,0.2418177312238,0.0000023726430
137236,0.2530863203271,3.8327236473840,0.0075725558746,0.5161186474544,0.2418062523929,0.0000023726430
137257,0.2530813773580,3.8326487913640,0.0075307242412,0.5161442807442,0.2417964200887,0.0000023726430
137369,0.2530743389751,3.8325422025262,0.0075307242412,0.5161300443474,0.2417898274364,0.0000023251902
137439,0.2530685879513,3.8324551093770,0.0075379193041,0.5161242738095,0.2417896177662,0.0000023251902
137471,0.2530620946265,3.8323567748664,0.0075200528499,0.5161345159996,0.2417842272126,0.0000023251902
137620,0.2530565617461,3.8322729852659,0.0074845072554,0.5161762996153,0.2417827304891,0.0000023251902
137740,0.2530551626534,3.8322517974921,0.0074845072554,0.5161604175348,0.2417767585119,0.0000023251902
137866,0.2530577639204,3.8322911909186,0.0074376732352,0.5161714779701,0.2417611943588,0.0000023251902
138416,0.2530617403639,3.8323514099346,0.0074376732352,0.5161557778898,0.2417564392823,0.0000023251902
138473,0.2530618959463,3.8323537660648,0.0074022818994,0.5161582491464,0.2417421874976,0.0000023251902
138530,0.2530579495247,3.8322940016987,0.0074022818994,0.5161570562350,0.2417409157961,0.0000023251902
138538,0.2530472544576,3.8321320362622,0.0074088599278,0.5161539077644,0.2417403186973,0.0000023251902
138616,0.2530574399147,3.8322862841976,0.0074422128461,0.5160812142135,0.2417308334206,0.0000023251902
138787,0.2530533256441,3.8322239779359,0.0073686039361,0.5160924881516,0.2417024315219,0.0000023251902
138791,0.2530579525616,3.8322940476906,0.0073686039361,0.5160896670680,0.2417024154744,0.0000023251902
138828,0.2530525075599,3.8322115889201,0.0073682954188,0.4221233329999,0.2081417114423,0.0000023251902
138835,0.2530626175071,3.8323646933370,0.0073197480260,0.4221356387586,0.2081274667479,0.0000023251902
138848,0.2530662660375,3.8324199464577,0.0072907804601,0.4221575809189,0.2081236703905,0.0000023251902
138849,0.2530652446712,3.8324044789479,0.0072907804601,0.4221501267452,0.2081207893214,0.0000023251902
138856,0.2530628618798,3.8323683941029,0.0073833521624,0.3388956459040,0.1784262091524,0.0000023251902
138875,0.2530732973878,3.8325264287926,0.0074301861827,0.3385929688910,0.1783404181224,0.0000023251902
138893,0.2530730003598,3.8325219306193,0.0074787335755,0.3384129768821,0.1782968776388,0.0000023251902
139033,0.2530736209683,3.8325313290758,0.0074787335755,0.3384051547833,0.1782942170196,0.0000023251902
139042,0.2530798598259,3.8326258099516,0.0075255675957,0.3383322312197,0.1782895815107,0.0000023251902
139203,0.2530733411212,3.8325270910885,0.0075255675957,0.2653614281349,0.1522271835437,0.0000023251902
139263,0.2530706855253,3.8324868749073,0.0074453806572,0.2654424337844,0.1522211792458,0.0000023251902
139301,0.2530706517862,3.8324863639649,0.0074453806572,0.2653878807000,0.1522016887715,0.0000023251902
139337,0.2530671035702,3.8324326300007,0.0074046453618,0.2653940131124,0.1521856606031,0.0000023251902
139374,0.2530682144535,3.8324494531485,0.0074826396242,0.2651777783196,0.1521420980503,0.0000023251902
139460,0.2530717673819,3.8325032584780,0.0074920273634,0.2651535698528,0.1521382368278,0.0000023251902
139502,0.2530638760930,3.8323837532853,0.0074920273634,0.2650884387293,0.1521132847218,0.0000023251902
139561,0.2530606146973,3.8323343629088,0.0075626723041,0.2649918111370,0.1521083524001,0.0000023251902
139562,0.2530565116141,3.8322722260703,0.0075452851535,0.2649851251270,0.1520976336713,0.0000023251902
139598,0.2530509398807,3.8321878480820,0.0075274186992,0.2649598716379,0.1520797635733,0.0000023251902
139624,0.2530479084000,3.8321419395260,0.0075742527194,0.2648771893727,0.1520696563129,0.0000023251902
139786,0.2530472530247,3.8321320145625,0.0075742527194,0.2648298950291,0.1520526250383,0.0000023251902
139837,0.2530496075691,3.8321676716369,0.0075742527194,0.2648218390747,0.1520502524569,0.0000023251902
139857,0.2530467750557,3.8321247762293,0.0076210867397,0.2647313310907,0.1520373929327,0.0000023251902
139880,0.2530537890197,3.8322309952672,0.0076210867397,0.2647147191255,0.1520329630803,0.0000023251902
139892,0.2530531348222,3.8322210881406,0.0076210867397,0.2646545003451,0.1520113161879,0.0000023251902
139894,0.2530579174118,3.8322935153829,0.0075095522450,0.2646690668852,0.1519697428665,0.0000023251902
139925,0.2530612001638,3.8323432291771,0.0075095522450,0.2646380578254,0.1519593716491,0.0000023251902
139974,0.2530620760203,3.8323564930953,0.0074910687562,0.2646418635406,0.1519529970215,0.0000023251902
140202,0.2530689095862,3.8324599801960,0.0074796260718,0.2646295000908,0.1519451418317,0.0000023251902
140227,0.2530707054910,3.8324871772668,0.0074796260718,0.2646133325365,0.1519397525419,0.0000023251902
140232,0.2530725384543,3.8325149355509,0.0075264600920,0.2645228060929,0.1519278861700,0.0000023251902
140291,0.2530701772130,3.8324791770582,0.0074921485666,0.2645499583670,0.1519223724909,0.0000023251902
140567,0.2530706166014,3.8324858311286,0.0074921485666,0.2645005966912,0.1519048374757,0.0000023251902
140699,0.2530668914549,3.8324294177402,0.0075389825868,0.2644077644843,0.1518909565934,0.0000023251902
140835,0.2530734645211,3.8325289598497,0.0074921485666,0.2644597562999,0.1518908618902,0.0000023251902
140864,0.2530800950830,3.8326293726709,0.0074921485666,0.2644096702619,0.1518743948542,0.0000023251902
140870,0.2530779090074,3.8325962668764,0.0075100150208,0.2643471297960,0.1518592475805,0.0000023251902
140879,0.2530829006024,3.8326718592826,0.0075100150208,0.2643416695769,0.1518583671297,0.0000023251902
140886,0.2530818037418,3.8326552484934,0.0074191566910,0.2644089711476,0.1518432290792,0.0000023251902
141036,0.2530737622607,3.8325334687993,0.0074255804609,0.2643435474806,0.1518208933536,0.0000022786864
141079,0.2530660443132,3.8324165886773,0.0074172890598,0.2643345066864,0.1518124571950,0.0000022786864
141148,0.2530631155954,3.8323722363557,0.0074516005853,0.2642207048345,0.1517858910336,0.0000022786864
141198,0.2530676881949,3.8324414835216,0.0073651276078,0.2642346648513,0.1517547967492,0.0000022786864
141385,0.2530723639951,3.8325122935518,0.0073591666138,0.2641710112491,0.1517305105653,0.0000022786864
141487,0.2530717553365,3.8325030760632,0.0073308160823,0.2641548861974,0.1517124709636,0.0000022786864
141587,0.2530663844858,3.8324217402312,0.0072996558402,0.2641920717432,0.1517112462296,0.0000022786864
141598,0.2530634737399,3.8323776600744,0.0072589205449,0.2642155810630,0.1517015607003,0.0000022786864
141599,0.2530658895719,3.8324142452856,0.0072997935711,0.2641590624773,0.1516994101807,0.0000022786864
141601,0.2530605439933,3.8323332921722,0.0072529595509,0.2641750397832,0.1516838991572,0.0000022786864
141611,0.2530635802818,3.8323792735381,0.0072997935711,0.2640637749632,0.1516648840777,0.0000022786864
141616,0.2530670834036,3.8324323245986,0.0073286234062,0.2639960922011,0.1516538179752,0.0000022786864
141709,0.2530564184046,3.8322708145114,0.0072985595021,0.2639847489401,0.1516345969233,0.0000022786864
141820,0.2530533317292,3.8322240700889,0.0072451474534,0.2639793921862,0.1516091314885,0.0000022786864
142023,0.2530567932292,3.8322764908316,0.0072919814736,0.2639050516269,0.1516033947617,0.0000022786864
142025,0.2530576462241,3.8322894085339,0.0073388154939,0.2638384892040,0.1515998769754,0.0000022786864
142081,0.2530568474923,3.8322773125879,0.0072919814736,0.2638889690779,0.1515976626220,0.0000022786864
142289,0.2530506255975,3.8321830885968,0.0072260469301,0.2638788229464,0.1515644480789,0.0000022786864
142345,0.2530494815637,3.8321657634194,0.0072200859362,0.2638764237046,0.1515607913451,0.0000022786864
142612,0.2530567313921,3.8322755543747,0.0073010772232,0.2637512590329,0.1515523537629,0.0000022786864
142853,0.2530538899625,3.8322325239392,0.0072938821603,0.2636242657256,0.1515033065341,0.0000022786864
142940,0.2530594811221,3.8323171961157,0.0073407161805,0.2635207291643,0.1514875990193,0.0000022786864
143153,0.2530557104406,3.8322600931483,0.0073718764226,0.2634529793886,0.1514759490572,0.0000022786864
143171,0.2530532783980,3.8322232624447,0.0073407161805,0.2633850157408,0.1514378007844,0.0000022786864
143199,0.2530534868576,3.8322264193432,0.0073407161805,0.2633734953355,0.1514337310238,0.0000022786864
143444,0.2530525244351,3.8322118444770,0.0073407161805,0.2633053178157,0.1514091756762,0.0000022786864
143594,0.2530595724595,3.8323185793242,0.0073250424024,0.2633186150372,0.1514087176413,0.0000022786864
143668,0.2530564345366,3.8322710588131,0.0073322374654,0.2633064472165,0.1514067831775,0.0000022786864
143724,0.2530508019710,3.8321857595863,0.0072979259399,0.2633158131024,0.1513942162189,0.0000022786864
143862,0.2530604969652,3.8323325799815,0.0072935405876,0.2632498150567,0.1513708435503,0.0000022786864
144070,0.2530582224337,3.8322981346160,0.0072598626243,0.2632254716480,0.1513472286633,0.0000022786864
144087,0.2530630006701,3.8323704959347,0.0072598626243,0.2632161057621,0.1513449076119,0.0000022786864
144125,0.2530616293212,3.8323497283104,0.0072332254654,0.2632313463064,0.1513386408777,0.0000022786864
144164,0.2530605078235,3.8323327444181,0.0071863914452,0.2632764209631,0.1513344269255,0.0000022786864
144349,0.2530588521851,3.8323076715332,0.0071863914452,0.2632093637071,0.1513101231259,0.0000022786864
144355,0.2530525501768,3.8322122343076,0.0072155297975,0.2631583849880,0.1513030538754,0.0000022786864
144404,0.2530535702674,3.8322276824971,0.0072127200868,0.2631421585879,0.1512962731616,0.0000022786864
144431,0.2530523386562,3.8322090310528,0.0072512627060,0.2630748119248,0.1512884751306,0.0000022786864
144577,0.2530475874451,3.8321370790038,0.0073688959256,0.2007353637634,0.1290737826218,0.0000022331127
144640,0.2530428101344,3.8320647317057,0.0073798593064,0.2007134800015,0.1290696418749,0.0000022331127
144657,0.2530372857205,3.8319810703207,0.0073798593064,0.2004326537157,0.1289681629699,0.0000022331127
144682,0.2530358670935,3.8319595867218,0.0074266933267,0.2003570892541,0.1289609433937,0.0000022331127
144907,0.2530360329234,3.8319620980386,0.0074376567075,0.2003375421477,0.1289586964110,0.0000022331127
144959,0.2530350778380,3.8319476342843,0.0074785297337,0.2002865980621,0.1289578144448,0.0000022331127
144972,0.2530406215144,3.8320315873787,0.0074785297337,0.2002733941286,0.1289542866849,0.0000022331127
145015,0.2530493772009,3.8321641829552,0.0074473694916,0.2002806625964,0.1289454043953,0.0000022331127
145110,0.2530490856392,3.8321597675631,0.0074473694916,0.2002677388232,0.1289407262845,0.0000022331127
145121,0.2530528319908,3.8322165020804,0.0074473694916,0.2002583406354,0.1289381725785,0.0000022331127
145157,0.2530572929831,3.8322840590738,0.0074942035118,0.2001959399948,0.1289369142853,0.0000022331127
145311,0.2530678039209,3.8324432360678,0.0073765702922,0.2002976575084,0.1289250800756,0.0000022331127
145322,0.2530648604259,3.8323986599611,0.0073765702922,0.2002981275690,0.1289246172054,0.0000022331127
145356,0.2530607676384,3.8323366790399,0.0074234043124,0.2001262619478,0.1288824313235,0.0000022331127
145486,0.2530635841050,3.8323793314364,0.0074032074511,0.2001123128430,0.1288693972312,0.0000022331127
145608,0.2530663577959,3.8324213360404,0.0074025904166,0.2000632979385,0.1288522218271,0.0000022331127
145885,0.2530661122682,3.8324176177838,0.0074326543207,0.2000078314458,0.1288452442827,0.0000022331127
146188,0.2530681447412,3.8324483974300,0.0074794883409,0.1999367351854,0.1288403600140,0.0000022331127
146192,0.2530671360898,3.8324331224753,0.0073908226872,0.1999715444608,0.1288145761926,0.0000022331127
146204,0.2530682981391,3.8324507204785,0.0073641855283,0.1999954045395,0.1288119307346,0.0000022331127
146303,0.2530703230378,3.8324813854196,0.0073828232757,0.1999660606693,0.1288098722939,0.0000022331127
146344,0.2530644770575,3.8323928542546,0.0073342758829,0.2000253601329,0.1288089919382,0.0000022331127
146668,0.2530677314278,3.8324421382370,0.0073499496610,0.1999572857273,0.1287920943490,0.0000022331127
146825,0.2530662372664,3.8324195107494,0.0073667197772,0.1999254237649,0.1287875820919,0.0000022331127
146842,0.2530725824091,3.8325156012002,0.0073726807712,0.1999010065176,0.1287827760316,0.0000022331127
146913,0.2530678747353,3.8324443084778,0.0073437132052,0.1999142321038,0.1287740759969,0.0000022331127
147034,0.2530532074216,3.8322221875817,0.0073905472254,0.1998381706975,0.1287638399360,0.0000022331127
147119,0.2530475201457,3.8321360598254,0.0074373812457,0.1997672860349,0.1287573770061,0.0000022331127
147215,0.2530421969003,3.8320554449255,0.0074314202517,0.1997426899156,0.1287448972706,0.0000022331127
147549,0.2530529263500,3.8322179310504,0.0075268016647,0.1995368122695,0.1287145464561,0.0000022331127
147716,0.2530511186428,3.8321905552450,0.0074151294391,0.1996257869190,0.1286980762256,0.0000022331127
147767,0.2530491380225,3.8321605608524,0.0074619634593,0.1995574248028,0.1286933084884,0.0000022331127
148074,0.2530510304649,3.8321892198839,0.0073574862967,0.1995380906054,0.1286420330144,0.0000022331127
148203,0.2530532683698,3.8322231105781,0.0073897428769,0.1994699221569,0.1286319909397,0.0000022331127
148305,0.2530508210681,3.8321860487911,0.0073700087914,0.1994915807260,0.1286307442559,0.0000022331127
148413,0.2530499079151,3.8321722200586,0.0074108818177,0.1994400113903,0.1286296479716,0.0000021884504
148464,0.2530520641635,3.8322048741512,0.0073983593229,0.1994134223981,0.1286152471727,0.0000021884504
148489,0.2530573756698,3.8322853112766,0.0073983593229,0.1994078873810,0.1286144085609,0.0000021884504
148742,0.2530664090071,3.8324221115801,0.0073941282292,0.1994021782045,0.1286124919585,0.0000021884504
148886,0.2530674067639,3.8324372215470,0.0073941282292,0.1993410148253,0.1285908616995,0.0000021884504
149089,0.2530645540289,3.8323940199048,0.0074241921333,0.1992522871619,0.1285714464783,0.0000021884504
149271,0.2530573023259,3.8322842005611,0.0073773581130,0.1992596003209,0.1285524326614,0.0000021884504
149388,0.2530610186184,3.8323404798652,0.0073875502007,0.1992153813060,0.1285418045421,0.0000021884504
149427,0.2530684914437,3.8324536478717,0.0073978800193,0.1991462851362,0.1285231557235,0.0000021884504
149707,0.2530538574937,3.8322320322337,0.0074158842045,0.1991267568574,0.1285207615711,0.0000021884504
149782,0.2530447105916,3.8320935121120,0.0074158842045,0.1990347065024,0.1284859263939,0.0000021884504
149989,0.2530407400200,3.8320333820208,0.0073690501843,0.1990507091748,0.1284707190743,0.0000021884504
149998,0.2530414844057,3.8320446549507,0.0073690501843,0.1990118721751,0.1284570082284,0.0000021884504
150038,0.2530447722469,3.8320944458152,0.0073859580313,0.1989672398407,0.1284490188666,0.0000021884504
150070,0.2530442511235,3.8320865539557,0.0072683248117,0.1989826045239,0.1284039803472,0.0000021884504
150096,0.2530479722942,3.8321429071355,0.0071597708140,0.1991057367407,0.1284022303907,0.0000021884504
150273,0.2530391010852,3.8320085620922,0.0072365310074,0.1989083639619,0.1283627363650,0.0000021884504
150279,0.2530378731069,3.8319899656641,0.0072387236835,0.1989063640727,0.1283626986990,0.0000021884504
150296,0.2530442408876,3.8320863989437,0.0071740232090,0.1989312377611,0.1283452179088,0.0000021884504
150328,0.2530285027334,3.8318480613050,0.0071271891888,0.1989419390267,0.1283255956047,0.0000021884504
150343,0.2530257472552,3.8318063325130,0.0070928776633,0.1989513049126,0.1283136451649,0.0000021884504
150477,0.2530352221233,3.8319498193322,0.0071271891888,0.1988804522770,0.1283050759205,0.0000021884504
150501,0.2530426206080,3.8320618615292,0.0071239001746,0.1988145224179,0.1282817053544,0.0000021884504
151007,0.2530491181728,3.8321602602496,0.0072583035104,0.1986459876978,0.1282805081478,0.0000021884504
151066,0.2530493757318,3.8321641607083,0.0072583035104,0.1986384123005,0.1282778578400,0.0000021884504
151094,0.2530448288219,3.8320953025841,0.0072583035104,0.1986387664975,0.1282770100011,0.0000021884504
151178,0.2530526773295,3.8322141599004,0.0072583035104,0.1986334999167,0.1282768109025,0.0000021884504
151219,0.2530530306848,3.8322195110908,0.0072175682150,0.1986578039041,0.1282681086332,0.0000021884504
151281,0.2530552267474,3.8322527681280,0.0072045664167,0.1986463448877,0.1282589145129,0.0000021884504
151292,0.2530547154788,3.8322450255069,0.0071137080869,0.1987397397341,0.1282532209734,0.0000021884504
151295,0.2530535183421,3.8322268961437,0.0070668740667,0.1987900656294,0.1282508662553,0.0000021884504
151508,0.2530538308535,3.8322316287961,0.0070668740667,0.1987818717135,0.1282480068234,0.0000021884504
151601,0.2530602451623,3.8323287666936,0.0071137080869,0.1987118979133,0.1282444623982,0.0000021884504
151606,0.2530580318356,3.8322952482100,0.0071511543680,0.1985682429443,0.1282087311740,0.0000021884504
151795,0.2530516109276,3.8321980103760,0.0071511543680,0.1985626459591,0.1282053563419,0.0000021446814
152147,0.2530398930346,3.8320205553256,0.0071979883882,0.1984913303963,0.1281974472439,0.0000021446814
152169,0.2530330637116,3.8319171324778,0.0071827939137,0.1985003014879,0.1281926758612,0.0000021446814
152185,0.2530273384709,3.8318304297852,0.0071359598935,0.1985220915470,0.1281791594649,0.0000021446814
152259,0.2530154957715,3.8316510846757,0.0070028402098,0.1986358677739,0.1281602048173,0.0000021446814
152288,0.2530095665286,3.8315612925865,0.0070083219002,0.1986092706512,0.1281517845888,0.0000021446814
152302,0.2529942552651,3.8313294197545,0.0070083219002,0.1985916166948,0.1281421986193,0.0000021446814
152415,0.2529909463004,3.8312793089968,0.0069614878800,0.1985358240402,0.1281014918844,0.0000021446814
152464,0.2529865436535,3.8312126355831,0.0069614878800,0.1985323104678,0.1280992936128,0.0000021446814
152540,0.2529968235297,3.8313683133959,0.0069849737555,0.1984727786149,0.1280903004426,0.0000021446814
152660,0.2530018651883,3.8314446639634,0.0070148999287,0.1983816887110,0.1280716741923,0.0000021446814
152666,0.2530031810696,3.8314645915879,0.0070617339489,0.1983136435811,0.1280677260577,0.0000021446814
152725,0.2529949551336,3.8313400185205,0.0070617339489,0.1461578782861,0.1094389043232,0.0000021446814
152884,0.2529906044916,3.8312741326658,0.0070415370876,0.1461074782886,0.1094113162459,0.0000021446814
152943,0.2529860118597,3.8312045821316,0.0070833687210,0.1460431654890,0.1094052910964,0.0000021446814
153101,0.2529868092994,3.8312166585089,0.0070833687210,0.1460426091481,0.1094052632832,0.0000021446814
153169,0.2529784450112,3.8310899902440,0.0070833687210,0.1460328526843,0.1093999864844,0.0000021446814
153203,0.2529784028114,3.8310893511727,0.0070735016783,0.1460248508006,0.1093928908933,0.0000021446814
153336,0.2529807732109,3.8311252483569,0.0069663525359,0.1459538228357,0.1093221106447,0.0000021446814
153387,0.2529860248279,3.8312047785204,0.0069320410104,0.1459869230080,0.1093203525418,0.0000021446814
153447,0.2529873305540,3.8312245523566,0.0068756484647,0.1460291123841,0.1093115317408,0.0000021446814
153482,0.2529846492460,3.8311839467939,0.0068618753732,0.1460433255958,0.1093101305683,0.0000021446814
153484,0.2529794427104,3.8311050993390,0.0068451052571,0.1460459348224,0.1093027595561,0.0000021446814
153507,0.2529850961724,3.8311907150195,0.0068620131041,0.1460020841376,0.1092955562736,0.0000021446814
153586,0.2529976841249,3.8313813461960,0.0069088471244,0.1458669481366,0.1092700625574,0.0000021446814
153787,0.2529924161389,3.8313015681406,0.0068768825337,0.1458775432293,0.1092590185546,0.0000021446814
153816,0.2529902552102,3.8312688431698,0.0068818849205,0.1457913588747,0.1092299192520,0.0000021446814
153832,0.2529921219102,3.8312971123591,0.0068818849205,0.1457184631059,0.1092042850559,0.0000021446814
153848,0.2529887304039,3.8312457515977,0.0068818849205,0.1456874540461,0.1091924836404,0.0000021446814
153912,0.2529893638648,3.8312553446906,0.0068776538268,0.1456666949166,0.1091833920813,0.0000021446814
153980,0.2529944889683,3.8313329589412,0.0068421082323,0.1456875396652,0.1091767010446,0.0000021446814
154074,0.2529946087303,3.8313347726098,0.0068338168313,0.1456789549245,0.1091701072715,0.0000021446814
154262,0.2530012519369,3.8314353769220,0.0068338168313,0.1456715092206,0.1091688716358,0.0000021446814
154388,0.2530005545994,3.8314248164858,0.0068255254302,0.1456263892024,0.1091490544565,0.0000021446814
154425,0.2530019561690,3.8314460417697,0.0068255254302,0.1455715726908,0.1091297774673,0.0000021446814
154524,0.2529982355420,3.8313896968230,0.0068338168313,0.1455574284990,0.1091274821506,0.0000021446814
154571,0.2530023416214,3.8314518790363,0.0068429125809,0.1455090019456,0.1091149650055,0.0000021446814
154899,0.2530095810263,3.8315615121389,0.0068704918192,0.1454710785141,0.1091147918975,0.0000021446814
154907,0.2530059484317,3.8315065003491,0.0068787832203,0.1454569343222,0.1091125154449,0.0000021017878
155105,0.2530007780396,3.8314282002504,0.0068792625239,0.1454573876436,0.1091117748200,0.0000021017878
155174,0.2530115914176,3.8315919573803,0.0069260965441,0.1453846469986,0.1091081848936,0.0000021017878
155221,0.2529987579932,3.8313976087915,0.0069260965441,0.1453770692890,0.1091027285492,0.0000021017878
155414,0.2530030221428,3.8314621848103,0.0069178051431,0.1453811067944,0.1091015308042,0.0000021017878
156092,0.2530133818470,3.8316190715334,0.0069674488740,0.1452401735359,0.1090746933189,0.0000021017878
156198,0.2530109019256,3.8315815157556,0.0069210941573,0.1452139304339,0.1090449230636,0.0000021017878
156371,0.2529895655301,3.8312583986970,0.0068742601371,0.1452189943591,0.1090220878006,0.0000021017878
156727,0.2529798412752,3.8311111351790,0.0068537382308,0.1452443572204,0.1090202670937,0.0000021017878
156761,0.2529849871654,3.8311890642233,0.0068744143957,0.1451791925212,0.1090069578912,0.0000021017878
157144,0.2529744792516,3.8310299330243,0.0068827057968,0.1451575941556,0.1090005459510,0.0000021017878
157207,0.2529734853606,3.8310148816007,0.0069295398170,0.1450991703787,0.1089995390627,0.0000021017878
157422,0.2529797535072,3.8311098060259,0.0069615044077,0.1450326609050,0.1089908279638,0.0000021017878
157484,0.2529760573218,3.8310538312219,0.0070083384279,0.1449670979455,0.1089866923043,0.0000021017878
157550,0.2529767303964,3.8310640242230,0.0070464017435,0.1449164234663,0.1089850513558,0.0000021017878
157709,0.2529765267149,3.8310609396831,0.0070171091326,0.1448618205884,0.1089529527059,0.0000021017878
157710,0.2529812545157,3.8311325372060,0.0069920476153,0.1448605803510,0.1089427822139,0.0000021017878
157769,0.2529863086343,3.8312090764679,0.0070388816356,0.1447823312371,0.1089359908501,0.0000021017878
157790,0.2529895273389,3.8312578203320,0.0069212484159,0.1449115964438,0.1089324324808,0.0000021017878
157872,0.2529887268659,3.8312456980182,0.0069336331798,0.1448624665795,0.1089200223267,0.0000021017878
158247,0.2530138454903,3.8316260929193,0.0069903177150,0.1446859137497,0.1088866436793,0.0000021017878
158329,0.2530078487757,3.8315352790422,0.0069882792975,0.1446681110582,0.1088781269574,0.0000021017878
158344,0.2530139122462,3.8316271038655,0.0069658897600,0.1446589446255,0.1088665570304,0.0000021017878
158373,0.2530246549526,3.8317897907501,0.0069546013342,0.1446601304495,0.1088644446508,0.0000021017878
158442,0.2530284360452,3.8318470513837,0.0069617963972,0.1446402771929,0.1088612480345,0.0000021017878
158483,0.2530159586670,3.8316580947372,0.0069617963972,0.1032303469954,0.0940693135258,0.0000021017878
158664,0.2530207728169,3.8317309999255,0.0069617963972,0.1030408868518,0.0940026807924,0.0000021017878
158709,0.2530173401548,3.8316790159022,0.0069738561161,0.1029877531724,0.0939881373588,0.0000021017878
158896,0.2530256073200,3.8318042133428,0.0069738561161,0.0716005084779,0.0827801786462,0.0000021017878
159064,0.2530302671378,3.8318747813371,0.0069821475172,0.0715555056644,0.0827686582027,0.0000020597520
159107,0.2530226933803,3.8317600848203,0.0069722804744,0.0715038479419,0.0827443573355,0.0000020597520
159135,0.2530206403607,3.8317289940177,0.0070632765352,0.0713544487157,0.0827295588480,0.0000020597520
159142,0.2530339635608,3.8319307597388,0.0071101105554,0.0712766295431,0.0827246929807,0.0000020597520
159171,0.2530397246464,3.8320180052652,0.0071101105554,0.0712268937074,0.0827081647006,0.0000020597520
159182,0.2530364615638,3.8319685893425,0.0070355430382,0.0712997261219,0.0827015195378,0.0000020597520
159197,0.2530280780503,3.8318416299302,0.0070223869812,0.0713095104353,0.0826975791582,0.0000020597520
159233,0.2530265003984,3.8318177380670,0.0069755529610,0.0713265103216,0.0826832407549,0.0000020597520
159309,0.2530204064125,3.8317254511209,0.0069999974437,0.0711652932436,0.0826348335799,0.0000020597520
159362,0.2530217150752,3.8317452694277,0.0069837066311,0.0711482933573,0.0826220608428,0.0000020597520
159596,0.2530182235170,3.8316923934859,0.0070150541873,0.0710989398255,0.0826171210573,0.0000020597520
159647,0.2530229864783,3.8317645234779,0.0070618882075,0.0710208537209,0.0826103255203,0.0000020597520
159871,0.2530290091405,3.8318557303031,0.0070629845456,0.0709454315345,0.0825851494548,0.0000020597520
160102,0.2530294521754,3.8318624395970,0.0070896217045,0.0708495835606,0.0825624288969,0.0000020597520
160365,0.2530282798374,3.8318446857828,0.0070748900059,0.0708667879304,0.0825620085143,0.0000020597520
160589,0.2530316377879,3.8318955383780,0.0069856073177,0.0707854829047,0.0824954265567,0.0000020597520
160797,0.2530397489539,3.8320183733758,0.0069762195786,0.0707806130586,0.0824914021162,0.0000020597520
161134,0.2530468830408,3.8321264115489,0.0069834146416,0.0707671492920,0.0824912059594,0.0000020597520
161359,0.2530503735390,3.8321792714383,0.0070698876191,0.0706534391727,0.0824884030139,0.0000020597520
161511,0.2530544436102,3.8322409083459,0.0071167216393,0.0705864179768,0.0824854107536,0.0000020597520
161641,0.2530458524036,3.8321108036431,0.0070781790201,0.0706318631889,0.0824832819483,0.0000020597520
161732,0.2530368764923,3.8319748729951,0.0070731766333,0.0706363930130,0.0824808324530,0.0000020597520
161747,0.2530413528213,3.8320426622453,0.0070775619856,0.0706103508178,0.0824743703190,0.0000020597520
161900,0.2530434716694,3.8320747499499,0.0070847570486,0.0705919341209,0.0824713305646,0.0000020597520
162011,0.2530493729277,3.8321641182423,0.0071315910688,0.0705191158761,0.0824666603269,0.0000020597520
162324,0.2530440631412,3.8320837071624,0.0070918143807,0.0705688517118,0.0824662381619,0.0000020597520
162801,0.2530426736624,3.8320626649815,0.0069741811611,0.0706405545332,0.0824411343300,0.0000020597520
163103,0.2530471690241,3.8321307424624,0.0069882792975,0.0705973345612,0.0824327039759,0.0000020597520
163341,0.2530487220881,3.8321542619680,0.0069860866213,0.0704668309304,0.0823854886175,0.0000020597520
163614,0.2530502851525,3.8321779329182,0.0069790292893,0.0704491791060,0.0823764947659,0.0000020597520
163909,0.2530490105379,3.8321586302331,0.0069393903320,0.0704902855882,0.0823739143962,0.0000020597520
164408,0.2530488733267,3.8321565523151,0.0069351592383,0.0704598807105,0.0823612127830,0.0000020597520
164427,0.2530476699305,3.8321383281576,0.0069450262810,0.0704162329368,0.0823495951544,0.0000020597520
164637,0.2530536993409,3.8322296371778,0.0069182513912,0.0704419265482,0.0823485885079,0.0000020597520
164705,0.2530613944717,3.8323461717643,0.0069182513912,0.0703964609905,0.0823339997654,0.0000020597520
164863,0.2530790362570,3.8326133378751,0.0069190557398,0.0703753388427,0.0823305812445,0.0000020597520
165021,0.2530557608371,3.8322608563498,0.0069190557398,0.0703753388427,0.0823255936545,0.0000020597520
165042,0.2530627132808,3.8323661437288,0.0069336331798,0.0703117405743,0.0823106172709,0.0000020597520
165104,0.2530513730583,3.8321944080976,0.0069804672000,0.0702239120680,0.0822968916225,0.0000020597520
165238,0.2530477286679,3.8321392176739,0.0070540761101,0.0701327161800,0.0822950873974,0.0000020185570
165244,0.2530472678906,3.8321322396910,0.0070540761101,0.0700672003411,0.0822715901456,0.0000020185570
165828,0.2530557064014,3.8322600319787,0.0070268219167,0.0700764485935,0.0822650209766,0.0000020185570
166296,0.2530482042958,3.8321464205535,0.0070252462750,0.0700599437803,0.0822568435313,0.0000019781858
166486,0.2530442676034,3.8320868035263,0.0069784122548,0.0701150251953,0.0822556001654,0.0000019781858
166563,0.2530506716170,3.8321837855141,0.0069799878964,0.0700894108593,0.0822484997519,0.0000019781858
166676,0.2530539472997,3.8322333922509,0.0069331538762,0.0701088843152,0.0822360847666,0.0000019781858
166704,0.2530606505600,3.8323349060112,0.0069799878964,0.0700407329045,0.0822332531129,0.0000019781858
166899,0.2530594778116,3.8323171459816,0.0069799878964,0.0700363493949,0.0822314362705,0.0000019781858
166969,0.2530578881339,3.8322930720011,0.0068623546768,0.0701165612799,0.0822093284901,0.0000019781858
167057,0.2530601160736,3.8323268117826,0.0068977460126,0.0699511468428,0.0821658970365,0.0000019781858
167298,0.2530537188921,3.8322299332605,0.0068977460126,0.0699508399529,0.0821644166083,0.0000019781858
167518,0.2530546436604,3.8322439378935,0.0069445800329,0.0698656004815,0.0821542438276,0.0000019781858
167691,0.2530518618371,3.8322018101327,0.0069134197907,0.0698848840370,0.0821471803172,0.0000019781858
167747,0.2530582254121,3.8322981797205,0.0068797418275,0.0698163571051,0.0821096366233,0.0000019781858
167820,0.2530497578912,3.8321699481055,0.0069265758477,0.0697612756901,0.0821082219436,0.0000019781858
168182,0.2530430579225,3.8320684841934,0.0068241205749,0.0698880366151,0.0821081485923,0.0000019781858
168368,0.2530450279633,3.8320983183697,0.0068639137908,0.0698191599418,0.0821010261674,0.0000019781858
168369,0.2530460377300,3.8321136102141,0.0068170797705,0.0698741410836,0.0821008069451,0.0000019781858
168575,0.2530524586783,3.8322108486599,0.0067573982106,0.0699085014494,0.0820888766104,0.0000019781858
168854,0.2530518160201,3.8322011162828,0.0068042322308,0.0697392337353,0.0820483578658,0.0000019781858
168912,0.2530483157246,3.8321481080242,0.0068460638642,0.0696889881238,0.0820475907841,0.0000019781858
168972,0.2530470654650,3.8321291741697,0.0068444882226,0.0696457200484,0.0820311947123,0.0000019781858
169194,0.2530473835955,3.8321339919185,0.0067953072675,0.0696835488266,0.0820236956089,0.0000019781858
169224,0.2530428564057,3.8320654324353,0.0067976542023,0.0696627225889,0.0820162933840,0.0000019781858
169510,0.2530494214869,3.8321648536199,0.0068416785119,0.0696044743922,0.0820157648209,0.0000019781858
169720,0.2530447376823,3.8320939223722,0.0068241371026,0.0696175667645,0.0820119192489,0.0000019781858
169791,0.2530496415531,3.8321681862889,0.0068496779234,0.0695544532900,0.0820013756178,0.0000019781858
169912,0.2530458343092,3.8321105296221,0.0068552973447,0.0695217158758,0.0819912761697,0.0000019781858
170020,0.2530519903844,3.8322037568462,0.0068498156543,0.0695177966307,0.0819888463023,0.0000019781858
170288,0.2530507642878,3.8321851889141,0.0068654894324,0.0694762439405,0.0819804606543,0.0000019781858
170367,0.2530445132986,3.8320905243186,0.0068291394894,0.0693906425441,0.0819329706823,0.0000019781858
170819,0.2530437995972,3.8320797160687,0.0068148870944,0.0693712588953,0.0819197868453,0.0000019781858
170993,0.2530471637114,3.8321306620072,0.0068361802938,0.0693304342101,0.0819150531391,0.0000019781858
171325,0.2530424388516,3.8320591090217,0.0068972667091,0.0692458360372,0.0819100069282,0.0000019781858
171784,0.2530381172778,3.8319936633736,0.0069267135786,0.0691794449418,0.0818979898581,0.0000019781858
171876,0.2530493706279,3.8321640834148,0.0069267135786,0.0691092349882,0.0818753263069,0.0000019781858
171972,0.2530562837291,3.8322687749927,0.0069267135786,0.0690586775415,0.0818587514547,0.0000019781858
172185,0.2530538226427,3.8322315044527,0.0068798795584,0.0690917631600,0.0818499686485,0.0000019781858
172385,0.2530400088414,3.8320223090960,0.0069361013178,0.0690213393344,0.0818459522216,0.0000019781858
173205,0.2530382143266,3.8319951330751,0.0069361013178,0.0689961398347,0.0818365678614,0.0000019781858
173210,0.2530411053371,3.8320389143592,0.0068892672975,0.0690169146433,0.0818245352152,0.0000019781858
173393,0.2530474382328,3.8321348193427,0.0069267135786,0.0689520487829,0.0818187742918,0.0000019781858
173417,0.2530458238764,3.8321103716288,0.0069267135786,0.0689062197601,0.0818020608501,0.0000019386221
173739,0.2530512873511,3.8321931101523,0.0069436214257,0.0688549125296,0.0817921538040,0.0000019386221
173748,0.2530493776110,3.8321641891656,0.0069033654340,0.0688690388239,0.0817795371112,0.0000019386221
174069,0.2530508311720,3.8321862018050,0.0069033654340,0.0687776078580,0.0817471946721,0.0000019386221
174181,0.2530491492959,3.8321607315764,0.0068950740329,0.0687358648880,0.0817283726089,0.0000019386221
174227,0.2530477826665,3.8321400354257,0.0068482400127,0.0687298607190,0.0817058636908,0.0000019386221
174326,0.2530434394913,3.8320742626474,0.0068510497233,0.0687152441120,0.0817009169553,0.0000019386221
174504,0.2530286008006,3.8318495464287,0.0068778246131,0.0686510318708,0.0816862792453,0.0000019386221
174945,0.2530262626198,3.8318141371635,0.0068854989797,0.0685883505408,0.0816666810315,0.0000019386221
175013,0.2530299729712,3.8318703264969,0.0068826892691,0.0685827402799,0.0816642682805,0.0000019386221
175096,0.2530194705727,3.8317112788205,0.0068826892691,0.0685733347576,0.0816586586515,0.0000019386221
175173,0.2530252208869,3.8317983612247,0.0068826892691,0.0685016276998,0.0816342811981,0.0000019386221
175488,0.2530311420387,3.8318880307832,0.0069295232893,0.0684316502424,0.0816306297903,0.0000019386221
175530,0.2530230723947,3.8317658245901,0.0068939776948,0.0684243877575,0.0816110730100,0.0000019386221
175638,0.2530279425952,3.8318395786069,0.0068623381491,0.0683568810236,0.0815744472713,0.0000019386221
176576,0.2530211943190,3.8317373831281,0.0068623381491,0.0683533306053,0.0815717332056,0.0000019386221
176771,0.2530181628241,3.8316914743554,0.0069304653687,0.0474925968146,0.0741500189113,0.0000019386221
176773,0.2530155416620,3.8316517796384,0.0069304653687,0.0474694471714,0.0741411895040,0.0000019386221
176799,0.2530111551765,3.8315853509731,0.0069772993890,0.0474017320775,0.0741361373037,0.0000019386221
176836,0.2530122859671,3.8316024755951,0.0069796463238,0.0473398425601,0.0741152820460,0.0000019386221
176897,0.2530102411446,3.8315715089299,0.0069594494624,0.0473391321245,0.0741059343451,0.0000019386221
177080,0.2530175780596,3.8316826187179,0.0069126154422,0.0473832619511,0.0741031954705,0.0000019386221
177185,0.2530140389501,3.8316290226627,0.0069152874219,0.0473581471636,0.0740946126571,0.0000019386221
177247,0.2530103405271,3.8315730139722,0.0069058996828,0.0473659362932,0.0740925786531,0.0000019386221
177304,0.2530150034190,3.8316436285193,0.0068792625239,0.0473617919669,0.0740806818025,0.0000018998497
177748,0.2530198344258,3.8317167889889,0.0068792625239,0.0473291915885,0.0740700740259,0.0000018998497
178280,0.2530186440618,3.8316987621894,0.0068792625239,0.0473099135524,0.0740629339350,0.0000018998497
178393,0.2530143076388,3.8316330916669,0.0069260965441,0.0471705980346,0.0740323208824,0.0000018998497
178667,0.2530154418065,3.8316502674334,0.0069560061896,0.0470968271878,0.0740190356068,0.0000018998497
179481,0.2530078024741,3.8315345778543,0.0069091721693,0.0471260049441,0.0740077475114,0.0000018998497
180093,0.2530079531285,3.8315368593552,0.0068020230269,0.0471426609177,0.0739678072954,0.0000018998497
180160,0.2530087710733,3.8315492462606,0.0068357009902,0.0470954270311,0.0739655467369,0.0000018998497
180214,0.2530105139045,3.8315756395882,0.0068133114527,0.0470921157024,0.0739551420672,0.0000018998497
180686,0.2529966767121,3.8313660899987,0.0069163672323,0.0469761325941,0.0739549211786,0.0000018618527
180867,0.2529887325894,3.8312457846936,0.0068695332121,0.0470119702470,0.0739459463054,0.0000018618527
181465,0.2529819129677,3.8311425087629,0.0068253711716,0.0470593995459,0.0739424974044,0.0000018618527
181506,0.2529842261322,3.8311775391844,0.0068601454729,0.0470162110789,0.0739424719021,0.0000018618527
181534,0.2529799096620,3.8311121708248,0.0069069794932,0.0469476994644,0.0739371502334,0.0000018618527
181637,0.2529844950013,3.8311816109210,0.0069538135134,0.0468872001509,0.0739365976314,0.0000018618527
181751,0.2529804856338,3.8311208933064,0.0070006475336,0.0468146191453,0.0739298884164,0.0000018618527
182067,0.2529707089649,3.8309728360342,0.0070006475336,0.0468184801765,0.0739291723556,0.0000018618527
182297,0.2529646221371,3.8308806574896,0.0069538135134,0.0468693862071,0.0739259770376,0.0000018618527
182333,0.2529600145447,3.8308108803948,0.0069433294362,0.0468806794333,0.0739245298156,0.0000018618527
182455,0.2529745137407,3.8310304553257,0.0069901634564,0.0468080799680,0.0739217801286,0.0000018618527
182571,0.2529690523834,3.8309477488663,0.0069804506723,0.0468187684464,0.0739202645297,0.0000018618527
183850,0.2529820548457,3.8311446573552,0.0070474815539,0.0467226166399,0.0739174383614,0.0000018618527
184173,0.2529781391835,3.8310853588077,0.0070033195134,0.0467734064759,0.0739158119293,0.0000018618527
184235,0.2529766701325,3.8310631115903,0.0070501535336,0.0467104333954,0.0739130784697,0.0000018618527
184322,0.2529708587560,3.8309751044626,0.0070501535336,0.0466855744033,0.0739029549633,0.0000018618527
184516,0.2529737537514,3.8310189460944,0.0069398861633,0.0468133608352,0.0739019558864,0.0000018618527
184549,0.2529687174456,3.8309426765886,0.0069398861633,0.0467443771218,0.0738762396375,0.0000018618527
184654,0.2529715559894,3.8309856633211,0.0069196893020,0.0467622968708,0.0738745920096,0.0000018618527
184860,0.2529745250234,3.8310306261894,0.0069073045381,0.0467139517008,0.0738526543431,0.0000018618527
184913,0.2529790886632,3.8310997376697,0.0069073045381,0.0466462549492,0.0738294548546,0.0000018618527
184920,0.2529894804860,3.8312571107938,0.0069491361715,0.0465832352001,0.0738271024634,0.0000018618527
185084,0.2529853913874,3.8311951857363,0.0069491361715,0.0465072013591,0.0737990712848,0.0000018618527
185085,0.2529856169007,3.8311986008965,0.0069240746543,0.0465060379018,0.0737879634383,0.0000018618527
185145,0.2529858644391,3.8312023496031,0.0069541385584,0.0463514877180,0.0737457045184,0.0000018618527
185175,0.2529806897815,3.8311239849064,0.0068632802286,0.0464233404622,0.0737313180733,0.0000018618527
185362,0.2529831278790,3.8311609073057,0.0068344503935,0.0464425342157,0.0737263397912,0.0000018618527
185386,0.2529775046511,3.8310757494878,0.0068812844137,0.0463509984834,0.0737125152037,0.0000018618527
185405,0.2529749606607,3.8310372234537,0.0068697039984,0.0463531865460,0.0737077884788,0.0000018618527
185483,0.2529701596173,3.8309645167494,0.0068632802286,0.0463341882049,0.0736972215177,0.0000018618527
185545,0.2529779093779,3.8310818786459,0.0068516998132,0.0463401144465,0.0736960356604,0.0000018618527
185648,0.2529816810856,3.8311389971551,0.0068516998132,0.0462962825728,0.0736811896429,0.0000018618527
185681,0.2529755244098,3.8310457608354,0.0068516998132,0.0462894408052,0.0736774268668,0.0000018618527
185818,0.2529745368878,3.8310308058640,0.0068516998132,0.0462640621460,0.0736681514481,0.0000018618527
186127,0.2529707406019,3.8309733151433,0.0068347919662,0.0462645079745,0.0736602509625,0.0000018618527
186798,0.2529715783526,3.8309860019882,0.0068048657930,0.0462837451341,0.0736544753919,0.0000018618527
186896,0.2529653863359,3.8308922304685,0.0068103474834,0.0462587938437,0.0736465866519,0.0000018618527
187234,0.2529617262105,3.8308368017553,0.0068571815037,0.0461882494536,0.0736406796373,0.0000018618527
187366,0.2529614479512,3.8308325878141,0.0068740893507,0.0461333918049,0.0736282742130,0.0000018618527
187835,0.2529550169406,3.8307351969851,0.0068740893507,0.0461355722158,0.0736276748575,0.0000018618527
188689,0.2529593585032,3.8308009453422,0.0069209233710,0.0460663247635,0.0736239456823,0.0000018246156
188799,0.2529590245378,3.8307958877908,0.0069564689654,0.0460173321654,0.0736216105881,0.0000018246156
188817,0.2529546966427,3.8307303464144,0.0069209233710,0.0459680279602,0.0735878407111,0.0000018246156
188948,0.2529617982019,3.8308378919887,0.0069209233710,0.0459184121481,0.0735716425408,0.0000018246156
189660,0.2529541653668,3.8307223008048,0.0069166922773,0.0459160603938,0.0735673536952,0.0000018246156
189674,0.2529542580563,3.8307237044876,0.0069113648455,0.0458397649537,0.0735378420007,0.0000018246156
189737,0.2529585842091,3.8307892194791,0.0069113648455,0.0458170653809,0.0735306620432,0.0000018246156
190106,0.2529676512418,3.8309265300640,0.0069113648455,0.0457169741949,0.0734968581266,0.0000018246156
190168,0.2529702255111,3.8309655146404,0.0069315617068,0.0456724876422,0.0734901774990,0.0000018246156
190315,0.2529635210532,3.8308639827433,0.0069299860652,0.0456666996730,0.0734859984225,0.0000018246156
190591,0.2529651262667,3.8308882919974,0.0069409494460,0.0456475860064,0.0734842146791,0.0000018246156
190910,0.2529733794237,3.8310132772992,0.0069282726926,0.0456521443612,0.0734821783023,0.0000018246156
191747,0.2529781545896,3.8310855921173,0.0069751067128,0.0455824432697,0.0734783800282,0.0000018246156
192345,0.2529750956986,3.8310392684598,0.0069397153770,0.0456118250699,0.0734730503362,0.0000018246156
192472,0.2529744899414,3.8310300949097,0.0069014978028,0.0455983086191,0.0734517142669,0.0000018246156
192528,0.2529624929664,3.8308484134599,0.0069141745562,0.0455878951604,0.0734508572884,0.0000018246156
192666,0.2529591404421,3.8307976430374,0.0069014978028,0.0455983086191,0.0734484250884,0.0000018246156
192924,0.2529510111651,3.8306745337678,0.0069483318230,0.0455237456760,0.0734401252009,0.0000018246156
193277,0.2529483099400,3.8306336265820,0.0069467561813,0.0455270774784,0.0734400610214,0.0000018246156
193374,0.2529472338996,3.8306173310911,0.0069467561813,0.0454516976766,0.0734129090835,0.0000018246156
193507,0.2529266071253,3.8303049604919,0.0069104062383,0.0454573132448,0.0733949160735,0.0000018246156
193533,0.2529370331722,3.8304628519047,0.0068635722181,0.0454502179035,0.0733745444530,0.0000018246156
193562,0.2529498968896,3.8306576592491,0.0068269302855,0.0454600451250,0.0733651070005,0.0000018246156
193652,0.2529523552450,3.8306948884305,0.0068269302855,0.0454049361370,0.0733459520095,0.0000018246156
193799,0.2529526057452,3.8306986819909,0.0068164462083,0.0453597211998,0.0733253643203,0.0000018246156
195640,0.2529698028341,3.8309591136460,0.0069309446723,0.0452035913764,0.0733223595299,0.0000017523608
195981,0.2529707040513,3.8309727616241,0.0069309446723,0.0451392359227,0.0732995685573,0.0000017523608
196028,0.2529833244465,3.8311638841112,0.0069777786926,0.0450628421396,0.0732950611566,0.0000017523608
196153,0.2529836143405,3.8311682742489,0.0069777786926,0.0450438105331,0.0732883262745,0.0000017523608
196200,0.2529805959230,3.8311225635192,0.0068972667091,0.0449734474424,0.0732280446597,0.0000017523608
196260,0.2529754886528,3.8310452193334,0.0068628174527,0.0449793066941,0.0732142788675,0.0000017523608
196347,0.2529824634966,3.8311508459383,0.0068916307600,0.0449085502072,0.0732028518633,0.0000017523608
196835,0.2529775853349,3.8310769713580,0.0069357928005,0.0448377888562,0.0731954612206,0.0000017523608
197033,0.2529845755459,3.8311828306843,0.0069357928005,0.0447859495539,0.0731784450865,0.0000017523608
197329,0.2529967771097,3.8313676104148,0.0069826268208,0.0447091095671,0.0731736885778,0.0000017523608
197640,0.2530131882732,3.8316161400637,0.0070294608410,0.0446348553515,0.0731707576159,0.0000017523608
198205,0.2530191119754,3.8317058482454,0.0070762948612,0.0445630408123,0.0731664506539,0.0000017523608
198236,0.2530264449015,3.8318168976256,0.0070762948612,0.0445561989865,0.0731655784860,0.0000017523608
198273,0.2530251937410,3.8317979501283,0.0071193605636,0.0445008576092,0.0731640023322,0.0000017523608
198642,0.2530207221204,3.8317302321817,0.0071193605636,0.0444756478839,0.0731540406545,0.0000017523608
198718,0.2530200172953,3.8317195583543,0.0070017273440,0.0444230036411,0.0730846738683,0.0000017523608
199016,0.2530227355737,3.8317607237948,0.0070313284722,0.0443577545248,0.0730746392985,0.0000017523608
199426,0.2530268447288,3.8318229525862,0.0070159797391,0.0443632411481,0.0730709013115,0.0000017523608
200251,0.2530291159148,3.8318573472868,0.0069691457188,0.0443842192729,0.0730588084587,0.0000017523608
200552,0.2530293172801,3.8318603967506,0.0069223116986,0.0443930901163,0.0730419480438,0.0000017523608
200790,0.2530248089789,3.8317921233145,0.0068792459962,0.0444462180876,0.0730414995251,0.0000017523608
201366,0.2530301713414,3.8318733306021,0.0069260800164,0.0443737697524,0.0730368459203,0.0000017523608
201523,0.2530286587718,3.8318504243422,0.0069729140366,0.0442990270208,0.0730298996885,0.0000017523608
201563,0.2530317185527,3.8318967614753,0.0069642975906,0.0442122859178,0.0729958836279,0.0000017523608
201716,0.2530260172306,3.8318104210036,0.0069675866049,0.0441870761925,0.0729870680203,0.0000017523608
201908,0.2530219434766,3.8317487283247,0.0069560061896,0.0441935437296,0.0729835418725,0.0000017523608
202170,0.2530059352798,3.8315063011785,0.0069990718920,0.0441482889204,0.0729824058424,0.0000017523608
202237,0.2530012419501,3.8314352256826,0.0070459059122,0.0440765042291,0.0729758344621,0.0000017523608
202250,0.2530019940978,3.8314466161609,0.0070028402098,0.0440291578993,0.0729406295035,0.0000017523608
203116,0.2530057416673,3.8315033691230,0.0070028402098,0.0439815054745,0.0729244138310,0.0000017173136
203354,0.2530011660857,3.8314340767967,0.0069506787578,0.0440392307933,0.0729216946264,0.0000017173136
203431,0.2530126114136,3.8316074041369,0.0069358093282,0.0439020190618,0.0728687703942,0.0000017173136
203770,0.2530163097039,3.8316634108171,0.0069358093282,0.0438774700754,0.0728607953899,0.0000017173136
204110,0.2530180861906,3.8316903138236,0.0069635262975,0.0438102968044,0.0728490643128,0.0000017173136
205544,0.2530168006416,3.8316708455476,0.0069804341446,0.0437629806967,0.0728391364483,0.0000017173136
205761,0.2530137894492,3.8316252442355,0.0069804341446,0.0437147585709,0.0728212690050,0.0000017173136
206567,0.2530149135292,3.8316422672341,0.0070272681648,0.0436469346084,0.0728173587585,0.0000017173136
207110,0.2530179710680,3.8316885704141,0.0070272681648,0.0436223671624,0.0728092398575,0.0000017173136
207406,0.2530230570775,3.8317655926281,0.0070000139714,0.0436257885841,0.0727998712844,0.0000017173136
207542,0.2530232875446,3.8317690828074,0.0069893591079,0.0435542723092,0.0727698127734,0.0000017173136
208039,0.2530157291309,3.8316546186562,0.0069751067128,0.0435745993150,0.0727693445889,0.0000017173136
208106,0.2530203142192,3.8317240549502,0.0069995511956,0.0435104517404,0.0727578934666,0.0000017173136
208114,0.2530236331014,3.8317743158977,0.0069527171753,0.0435098591157,0.0727383212810,0.0000017173136
208270,0.2530181200502,3.8316908265912,0.0069505244992,0.0435085221034,0.0727357226902,0.0000017173136
208450,0.2530157798144,3.8316553862033,0.0069542762893,0.0434397765588,0.0727122771409,0.0000017173136
209227,0.2530086499096,3.8315474113646,0.0069542762893,0.0434151906531,0.0727019686236,0.0000017173136
209231,0.2530007153118,3.8314272503040,0.0069445635052,0.0434245961753,0.0726994648459,0.0000017173136
209360,0.2530064314917,3.8315138157812,0.0069276556581,0.0433992756922,0.0726844004918,0.0000017173136
209391,0.2530054344281,3.8314987163113,0.0068797252998,0.0434032745249,0.0726650734077,0.0000017173136
210159,0.2530023684674,3.8314522855904,0.0068659522083,0.0433537230967,0.0726408167240,0.0000016829674
211099,0.2530055988535,3.8315012063585,0.0068850527315,0.0432921780316,0.0726277145077,0.0000016829674
213120,0.2530009990917,3.8314315478496,0.0069041532548,0.0432701392154,0.0726270437772,0.0000016829674
214098,0.2530075875067,3.8315313224000,0.0069509872750,0.0431973193598,0.0726225202121,0.0000016829674
215410,0.2530122967560,3.8316026389814,0.0069935902016,0.0430702260965,0.0725963972829,0.0000016829674
216616,0.2530045632775,3.8314855236592,0.0069113648455,0.0431526463899,0.0725889364896,0.0000016829674
217552,0.2529884880418,3.8312420812808,0.0069113648455,0.0431620126612,0.0725888368932,0.0000016493080
217632,0.2529849811000,3.8311889723696,0.0069113648455,0.0430870234277,0.0725613035365,0.0000016493080
217856,0.2529829286802,3.8311578906515,0.0069467561813,0.0429873814429,0.0725404450245,0.0000016493080
218011,0.2529808340338,3.8311261694549,0.0069935902016,0.0429171446151,0.0725349833133,0.0000016493080
218151,0.2529771808718,3.8310708461937,0.0069935902016,0.0428452583961,0.0725085268432,0.0000016493080
219074,0.2529704142914,3.8309683735171,0.0069744896783,0.0428206594676,0.0724901055916,0.0000016493080
219646,0.2529745447721,3.8310309252623,0.0069744896783,0.0427959258847,0.0724821572721,0.0000016493080
220409,0.2529754153602,3.8310441093954,0.0069669695704,0.0427760737922,0.0724720308903,0.0000016493080
221146,0.2529792537641,3.8311022379479,0.0069239038680,0.0428061768608,0.0724651477717,0.0000016493080
221151,0.2529746170169,3.8310320193336,0.0069419080531,0.0427309238884,0.0724449942008,0.0000016493080
221280,0.2529742266937,3.8310261083036,0.0068950740329,0.0427335934187,0.0724257922409,0.0000016493080
221828,0.2529739651997,3.8310221482544,0.0068802046034,0.0427382864547,0.0724210396780,0.0000016493080
222162,0.2529800270680,3.8311139488143,0.0069068252345,0.0426650282155,0.0724075838349,0.0000016493080
222228,0.2529797634247,3.8311099562167,0.0069237330816,0.0426101705667,0.0723951815427,0.0000016493080
222414,0.2529835245739,3.8311669148286,0.0069237330816,0.0425594485196,0.0723778724864,0.0000016493080
222765,0.2529767965215,3.8310650256170,0.0069140202975,0.0425708570962,0.0723763426308,0.0000016493080
222834,0.2529704266036,3.8309685599725,0.0069140202975,0.0425696168588,0.0723745347064,0.0000016493080
222887,0.2529717019892,3.8309878743341,0.0069220197091,0.0424981875582,0.0723527258581,0.0000016493080
223213,0.2529783734194,3.8310889060616,0.0069220197091,0.0424901190483,0.0723512738396,0.0000016163218
223580,0.2529860582125,3.8312052840953,0.0069102685074,0.0424166988283,0.0723216628445,0.0000016163218
225425,0.2529864798111,3.8312116687584,0.0069129239594,0.0423449176465,0.0722972551016,0.0000015839954
225871,0.2529907630624,3.8312765340520,0.0069597579797,0.0422683169121,0.0722908872590,0.0000015839954
227244,0.2529954603295,3.8313476691765,0.0070065919999,0.0421915078177,0.0722845337198,0.0000015839954
227999,0.2529923567369,3.8313006685601,0.0069712006641,0.0422142431060,0.0722768206946,0.0000015839954
228254,0.2529885045957,3.8312423319711,0.0069712006641,0.0422060834090,0.0722730810583,0.0000015839954
228695,0.2529932690975,3.8313144852938,0.0068797252998,0.0421144903633,0.0722021864934,0.0000015839954
229360,0.2529913060671,3.8312847572814,0.0069265593200,0.0420418685898,0.0721959012193,0.0000015839954
235362,0.2529849043726,3.8311878104143,0.0069505244992,0.0420163265910,0.0721956780763,0.0000015523155
236219,0.2529876294975,3.8312290795387,0.0069265593200,0.0420418685898,0.0721951133830,0.0000015523155
237156,0.2529937588248,3.8313219016936,0.0069205983260,0.0420372645490,0.0721922277983,0.0000015523155
