0,0.2063240533919,3.124558757017,0.5553584234398,0.3201241934734,0.3965531191558,100000
1,0.2063301811593,3.124651555549,0.5552407902202,0.3201877263739,0.3965267083335,100000.0000000000000
2,0.2063193522791,3.1244875636536,0.5552407902202,0.3201516047215,0.3965114872690,100000.0000000000000
3,0.2063259269339,3.1245871298207,0.5552407902202,0.3198142176371,0.3963924007363,100000.0000000000000
4,0.2063346994465,3.1247199802126,0.5552407902202,0.3197590921377,0.3963745928821,100000.0000000000000
5,0.2063430238627,3.1248460446573,0.5551939562000,0.3196306570216,0.3963104352783,100000.0000000000000
7,0.2063492230974,3.1249399254870,0.5550763229804,0.3196621085598,0.3962725821409,100000.0000000000000
9,0.2063530631951,3.1249980796889,0.5550763229804,0.3196424037355,0.3962663675818,100000.0000000000000
13,0.2063602512344,3.1251069349134,0.5550763229804,0.3196341171435,0.3962649483788,100000.0000000000000
14,0.2063473615016,3.1249117335949,0.5550763229804,0.3196029975765,0.3962510721621,100000.0000000000000
15,0.2063504369724,3.1249583083349,0.5550763229804,0.3184392659682,0.3958361127600,100000.0000000000000
16,0.2063461845945,3.1248939105859,0.5550294889601,0.3184412324280,0.3958158321203,100000.0000000000000
17,0.2063435423913,3.1248538972228,0.5550763229804,0.3182949012886,0.3957830765356,100000.0000000000000
18,0.2063500574307,3.1249525605784,0.5550763229804,0.3177518088795,0.3955905110408,100000.0000000000000
19,0.2063512744023,3.1249709903210,0.5550763229804,0.3175884065369,0.3955324138410,100000.0000000000000
20,0.2063591275333,3.1250899176541,0.5550763229804,0.3174546399249,0.3954863228647,100000.0000000000000
21,0.2063625243489,3.1251413588206,0.5549586897607,0.3174426707946,0.3954323618274,100000.0000000000000
22,0.2063623716547,3.1251390464278,0.5549118557405,0.3174404120906,0.3954114507043,100000.0000000000000
23,0.2063639627543,3.1251631419425,0.5549118557405,0.3173937431312,0.3953951241687,100000.0000000000000
24,0.2063668747858,3.1252072415679,0.5549118557405,0.3173855865577,0.3953928351135,100000.0000000000000
25,0.2063752347723,3.1253338446895,0.5549586897607,0.3172495069205,0.3953660983917,100000.0000000000000
26,0.2063694994261,3.1252469889588,0.5549586897607,0.3172327280427,0.3953588769326,100000.0000000000000
28,0.2063662771537,3.1251981910644,0.5548410565411,0.3170320613776,0.3952361055425,100000.0000000000000
29,0.2063648524648,3.1251766156645,0.5548410565411,0.3163522133884,0.3949929973988,100000.0000000000000
30,0.2063664259585,3.1252004445560,0.5548410565411,0.3162143122315,0.3949440841629,100000.0000000000000
31,0.2063723804003,3.1252906182551,0.5547942225209,0.3161944935928,0.3949182103064,100000.0000000000000
32,0.2063743079876,3.1253198095193,0.5546765893013,0.3162083762026,0.3948731671988,100000.0000000000000
135892,0.2533948213365,3.8373955676686,0.0090114472681,0.8623253065218,0.3661342628733,0.0000026220881
135956,0.2533930793949,3.8373691878131,0.0090582812883,0.8622541894101,0.3661285623546,0.0000026220881
135977,0.2534000764824,3.8374751512753,0.0090114472681,0.8622637363104,0.3661133996148,0.0000026220881
136083,0.2534011229855,3.8374909994532,0.0089733839525,0.8622174293577,0.3660807728186,0.0000026220881
136130,0.2534013703892,3.8374947461198,0.0089727669180,0.8621729398483,0.3660646722798,0.0000026220881
136171,0.2534024453511,3.8375110252772,0.0089138731789,0.8621943036696,0.3660472923910,0.0000026220881
136181,0.2533994566901,3.8374657651779,0.0089138731789,0.8621494699456,0.3660306399194,0.0000026220881
136290,0.2534056002020,3.8375588021439,0.0088670391586,0.8621743686542,0.3660207770592,0.0000026220881
136305,0.2533952071681,3.8374014106797,0.0088870982891,0.8621092443122,0.3660038880571,0.0000026220881
136309,0.2533934000752,3.8373740441754,0.0088870982891,0.8621043799389,0.3660017635467,0.0000026220881
136433,0.2533977212583,3.8374394839066,0.0088545166639,0.8621195260094,0.3659941352718,0.0000026220881
136494,0.2533956970908,3.8374088300386,0.0088545166639,0.8621149357796,0.3659920621538,0.0000026220881
136649,0.2533985118961,3.8374514572758,0.0088620367718,0.8620594715889,0.3659760795902,0.0000026220881
136672,0.2533967126362,3.8374242093955,0.0088620367718,0.8620548813590,0.3659740546668,0.0000026220881
136986,0.2533854759692,3.8372540420021,0.0089061988123,0.8620049435739,0.3659727384751,0.0000026220881
137025,0.2533836050926,3.8372257095621,0.0089088707921,0.8619933138396,0.3659693292306,0.0000026220881
137211,0.2533849033530,3.8372453703382,0.0089253158633,0.8619377719112,0.3659568189139,0.0000026220881
137312,0.2533730963993,3.8370665665588,0.0089077744540,0.8619640881586,0.3659561697654,0.0000026220881
137407,0.2533769058643,3.8371242568613,0.0088811372951,0.8619903519466,0.3659549500783,0.0000026220881
137591,0.2533839110616,3.8372303431386,0.0088397849652,0.8620017461229,0.3659427981136,0.0000026220881
137667,0.2533815650286,3.8371948149596,0.0088217807801,0.8619223542933,0.3659062250881,0.0000026220881
138054,0.2533884052930,3.8372984035020,0.0088720415455,0.8618187337888,0.3658922238640,0.0000026220881
138094,0.2533905788026,3.8373313189965,0.0088654635170,0.8618234059550,0.3658915390918,0.0000026220881
138176,0.2533952892284,3.8374026533957,0.0088386886272,0.8618482862040,0.3658899593192,0.0000026220881
138339,0.2533972180470,3.8374318633051,0.0088347825784,0.8618307178934,0.3658824242199,0.0000026220881
138360,0.2533933118950,3.8373727087807,0.0087813705297,0.8618253611396,0.3658567831829,0.0000026220881
138588,0.2533872105245,3.8372803100005,0.0087736961631,0.8618328212479,0.3658548510566,0.0000026220881
138620,0.2533860113596,3.8372621499211,0.0087801199330,0.8617718731647,0.3658355799643,0.0000026220881
139401,0.2533890366079,3.8373079640954,0.0088108008716,0.8616880606633,0.3658194441692,0.0000026220881
139463,0.2533865922355,3.8372709466709,0.0088576348918,0.8616266517890,0.3658170603573,0.0000026220881
139837,0.2533784055717,3.8371469683388,0.0088725043213,0.8616108896959,0.3658160493659,0.0000026220881
139845,0.2533795018326,3.8371635700464,0.0088685982726,0.8615934539399,0.3658083832023,0.0000026220881
139946,0.2533812869045,3.8371906030647,0.0089154322928,0.8615217225955,0.3658032191034,0.0000025696464
139965,0.2533886839750,3.8373026238440,0.0089497438183,0.8614366275756,0.3657891180509,0.0000025696464
140607,0.2533958277450,3.8374108086569,0.0090258704495,0.8613196255255,0.3657814881114,0.0000025696464
140652,0.2533913905441,3.8373436119597,0.0090655094067,0.8612553003540,0.3657745521316,0.0000025696464
140677,0.2533927238684,3.8373638037410,0.0090655094067,0.8612514285132,0.3657734550437,0.0000025696464
140756,0.2533848352333,3.8372443387370,0.0090655094067,0.8612378590374,0.3657669183805,0.0000025696464
140766,0.2533818580994,3.8371992532049,0.0091123434269,0.8611617774899,0.3657591801649,0.0000025696464
140917,0.2533769675730,3.8371251913749,0.0089893827755,0.8611597491619,0.3657047103701,0.0000025696464
141187,0.2533807824087,3.8371829630108,0.0089425652830,0.8611679831184,0.3656884038940,0.0000025696464
141203,0.2533708186618,3.8370320726419,0.0089497603460,0.8611471241974,0.3656819027892,0.0000025696464
141244,0.2533723127402,3.8370546988725,0.0089965943662,0.8610892990636,0.3656816428383,0.0000025696464
141281,0.2533607006094,3.8368788454789,0.0089965943662,0.8610753190145,0.3656741616499,0.0000025696464
141317,0.2533558088377,3.8368047647903,0.0090189839037,0.8610186806233,0.3656624809323,0.0000025696464
141536,0.2533587780458,3.8368497302953,0.0090200802418,0.8609907643293,0.3656536169454,0.0000025696464
141659,0.2533567971251,3.8368197313531,0.0089564761054,0.8609187359425,0.3656002091229,0.0000025696464
141797,0.2533605319331,3.8368762910557,0.0089618035372,0.8608683312626,0.3655852909525,0.0000025696464
141951,0.2533476176253,3.8366807175747,0.0089149695170,0.8608760243380,0.3655651994049,0.0000025696464
141976,0.2533513466199,3.8367371892386,0.0089546084742,0.8608161836174,0.3655616149137,0.0000025696464
142024,0.2533499640078,3.8367162510460,0.0090014424944,0.8607492969545,0.3655575022688,0.0000025696464
142036,0.2533464993838,3.8366637829939,0.0090482765147,0.8606914349014,0.3655561665533,0.0000025696464
142043,0.2533468316660,3.8366688150549,0.0090515655289,0.8606757199443,0.3655520348495,0.0000025696464
142156,0.2533502951428,3.8367212657350,0.0089738632561,0.8606302543372,0.3655032383322,0.0000025696464
142163,0.2533542807932,3.8367816241778,0.0090196009382,0.8605636927467,0.3654999222673,0.0000025696464
142185,0.2533563272436,3.8368126154977,0.0089727669180,0.8605721515867,0.3654833100838,0.0000025696464
142244,0.2533518453768,3.8367447423822,0.0089727669180,0.8605447372492,0.3654725588489,0.0000025696464
142532,0.2533628996344,3.8369121473788,0.0089613242336,0.8604868567364,0.3654493519991,0.0000025696464
142536,0.2533653693114,3.8369495480150,0.0089177792276,0.8605201379387,0.3654431052138,0.0000025696464
142625,0.2533684381643,3.8369960225339,0.0089596108610,0.8604430627472,0.3654341638139,0.0000025696464
142864,0.2533691642894,3.8370070189282,0.0089127768408,0.8604554733145,0.3654186800347,0.0000025182534
143262,0.2533663642425,3.8369646151897,0.0089400310342,0.8604031672934,0.3654110796714,0.0000025182534
143285,0.2533653178089,3.8369487680649,0.0089138731789,0.8604071349980,0.3654010619636,0.0000025182534
143463,0.2533683303048,3.8369943891168,0.0089138731789,0.8603869081301,0.3653944836170,0.0000025182534
143617,0.2533614923837,3.8368908360606,0.0088708074765,0.8604384964450,0.3653929860168,0.0000025182534
143870,0.2533619945443,3.8368984407494,0.0088910043378,0.8603875532808,0.3653835554331,0.0000025182534
143972,0.2533507285653,3.8367278294577,0.0088860019510,0.8603685724741,0.3653722185552,0.0000025182534
144109,0.2533543933569,3.8367833288354,0.0089290676534,0.8603077507957,0.3653697385693,0.0000025182534
144135,0.2533607599200,3.8368797436762,0.0089290676534,0.8602952417834,0.3653666353284,0.0000025182534
144379,0.2533539841805,3.8367771322935,0.0089290676534,0.8602796746844,0.3653596237060,0.0000025182534
144629,0.2533422949229,3.8366001108971,0.0090227356938,0.8601710161218,0.3653584556815,0.0000025182534
144848,0.2533467923068,3.8366682190022,0.0090227356938,0.8601650239871,0.3653572793585,0.0000025182534
145018,0.2533434423370,3.8366174872657,0.0089982912111,0.8601930637741,0.3653560995106,0.0000025182534
145265,0.2533446057074,3.8366351052743,0.0090451252313,0.8601297586646,0.3653538115595,0.0000025182534
145523,0.2533437038899,3.8366214482056,0.0090919592516,0.8600661826645,0.3653509843215,0.0000025182534
145536,0.2533421765983,3.8365983189964,0.0090919592516,0.8600559208706,0.3653469921184,0.0000025182534
145550,0.2533405014408,3.8365729505139,0.0090919592516,0.8600459024975,0.3653430551656,0.0000025182534
145736,0.2533418144609,3.8365928348098,0.0090695697141,0.7345075372622,0.3204986105699,0.0000025182534
145778,0.2533378631093,3.8365329957843,0.0090678563415,0.7344437969965,0.3204742651685,0.0000025182534
145847,0.2533280841599,3.8363849039766,0.0090210223213,0.6196031909147,0.2794375957843,0.0000025182534
145916,0.2533307832281,3.8364257785002,0.0090210223213,0.6195253981798,0.2794103910365,0.0000025182534
146087,0.2533320115208,3.8364443796882,0.0089965778385,0.6194797467889,0.2793838739670,0.0000025182534
146108,0.2533334971901,3.8364668785727,0.0089965778385,0.6193649452127,0.2793431917618,0.0000025182534
146228,0.2533286540554,3.8363935344397,0.0090434118588,0.5151564243110,0.2421448967767,0.0000025182534
146261,0.2533176319865,3.8362266169070,0.0090667600034,0.5150588993676,0.2421177109156,0.0000025182534
146528,0.2533233709404,3.8363135272711,0.0090465631421,0.5150756429675,0.2421162647508,0.0000025182534
146530,0.2533235312752,3.8363159553712,0.0090232149974,0.5150473358488,0.2420961830753,0.0000025182534
146533,0.2533251524327,3.8363405060803,0.0090700490177,0.5149863295580,0.2420948142281,0.0000025182534
146593,0.2533146857763,3.8361819996817,0.0091876822373,0.5145634812177,0.2419919683458,0.0000025182534
147585,0.2533114865126,3.8361335502286,0.0091168830379,0.5146006029451,0.2419741980350,0.0000025182534
147603,0.2533131362475,3.8361585337129,0.0091005922253,0.5146060164944,0.2419695031833,0.0000025182534
147685,0.2533143974374,3.8361776330953,0.0090545460259,0.5144374275676,0.2418898290218,0.0000025182534
147811,0.2533113122119,3.8361309106296,0.0090545460259,0.5144319968180,0.2418872283487,0.0000025182534
147930,0.2533118289066,3.8361387354222,0.0090713161421,0.5143924103003,0.2418803882196,0.0000025182534
148265,0.2533224045533,3.8362988923641,0.0091041897568,0.5143252332451,0.2418727513161,0.0000025182534
148556,0.2533209720819,3.8362771991054,0.0091041897568,0.5143187947475,0.2418701448946,0.0000025182534
148860,0.2533194091735,3.8362535305176,0.0091510237770,0.5142541476863,0.2418667934724,0.0000024678884
148938,0.2533192022819,3.8362503973631,0.0091405396998,0.5142552883080,0.2418626633274,0.0000024678884
148992,0.2533152830016,3.8361910440244,0.0090529703842,0.5141883932139,0.2418004026700,0.0000024678884
149041,0.2533181214556,3.8362340293964,0.0091102884817,0.5141148959193,0.2417993267752,0.0000024678884
149346,0.2533218891408,3.8362910869901,0.0090357209645,0.5141994929689,0.2417983898610,0.0000024678884
149435,0.2533162972393,3.8362064035772,0.0090236612456,0.5142127408676,0.2417967545378,0.0000024678884
149470,0.2533118009901,3.8361383126568,0.0089768272254,0.5142412949725,0.2417859172275,0.0000024678884
149493,0.2533125234389,3.8361492533767,0.0089299932051,0.5142964039605,0.2417856820964,0.0000024678884
149506,0.2533126654054,3.8361514033082,0.0089605364128,0.5142464411121,0.2417809585895,0.0000024678884
149633,0.2533140619313,3.8361725522107,0.0088828341399,0.5143157701988,0.2417727172591,0.0000024678884
149640,0.2533099156808,3.8361097616484,0.0088828341399,0.5143002030999,0.2417662690987,0.0000024678884
149716,0.2533069780987,3.8360652750867,0.0089044689120,0.5142178468359,0.2417454987106,0.0000024678884
149870,0.2533064470798,3.8360572333686,0.0088816000709,0.5142126557740,0.2417337300382,0.0000024678884
150018,0.2533089072272,3.8360944896900,0.0089038518775,0.5141401556330,0.2417179007937,0.0000024678884
150189,0.2533192456474,3.8362510540884,0.0088570178573,0.4202531835925,0.2081689830035,0.0000024678884
150228,0.2533241548683,3.8363253990268,0.0087393846377,0.4202520584014,0.2081192188884,0.0000024678884
150370,0.2533168116586,3.8362141939119,0.0086925506174,0.4200023792044,0.2080084024787,0.0000024678884
151014,0.2533141015341,3.8361731519531,0.0087393846377,0.4199471090994,0.2080081541375,0.0000024678884
151230,0.2533126892244,3.8361517640221,0.0086334860920,0.4200242058171,0.2079900009508,0.0000024678884
151253,0.2533048625939,3.8360332380121,0.0086167159758,0.4200079645922,0.2079753361855,0.0000024678884
151313,0.2533020958367,3.8359913384106,0.0086232940043,0.4199153419885,0.2079444829627,0.0000024678884
151656,0.2533031938255,3.8360079662856,0.0086150026032,0.4199208737307,0.2079431404107,0.0000024678884
151883,0.2532979133811,3.8359279995610,0.0086150026032,0.4199182617847,0.2079410760490,0.0000024678884
151948,0.2533020892961,3.8359912393604,0.0086546415605,0.4198623295152,0.2079389832019,0.0000024678884
152017,0.2533011869463,3.8359775742318,0.0086671640552,0.4198459780886,0.2079383168295,0.0000024678884
152179,0.2532974261809,3.8359206214309,0.0087139980755,0.4197664091248,0.2079291651871,0.0000024678884
152277,0.2533041328071,3.8360221861662,0.0087096127231,0.4197200429476,0.2079121635356,0.0000024678884
152610,0.2533028349799,3.8360025319506,0.0086668390103,0.4197509012572,0.2079045746634,0.0000024678884
152654,0.2532965564640,3.8359074504916,0.0086536829533,0.4197626041052,0.2079017705456,0.0000024678884
152733,0.2532995685093,3.8359530647205,0.0086825127884,0.4196819164292,0.2078859546003,0.0000024678884
152770,0.2532984020423,3.8359353998168,0.0086825127884,0.4195912383358,0.2078533196097,0.0000024678884
152854,0.2532950739694,3.8358849996852,0.0086825127884,0.4195822394791,0.2078493925738,0.0000024678884
153255,0.2532883283834,3.8357828449467,0.0086825127884,0.4195576079297,0.2078391501092,0.0000024678884
153395,0.2532791119360,3.8356432716342,0.0086580683056,0.4195725108489,0.2078320214204,0.0000024678884
153609,0.2532755425849,3.8355892176011,0.0086482012629,0.4195818767348,0.2078303727861,0.0000024678884
153991,0.2532755886098,3.8355899145993,0.0086482012629,0.4195699593538,0.2078261264411,0.0000024678884
154225,0.2532703693630,3.8355108746476,0.0086770310980,0.4195180176465,0.2078188130650,0.0000024678884
154260,0.2532750521221,3.8355817900631,0.0086482012629,0.4195466568450,0.2078176891549,0.0000024678884
154300,0.2532868972244,3.8357611715629,0.0086325274848,0.4195559453264,0.2078168273724,0.0000024678884
154303,0.2532930203241,3.8358538994072,0.0086325274848,0.4195161441107,0.2078039247453,0.0000024678884
154682,0.2532959229446,3.8358978565139,0.0086422402689,0.4194538982957,0.2077864787090,0.0000024678884
154821,0.2532940557718,3.8358695801638,0.0086579140470,0.4193974200561,0.2077726251342,0.0000024678884
154830,0.2532913474056,3.8358285648329,0.0087047480672,0.4193421948735,0.2077723932134,0.0000024678884
155133,0.2532985874867,3.8359382081755,0.0087130394683,0.4193052247889,0.2077642945153,0.0000024678884
155175,0.2533036029676,3.8360141623093,0.0087396766272,0.4192262940310,0.2077485956301,0.0000024678884
155221,0.2533133026407,3.8361610535608,0.0087685064623,0.4191335606694,0.2077299107173,0.0000024678884
155305,0.2533079714013,3.8360803175994,0.0087685064623,0.4190932231092,0.2077143620374,0.0000024678884
155646,0.2533155730977,3.8361954372216,0.0087819875642,0.4190642504135,0.2077114211961,0.0000024678884
155650,0.2533099569909,3.8361103872459,0.0087819875642,0.4190343651249,0.2076995444273,0.0000024678884
155791,0.2533070443875,3.8360662789603,0.0088288215844,0.4189528562490,0.2076898817082,0.0000024678884
155939,0.2533077271969,3.8360766193827,0.0088718872868,0.4188954834557,0.2076879944707,0.0000024678884
155980,0.2533071445952,3.8360677964993,0.0088778482808,0.4188771338672,0.2076838709148,0.0000024678884
156295,0.2533140734107,3.8361727260535,0.0089007171219,0.4187953771218,0.2076659577552,0.0000024678884
156489,0.2533143505795,3.8361769234811,0.0088844263093,0.4188075947169,0.2076633987985,0.0000024678884
156495,0.2533111588798,3.8361285885781,0.0088844263093,0.4187773020298,0.2076518960460,0.0000024678884
156516,0.2533148524824,3.8361845242679,0.0088844263093,0.3355784888381,0.1779388256781,0.0000024678884
156554,0.2533111464901,3.8361284009489,0.0089274920117,0.3351992981532,0.1778210630219,0.0000024678884
156652,0.2533177805698,3.8362288670430,0.0088806579915,0.3352207688538,0.1778100809948,0.0000024678884
156712,0.2533327932343,3.8364562179097,0.0087946643176,0.3352329604056,0.1777807976883,0.0000024678884
156783,0.2533325188119,3.8364520620738,0.0088223978146,0.3351918271742,0.1777779342281,0.0000024678884
156871,0.2533269355985,3.8363675102337,0.0087433072141,0.3352741507670,0.1777722431368,0.0000024678884
156880,0.2533240644587,3.8363240298701,0.0087492682081,0.3351902016406,0.1777442007734,0.0000024678884
157049,0.2533213850930,3.8362834537208,0.0087487889045,0.3351830982456,0.1777408842810,0.0000024678884
157184,0.2533307986318,3.8364260117726,0.0087678894278,0.3351203129431,0.1777286640841,0.0000024185306
157251,0.2533254590710,3.8363451497923,0.0087555046639,0.3351339817797,0.1777270938639,0.0000024185306
157564,0.2533166434290,3.8362116462531,0.0087940472831,0.3350799265012,0.1777224176065,0.0000024185306
157567,0.2533245901703,3.8363319912133,0.0087476925664,0.3351079373149,0.1777142580346,0.0000024185306
157599,0.2533266107970,3.8363625914609,0.0087132433101,0.3351101771476,0.1777007269993,0.0000024185306
157880,0.2533285440945,3.8363918691988,0.0087007042876,0.3350405263258,0.1776708921170,0.0000024185306
157895,0.2533268381706,3.8363660347924,0.0087329608678,0.3349926823755,0.1776672636854,0.0000024185306
157911,0.2533220795928,3.8362939711834,0.0087210554075,0.3349129472749,0.1776326648285,0.0000024185306
158061,0.2533170625947,3.8362179940719,0.0086117135890,0.3350315104605,0.1776270729729,0.0000024185306
158072,0.2533293238819,3.8364036782505,0.0086143690410,0.3350028166574,0.1776205906556,0.0000024185306
158074,0.2533362433946,3.8365084669249,0.0086143690410,0.3349905990624,0.1776177099815,0.0000024185306
158138,0.2533401633446,3.8365678304062,0.0086143690410,0.3348205805069,0.1775578290582,0.0000024185306
158148,0.2533340352996,3.8364750276706,0.0086138897374,0.3347902509005,0.1775454784876,0.0000024185306
158283,0.2533353600943,3.8364950902793,0.0086138897374,0.3347713688520,0.1775390187834,0.0000024185306
158456,0.2533436901950,3.8366212408115,0.0086655884136,0.3346677040436,0.1775259372346,0.0000024185306
158767,0.2533181564499,3.8362345593484,0.0086494353319,0.3346827181238,0.1775189051400,0.0000024185306
158954,0.2533208064472,3.8362746907440,0.0086738798146,0.3346053691818,0.1775023245813,0.0000024185306
159010,0.2533286758954,3.8363938651824,0.0086270457944,0.3346016719692,0.1774826187356,0.0000024185306
159058,0.2533212616115,3.8362815837248,0.0085961775418,0.3346129746374,0.1774718373766,0.0000024185306
159117,0.2533188805220,3.8362455246523,0.0085493435216,0.2615008576625,0.1513397850720,0.0000024185306
159143,0.2533148285479,3.8361841618062,0.0085493435216,0.2614950025586,0.1513368256833,0.0000024185306
159171,0.2533050389728,3.8360359090831,0.0085410521205,0.2614877190547,0.1513285732082,0.0000024185306
159528,0.2532933886797,3.8358594777621,0.0085148942652,0.2615083161279,0.1513222223050,0.0000024185306
159566,0.2532979342020,3.8359283148710,0.0085148942652,0.2614329572870,0.1512962824737,0.0000024185306
159725,0.2532975624821,3.8359226855689,0.0084680602450,0.1986312494163,0.1288469497141,0.0000024185306
159829,0.2532992634181,3.8359484444380,0.0085274332877,0.1985390917089,0.1288398463232,0.0000024185306
160336,0.2532971858441,3.8359169817856,0.0085742673079,0.1984593012294,0.1288309762519,0.0000024185306
160605,0.2533016897173,3.8359851881642,0.0084799657052,0.1985662380182,0.1288297181053,0.0000024185306
160665,0.2533029790277,3.8360047134010,0.0085174119863,0.1984905276117,0.1288190033614,0.0000024185306
160766,0.2533128652088,3.8361544291196,0.0084945431452,0.1984995552897,0.1288145450676,0.0000024185306
160810,0.2533097800759,3.8361077080560,0.0085271247704,0.1984474990827,0.1288092560188,0.0000024185306
161126,0.2533164014036,3.8362079810346,0.0085319894263,0.1984238264236,0.1288043052062,0.0000024185306
161147,0.2533227771660,3.8363045351886,0.0085319894263,0.1983168896348,0.1287674797307,0.0000024185306
161298,0.2533282542257,3.8363874794424,0.0085174119863,0.1982538760148,0.1287399010478,0.0000024185306
161309,0.2533359643675,3.8365042413550,0.0085125473304,0.1982104719646,0.1287239669220,0.0000024185306
161316,0.2533413282500,3.8365854716623,0.0084581932022,0.1981458975090,0.1286787593935,0.0000024185306
161430,0.2533371928880,3.8365228459939,0.0084473840800,0.1980660331910,0.1286447177928,0.0000024185306
161647,0.2533382491034,3.8365388412558,0.0084608651820,0.1980202170301,0.1286343588252,0.0000024185306
161778,0.2533368604196,3.8365178111130,0.0084140311617,0.1456752744567,0.1099193671795,0.0000024185306
161888,0.2533460098872,3.8366563700868,0.0084433237727,0.1455987554126,0.1099065535257,0.0000024185306
162019,0.2533461475355,3.8366584546253,0.0084133975995,0.1455797113833,0.1098869560800,0.0000024185306
162061,0.2533503407470,3.8367219563610,0.0084182622554,0.1455559648856,0.1098814585858,0.0000024185306
162522,0.2533581517005,3.8368402449599,0.0085070656400,0.1454378380544,0.1098790028010,0.0000024185306
162764,0.2533601224838,3.8368700903805,0.0085538996602,0.1453609931689,0.1098720522327,0.0000024185306
163361,0.2533619635830,3.8368979718743,0.0084467505178,0.1453823955548,0.1098341694021,0.0000024185306
163594,0.2533690400662,3.8370051377004,0.0084810620433,0.1453145627753,0.1098261647382,0.0000024185306
163884,0.2533688337143,3.8370020127186,0.0084810620433,0.1452953567653,0.1098192612306,0.0000024185306
163953,0.2533624778042,3.8369057592089,0.0085278960635,0.1452363916051,0.1098169119871,0.0000024185306
164314,0.2533492935558,3.8367060977628,0.0085747300838,0.1451772125729,0.1098130231453,0.0000024185306
164408,0.2533442811967,3.8366301909042,0.0085747300838,0.1035361354487,0.0949401358097,0.0000024185306
164676,0.2533369299373,3.8365188638847,0.0085233729803,0.1035807139393,0.0949324712421,0.0000024185306
164731,0.2533321566021,3.8364465767908,0.0085597229233,0.1035147918010,0.0949234833108,0.0000024185306
164737,0.2533335571915,3.8364677872309,0.0085346614061,0.1035269792085,0.0949173954324,0.0000024185306
164829,0.2533391596013,3.8365526297802,0.0085037931535,0.1035356151218,0.0949084509524,0.0000024185306
164912,0.2533332027019,3.8364624188617,0.0085925965380,0.1034299165797,0.0949074835880,0.0000024185306
165004,0.2533567150089,3.8368184877908,0.0086160989413,0.1033665782284,0.0948999735583,0.0000024185306
165049,0.2533560082513,3.8368077846980,0.0086629329615,0.1032694032775,0.0948851884936,0.0000024185306
165081,0.2533550354385,3.8367930524803,0.0086623159270,0.1032625417001,0.0948822650270,0.0000024185306
165138,0.2533614265280,3.8368898387455,0.0086400641205,0.1032785498407,0.0948798152507,0.0000024185306
165141,0.2533620479120,3.8368992489471,0.0086400641205,0.1031876275505,0.0948474761579,0.0000024185306
165638,0.2533557834134,3.8368043797668,0.0086400641205,0.1031567925231,0.0948351212556,0.0000024185306
165642,0.2533623119236,3.8369032471220,0.0086167159758,0.1031083154183,0.0948092006226,0.0000024185306
165981,0.2533682987646,3.8369939114741,0.0086167159758,0.1030595619107,0.0947930715501,0.0000024185306
166238,0.2533669883659,3.8369740668769,0.0086032348739,0.1030675505465,0.0947898662195,0.0000024185306
166646,0.2533668371008,3.8369717761276,0.0086032348739,0.1030477735887,0.0947827706064,0.0000023701600
167371,0.2533775399277,3.8371338590790,0.0085994665560,0.1030165028347,0.0947722809495,0.0000023701600
167453,0.2533807473517,3.8371824321098,0.0086282963911,0.1029543772606,0.0947631361932,0.0000023701600
167584,0.2533769672108,3.8371251858897,0.0086646463341,0.1028881311607,0.0947542453886,0.0000023701600
167802,0.2533659899292,3.8369589466130,0.0087114803543,0.1028197248315,0.0947475340051,0.0000023227568
167889,0.2533592119176,3.8368563008225,0.0086955145867,0.1028114644395,0.0947362889622,0.0000023227568
168142,0.2533546870873,3.8367877770710,0.0086646463341,0.1027345893583,0.0946946347184,0.0000023227568
168184,0.2533535659322,3.8367707983680,0.0086695109900,0.1027217516847,0.0946918944400,0.0000023227568
168280,0.2533506422684,3.8367265225830,0.0086695109900,0.1026907377853,0.0946801915480,0.0000023227568
168657,0.2533473008295,3.8366759200386,0.0087114803543,0.1026370436244,0.0946782859097,0.0000023227568
168699,0.2533441281075,3.8366278725315,0.0086406811550,0.1026392994589,0.0946480691819,0.0000023227568
168780,0.2533483945267,3.8366924829213,0.0086530659188,0.1025722771455,0.0946303546300,0.0000023227568
169056,0.2533441515855,3.8366282280807,0.0086530659188,0.1025612647155,0.0946255124176,0.0000023227568
169205,0.2533490370617,3.8367022134313,0.0086998999390,0.1024811604221,0.0946180223521,0.0000023227568
169986,0.2533493768602,3.8367073593190,0.0086530659188,0.1025300904037,0.0946154984366,0.0000023227568
170254,0.2533424290244,3.8366021417223,0.0086530659188,0.0713893526784,0.0834923175699,0.0000023227568
170613,0.2533425482997,3.8366039480188,0.0086998999390,0.0713221256208,0.0834884051884,0.0000023227568
170724,0.2533441731556,3.8366285547374,0.0086875151752,0.0712529712267,0.0834587476180,0.0000023227568
170804,0.2533510596323,3.8367328431168,0.0086875151752,0.0711005169142,0.0834057753228,0.0000023227568
170901,0.2533458835851,3.8366544573766,0.0086406811550,0.0710912921520,0.0833812998889,0.0000023227568
170935,0.2533424268443,3.8366021087056,0.0086875151752,0.0709528777314,0.0833511971601,0.0000023227568
171320,0.2533314089425,3.8364352542798,0.0087337321609,0.0708868161987,0.0833450500562,0.0000023227568
171629,0.2533330612403,3.8364602765755,0.0087805661812,0.0708077208149,0.0833372274916,0.0000023227568
171665,0.2533349745723,3.8364892519577,0.0087854308371,0.0707946401701,0.0833350506850,0.0000023227568
171714,0.2533407313832,3.8365764327473,0.0087854308371,0.0707634289391,0.0833251374191,0.0000023227568
171803,0.2533428661672,3.8366087617858,0.0086684146519,0.0708957014375,0.0833226852572,0.0000023227568
171845,0.2533449305500,3.8366400246711,0.0086684146519,0.0708026010159,0.0832898774743,0.0000023227568
171911,0.2533514674826,3.8367390195756,0.0086684146519,0.0707903248024,0.0832868938837,0.0000023227568
172023,0.2533531095710,3.8367638872610,0.0086215806317,0.0707822020920,0.0832642730688,0.0000023227568
173165,0.2533611760972,3.8368860462380,0.0087614656579,0.0706059942799,0.0832630209742,0.0000023227568
173394,0.2533643084363,3.8369334821873,0.0087570803056,0.0706038478158,0.0832610461586,0.0000023227568
173528,0.2533593842216,3.8368589101837,0.0087108633199,0.0706536400714,0.0832579666386,0.0000023227568
173642,0.2533578650750,3.8368359043210,0.0087108633199,0.0706453775396,0.0832546902030,0.0000023227568
173657,0.2533632782394,3.8369178809497,0.0087108633199,0.0705848045174,0.0832342169446,0.0000023227568
173742,0.2533657417167,3.8369551876977,0.0086820334848,0.0706172863141,0.0832339898307,0.0000023227568
173819,0.2533646049541,3.8369379726355,0.0087108633199,0.0705552842330,0.0832239582819,0.0000023227568
173877,0.2533668132531,3.8369714149788,0.0087108633199,0.0705348168494,0.0832171217089,0.0000023227568
173919,0.2533623842184,3.8369043419499,0.0087435992037,0.0704973232327,0.0832168117172,0.0000023227568
174007,0.2533615400798,3.8368915583669,0.0086967651834,0.0705330296028,0.0832093113824,0.0000023227568
174075,0.2533445575003,3.8366343752299,0.0086486805665,0.0705944624017,0.0832070048506,0.0000023227568
174442,0.2533430461621,3.8366114876165,0.0086486805665,0.0705034385600,0.0831741724775,0.0000023227568
174497,0.2533540567263,3.8367782309230,0.0086018465463,0.0705491019719,0.0831727685226,0.0000023227568
174934,0.2533584156962,3.8368442428948,0.0086018465463,0.0704656336896,0.0831438924867,0.0000023227568
175000,0.2533576369465,3.8368324495569,0.0086018465463,0.0704275761112,0.0831301336195,0.0000023227568
175156,0.2533583417981,3.8368431237863,0.0086024635808,0.0703815729767,0.0831141194116,0.0000023227568
175218,0.2533651727503,3.8369465713062,0.0086024635808,0.0703315853087,0.0830977304485,0.0000023227568
175276,0.2533709493799,3.8370340522287,0.0086024635808,0.0702731677968,0.0830781049006,0.0000023227568
175482,0.2533568764021,3.8368209319190,0.0086024635808,0.0702121670305,0.0830533032745,0.0000023227568
175606,0.2533613544526,3.8368887472409,0.0085507649046,0.0702331898963,0.0830396144476,0.0000023227568
176432,0.2533616779084,3.8368936456351,0.0085263204219,0.0702530416514,0.0830362974652,0.0000023227568
176503,0.2533586023063,3.8368470689067,0.0085507649046,0.0702246609339,0.0830359786440,0.0000023227568
176818,0.2533611213395,3.8368852169902,0.0085507649046,0.0701458250888,0.0830083627779,0.0000023227568
176851,0.2533510103557,3.8367320968741,0.0085747300838,0.0493908545953,0.0756039774676,0.0000023227568
176910,0.2533619888140,3.8368983539704,0.0085278960635,0.0494358603810,0.0756023317663,0.0000023227568
176949,0.2533620854317,3.8368998171435,0.0086455292832,0.0492620291315,0.0755906841180,0.0000023227568
177021,0.2533618939143,3.8368969168149,0.0086455292832,0.0492252840891,0.0755775198491,0.0000023227568
177274,0.2533604143455,3.8368745103170,0.0086188921243,0.0492555705843,0.0755766034788,0.0000023227568
177540,0.2533634539177,3.8369205414109,0.0086237567802,0.0492314733535,0.0755707335144,0.0000023227568
177541,0.2533648283804,3.8369413561886,0.0086237567802,0.0492011917651,0.0755602131891,0.0000023227568
177569,0.2533657380635,3.8369551323738,0.0086237567802,0.0491921071726,0.0755571636239,0.0000023227568
177579,0.2533712733388,3.8370389582420,0.0086705908004,0.0491077994736,0.0755483115847,0.0000023227568
177584,0.2533781274427,3.8371427563695,0.0086705908004,0.0490969264087,0.0755458970839,0.0000023227568
177707,0.2533719808985,3.8370496734827,0.0086705908004,0.0490660614729,0.0755335567759,0.0000023227568
177818,0.2533829726518,3.8372161319184,0.0086782651670,0.0490345959320,0.0755279634727,0.0000023227568
178279,0.2533727175834,3.8370608297944,0.0086473969144,0.0490500556585,0.0755180580378,0.0000023227568
178626,0.2533754642183,3.8371024246634,0.0086461463177,0.0489839410364,0.0754944982673,0.0000023227568
178647,0.2533743244068,3.8370851634287,0.0086375298716,0.0489682914096,0.0754849721070,0.0000023227568
178691,0.2533691587961,3.8370069357376,0.0086375298716,0.0489574624159,0.0754799976927,0.0000023227568
179086,0.2533789399183,3.8371550604497,0.0085885031752,0.0489880550203,0.0754720081363,0.0000023227568
179185,0.2533779857217,3.8371406101561,0.0086080830021,0.0489227338479,0.0754568660298,0.0000023227568
179331,0.2533790573375,3.8371568386390,0.0086549170223,0.0488342215357,0.0754455558446,0.0000023227568
179344,0.2533765558799,3.8371189567194,0.0086304725396,0.0488527589664,0.0754411641221,0.0000023227568
179379,0.2533678411255,3.8369869810163,0.0086773065598,0.0487912566174,0.0754374032730,0.0000023227568
179696,0.2533608011964,3.8368803687627,0.0086304725396,0.0488419115130,0.0754339140280,0.0000023227568
179814,0.2533604401413,3.8368749009664,0.0086353371955,0.0488285878970,0.0754311630773,0.0000023227568
179818,0.2533566411155,3.8368173687542,0.0086304725396,0.0488042821734,0.0754195835322,0.0000023227568
179945,0.2533587461633,3.8368492474688,0.0086304725396,0.0487840232882,0.0754127992977,0.0000023227568
180017,0.2533601129653,3.8368699462329,0.0086593023746,0.0487013108522,0.0753959076718,0.0000022763017
180023,0.2533529949376,3.8367621512603,0.0086593023746,0.0486768704743,0.0753856536737,0.0000022763017
180825,0.2533402984515,3.8365698764571,0.0086154653791,0.0486479299295,0.0753538098055,0.0000022763017
180832,0.2533411426759,3.8365826613395,0.0085686313589,0.0486855919337,0.0753473697035,0.0000022763017
180920,0.2533392847029,3.8365545243101,0.0086154653791,0.0486296695833,0.0753470710214,0.0000022763017
180961,0.2533422605240,3.8365995899622,0.0086154653791,0.0485783808917,0.0753293913075,0.0000022763017
181031,0.2533479042643,3.8366850584182,0.0086622993993,0.0485175740512,0.0753289556746,0.0000022763017
181159,0.2533391595826,3.8365526294969,0.0087091334196,0.0484356732120,0.0753179032375,0.0000022763017
181174,0.2533378110780,3.8365322078257,0.0087025553911,0.0483606007104,0.0752879835094,0.0000022763017
181467,0.2533365950628,3.8365137925658,0.0086557213708,0.0484137216784,0.0752866229861,0.0000022763017
181578,0.2533482280664,3.8366899620564,0.0086965943971,0.0483421297469,0.0752810642369,0.0000022763017
181949,0.2533504902445,3.8367242203430,0.0086491268146,0.0483761375724,0.0752733513917,0.0000022763017
181962,0.2533609910301,3.8368832435926,0.0085916379309,0.0484196412730,0.0752665005029,0.0000022763017
182059,0.2533482903205,3.8366909048291,0.0086384719511,0.0483665203050,0.0752648788709,0.0000022763017
182257,0.2533566595522,3.8368176479579,0.0085696946415,0.0483987565153,0.0752487092201,0.0000022763017
182404,0.2533454335263,3.8366476417138,0.0085494977802,0.0484202846834,0.0752453364769,0.0000022763017
182521,0.2533402613212,3.8365693141571,0.0085250532975,0.0484474929265,0.0752434691700,0.0000022763017
182667,0.2533404299334,3.8365718676105,0.0085671934481,0.0483789369491,0.0752370810882,0.0000022763017
182858,0.2533375573459,3.8365283653231,0.0086140274683,0.0482659184635,0.0752161735118,0.0000022763017
183049,0.2533308419807,3.8364266682456,0.0086005463664,0.0482639439901,0.0752082517208,0.0000022763017
183106,0.2533212759314,3.8362818005844,0.0086271835253,0.0481724352129,0.0751849360722,0.0000022763017
183300,0.2533140266449,3.8361720178358,0.0085916379309,0.0482056534720,0.0751800124914,0.0000022763017
183464,0.2533134825447,3.8361637780153,0.0085916379309,0.0481850706251,0.0751725448818,0.0000022763017
183656,0.2533159515213,3.8362011680451,0.0085916379309,0.0481536165624,0.0751618403543,0.0000022763017
183928,0.2533045787543,3.8360289395622,0.0086140274683,0.0481301826167,0.0751606295826,0.0000022763017
184006,0.2533089589770,3.8360952733857,0.0085916379309,0.0481210161840,0.0751486989597,0.0000022763017
184141,0.2533130736916,3.8361575863699,0.0086209305418,0.0480732936391,0.0751450908944,0.0000022763017
184153,0.2533148740607,3.8361848510479,0.0086209305418,0.0480594840808,0.0751405447026,0.0000022763017
184154,0.2533132717046,3.8361605850664,0.0086209305418,0.0480387392531,0.0751327924736,0.0000022763017
184360,0.2533151828095,3.8361895267206,0.0086209305418,0.0480246515193,0.0751281706625,0.0000022763017
184520,0.2533190835815,3.8362485997723,0.0086209305418,0.0480001188432,0.0751202448722,0.0000022763017
185658,0.2533219207986,3.8362915664125,0.0086384719511,0.0478964023820,0.0750913290009,0.0000022763017
186324,0.2533273574550,3.8363738988031,0.0086384719511,0.0478860551747,0.0750887985675,0.0000022763017
186378,0.2533338681735,3.8364724967226,0.0085916379309,0.0478941118482,0.0750729993819,0.0000022763017
186718,0.2533390501364,3.8365509720499,0.0085969653626,0.0478458260215,0.0750591480495,0.0000022763017
186740,0.2533330065601,3.8364594485033,0.0086018300185,0.0478214888154,0.0750512459906,0.0000022763017
187623,0.2533368712180,3.8365179746444,0.0086486640388,0.0477590436888,0.0750498440236,0.0000022763017
187766,0.2533418096192,3.8365927614873,0.0086698195073,0.0477064874052,0.0750411987805,0.0000022763017
188570,0.2533501767968,3.8367194735100,0.0086405268963,0.0477258981778,0.0750373701898,0.0000022763017
188769,0.2533478049534,3.8366835544595,0.0086281421325,0.0476556099182,0.0750064512319,0.0000022763017
189306,0.2533440605808,3.8366268499119,0.0086749761527,0.0475704877628,0.0749953198195,0.0000022763017
189688,0.2533436992367,3.8366213777386,0.0087500064458,0.0474790805424,0.0749947527927,0.0000022763017
190527,0.2533327440083,3.8364554724343,0.0087391973236,0.0474949496489,0.0749934403008,0.0000022307756
190552,0.2533251763087,3.8363408676571,0.0087482930732,0.0474452333030,0.0749779609915,0.0000022307756
190980,0.2533307578646,3.8364253943971,0.0087467174316,0.0474211706294,0.0749698879522,0.0000022307756
191045,0.2533313424481,3.8364342472931,0.0087935514518,0.0473470085922,0.0749635985012,0.0000022307756
191164,0.2533306235057,3.8364233596735,0.0086992498491,0.0474416615560,0.0749568340994,0.0000022307756
191167,0.2533316600226,3.8364390566211,0.0086748053664,0.0474680881496,0.0749560180724,0.0000022307756
191215,0.2533363642895,3.8365102977494,0.0086840553746,0.0474517112308,0.0749551415193,0.0000022307756
191356,0.2533378031811,3.8365320882364,0.0086574182157,0.0474798481896,0.0749540828418,0.0000022307756
191364,0.2533435489073,3.8366191011587,0.0086574182157,0.0473539483619,0.0749103498447,0.0000022307756
191422,0.2533563323922,3.8368126934680,0.0086105841955,0.0473963514233,0.0749081613904,0.0000022307756
191501,0.2533614715042,3.8368905198630,0.0086285883806,0.0473460271669,0.0748990057594,0.0000022307756
191517,0.2533645848789,3.8369376686169,0.0086061988432,0.0473306816670,0.0748845968593,0.0000022307756
191702,0.2533507744339,3.8367285240894,0.0086502231527,0.0472669852188,0.0748777563080,0.0000022307756
191928,0.2533560098181,3.8368078084255,0.0086300262914,0.0472678303895,0.0748705242250,0.0000022307756
192188,0.2533494425389,3.8367083539529,0.0085935386175,0.0473106405294,0.0748687687120,0.0000022307756
192258,0.2533444555778,3.8366328317213,0.0086641835582,0.0472110945704,0.0748624243525,0.0000022307756
192341,0.2533450376507,3.8366416465977,0.0086641835582,0.0471472635163,0.0748397522774,0.0000022307756
192696,0.2533472039662,3.8366744531466,0.0087006712322,0.0470649768853,0.0748264659799,0.0000022307756
193004,0.2533483740904,3.8366921734351,0.0086538372119,0.0470571784525,0.0748038598432,0.0000022307756
193100,0.2533597181255,3.8368639668038,0.0087006712322,0.0469932681322,0.0748035373165,0.0000022307756
193948,0.2533652005414,3.8369469921724,0.0086615115785,0.0470025412516,0.0747912412395,0.0000022307756
194204,0.2533659096555,3.8369577309531,0.0086934761692,0.0469577751868,0.0747891044225,0.0000022307756
194434,0.2533592090421,3.8368562572764,0.0086591646437,0.0469757841260,0.0747793954013,0.0000022307756
194456,0.2533589105772,3.8368517373415,0.0086466421489,0.0469898521858,0.0747789889681,0.0000022307756
194521,0.2533579957839,3.8368378837681,0.0086466421489,0.0469898521858,0.0747787929410,0.0000022307756
194577,0.2533483942840,3.8366924792454,0.0087403101894,0.0468566136267,0.0747692937230,0.0000021861601
194979,0.2533452934358,3.8366455201921,0.0087871442096,0.0467926848468,0.0747658692714,0.0000021861601
195055,0.2533420849060,3.8365969304134,0.0087403101894,0.0468150184619,0.0747530862974,0.0000021861601
195231,0.2533391276958,3.8365521466043,0.0087603693198,0.0467506803976,0.0747380714996,0.0000021861601
195307,0.2533441302054,3.8366279043025,0.0087968569937,0.0466744560436,0.0747275580569,0.0000021861601
195373,0.2533431134276,3.8366125062822,0.0087767978633,0.0466099041072,0.0746956891428,0.0000021861601
195566,0.2533440826841,3.8366271846419,0.0086979992524,0.0465580154459,0.0746435943426,0.0000021861601
195567,0.2533419546484,3.8365949578001,0.0086947102382,0.0465626378292,0.0746433796086,0.0000021861601
195974,0.2533415048661,3.8365881463254,0.0086354914541,0.0465368883253,0.0746087074964,0.0000021861601
196021,0.2533406926695,3.8365758464703,0.0086354914541,0.0465283854263,0.0746054967046,0.0000021861601
196100,0.2533367546574,3.8365162094570,0.0086354914541,0.0465296256637,0.0746050957868,0.0000021861601
196105,0.2533421124323,3.8365973472710,0.0086088542952,0.0465565901480,0.0746044581292,0.0000021861601
196140,0.2533467459767,3.8366675173815,0.0086088542952,0.0465233570281,0.0745935820601,0.0000021861601
196285,0.2533450276738,3.8366414955085,0.0086088542952,0.0465018367692,0.0745855280456,0.0000021861601
196320,0.2533450442513,3.8366417465575,0.0086556883154,0.0464262127305,0.0745785947356,0.0000021861601
196412,0.2533429661925,3.8366102765618,0.0086201427210,0.0464594309895,0.0745747792751,0.0000021861601
196574,0.2533571602624,3.8368252306825,0.0086630706925,0.0463942374370,0.0745729351519,0.0000021861601
196785,0.2533698664489,3.8370176523889,0.0087099047127,0.0463288300124,0.0745723698346,0.0000021861601
196827,0.2533606991278,3.8368788230422,0.0087322942502,0.0463053960667,0.0745716316584,0.0000021861601
196847,0.2533544433464,3.8367840858734,0.0086632084234,0.0463836848683,0.0745686432086,0.0000021861601
196875,0.2533525268982,3.8367550633000,0.0086043146842,0.0463956216595,0.0745472555070,0.0000021861601
196907,0.2533554091442,3.8367987118563,0.0086287591670,0.0463289061517,0.0745345223709,0.0000021861601
197052,0.2533578919079,3.8368363106767,0.0086287591670,0.0462440453882,0.0745047469762,0.0000021861601
197080,0.2533623751312,3.8369042043346,0.0086755931872,0.0461664873004,0.0744980800728,0.0000021861601
197287,0.2533707830089,3.8370315327161,0.0086199884623,0.0461006521317,0.0744525386042,0.0000021861601
197592,0.2533789174135,3.8371547196395,0.0086270457944,0.0460207387402,0.0744287657649,0.0000021861601
197962,0.2533841394872,3.8372338024006,0.0086270457944,0.0459886528953,0.0744184255503,0.0000021861601
198017,0.2533801329701,3.8371731279537,0.0086347201610,0.0459626654730,0.0744115748029,0.0000021861601
198044,0.2533856488242,3.8372566597080,0.0086536829533,0.0459069684638,0.0744009918937,0.0000021861601
198797,0.2533917448955,3.8373489782360,0.0086569719675,0.0458730052679,0.0743915780594,0.0000021861601
199145,0.2533846695313,3.8372418293572,0.0086499146355,0.0458297481907,0.0743715883829,0.0000021861601
199335,0.2533920868976,3.8373541574951,0.0086967486557,0.0457538256335,0.0743661343425,0.0000021861601
199573,0.2533914193951,3.8373440488781,0.0086815541812,0.0457628006094,0.0743626847371,0.0000021861601
199645,0.2534037875583,3.8375313515807,0.0086347201610,0.0457829846882,0.0743524719344,0.0000021861601
199853,0.2534051222414,3.8375515639381,0.0086276628289,0.0457699567463,0.0743450805307,0.0000021861601
200053,0.2534075084634,3.8375877007379,0.0085808288087,0.0458243319883,0.0743449398703,0.0000021861601
200422,0.2534063306854,3.8375698645398,0.0085368044991,0.0457376711248,0.0742948696196,0.0000021861601
200551,0.2534028806873,3.8375176179821,0.0085836385193,0.0456600207388,0.0742864697766,0.0000021861601
200589,0.2533997062950,3.8374695451796,0.0084943558312,0.0456646977209,0.0742491958912,0.0000021861601
201821,0.2534071272100,3.8375819270602,0.0085361874646,0.0456080570813,0.0742484851303,0.0000021861601
201927,0.2534129595751,3.8376702520373,0.0085670557172,0.0455416911103,0.0742392620414,0.0000021861601
201946,0.2534028090445,3.8375165330273,0.0086138897374,0.0454651498922,0.0742298225014,0.0000021861601
202095,0.2534069825526,3.8375797363770,0.0086138897374,0.0454417216343,0.0742223495896,0.0000021861601
202960,0.2534007352853,3.8374851281452,0.0085252240838,0.0455339926318,0.0742159652512,0.0000021861601
203274,0.2534034211227,3.8375258023021,0.0085538831325,0.0454648926444,0.0742041446704,0.0000021861601
203495,0.2534043336162,3.8375396210468,0.0085717495868,0.0453975603715,0.0741879500162,0.0000021861601
203585,0.2534033260364,3.8375243623205,0.0085841343506,0.0453488388066,0.0741756413033,0.0000021861601
204081,0.2534042313811,3.8375380728057,0.0085841343506,0.0453403359076,0.0741727985561,0.0000021861601
204113,0.2534044321846,3.8375411137608,0.0086309683709,0.0452827868324,0.0741723600672,0.0000021861601
204158,0.2534085050024,3.8376027922628,0.0086309683709,0.0452594378498,0.0741648938915,0.0000021861601
204654,0.2533867100265,3.8372727304895,0.0086131019166,0.0452018535798,0.0741320006770,0.0000021861601
204733,0.2533875229990,3.8372850420955,0.0085886574339,0.0452241765129,0.0741296711546,0.0000021861601
204849,0.2533905622342,3.8373310680865,0.0085886574339,0.0452117198479,0.0741258736104,0.0000021861601
204856,0.2533871766556,3.8372797970923,0.0085864647577,0.0452136256255,0.0741248890457,0.0000021861601
204946,0.2533935828853,3.8373768126409,0.0085864647577,0.0451776567319,0.0741134157758,0.0000021861601
204954,0.2533922532916,3.8373566773558,0.0085864647577,0.0451765291043,0.0741127281388,0.0000021861601
205218,0.2533980149516,3.8374439315800,0.0085555965051,0.0451097324015,0.0740768775638,0.0000021861601
205336,0.2533982328965,3.8374472321232,0.0085555965051,0.0451008850137,0.0740737644849,0.0000021861601
205537,0.2533950038049,3.8373983309590,0.0085555965051,0.0450329295843,0.0740488027405,0.0000021861601
205703,0.2534018891247,3.8375026018178,0.0085624995785,0.0449794226433,0.0740341270044,0.0000021861601
205722,0.2533963392084,3.8374185542283,0.0085624995785,0.0449799869890,0.0740331392887,0.0000021861601
205762,0.2533915403974,3.8373458813293,0.0085891367374,0.0449198613040,0.0740220534383,0.0000021861601
206238,0.2533841408819,3.8372338235219,0.0086298720328,0.0448750779044,0.0740219317403,0.0000021861601
206469,0.2533782868575,3.8371451705380,0.0086767060530,0.0448154446911,0.0740194514533,0.0000021861601
206534,0.2533792691487,3.8371600462951,0.0086298720328,0.0448646216588,0.0740171534241,0.0000021861601
206771,0.2533806234774,3.8371805561659,0.0086359707577,0.0448554064015,0.0740167662133,0.0000021861601
207088,0.2533715466846,3.8370430977744,0.0086359707577,0.0448539064913,0.0740142855040,0.0000021861601
207550,0.2533620240136,3.8368988870306,0.0085891367374,0.0448999096258,0.0740086028996,0.0000021861601
207937,0.2533628667072,3.8369116487305,0.0085990037802,0.0447727363888,0.0739675931962,0.0000021861601
208056,0.2533662359347,3.8369626721055,0.0086458378004,0.0447050266627,0.0739642048514,0.0000021861601
208176,0.2533588501174,3.8368508217428,0.0086589938574,0.0446599686330,0.0739521683329,0.0000021861601
208195,0.2533590570323,3.8368539552497,0.0087058278776,0.0445886274981,0.0739468054181,0.0000021861601
208263,0.2533631391136,3.8369157740375,0.0086051025051,0.0446591324782,0.0739296924830,0.0000021861601
208611,0.2533555177370,3.8368003563798,0.0086339323401,0.0445650884823,0.0739068278331,0.0000021424369
209011,0.2533593112484,3.8368578050815,0.0086339323401,0.0445567090764,0.0739046480834,0.0000021424369
209258,0.2533614921296,3.8368908322126,0.0086339323401,0.0445480899828,0.0739020371674,0.0000021424369
209690,0.2533619562073,3.8368978601763,0.0085333612262,0.0446131528056,0.0738822714291,0.0000021424369
209788,0.2533555886166,3.8368014297760,0.0085333612262,0.0445809689382,0.0738694127070,0.0000021424369
209818,0.2533512949533,3.8367364068030,0.0085333612262,0.0445575091978,0.0738601141576,0.0000021424369
210814,0.2533510908215,3.8367333154437,0.0085333612262,0.0445482827725,0.0738567752632,0.0000021424369
211161,0.2533513814872,3.8367377172666,0.0085333612262,0.0445159200331,0.0738452794274,0.0000021424369
211713,0.2533562971448,3.8368121596830,0.0085501313424,0.0443912357987,0.0738089898916,0.0000021424369
211879,0.2533579535301,3.8368372438804,0.0085501313424,0.0443772465540,0.0738043486725,0.0000021424369
212325,0.2533620841847,3.8368997982592,0.0085969653626,0.0443177274644,0.0738040487180,0.0000021424369
213227,0.2533600334377,3.8368687418720,0.0085610947232,0.0443414334590,0.0737967025677,0.0000021424369
213588,0.2533615302201,3.8368914090526,0.0085610947232,0.0443271660389,0.0737919277996,0.0000021424369
213727,0.2533507184773,3.8367276766864,0.0085142607030,0.0443713596185,0.0737853226959,0.0000021424369
214021,0.2533464847202,3.8366635609284,0.0085142607030,0.0443618795300,0.0737810297163,0.0000021424369
214128,0.2533487153278,3.8366973411127,0.0085173954586,0.0443467883158,0.0737774614510,0.0000021424369
215465,0.2533410501408,3.8365812599938,0.0085333612262,0.0443108242038,0.0737698170571,0.0000020995882
215985,0.2533266430622,3.8363630800830,0.0085730001835,0.0442411393384,0.0737588304986,0.0000020995882
216190,0.2533242381211,3.8363266598024,0.0086198342037,0.0441807576088,0.0737568219735,0.0000020995882
216596,0.2533203499981,3.8362677783078,0.0086507024563,0.0441030202286,0.0737414547054,0.0000020995882
216761,0.2533110313821,3.8361266577602,0.0087443704968,0.0439882192435,0.0737386009532,0.0000020995882
217165,0.2533108734098,3.8361242654378,0.0087443704968,0.0439737898426,0.0737334137445,0.0000020995882
217408,0.2533035493656,3.8360133505636,0.0086975364765,0.0440199833699,0.0737282702718,0.0000020995882
218012,0.2533102930697,3.8361154768022,0.0086975364765,0.0440106098832,0.0737263676775,0.0000020995882
218351,0.2533110977325,3.8361276625664,0.0086110634991,0.0439644163560,0.0736729825694,0.0000020995882
218984,0.2533123330589,3.8361463702737,0.0085642294788,0.0440098020251,0.0736693847268,0.0000020995882
219127,0.2533124194734,3.8361476789295,0.0085642294788,0.0440009213485,0.0736662315740,0.0000020995882
219348,0.2533183215830,3.8362370601145,0.0085799032569,0.0439399868133,0.0736524513112,0.0000020995882
219523,0.2533180592376,3.8362330871707,0.0085206844728,0.0440082157585,0.0736513830959,0.0000020995882
219837,0.2533190041048,3.8362473961818,0.0085206844728,0.0439399868133,0.0736272180870,0.0000020995882
219879,0.2533158852406,3.8362001642950,0.0085206844728,0.0439071612965,0.0736148263601,0.0000020995882
220171,0.2533179082460,3.8362308005631,0.0085206844728,0.0438835232424,0.0736068176991,0.0000020995882
220687,0.2533138818336,3.8361698248228,0.0084898162202,0.0438055405829,0.0735648746955,0.0000020995882
220727,0.2533075535326,3.8360739894216,0.0084898162202,0.0437961927078,0.0735601801042,0.0000020995882
222036,0.2533018202811,3.8359871654145,0.0084898162202,0.0437867453826,0.0735555775056,0.0000020995882
222985,0.2533031123752,3.8360067328079,0.0084898162202,0.0437723159817,0.0735507010254,0.0000020995882
223077,0.2533053495064,3.8360406117847,0.0084741424421,0.0437256154350,0.0735277843105,0.0000020995882
223208,0.2533007400723,3.8359708067986,0.0084741424421,0.0436924690935,0.0735149585955,0.0000020995882
223417,0.2533043638696,3.8360256853612,0.0084628540164,0.0437022719397,0.0735143982432,0.0000020995882
224169,0.2533003067734,3.8359642449461,0.0084741424421,0.0436548242902,0.0735014211731,0.0000020995882
225878,0.2532764069927,3.8356023081398,0.0085034350531,0.0436107494735,0.0734931127617,0.0000020995882
225886,0.2532721277785,3.8355375039837,0.0084658510411,0.0436264495537,0.0734816955250,0.0000020995882
227395,0.2532928814354,3.8358517960859,0.0085126850613,0.0435126003844,0.0734655540426,0.0000020995882
227828,0.2532831583648,3.8357045505037,0.0084741424421,0.0435506360125,0.0734605364150,0.0000020995882
227907,0.2532741778341,3.8355685498992,0.0085346118229,0.0434793986640,0.0734590855543,0.0000020995882
228147,0.2532743459754,3.8355710962209,0.0084741424421,0.0435126003844,0.0734450638929,0.0000020995882
228414,0.2532781526785,3.8356287446988,0.0084475052832,0.0435335070843,0.0734419303683,0.0000020995882
229047,0.2532790473003,3.8356422927951,0.0084475052832,0.0434742458508,0.0734209573467,0.0000020995882
229140,0.2532810400839,3.8356724713872,0.0084475052832,0.0434120578508,0.0733991743718,0.0000020995882
229806,0.2532825298516,3.8356950323377,0.0084475052832,0.0434028139935,0.0733961922301,0.0000020995882
230045,0.2532820314074,3.8356874839301,0.0084620827233,0.0433403495906,0.0733800241796,0.0000020995882
230699,0.2532842385065,3.8357209081021,0.0084620827233,0.0433164260627,0.0733719530123,0.0000020995882
231751,0.2532778209754,3.8356237214071,0.0084620827233,0.0433071478702,0.0733672641869,0.0000020995882
233489,0.2532792730466,3.8356457114837,0.0085150319961,0.0432013328603,0.0733524768156,0.0000020995882
233503,0.2532814804190,3.8356791397958,0.0085013966355,0.0431290815305,0.0733213020516,0.0000020995882
233541,0.2532836682038,3.8357122714742,0.0085013966355,0.0431047065330,0.0733130655064,0.0000020995882
233562,0.2532900625698,3.8358091073590,0.0085013966355,0.0430709554613,0.0733023817735,0.0000020995882
233857,0.2532962592110,3.8359029489113,0.0084725668005,0.0430928849885,0.0732991859556,0.0000020995882
235004,0.2532981687294,3.8359318665406,0.0084186754482,0.0430782830248,0.0732712838572,0.0000020995882
235310,0.2532838133344,3.8357144693219,0.0084561217293,0.0430056039509,0.0732582992952,0.0000020995882
235547,0.2532778379013,3.8356239777311,0.0084561217293,0.0429963954410,0.0732537300917,0.0000020995882
235736,0.2532826189055,3.8356963809654,0.0085073411018,0.0429288053382,0.0732525664299,0.0000020995882
235745,0.2532931063644,3.8358552023966,0.0085317855846,0.0428382608971,0.0732329526490,0.0000020995882
236527,0.2532856941602,3.8357429524326,0.0084849515643,0.0428872271748,0.0732287805529,0.0000020995882
237362,0.2532920511333,3.8358392220420,0.0085068783260,0.0428382608971,0.0732220519886,0.0000020995882
238515,0.2532931581694,3.8358559869282,0.0084955899002,0.0428459142068,0.0732201846388,0.0000020575964
239861,0.2532867303933,3.8357586450829,0.0084735254077,0.0428748347335,0.0732196798067,0.0000020575964
239953,0.2532903531027,3.8358135071715,0.0084490809249,0.0428840011662,0.0732132536206,0.0000020575964
240046,0.2532916493316,3.8358331371809,0.0084959149451,0.0428162027403,0.0732093893834,0.0000020575964
240428,0.2532879113894,3.8357765300142,0.0084860479024,0.0428255686263,0.0732077046224,0.0000020164445
240893,0.2532865649241,3.8357561392270,0.0085203594279,0.0427256398396,0.0731864321813,0.0000020164445
241037,0.2532982537968,3.8359331547956,0.0085671934481,0.0426521052775,0.0731827463191,0.0000020164445
241265,0.2533119232502,3.8361401641561,0.0085606154196,0.0426469574640,0.0731810178277,0.0000020164445
241426,0.2533098625348,3.8361089568091,0.0085606154196,0.0426130771749,0.0731684761426,0.0000020164445
241542,0.2533083001715,3.8360852964757,0.0084724125419,0.0427125897156,0.0731658803103,0.0000020164445
241650,0.2533081225279,3.8360826062516,0.0084255785216,0.0427562996015,0.0731613811944,0.0000020164445
241930,0.2533127033337,3.8361519776924,0.0084619284646,0.0426920897794,0.0731550092633,0.0000020164445
241971,0.2533166994313,3.8362124943479,0.0085087624849,0.0426270374566,0.0731527043204,0.0000020164445
242077,0.2533154848445,3.8361941007206,0.0084255785216,0.0427214025547,0.0731504956026,0.0000020164445
242148,0.2533100822655,3.8361122843973,0.0084255785216,0.0427194026655,0.0731486236610,0.0000020164445
242214,0.2533085048339,3.8360883958704,0.0084255785216,0.0426311324973,0.0731167605799,0.0000020164445
242246,0.2533131744746,3.8361591126218,0.0084379632855,0.0425656893497,0.0730996964204,0.0000020164445
242247,0.2533204403786,3.8362691470233,0.0084379632855,0.0424890199865,0.0730738714844,0.0000020164445
242252,0.2533183486305,3.8362374697197,0.0084379632855,0.0424796637995,0.0730700817573,0.0000020164445
242543,0.2533210126424,3.8362778133521,0.0084379632855,0.0423873456827,0.0730376818610,0.0000020164445
242720,0.2533241497366,3.8363253213125,0.0084310602120,0.0423435123038,0.0730197408572,0.0000020164445
242912,0.2533263627951,3.8363588357339,0.0084310602120,0.0423189328228,0.0730114366980,0.0000020164445
243026,0.2533275413475,3.8363766836594,0.0084576973709,0.0422504277319,0.0729986390663,0.0000020164445
243252,0.2533252431779,3.8363418803207,0.0084108633507,0.0422865785286,0.0729909858772,0.0000020164445
243785,0.2533244912568,3.8363304932732,0.0084108633507,0.0422764775182,0.0729872172475,0.0000020164445
244210,0.2533073258553,3.8360705414908,0.0084453126071,0.0422371692486,0.0729842642465,0.0000020164445
244408,0.2533087992782,3.8360928549162,0.0084233858455,0.0422624094585,0.0729841971571,0.0000020164445
245404,0.2532975130809,3.8359219374391,0.0084108633507,0.0422764775182,0.0729814362099,0.0000020164445
245696,0.2533048350555,3.8360328209725,0.0084310602120,0.0422207297768,0.0729717510945,0.0000020164445
245909,0.2532992761911,3.8359486378724,0.0084108633507,0.0422422579448,0.0729695927430,0.0000020164445
246012,0.2533017172336,3.8359856048700,0.0084576973709,0.0421672078189,0.0729633839301,0.0000020164445
246080,0.2533133919930,3.8361624067058,0.0084464089452,0.0421729070046,0.0729630831909,0.0000020164445
246207,0.2533138274762,3.8361690016370,0.0084464089452,0.0421624428135,0.0729594392976,0.0000020164445
246708,0.2533005874986,3.8359684962324,0.0083995749249,0.0421446486729,0.0729301753864,0.0000020164445
246852,0.2533045125264,3.8360279366112,0.0083842261918,0.0421563387638,0.0729286134678,0.0000020164445
247072,0.2533148205698,3.8361840409853,0.0083743591491,0.0421439652534,0.0729221744908,0.0000020164445
247128,0.2533142553271,3.8361754809849,0.0084009963080,0.0420752277733,0.0729089201925,0.0000020164445
247691,0.2533119711109,3.8361408889559,0.0083886115441,0.0419936282492,0.0728739802746,0.0000020164445
247709,0.2533137806765,3.8361682929051,0.0084354455644,0.0419156199168,0.0728665796428,0.0000020164445
247766,0.2533185447829,3.8362404402387,0.0084354455644,0.0418636484994,0.0728490393023,0.0000020164445
248094,0.2533257968998,3.8363502658515,0.0084354455644,0.0418541815545,0.0728472122756,0.0000020164445
248113,0.2533306338240,3.8364235159336,0.0084354455644,0.0417877613449,0.0728245272559,0.0000020164445
248247,0.2533381236211,3.8365369409594,0.0084354455644,0.0417460956830,0.0728112516189,0.0000020164445
248495,0.2533421048561,3.8365972325369,0.0084467339901,0.0416792036582,0.0727930526286,0.0000020164445
249935,0.2533458074758,3.8366533047810,0.0084467339901,0.0416683908832,0.0727899843417,0.0000020164445
249994,0.2533514221640,3.8367383332745,0.0084935680104,0.0416012224555,0.0727872704880,0.0000020164445
250082,0.2533532546170,3.8367660838289,0.0084663138170,0.0416029978019,0.0727766168402,0.0000020164445
250166,0.2533568784284,3.8368209626061,0.0084663138170,0.0415353575591,0.0727532361416,0.0000020164445
250307,0.2533642082148,3.8369319644391,0.0084663138170,0.0414674409134,0.0727305508652,0.0000020164445
250464,0.2533607982403,3.8368803239960,0.0085131478372,0.0414124846984,0.0727302646597,0.0000020164445
250588,0.2533585826562,3.8368467713264,0.0085131478372,0.0413696465621,0.0727144905573,0.0000020164445
250994,0.2533608970529,3.8368818204078,0.0084663138170,0.0413706402588,0.0726952696682,0.0000020164445
251572,0.2533549433054,3.8367916572228,0.0084663138170,0.0413471338638,0.0726855987241,0.0000020164445
251691,0.2533556712639,3.8368026813814,0.0084663138170,0.0412929759331,0.0726664125971,0.0000020164445
251815,0.2533527045610,3.8367577538147,0.0084663138170,0.0412819307688,0.0726618321735,0.0000020164445
252625,0.2533457967104,3.8366531417506,0.0084550253912,0.0412850895933,0.0726566421746,0.0000020164445
252715,0.2533443682938,3.8366315098984,0.0084750845216,0.0412596111881,0.0726558334251,0.0000020164445
252804,0.2533497646387,3.8367132318125,0.0084750845216,0.0412087393032,0.0726388212544,0.0000020164445
253005,0.2533485341016,3.8366945966342,0.0085018594114,0.0411648355508,0.0726343526091,0.0000020164445
253118,0.2533477870553,3.8366832834116,0.0084550253912,0.0411648521855,0.0726141267458,0.0000020164445
253162,0.2533432940579,3.8366152417354,0.0085018594114,0.0410863711158,0.0726052067301,0.0000020164445
253203,0.2533571422613,3.8368249580754,0.0084774149287,0.0410950141691,0.0726007848001,0.0000020164445
253347,0.2533615978748,3.8368924336118,0.0084507777698,0.0411090814350,0.0725953476727,0.0000020164445
253363,0.2533515424530,3.8367401549235,0.0084677021446,0.0410163358621,0.0725673228241,0.0000020164445
253570,0.2533476231252,3.8366808008641,0.0084299638740,0.0410185659028,0.0725511058667,0.0000020164445
253839,0.2533445487992,3.8366342434602,0.0084675478860,0.0409652380381,0.0725475088503,0.0000020164445
253842,0.2533369750214,3.8365195466360,0.0084767978942,0.0409572374265,0.0725469928259,0.0000020164445
254265,0.2533371870188,3.8365227571125,0.0084598735194,0.0408666459177,0.0725074308401,0.0000020164445
254644,0.2533340352718,3.8364750272491,0.0085067075396,0.0407881094691,0.0724987784570,0.0000020164445
255107,0.2533358801363,3.8365029657642,0.0084836844399,0.0408072596684,0.0724961460993,0.0000020164445
255213,0.2533405634808,3.8365738900449,0.0084612949024,0.0407956844173,0.0724834201388,0.0000020164445
255268,0.2533476841902,3.8366817256281,0.0084612949024,0.0407723181134,0.0724766008966,0.0000020164445
255354,0.2533545753378,3.8367860847438,0.0084521991528,0.0407020089601,0.0724490689808,0.0000020164445
255704,0.2533631120921,3.8369153648250,0.0084865106783,0.0406251142039,0.0724381408118,0.0000020164445
256283,0.2533667097367,3.8369698473330,0.0084396766581,0.0406475544779,0.0724268543963,0.0000020164445
256545,0.2533770714792,3.8371267649237,0.0083928426378,0.0406937138527,0.0724254885377,0.0000020164445
257195,0.2533752422439,3.8370990630962,0.0084396766581,0.0406385252483,0.0724254580658,0.0000019761156
257285,0.2533747006957,3.8370908619249,0.0084396766581,0.0406151245472,0.0724169846265,0.0000019761156
257448,0.2533686693201,3.8369995231438,0.0084597357885,0.0405804364720,0.0724119003608,0.0000019761156
257649,0.2533695658719,3.8370131004682,0.0085065698087,0.0405108923336,0.0724073270097,0.0000019761156
258375,0.2533628217669,3.8369109681585,0.0085065698087,0.0405018261848,0.0724026439341,0.0000019761156
258789,0.2533651714113,3.8369465510275,0.0084865106783,0.0405131110367,0.0723985809634,0.0000019761156
259811,0.2533602268016,3.8368716701631,0.0084088084055,0.0405681721295,0.0723838851061,0.0000019761156
261195,0.2533606059249,3.8368774115832,0.0084288675359,0.0405330499506,0.0723800194816,0.0000019761156
261407,0.2533712957760,3.8370392980297,0.0084288675359,0.0404783860423,0.0723627873396,0.0000019761156
264585,0.2533620643930,3.8368994985351,0.0083842261918,0.0404692019838,0.0723383971606,0.0000019365933
268357,0.2533550522205,3.8367933066255,0.0083842261918,0.0404456087274,0.0723284683892,0.0000019365933
268502,0.2533480205245,3.8366868190547,0.0083694944932,0.0404548112455,0.0723239346257,0.0000019365933
313894,0.2533282517352,3.8363874417271,0.0083951895726,0.0403869584906,0.0723064775067,0.0000018599042
317911,0.2533268901916,3.8363668225951,0.0083641670614,0.0403756590418,0.0722888548680,0.0000018599042
318842,0.2533213003386,3.8362821702049,0.0083641670614,0.0403404712699,0.0722750899810,0.0000018599042
319120,0.2533150111511,3.8361869271365,0.0083494353627,0.0403497291670,0.0722707351046,0.0000018599042
359401,0.2533145348415,3.8361797139342,0.0083494353627,0.0403497291670,0.0722706330383,0.0000017862520
477053,0.2533137681000,3.8361681024483,0.0083494353627,0.0403497291670,0.0722704687365,0.0000016146303
569716,0.2533108742005,3.8361242774115,0.0083494353627,0.0403497291670,0.0722698486152,0.0000015196771
612501,0.2532982112655,3.8359325107038,0.0083494353627,0.0403497291670,0.0722671351291,0.0000014594979
