0,0.2063240533919,3.124558757017,0.5553584234398,0.3201241934734,0.3965531191558,100000
1,0.206325633567,3.124582687091,0.5553584234398,0.3197771085122,0.3964294988501,100000.0000000000000
6,0.2063175097832,3.1244596610098,0.5551471221798,0.3197480004190,0.3963268046088,100000.0000000000000
134018,0.2550696549703,3.8627591450668,0.0077351224278,0.8621470798084,0.3658825070371,0.0000024185306
134074,0.2550609124549,3.8626267489520,0.0077351224278,0.8620230099371,0.3658363229727,0.0000024185306
134175,0.2550582919414,3.8625870640564,0.0076882884076,0.8620498011961,0.3658252580179,0.0000024185306
134511,0.2550653750059,3.8626943295482,0.0076682292771,0.8620514016742,0.3658187506465,0.0000024185306
134531,0.2550688062220,3.8627462916746,0.0076682292771,0.8620482680543,0.3658183667572,0.0000024185306
134554,0.2550822763862,3.8629502830107,0.0077150632974,0.8619760585546,0.3658155358369,0.0000024185306
134635,0.2550845670479,3.8629849726507,0.0077618973176,0.8619147051811,0.3658141864968,0.0000024185306
134636,0.2550855094983,3.8629992450611,0.0077150632974,0.8619596366760,0.3658103636899,0.0000024185306
134901,0.2550895711390,3.8630607542987,0.0078087313378,0.8618346865158,0.3658067524302,0.0000024185306
134920,0.2550907978716,3.8630793318618,0.0078555653581,0.8617730901711,0.3658050883299,0.0000024185306
134931,0.2551038515356,3.8632770157443,0.0079329425860,0.8616350229841,0.3657917375030,0.0000024185306
135005,0.2551031956153,3.8632670825275,0.0079797766062,0.8615679302280,0.3657877069731,0.0000024185306
135024,0.2551028311999,3.8632615638444,0.0080266106264,0.8614952791625,0.3657817537979,0.0000024185306
135037,0.2551068443917,3.8633223393729,0.0080618642313,0.7359449058005,0.3209583033975,0.0000024185306
135047,0.2551154109951,3.8634520714872,0.0080275527059,0.7359711230723,0.3209547974702,0.0000024185306
135063,0.2551190182151,3.8635066990050,0.0079116328588,0.7360387684515,0.3209300495754,0.0000024185306
135157,0.2551287668023,3.8636543310087,0.0078179648184,0.7361449685651,0.3209299237245,0.0000024185306
135163,0.2551223565012,3.8635572538040,0.0078647988386,0.7360456798053,0.3209131615401,0.0000024185306
135231,0.2551414834858,3.8638469116803,0.0078054423236,0.7360852397708,0.3209059502323,0.0000024185306
135276,0.2551359778260,3.8637635343083,0.0077701887187,0.7361239292608,0.3209034794353,0.0000024185306
135430,0.2551275337202,3.8636356572894,0.0077597046415,0.7361274718886,0.3208984420323,0.0000024185306
135449,0.2551289940716,3.8636577727622,0.0077597046415,0.7361168386613,0.3208949573836,0.0000024185306
135490,0.2551308957049,3.8636865709798,0.0077597046415,0.7361060082490,0.3208914968720,0.0000024185306
135564,0.2551411233040,3.8638414571096,0.0077597046415,0.7360134565751,0.3208606343312,0.0000024185306
135718,0.2551318292212,3.8637007080927,0.0077597046415,0.7360165953738,0.3208597637415,0.0000024185306
135783,0.2551276342507,3.8636371797171,0.0077706680223,0.7359601404698,0.3208434009453,0.0000024185306
135803,0.2551233780861,3.8635727246227,0.0078175020425,0.6210087365233,0.2798084877950,0.0000024185306
135879,0.2551183435269,3.8634964815679,0.0077510881954,0.6209947583760,0.2797739536881,0.0000024185306
136074,0.2551115498723,3.8633935988824,0.0076417463769,0.6210841024362,0.2797575457185,0.0000024185306
136130,0.2551045401929,3.8632874447278,0.0076312622996,0.6210765517828,0.2797488538065,0.0000024185306
136144,0.2551072547791,3.8633285542555,0.0076284525890,0.6210161811177,0.2797266703900,0.0000024185306
136147,0.2551108002315,3.8633822463680,0.0076007190920,0.6209386729202,0.2796878628463,0.0000024185306
136150,0.2551176117339,3.8634853993411,0.0075538850718,0.6207020891824,0.2795847565389,0.0000024185306
136245,0.2551170930592,3.8634775445627,0.0076022947337,0.6206401688761,0.2795832779971,0.0000024185306
136384,0.2551092499870,3.8633587695603,0.0075899099698,0.6206370040688,0.2795751592946,0.0000024185306
136484,0.2551140578142,3.8634315789989,0.0076101068311,0.6205762723661,0.2795631554471,0.0000024185306
136533,0.2551237533938,3.8635784082597,0.0075756575748,0.6206023518120,0.2795597831921,0.0000024185306
136554,0.2551279184265,3.8636414832588,0.0075756575748,0.6205344207549,0.2795364146073,0.0000024185306
136727,0.2551230172017,3.8635672594118,0.0075756575748,0.5160617815417,0.2422237074830,0.0000023701600
136732,0.2551164270519,3.8634674585889,0.0075288235545,0.5160841501654,0.2422102123793,0.0000023701600
136770,0.2551088072450,3.8633520647034,0.0075288235545,0.5160031271716,0.2421796427800,0.0000023701600
136884,0.2551111533595,3.8633875941167,0.0074965669743,0.5160256249768,0.2421743562006,0.0000023701600
137021,0.2551024949290,3.8632564713786,0.0074613133694,0.5160138470415,0.2421531857293,0.0000023701600
137165,0.2550928838645,3.8631109220090,0.0074497329541,0.5160294486647,0.2421517351887,0.0000023701600
137269,0.2550966325738,3.8631676922314,0.0074915645875,0.5158592505688,0.2421096812921,0.0000023701600
137291,0.2550884315412,3.8630434963001,0.0075031450028,0.5158301324948,0.2421024876510,0.0000023701600
137351,0.2550836298903,3.8629707803935,0.0075037620373,0.5157569844845,0.2420755988798,0.0000023701600
137436,0.2550817027488,3.8629415958816,0.0075037620373,0.5157438056319,0.2420704791878,0.0000023701600
137437,0.2550781135248,3.8628872408938,0.0075505960575,0.5156627457188,0.2420608318224,0.0000023701600
137554,0.2550735197430,3.8628176729462,0.0075974300778,0.5155860207502,0.2420525173890,0.0000023701600
137666,0.2550650035168,3.8626887037408,0.0075974300778,0.5155737077734,0.2420462949917,0.0000023701600
137683,0.2550659973777,3.8627037547084,0.0075974300778,0.5155277341950,0.2420300888268,0.0000023701600
137979,0.2550657488668,3.8626999912747,0.0075364979211,0.5155417907173,0.2420089419795,0.0000023701600
138056,0.2550607470382,3.8626242438910,0.0075833319413,0.5154867620270,0.2420082887784,0.0000023701600
138137,0.2550598193508,3.8626101950503,0.0075631350800,0.5154758858285,0.2419955498339,0.0000023701600
138140,0.2550496735401,3.8624565475172,0.0075515546647,0.5154914874517,0.2419939847048,0.0000023701600
138145,0.2550527173536,3.8625026428423,0.0075515546647,0.5154730575919,0.2419880548577,0.0000023701600
138169,0.2550568249619,3.8625648482095,0.0075761368783,0.5154183959994,0.2419799482966,0.0000023701600
138252,0.2550685200492,3.8627419578911,0.0076229708986,0.5153482750364,0.2419774829086,0.0000023701600
138436,0.2550672153530,3.8627221996515,0.0076452227052,0.5153209779886,0.2419769908738,0.0000023701600
138571,0.2550599066786,3.8626115175364,0.0076654195665,0.5152722931037,0.2419666930681,0.0000023701600
138718,0.2550617754700,3.8626398183989,0.0075477863469,0.5153772772045,0.2419541736081,0.0000023701600
138730,0.2550638878822,3.8626718086388,0.0075009523266,0.5153677767512,0.2419311615259,0.0000023701600
138787,0.2550623694685,3.8626488138762,0.0075477863469,0.5152583292600,0.2419118194848,0.0000023701600
138954,0.2550577358238,3.8625786422456,0.0075188187809,0.5152468782310,0.2418943222366,0.0000023701600
138985,0.2550534164358,3.8625132296999,0.0075188187809,0.5152435497451,0.2418922079084,0.0000023701600
138986,0.2550569576127,3.8625668570645,0.0075434009945,0.5152009895763,0.2418883019062,0.0000023701600
139100,0.2550603635517,3.8626184363953,0.0075232041332,0.5152182362008,0.2418865354613,0.0000023701600
139169,0.2550570430201,3.8625681504690,0.0074257677749,0.5152391799352,0.2418515453847,0.0000023701600
139171,0.2550571827833,3.8625702670336,0.0074257677749,0.5152341414811,0.2418497758860,0.0000023701600
139176,0.2550574771924,3.8625747255483,0.0074787005201,0.5151660397134,0.2418482023761,0.0000023701600
139279,0.2550564012423,3.8625584314258,0.0073615466040,0.5151520574101,0.2417927693144,0.0000023701600
139380,0.2550480489195,3.8624319443642,0.0073147125838,0.5151820804682,0.2417816303287,0.0000023701600
139464,0.2550482847158,3.8624355152476,0.0073147125838,0.5151603657303,0.2417739255930,0.0000023701600
139519,0.2550468949560,3.8624144688108,0.0073147125838,0.5150973223501,0.2417511122944,0.0000023701600
139522,0.2550505793656,3.8624702652833,0.0072678785636,0.5151413869514,0.2417475674454,0.0000023701600
139571,0.2550493359305,3.8624514347785,0.0073258136955,0.5150609003511,0.2417433851229,0.0000023701600
139613,0.2550447831745,3.8623824881217,0.0073258136955,0.5150566804560,0.2417409024269,0.0000023701600
139809,0.2550518898159,3.8624901106622,0.0073408704391,0.5150307930184,0.2417396326553,0.0000023701600
139905,0.2550431414205,3.8623576255013,0.0073992848746,0.5148976485813,0.2417152411726,0.0000023701600
139987,0.2550528374538,3.8625044616325,0.0074461188949,0.5148236997750,0.2417109803290,0.0000023701600
140020,0.2550482130557,3.8624344300325,0.0074929529151,0.5147326974377,0.2416975602748,0.0000023701600
140052,0.2550445055245,3.8623782834085,0.0075397869353,0.5146545558322,0.2416889298105,0.0000023701600
140078,0.2550503743414,3.8624671604089,0.0075850453139,0.5145952345233,0.2416883976803,0.0000023701600
140080,0.2550530668742,3.8625079359610,0.0076202989188,0.5145390662645,0.2416840232470,0.0000023701600
140089,0.2550532212931,3.8625102744714,0.0076202989188,0.5145381654462,0.2416837346159,0.0000023701600
140218,0.2550525157519,3.8624995897987,0.0076610342142,0.5144693640073,0.2416764694698,0.0000023701600
140318,0.2550529744974,3.8625065370119,0.0076610342142,0.5144523407231,0.2416704880280,0.0000023701600
140330,0.2550514746470,3.8624838233701,0.0076610342142,0.4206115008065,0.2081555809471,0.0000023701600
140373,0.2550504193104,3.8624678414168,0.0076610342142,0.4205908178091,0.2081479680187,0.0000023701600
140382,0.2550455566075,3.8623942009439,0.0076610342142,0.4205670078593,0.2081384224574,0.0000023701600
140548,0.2550509423022,3.8624757615729,0.0075434009945,0.4204886393775,0.2080611735544,0.0000023701600
140552,0.2550440894079,3.8623719817638,0.0075902350148,0.4203386150497,0.2080261966829,0.0000023701600
140667,0.2550376722994,3.8622748014674,0.0075477863469,0.4203511104984,0.2080110919622,0.0000023701600
140871,0.2550342257169,3.8622226066354,0.0075488826849,0.4203123636662,0.2079969851137,0.0000023701600
140913,0.2550347987958,3.8622312853062,0.0075957167052,0.4202266627038,0.2079865721527,0.0000023701600
140940,0.2550375456630,3.8622728836943,0.0076011983956,0.4202141105142,0.2079850271381,0.0000023701600
141085,0.2550440135149,3.8623708324451,0.0076062007824,0.4200761212097,0.2079392750920,0.0000023701600
141175,0.2550431192574,3.8623572898643,0.0075593667622,0.4201235922744,0.2079359656941,0.0000023701600
141207,0.2550409665022,3.8623246886722,0.0076062007824,0.4200588934420,0.2079324693865,0.0000023701600
141247,0.2550460873572,3.8624022385849,0.0076062007824,0.4200278356125,0.2079224746306,0.0000023701600
141275,0.2550437528606,3.8623668851119,0.0076062007824,0.4200215258145,0.2079197208821,0.0000023701600
141472,0.2550417530066,3.8623365994465,0.0075593667622,0.4200759404208,0.2079186544069,0.0000023701600
141603,0.2550428100537,3.8623526073022,0.0075593667622,0.4200714474836,0.2079172762966,0.0000023701600
141717,0.2550505805647,3.8624702834424,0.0075593667622,0.4200663939217,0.2079171365625,0.0000023701600
141869,0.2550642063006,3.8626766307471,0.0076469360777,0.4199509265868,0.2079163477359,0.0000023701600
141872,0.2550649200042,3.8626874390314,0.0076062007824,0.4199942975349,0.2079145323130,0.0000023701600
141910,0.2550630723536,3.8626594583248,0.0076046251407,0.4199527723573,0.2078986306923,0.0000023701600
141925,0.2550542500304,3.8625258536044,0.0075703136153,0.4199957473473,0.2078973834657,0.0000023701600
142092,0.2550585601631,3.8625911259888,0.0075740819331,0.4199621822021,0.2078879345070,0.0000023701600
142119,0.2550565627280,3.8625608769549,0.0075615594383,0.4199762502618,0.2078871640088,0.0000023701600
142144,0.2550585053491,3.8625902958897,0.0075615594383,0.4199584475315,0.2078812221668,0.0000023227568
142175,0.2550659203748,3.8627025885821,0.0076022947337,0.4198973163557,0.2078784365218,0.0000023227568
142283,0.2550571635289,3.8625699754464,0.0076022947337,0.4198759278350,0.2078689212974,0.0000023227568
142314,0.2550664668299,3.8627108640641,0.0074863748866,0.4199988709474,0.2078651431819,0.0000023227568
142349,0.2550615515695,3.8626364276635,0.0074357725486,0.4200399571752,0.2078570768483,0.0000023227568
142503,0.2550526660075,3.8625018652591,0.0074009982472,0.4199864666991,0.2078211657858,0.0000023227568
142511,0.2550462932709,3.8624053569289,0.0074450225568,0.4198336605548,0.2077840941377,0.0000023227568
143158,0.2550457243758,3.8623967416163,0.0075045333304,0.4197012658855,0.2077621930384,0.0000022763017
143189,0.2550485619730,3.8624397140138,0.0075045333304,0.4196094288075,0.2077300021385,0.0000022763017
143321,0.2550548094336,3.8625343251720,0.0074576993102,0.4196359727419,0.2077207491337,0.0000022763017
143326,0.2550410385155,3.8623257792370,0.0074789925096,0.4195608000334,0.2077000764836,0.0000022763017
143400,0.2550319742668,3.8621885108135,0.0074446809841,0.4195854540060,0.2076922341954,0.0000022763017
143427,0.2550330917441,3.8622054338200,0.0074446809841,0.4195783484019,0.2076899359390,0.0000022763017
143572,0.2550380868137,3.8622810788463,0.0074915150044,0.4194996422859,0.2076829687069,0.0000022763017
143613,0.2550412815972,3.8623294604507,0.0074904186663,0.4194907500895,0.2076800076597,0.0000022763017
143626,0.2550516366934,3.8624862773907,0.0074799345891,0.4194868183082,0.2076763292254,0.0000022763017
143649,0.2550510956613,3.8624780840337,0.0074614511003,0.4195000149584,0.2076730048841,0.0000022763017
143707,0.2550620331561,3.8626437207819,0.0074967047052,0.4194297864018,0.2076653756935,0.0000022763017
143711,0.2550729873998,3.8628096111732,0.0075319583102,0.4193557191078,0.2076563791143,0.0000022763017
143717,0.2550765426928,3.8628634523115,0.0075194358154,0.4193562207458,0.2076519533357,0.0000022763017
143727,0.2550775426302,3.8628785953015,0.0075310162307,0.4193312605476,0.2076482162866,0.0000022763017
143935,0.2550632885857,3.8626627329294,0.0075425966460,0.4193191247080,0.2076457906552,0.0000022763017
144198,0.2550698527575,3.8627621403427,0.0076572658963,0.4191648094911,0.2076412286504,0.0000022763017
144218,0.2550709365490,3.8627785532147,0.0077040999166,0.4191059733543,0.2076405197084,0.0000022763017
144291,0.2550721625299,3.8627971193936,0.0077040999166,0.4190994930003,0.2076384680064,0.0000022763017
144507,0.2550661232244,3.8627056605240,0.0075864666970,0.4191708212148,0.2076122339949,0.0000022763017
144707,0.2550672445526,3.8627226418494,0.0076534975785,0.4189648331274,0.2075676346261,0.0000022763017
145129,0.2550744304577,3.8628314647527,0.0076426884563,0.4189719028254,0.2075670668742,0.0000022763017
145350,0.2550765883166,3.8628641432359,0.0075250552367,0.4190793600859,0.2075554926285,0.0000022763017
145431,0.2550837190632,3.8629721308224,0.0075388283282,0.4190542966134,0.2075539721590,0.0000022763017
145441,0.2550856304942,3.8630010774154,0.0074919943079,0.4190979671746,0.2075499066574,0.0000022763017
145491,0.2550925943828,3.8631065381167,0.0074396785973,0.4190931738641,0.2075272660038,0.0000022763017
145733,0.2550912916233,3.8630868092070,0.0074396785973,0.3355843561358,0.1777024090809,0.0000022763017
145781,0.2550843100540,3.8629810807512,0.0074096146932,0.3356215104092,0.1777012978834,0.0000022763017
145788,0.2550910625077,3.8630833394938,0.0074450060291,0.3354293506976,0.1776492840847,0.0000022763017
145907,0.2550969411139,3.8631723647446,0.0074334256138,0.3354348601058,0.1776475483967,0.0000022763017
145952,0.2550958962994,3.8631565421380,0.0074334256138,0.3352376861829,0.1775769052497,0.0000022763017
145967,0.2550932071306,3.8631158175305,0.0073715348500,0.3352707753373,0.1775616219413,0.0000022763017
146870,0.2550897122623,3.8630628914605,0.0074428133529,0.3351721025730,0.1775561806978,0.0000022763017
146925,0.2550847453899,3.8629876734504,0.0074896473732,0.3350922620753,0.1775466736275,0.0000022763017
147195,0.2550822796899,3.8629503330422,0.0073720141535,0.3352192336396,0.1775410780135,0.0000022763017
147448,0.2550844293626,3.8629828875528,0.0073132581453,0.3351395098745,0.1774878847380,0.0000022763017
147579,0.2550822337672,3.8629496375916,0.0073007356506,0.3351242399262,0.1774765939168,0.0000022763017
147695,0.2550872685954,3.8630258847197,0.0072661156078,0.3351403978698,0.1774686063416,0.0000022763017
147731,0.2550876248578,3.8630312799353,0.0072999478297,0.3350644428249,0.1774560554055,0.0000022763017
147788,0.2550884454649,3.8630437071595,0.0073701299946,0.2619342212963,0.1513683730603,0.0000022763017
147801,0.2550858296834,3.8630040939254,0.0073345844002,0.2619585952573,0.1513612836955,0.0000022763017
147883,0.2550865702311,3.8630153087340,0.0073345844002,0.2619068245318,0.1513429528395,0.0000022763017
147985,0.2550889529519,3.8630513925106,0.0073345844002,0.2618749748069,0.1513320885208,0.0000022763017
147986,0.2550852345922,3.8629950819005,0.0073345844002,0.2617818161942,0.1512980207963,0.0000022763017
148148,0.2550872401195,3.8630254534818,0.0073231417158,0.2616963815172,0.1512630341599,0.0000022763017
148235,0.2550927048613,3.8631082111957,0.0073627806730,0.2616442830440,0.1512625867030,0.0000022763017
148513,0.2550925069406,3.8631052138976,0.0073627806730,0.2616336074889,0.1512587315932,0.0000022763017
148560,0.2550954660334,3.8631500262164,0.0072919814736,0.2616471306213,0.1512338528606,0.0000022763017
148603,0.2550887525060,3.8630483569701,0.0072919814736,0.2616227347487,0.1512237014360,0.0000022763017
148847,0.2550891237276,3.8630539787281,0.0072675369909,0.2616472313805,0.1512220535736,0.0000022763017
148863,0.2550967595827,3.8631696156476,0.0072877338522,0.2615840838183,0.1512097929252,0.0000022307756
148977,0.2551037230127,3.8632750694013,0.0072012608747,0.2616727525375,0.1512058926410,0.0000022307756
149058,0.2551051940074,3.8632973460545,0.0072480948950,0.2615996625083,0.1512001759953,0.0000022307756
149168,0.2550981503207,3.8631906768981,0.0072949289152,0.2615165057350,0.1511890395092,0.0000022307756
149171,0.2550933166255,3.8631174757153,0.0072949289152,0.2614849240248,0.1511767245351,0.0000022307756
149315,0.2550844320620,3.8629829284327,0.0071288860337,0.2615360361706,0.1511219138029,0.0000022307756
149318,0.2550826882910,3.8629565208719,0.0070945745082,0.2614691843463,0.1510829595467,0.0000022307756
149331,0.2550803118803,3.8629205326549,0.0071288860337,0.2613839273456,0.1510667063265,0.0000022307756
149365,0.2550802126534,3.8629190299680,0.0071064964962,0.2614079902163,0.1510656834299,0.0000022307756
149412,0.2550842502113,3.8629801744968,0.0071533305164,0.2613465613458,0.1510646814615,0.0000022307756
149492,0.2550806731124,3.8629260031316,0.0071882590764,0.2612100131091,0.1510301170958,0.0000022307756
149665,0.2550870579926,3.8630226953642,0.0072039328545,0.2611462804599,0.1510154409575,0.0000022307756
150005,0.2550871243317,3.8630236999998,0.0071570988342,0.2611830356294,0.1510085102963,0.0000022307756
150063,0.2550885391857,3.8630451264611,0.0071107441176,0.2612267556670,0.1510045614713,0.0000022307756
150091,0.2550847337163,3.8629874966672,0.0071281312683,0.2611948715917,0.1509998104798,0.0000022307756
150209,0.2550836289386,3.8629707659819,0.0071281312683,0.2611865621048,0.1509966060678,0.0000022307756
150308,0.2550748877929,3.8628383906097,0.0071182642255,0.2611538512117,0.1509788217707,0.0000022307756
150450,0.2550802042155,3.8629189021855,0.0071650982458,0.2610811094449,0.1509740535247,0.0000022307756
150574,0.2550759153372,3.8628539516765,0.0071766786611,0.2610582908261,0.1509699480078,0.0000022307756
150633,0.2550868714075,3.8630198697309,0.0072119322660,0.2609878222942,0.1509622370921,0.0000022307756
151050,0.2550833837418,3.8629670527359,0.0071650982458,0.2610433960607,0.1509612657860,0.0000022307756
151115,0.2550873735713,3.8630274744678,0.0072119322660,0.2609759049132,0.1509580884911,0.0000022307756
151328,0.2550854603276,3.8629985004242,0.0072587662862,0.2609089372599,0.1509538332143,0.0000022307756
151464,0.2551002400540,3.8632223236902,0.0072598626243,0.1983207002345,0.1286045283629,0.0000022307756
151680,0.2551087525633,3.8633512366066,0.0072598626243,0.1983064404147,0.1286012596792,0.0000022307756
151761,0.2551131209981,3.8634173919134,0.0072598626243,0.1982431962024,0.1285796085537,0.0000022307756
151864,0.2551176566975,3.8634860802668,0.0072598626243,0.1981034741765,0.1285306797658,0.0000022307756
152154,0.2551161163259,3.8634627529737,0.0073066966446,0.1980457965308,0.1285298222499,0.0000022307756
152278,0.2551204131671,3.8635278240721,0.0072123950419,0.1981538671852,0.1285289246913,0.0000022307756
152824,0.2551195705229,3.8635150631201,0.0072123950419,0.1981422303272,0.1285245881040,0.0000022307756
153141,0.2551198751912,3.8635196769980,0.0072123950419,0.1980472450900,0.1284907300910,0.0000022307756
153195,0.2551297318473,3.8636689455920,0.0071770037060,0.1980757998820,0.1284878726563,0.0000022307756
153329,0.2551242616976,3.8635861059818,0.0071464604984,0.1980375259520,0.1284599412745,0.0000022307756
153358,0.2551304996502,3.8636805731509,0.0071307867203,0.1979730958073,0.1284315498792,0.0000022307756
154199,0.2551233929082,3.8635729490874,0.0070839527001,0.1979959725923,0.1284181255633,0.0000022307756
154398,0.2551252438728,3.8636009799819,0.0070371186798,0.1980175453329,0.1284061550258,0.0000022307756
154712,0.2551325499295,3.8637116224539,0.0069902846596,0.1980303877788,0.1283922354743,0.0000022307756
154902,0.2551393884523,3.8638151846218,0.0069902846596,0.1979719296598,0.1283728229724,0.0000022307756
154939,0.2551418594508,3.8638526052716,0.0070371186798,0.1978797972276,0.1283605197550,0.0000022307756
154952,0.2551444173378,3.8638913417548,0.0070371186798,0.1978777973384,0.1283603536275,0.0000022307756
155060,0.2551445322982,3.8638930827077,0.0070371186798,0.1472111306718,0.1102651401666,0.0000022307756
155291,0.2551646531168,3.8641977911453,0.0070756612990,0.1471279068655,0.1102562472480,0.0000022307756
155309,0.2551670270098,3.8642337412346,0.0071224953192,0.1470522224256,0.1102497975052,0.0000022307756
155787,0.2551661405939,3.8642203174066,0.0071259220644,0.1470467263166,0.1102491132679,0.0000022307756
155997,0.2551629217179,3.8641715709471,0.0071176306633,0.1470401454114,0.1102425197279,0.0000022307756
156046,0.2551580199170,3.8640973383763,0.0071644646836,0.1469619086988,0.1102335993819,0.0000022307756
156279,0.2551634814665,3.8641800477461,0.0071693293395,0.1469491728548,0.1102323060507,0.0000022307756
156294,0.2551720128129,3.8643092459298,0.0071693293395,0.1457895753494,0.1098199922302,0.0000022307756
156315,0.2551645370132,3.8641960328795,0.0072146042458,0.1454307820076,0.1097096533251,0.0000022307756
156449,0.2551756715147,3.8643646530854,0.0072614382660,0.1453593008339,0.1097065820221,0.0000022307756
156481,0.2551760450066,3.8643703092238,0.0072614382660,0.1453446380139,0.1097014253347,0.0000022307756
156596,0.2551708931594,3.8642922899664,0.0071438050464,0.1454155302595,0.1096752257896,0.0000022307756
156668,0.2551822382752,3.8644640997014,0.0070856826004,0.1453440121666,0.1096272050900,0.0000022307756
156695,0.2551870739620,3.8645373310448,0.0070856826004,0.1451979571636,0.1095760788076,0.0000022307756
156760,0.2551871912094,3.8645391066316,0.0070872417143,0.1451714567279,0.1095673076824,0.0000022307756
156976,0.2551901790521,3.8645843543378,0.0070441760119,0.1450808505526,0.1095171318565,0.0000022307756
157040,0.2551996658220,3.8647280213964,0.0070861453762,0.1450151196712,0.1095136762914,0.0000022307756
157165,0.2551954318887,3.8646639029718,0.0070393113560,0.1450185950346,0.1094939384982,0.0000022307756
157290,0.2552041501138,3.8647959312363,0.0070697003050,0.1449716858521,0.1094920772452,0.0000022307756
157346,0.2552043564265,3.8647990556220,0.0070697003050,0.1449679379993,0.1094907829362,0.0000022307756
157639,0.2552167928117,3.8649873914743,0.0070963374639,0.1449251187192,0.1094895712010,0.0000022307756
158039,0.2552106295836,3.8648940559268,0.0070495034437,0.1449844898615,0.1094893827657,0.0000022307756
158720,0.2551891485889,3.8645687490670,0.0070092474519,0.1450452293379,0.1094892197977,0.0000022307756
159055,0.2552054003547,3.8648148648073,0.0070877210179,0.1449176949326,0.1094807858453,0.0000022307756
159234,0.2552168389350,3.8649880899622,0.0070436967083,0.1449242626859,0.1094667150346,0.0000022307756
159343,0.2552072041407,3.8648421812312,0.0070436967083,0.1449191180939,0.1094628130815,0.0000022307756
159354,0.2552068144317,3.8648362795026,0.0070905307286,0.1448402906596,0.1094546486403,0.0000022307756
159362,0.2551952245643,3.8646607632643,0.0070811429894,0.1448529539798,0.1094526643949,0.0000022307756
160483,0.2551941659387,3.8646447315032,0.0071406537630,0.1447776824372,0.1094510594700,0.0000021861601
160508,0.2551826528103,3.8644703773960,0.0071406537630,0.1447654422232,0.1094442208661,0.0000021861601
160535,0.2551813086051,3.8644500208343,0.0071279770096,0.1447733400319,0.1094413205738,0.0000021861601
160665,0.2551802964550,3.8644346928956,0.0070103437900,0.1448569026844,0.1094205332519,0.0000021861601
160945,0.2551844861288,3.8644981410587,0.0069221574400,0.1449562809096,0.1094191291124,0.0000021861601
160980,0.2551808473927,3.8644430362630,0.0069069629655,0.1449645000331,0.1094147728669,0.0000021861601
161005,0.2551784977131,3.8644074528595,0.0070245961851,0.1447993304389,0.1094056944603,0.0000021861601
161416,0.2551835605684,3.8644841244281,0.0070245961851,0.1447380177631,0.1093848819737,0.0000021861601
161631,0.2551869959319,3.8645361493619,0.0070372729385,0.1447105516117,0.1093812416775,0.0000021861601
162406,0.2552005093699,3.8647407960340,0.0071182642255,0.1445960858784,0.1093779673468,0.0000021861601
162973,0.2552043628379,3.8647991527156,0.0071182642255,0.1043869355516,0.0950183822589,0.0000021861601
163010,0.2551968510707,3.8646853949763,0.0071597708140,0.1043241406055,0.0950121343660,0.0000021861601
163088,0.2551925300853,3.8646199582403,0.0071129367938,0.1043484613399,0.0949998226941,0.0000021861601
163238,0.2551975355985,3.8646957614235,0.0072022194819,0.1032176902870,0.0946353125087,0.0000021861601
163466,0.2551944259976,3.8646486698184,0.0072490535021,0.1031426287711,0.0946279102044,0.0000021861601
163552,0.2551908668983,3.8645947710381,0.0072490535021,0.1030670382696,0.0946001509326,0.0000021861601
163616,0.2551977029071,3.8646982951342,0.0072490535021,0.1030072621753,0.0945802671865,0.0000021861601
164097,0.2552116477200,3.8649094745215,0.0072958875224,0.1029272222800,0.0945747414067,0.0000021861601
164195,0.2551982176044,3.8647060896790,0.0072808473065,0.1026769462681,0.0944760334280,0.0000021861601
164237,0.2552020771084,3.8647645377697,0.0072656528320,0.1026289557201,0.0944532090655,0.0000021861601
164281,0.2551923439840,3.8646171399333,0.0072670576873,0.1025284246669,0.0944158215293,0.0000021861601
164410,0.2551922813925,3.8646161920516,0.0072670576873,0.1025128004102,0.0944102280252,0.0000021861601
164468,0.2551844588826,3.8644977284425,0.0072200694084,0.1025429048173,0.0943991655132,0.0000021861601
164770,0.2551913232612,3.8646016821700,0.0072669034287,0.1023671709297,0.0943579460717,0.0000021861601
164970,0.2552012049019,3.8647513291274,0.0072542266753,0.1023626255792,0.0943530073324,0.0000021861601
165147,0.2552082161629,3.8648575072334,0.0072542266753,0.1023405734789,0.0943466339954,0.0000021861601
165192,0.2551980666159,3.8647038031180,0.0072056792825,0.1023713518901,0.0943346453567,0.0000021861601
165233,0.2552074939472,3.8648465700425,0.0072465523087,0.1022961550300,0.0943273264889,0.0000021861601
165323,0.2552007226185,3.8647440254573,0.0072525133027,0.1022838753610,0.0943240446055,0.0000021861601
165412,0.2552012083767,3.8647513817508,0.0072056792825,0.1023158822521,0.0943155080061,0.0000021861601
165503,0.2552125173444,3.8649226440609,0.0072525133027,0.1022431637568,0.0943120321881,0.0000021861601
165559,0.2552057464090,3.8648201054326,0.0072525133027,0.1022354826046,0.0943078380047,0.0000021861601
166434,0.2552158879407,3.8649736881635,0.0072933863290,0.1021717580071,0.0943047694165,0.0000021861601
166532,0.2552082655191,3.8648582546801,0.0073402203492,0.1021036372054,0.0942988789057,0.0000021861601
166589,0.2552096319762,3.8648789482226,0.0072689418462,0.1020592187565,0.0942527600563,0.0000021861601
166736,0.2552094722886,3.8648765299224,0.0071513086266,0.1021383415229,0.0942305697314,0.0000021424369
167077,0.2551871321960,3.8645382129366,0.0071981426468,0.1020731214853,0.0942225614211,0.0000021424369
167168,0.2551825898711,3.8644694242481,0.0071866999624,0.1020884506142,0.0942221587471,0.0000021424369
167169,0.2551877919303,3.8645482039122,0.0072318206101,0.1019615628420,0.0941972938330,0.0000021424369
167346,0.2551808763532,3.8644434748386,0.0073063881273,0.1018685968078,0.0941945672759,0.0000021424369
167360,0.2551855548774,3.8645143261214,0.0072612674797,0.1019007577776,0.0941877184570,0.0000021424369
167377,0.2551844999156,3.8644983498440,0.0072617467832,0.1018559874476,0.0941717084060,0.0000021424369
167550,0.2551906885317,3.8645920698660,0.0072808473065,0.1018120671702,0.0941655346632,0.0000021424369
167690,0.2551902576283,3.8645855442905,0.0073276813267,0.1017491656731,0.0941630492293,0.0000021424369
167727,0.2551943810001,3.8646479883793,0.0073272020231,0.1016919954563,0.0941433094586,0.0000021424369
167749,0.2551890640894,3.8645674694114,0.0073272020231,0.1016797670103,0.0941378028184,0.0000021424369
167801,0.2551878386944,3.8645489121054,0.0073272020231,0.1016544443699,0.0941284964337,0.0000021424369
167993,0.2551862549353,3.8645249277544,0.0072803680029,0.1016696866862,0.0941135290182,0.0000021424369
168018,0.2551858873820,3.8645193615499,0.0072568821273,0.1016924202545,0.0941115040130,0.0000021424369
168024,0.2551805016977,3.8644378010787,0.0073037161476,0.1016119098491,0.0941016679446,0.0000021424369
168114,0.2551780112415,3.8644000857628,0.0073037161476,0.1015871871399,0.0940923047364,0.0000021424369
168136,0.2551753891254,3.8643603765991,0.0072935240599,0.1015390621364,0.0940701873155,0.0000021424369
168159,0.2551746483241,3.8643491579488,0.0072449766671,0.1014940839268,0.0940331589006,0.0000021424369
168390,0.2551809053356,3.8644439137464,0.0071981426468,0.1015218041864,0.0940243280585,0.0000021424369
168413,0.2551778258456,3.8643972781387,0.0071981426468,0.1014979960256,0.0940151652533,0.0000021424369
168645,0.2551776818387,3.8643950973077,0.0071981426468,0.1014718566981,0.0940057989205,0.0000021424369
168808,0.2551774490261,3.8643915716074,0.0071818518342,0.1014773999757,0.0940007469973,0.0000021424369
168925,0.2551729063458,3.8643227775381,0.0072286858545,0.1014032813721,0.0939933743589,0.0000021424369
169286,0.2551796734672,3.8644252584069,0.0072064340479,0.1014082563150,0.0939870647331,0.0000021424369
169350,0.2551731913834,3.8643270941299,0.0072064340479,0.1014043611502,0.0939842845849,0.0000021424369
169441,0.2551746383296,3.8643490065936,0.0072064340479,0.1013918228159,0.0939801166683,0.0000021424369
169495,0.2551799043450,3.8644287548069,0.0072532680681,0.1013269786282,0.0939781581846,0.0000021424369
169580,0.2551766856579,3.8643800112074,0.0073001020884,0.1012578217787,0.0939728413141,0.0000021424369
169754,0.2551710821272,3.8642951516832,0.0073001020884,0.1011989149418,0.0939506024015,0.0000021424369
169788,0.2551649508690,3.8642023002867,0.0072532680681,0.1012510236102,0.0939478270762,0.0000021424369
169889,0.2551601742168,3.8641299629607,0.0072064340479,0.1013028206716,0.0939452307354,0.0000021424369
169915,0.2551627057132,3.8641682997850,0.0072424589459,0.1012575439021,0.0939450421661,0.0000021424369
170275,0.2551545926910,3.8640454366775,0.0072064340479,0.1013028206716,0.0939440346942,0.0000021424369
170399,0.2551475968680,3.8639394923646,0.0072064340479,0.1012777124592,0.0939335683705,0.0000021424369
170504,0.2551464946340,3.8639228002005,0.0072532680681,0.1012092059883,0.0939289373037,0.0000021424369
170860,0.2551507215019,3.8639868116277,0.0072064340479,0.1012610803150,0.0939282978834,0.0000020995882
171240,0.2551503161552,3.8639806730828,0.0070894178628,0.1013686283252,0.0939164712334,0.0000020995882
171421,0.2551467120310,3.8639260924469,0.0069957498223,0.1013457970955,0.0938674014646,0.0000020995882
171456,0.2551445815258,3.8638938282073,0.0070180016289,0.1013140377997,0.0938651388107,0.0000020995882
171783,0.2551318932224,3.8637016773219,0.0070217699467,0.1013127303310,0.0938635679287,0.0000020995882
171923,0.2551370421886,3.8637796529493,0.0070103272623,0.1012250279228,0.0938284449824,0.0000020995882
172188,0.2551336500154,3.8637282820883,0.0069965541708,0.1012392411344,0.0938268914817,0.0000020995882
172358,0.2551274641676,3.8636346039903,0.0070433881911,0.1011624335957,0.0938182064020,0.0000020995882
172608,0.2551107178266,3.8633809984326,0.0070433881911,0.1011515615492,0.0938107350266,0.0000020995882
172936,0.2551004051216,3.8632248234633,0.0070902222113,0.1010956034067,0.0938086118333,0.0000020995882
173104,0.2551073281249,3.8633296649997,0.0071148044250,0.1010399545133,0.0938007559637,0.0000020995882
173279,0.2551027613311,3.8632605057553,0.0071148044250,0.1010280018018,0.0937955085394,0.0000020995882
173347,0.2550989083293,3.8632021561323,0.0071616384452,0.1009509434717,0.0937872337870,0.0000020995882
173831,0.2551007671021,3.8632303052736,0.0071578701274,0.1009375002027,0.0937812159346,0.0000020995882
174148,0.2550921926218,3.8631004538723,0.0071008440195,0.1009905271193,0.0937738769699,0.0000020995882
174193,0.2550886444859,3.8630467211201,0.0071470610052,0.1009318430038,0.0937719653220,0.0000020995882
174211,0.2550836512866,3.8629711044175,0.0071054001581,0.1008844775617,0.0937361244726,0.0000020995882
174221,0.2550848388808,3.8629890892718,0.0070717221948,0.1008421664362,0.0937068344280,0.0000020995882
174250,0.2550890371881,3.8630526681788,0.0070717221948,0.1007957829000,0.0936911685167,0.0000020995882
174285,0.2550903795064,3.8630729961643,0.0070717221948,0.1007897206230,0.0936892910574,0.0000020995882
174433,0.2551017292048,3.8632448752984,0.0070808179445,0.1007155986693,0.0936691491877,0.0000020995882
174474,0.2551102038176,3.8633732143122,0.0070676618875,0.1006696121696,0.0936489031161,0.0000020995882
174512,0.2551114904854,3.8633926995308,0.0069500286679,0.1007409678131,0.0936242487521,0.0000020995882
174579,0.2551154764583,3.8634530628577,0.0068341088208,0.1008074502351,0.0935991666768,0.0000020995882
174662,0.2551153826414,3.8634516421004,0.0068258174198,0.1007974993331,0.0935920392220,0.0000020995882
174821,0.2551171096753,3.8634777961953,0.0068994263298,0.1006495444859,0.0935711149596,0.0000020995882
175493,0.2551170067536,3.8634762375560,0.0069077177309,0.1006305655745,0.0935678681799,0.0000020995882
175742,0.2551110888399,3.8633866170360,0.0069545517511,0.1005053436580,0.0935419496655,0.0000020995882
175873,0.2551137963084,3.8634276187709,0.0068483612159,0.1005461616812,0.0935115974733,0.0000020995882
175913,0.2551146945428,3.8634412215788,0.0068483612159,0.1005241326690,0.0935039224478,0.0000020995882
176098,0.2551182808846,3.8634955329174,0.0068085845277,0.1005453941211,0.0934952371733,0.0000020995882
176103,0.2551149538254,3.8634451481384,0.0068554185479,0.1004864278070,0.0934935365571,0.0000020995882
176135,0.2551168634984,3.8634740681086,0.0068483612159,0.1004727521488,0.0934860370382,0.0000020995882
176674,0.2551267575916,3.8636239036465,0.0068483612159,0.1004539631378,0.0934814468399,0.0000020995882
177587,0.2551328156345,3.8637156462743,0.0068951952361,0.1003915805235,0.0934805372098,0.0000020995882
177799,0.2551264553121,3.8636193259439,0.0068951952361,0.1003880133389,0.0934779002891,0.0000020995882
178212,0.2551209997934,3.8635367079048,0.0068452264603,0.1004473005210,0.0934764900533,0.0000020995882
178344,0.2551246799011,3.8635924392291,0.0068920604805,0.1003880133389,0.0934761763772,0.0000020995882
178364,0.2551268242663,3.8636249133633,0.0068218948433,0.1004255013148,0.0934599534595,0.0000020995882
178834,0.2551323524754,3.8637086322222,0.0068212778088,0.1003939094422,0.0934495908207,0.0000020995882
178958,0.2551401982927,3.8638274487963,0.0068218948433,0.1003743442937,0.0934445489576,0.0000020995882
179046,0.2551465419434,3.8639235166511,0.0068218948433,0.1003596874165,0.0934406737123,0.0000020995882
180101,0.2551526855666,3.8640165553020,0.0068687288635,0.1002930703900,0.0934382701308,0.0000020995882
180819,0.2551480057801,3.8639456849038,0.0069063128755,0.1002186499179,0.0934267960131,0.0000020995882
181446,0.2551508056819,3.8639880864442,0.0068016649266,0.1003014879893,0.0934121318965,0.0000020995882
181644,0.2551523734606,3.8640118287882,0.0068016649266,0.1002900584976,0.0934083858878,0.0000020995882
181837,0.2551463250789,3.8639202324693,0.0068016649266,0.1002636525624,0.0933976591149,0.0000020995882
182385,0.2551426884771,3.8638651599948,0.0067867954970,0.1002811903151,0.0933967707135,0.0000020995882
182620,0.2551444528375,3.8638918793609,0.0068336295172,0.1002064561438,0.0933905297382,0.0000020995882
182658,0.2551394846815,3.8638166419117,0.0068804635375,0.1001318109917,0.0933828778734,0.0000020995882
182917,0.2551487858011,3.8639574974945,0.0068804635375,0.1001175899586,0.0933797920301,0.0000020995882
183048,0.2551491446914,3.8639629325073,0.0068798465030,0.1000017343134,0.0933382274756,0.0000020995882
183641,0.2551594323085,3.8641187275471,0.0069266805232,0.0999268829411,0.0933337710550,0.0000020995882
183672,0.2551628512535,3.8641705038396,0.0069260634887,0.0998833860262,0.0933187046303,0.0000020995882
184025,0.2551588682749,3.8641101858558,0.0069728975089,0.0998243089542,0.0933168239035,0.0000020995882
184082,0.2551652417092,3.8642067047530,0.0069260634887,0.0998557461389,0.0933093454825,0.0000020995882
184238,0.2551643757562,3.8641935908139,0.0068682660877,0.0999051700928,0.0933020410185,0.0000020995882
184328,0.2551550297746,3.8640520558438,0.0068568234033,0.0998299247395,0.0932682609601,0.0000020995882
184521,0.2551579086338,3.8640956531102,0.0067637723973,0.0999163283053,0.0932598572723,0.0000020995882
184633,0.2551555427276,3.8640598239727,0.0067839692586,0.0998614517065,0.0932484073048,0.0000020995882
184732,0.2551674171319,3.8642396492208,0.0068308032789,0.0691423748095,0.0822999246512,0.0000020995882
184775,0.2551614683644,3.8641495614514,0.0068308032789,0.0685941791725,0.0821028657592,0.0000020995882
184912,0.2551620073299,3.8641577235124,0.0068292441649,0.0685914268724,0.0821013300958,0.0000020995882
184985,0.2551581010438,3.8640985669550,0.0068301862444,0.0684409528510,0.0820471560609,0.0000020995882
185005,0.2551640395780,3.8641884997514,0.0068770202646,0.0683773884624,0.0820457987595,0.0000020995882
185849,0.2551653402453,3.8642081969775,0.0068422459633,0.0684182064855,0.0820457520674,0.0000020995882
185920,0.2551657886765,3.8642149879924,0.0068422459633,0.0683905001910,0.0820359530546,0.0000020995882
186072,0.2551607267766,3.8641383308919,0.0068176637496,0.0684204760521,0.0820350387920,0.0000020995882
186921,0.2551578870835,3.8640953267541,0.0068422459633,0.0683660382098,0.0820255234342,0.0000020995882
187532,0.2551480704335,3.8639466640111,0.0068325331792,0.0683785615757,0.0820237298753,0.0000020575964
187767,0.2551547105120,3.8640472209502,0.0067936985705,0.0683838018397,0.0820103808684,0.0000020575964
187862,0.2551539034694,3.8640349991479,0.0068363014970,0.0683147284361,0.0820037972550,0.0000020575964
187947,0.2551575132921,3.8640896660805,0.0068585533036,0.0682811399086,0.0820021113743,0.0000020575964
187956,0.2551563928261,3.8640726978123,0.0068117192833,0.0682612859753,0.0819747088611,0.0000020575964
188026,0.2551553994711,3.8640576545057,0.0068585533036,0.0681854773402,0.0819674932097,0.0000020575964
188052,0.2551524173481,3.8640124934183,0.0068117192833,0.0682354176302,0.0819646182782,0.0000020575964
188219,0.2551504400458,3.8639825492745,0.0068585533036,0.0681790218281,0.0819641249357,0.0000020575964
188467,0.2551502933337,3.8639803274752,0.0068503996334,0.0681590869045,0.0819534794517,0.0000020575964
189612,0.2551556985038,3.8640621830383,0.0068972336536,0.0680948230330,0.0819517580427,0.0000020575964
189895,0.2551670355027,3.8642338698505,0.0069440676739,0.0680188081776,0.0819471109599,0.0000020575964
190208,0.2551600888478,3.8641286701377,0.0069440676739,0.0680212717537,0.0819465022397,0.0000020575964
190247,0.2551531346698,3.8640233564940,0.0069544140202,0.0680096900708,0.0819453098917,0.0000020575964
190299,0.2551470193111,3.8639307458780,0.0069342171589,0.0680253911500,0.0819409511883,0.0000020575964
190399,0.2551476184556,3.8639398192863,0.0068906721529,0.0680276045560,0.0819232079331,0.0000020575964
190549,0.2551483414196,3.8639507678079,0.0068808051101,0.0680196550685,0.0819162950187,0.0000020164445
191018,0.2551552260140,3.8640550276814,0.0068189308740,0.0473383314275,0.0745050657445,0.0000020164445
191402,0.2551650494109,3.8642037925984,0.0068552808170,0.0471783151445,0.0744656006327,0.0000020164445
191597,0.2551660426313,3.8642188338672,0.0068917684909,0.0471017000879,0.0744540885199,0.0000020164445
191680,0.2551712066105,3.8642970368500,0.0068917684909,0.0470900004953,0.0744510166610,0.0000020164445
192025,0.2551799603454,3.8644296028725,0.0069115025764,0.0470391214021,0.0744431788218,0.0000020164445
192070,0.2551798142197,3.8644273899536,0.0068751526334,0.0470363684760,0.0744265857742,0.0000020164445
192334,0.2551780535372,3.8644007262874,0.0068751526334,0.0470024738535,0.0744141032628,0.0000020164445
192362,0.2551797257820,3.8644260506586,0.0068751526334,0.0469782254676,0.0744058014632,0.0000020164445
192404,0.2551811878679,3.8644481923982,0.0068576112241,0.0469913178399,0.0744032728677,0.0000020164445
192481,0.2551854580038,3.8645128590726,0.0068820557068,0.0469328509464,0.0743937830703,0.0000020164445
192758,0.2551913408597,3.8646019486804,0.0068820557068,0.0469011979705,0.0743837390480,0.0000020164445
193210,0.2551906233293,3.8645910824439,0.0068228369228,0.0469720186084,0.0743834988976,0.0000020164445
193213,0.2551891868252,3.8645693281151,0.0067944863913,0.0468287002157,0.0743198557073,0.0000020164445
193368,0.2551895449398,3.8645747513803,0.0068413204115,0.0466946087825,0.0742921143715,0.0000020164445
193539,0.2551836111599,3.8644848905835,0.0068881544317,0.0466288428259,0.0742874267286,0.0000020164445
194049,0.2551845587321,3.8644992405576,0.0068413204115,0.0466429340181,0.0742725906254,0.0000020164445
196837,0.2551770420676,3.8643854086538,0.0067901010390,0.0466880367624,0.0742651368749,0.0000020164445
197893,0.2551814427405,3.8644520521729,0.0068287813890,0.0466171873045,0.0742573537913,0.0000020164445
197948,0.2551859924655,3.8645209529283,0.0068756154093,0.0465574113140,0.0742570518873,0.0000020164445
200275,0.2551855159665,3.8645137368570,0.0068369350592,0.0465714215158,0.0742453761310,0.0000020164445
200966,0.2551789964581,3.8644150058234,0.0067864869798,0.0466354890659,0.0742452397559,0.0000020164445
201517,0.2551734041351,3.8643303160281,0.0068333210000,0.0465542293005,0.0742350917791,0.0000020164445
201787,0.2551707467450,3.8642900726760,0.0068854824520,0.0464715086764,0.0742273341664,0.0000020164445
202110,0.2551657777060,3.8642148218546,0.0068871958246,0.0464112975064,0.0742054996855,0.0000020164445
202345,0.2551583695469,3.8641026331500,0.0068403618043,0.0464640768938,0.0742026902811,0.0000020164445
202894,0.2551598475539,3.8641250159975,0.0068871958246,0.0463969739249,0.0741991133739,0.0000020164445
204215,0.2551507491826,3.8639872308220,0.0068403618043,0.0464523946784,0.0741968851261,0.0000020164445
204630,0.2551506043292,3.8639850371714,0.0068403618043,0.0464523946784,0.0741968540861,0.0000020164445
204668,0.2551506523337,3.8639857641482,0.0068854824520,0.0463365543949,0.0741748302634,0.0000020164445
204738,0.2551523330289,3.8640112164929,0.0068403618043,0.0463852261053,0.0741732357456,0.0000020164445
207642,0.2551565312794,3.8640747945398,0.0068386484318,0.0463247881156,0.0741518160719,0.0000020164445
207873,0.2551520681408,3.8640072050444,0.0068113942384,0.0463129223863,0.0741349415560,0.0000020164445
208771,0.2551506441937,3.8639856408778,0.0068582282586,0.0462522575770,0.0741330421441,0.0000020164445
208813,0.2551480312674,3.8639460708826,0.0068102979003,0.0462783775448,0.0741212692091,0.0000020164445
209082,0.2551458147746,3.8639125044518,0.0068102979003,0.0462703090349,0.0741179126357,0.0000020164445
209322,0.2551437013861,3.8638804994268,0.0068314533688,0.0462353912050,0.0741140557426,0.0000020164445
209598,0.2551494268888,3.8639672060863,0.0067880626214,0.0462578314790,0.0741047009850,0.0000020164445
211162,0.2551527946741,3.8640182076204,0.0067880626214,0.0462376046110,0.0740981987719,0.0000020164445
211366,0.2551572830675,3.8640861795737,0.0068348966417,0.0461564665779,0.0740902544244,0.0000020164445
212190,0.2551550629910,3.8640525588720,0.0068817306619,0.0460951951484,0.0740879677633,0.0000020164445
213145,0.2551575174399,3.8640897288940,0.0069204110120,0.0460456549267,0.0740873780732,0.0000020164445
213358,0.2551530336712,3.8640218269771,0.0068055875030,0.0459839852369,0.0740151823011,0.0000020164445
214056,0.2551504865078,3.8639832528912,0.0068496118126,0.0459221071870,0.0740114047381,0.0000020164445
214539,0.2551483259610,3.8639505337038,0.0068027777923,0.0459770999804,0.0740105103242,0.0000019761156
215003,0.2551437243278,3.8638808468547,0.0068268972301,0.0458958881088,0.0739908569220,0.0000019761156
216683,0.2551377649007,3.8637905976569,0.0068366100142,0.0458638347452,0.0739822948938,0.0000019761156
217186,0.2551388062364,3.8638063675808,0.0068372270487,0.0458337832393,0.0739720497999,0.0000019761156
221354,0.2551387130356,3.8638049561543,0.0068253215885,0.0457834024260,0.0739489343405,0.0000019761156
223140,0.2551381485821,3.8637964081042,0.0067985466986,0.0458080031910,0.0739461244209,0.0000019761156
223969,0.2551317908999,3.8637001277564,0.0067985466986,0.0458092434284,0.0739452050024,0.0000019761156
224153,0.2551403034063,3.8638290406302,0.0067985466986,0.0457327507218,0.0739197102872,0.0000019761156
227289,0.2551453809171,3.8639059341410,0.0068453807189,0.0456700576917,0.0739184796802,0.0000019761156
227429,0.2551402276800,3.8638278938346,0.0068132618696,0.0456818281270,0.0739078139209,0.0000019761156
228143,0.2551407880721,3.8638363803793,0.0068024527474,0.0455791702651,0.0738666380019,0.0000019365933
228443,0.2551416446959,3.8638493530371,0.0068018357129,0.0455586259059,0.0738592198496,0.0000019365933
228518,0.2551444514881,3.8638918589253,0.0067822558861,0.0455643255370,0.0738534655333,0.0000019365933
230979,0.2551474866455,3.8639378231610,0.0067985466986,0.0455274349980,0.0738479225084,0.0000019365933
234124,0.2551464111055,3.8639215352502,0.0068361307106,0.0454754288402,0.0738452258415,0.0000019365933
234950,0.2551413792022,3.8638453324164,0.0068536721199,0.0454117863083,0.0738289358477,0.0000019365933
235875,0.2551375736569,3.8637877014734,0.0068334752586,0.0453853956566,0.0738100393432,0.0000019365933
236103,0.2551331778187,3.8637211311704,0.0067866412384,0.0454419395585,0.0738092199056,0.0000019365933
237035,0.2551322876737,3.8637076508687,0.0067789668718,0.0454044793185,0.0737923614889,0.0000019365933
237097,0.2551365030558,3.8637714883556,0.0068121655315,0.0453404016070,0.0737846078851,0.0000019365933
237859,0.2551385836022,3.8638029960226,0.0068264179265,0.0452875548575,0.0737722880467,0.0000019365933
238025,0.2551480424559,3.8639462403202,0.0067795839063,0.0453114968565,0.0737627939349,0.0000018978614
238330,0.2551388583330,3.8638071565291,0.0068264179265,0.0452494087218,0.0737587232977,0.0000018978614
239054,0.2551348748594,3.8637468310499,0.0067463852466,0.0453228367283,0.0737497942642,0.0000018978614
239748,0.2551278097328,3.8636398372076,0.0067730224055,0.0452398837149,0.0737300701576,0.0000018978614
240098,0.2551300029366,3.8636730509503,0.0067816388516,0.0451864951839,0.0737151655599,0.0000018978614
240156,0.2551248449454,3.8635949386496,0.0068148375112,0.0450980956728,0.0736967170191,0.0000018978614
240290,0.2551297307565,3.8636689290728,0.0068616715315,0.0450332399004,0.0736946729257,0.0000018978614
240479,0.2551326231516,3.8637127313258,0.0067833522241,0.0450990946947,0.0736852468766,0.0000018978614
240557,0.2551322126320,3.8637065144418,0.0068770202646,0.0449793905782,0.0736825508839,0.0000018978614
240910,0.2551303023895,3.8636775858472,0.0068503831057,0.0449946402583,0.0736761719353,0.0000018978614
241074,0.2551299188304,3.8636717772522,0.0067451346499,0.0450107273147,0.0736367286403,0.0000018978614
241454,0.2551283469056,3.8636479721198,0.0067919686702,0.0449406010358,0.0736314184226,0.0000018978614
242614,0.2551334336481,3.8637250054348,0.0067919686702,0.0448751571027,0.0736091356056,0.0000018978614
243512,0.2551297966327,3.8636699266967,0.0067919686702,0.0448751571027,0.0736083562452,0.0000018978614
244035,0.2551316827568,3.8636984900444,0.0067451346499,0.0449293862256,0.0736080562356,0.0000018978614
245261,0.2551379300574,3.8637930987806,0.0067407492976,0.0449180719653,0.0736034746989,0.0000018978614
247662,0.2551389881994,3.8638091232173,0.0067537510960,0.0448972036445,0.0736018206712,0.0000018978614
249410,0.2551352146087,3.8637519761929,0.0067341712691,0.0449029032756,0.0735946562728,0.0000018978614
251971,0.2551318148421,3.8637004903367,0.0067810052894,0.0448374224232,0.0735906134556,0.0000018978614
254295,0.2551322628462,3.8637072748820,0.0067254005645,0.0448640248099,0.0735763797125,0.0000018978614
254739,0.2551377006995,3.8637896253987,0.0066987634056,0.0448905262195,0.0735755938307,0.0000018978614
256179,0.2551443420306,3.8638902013077,0.0067455974258,0.0448115570295,0.0735688854139,0.0000018978614
256347,0.2551348577647,3.8637465721691,0.0067394987009,0.0448244756661,0.0735688531307,0.0000018978614
257474,0.2551417280506,3.8638506153549,0.0067863327211,0.0447567582057,0.0735662122505,0.0000018978614
259070,0.2551471885436,3.8639333087243,0.0067924314460,0.0447436441566,0.0735653125064,0.0000018978614
259305,0.2551532955828,3.8640257933511,0.0067924314460,0.0447323739675,0.0735625960902,0.0000018978614
263142,0.2551594281006,3.8641186638225,0.0067043993546,0.0447887886519,0.0735463302635,0.0000018599042
263898,0.2551603526416,3.8641326650141,0.0067043993546,0.0447874439878,0.0735460481423,0.0000018599042
265228,0.2551615308661,3.8641505079733,0.0067805259858,0.0446905904822,0.0735443357803,0.0000018599042
265716,0.2551717786898,3.8643057003845,0.0067581364483,0.0446739792888,0.0735310036574,0.0000018599042
266285,0.2551650570681,3.8642039085599,0.0067280725442,0.0446851866245,0.0735206813994,0.0000018599042
266342,0.2551671102078,3.8642350011808,0.0067601748658,0.0445711528588,0.0734941531509,0.0000018599042
268614,0.2551593038665,3.8641167824283,0.0068092015622,0.0445107054496,0.0734919034443,0.0000018599042
269021,0.2551659923392,3.8642180722467,0.0068560355824,0.0444427115864,0.0734891248889,0.0000018599042
269090,0.2551640320582,3.8641883858732,0.0068278393096,0.0444762711941,0.0734886062859,0.0000018599042
269370,0.2551630128618,3.8641729512248,0.0068278393096,0.0444682026842,0.0734855062760,0.0000018599042
269469,0.2551603652120,3.8641328553792,0.0068430337841,0.0443938383360,0.0734648921443,0.0000018599042
270598,0.2551524565170,3.8640130865895,0.0068358387211,0.0444054276703,0.0734642528735,0.0000018599042
270867,0.2551478449284,3.8639432489752,0.0068348966417,0.0443377656160,0.0734386959082,0.0000018599042
270898,0.2551513434235,3.8639962299704,0.0067880626214,0.0443716108359,0.0734314614413,0.0000018599042
270913,0.2551437150243,3.8638807059624,0.0067893132181,0.0443037313946,0.0734061200968,0.0000018599042
270974,0.2551443479405,3.8638902908064,0.0067886961836,0.0442977993743,0.0734038726996,0.0000018599042
271170,0.2551463451364,3.8639205362182,0.0067642517009,0.0443091792130,0.0733978886914,0.0000018599042
271248,0.2551551806954,3.8640543413799,0.0067723888433,0.0442074635788,0.0733669423600,0.0000018599042
271404,0.2551574663055,3.8640889545175,0.0067412286012,0.0442328094114,0.0733631298272,0.0000018599042
271420,0.2551573409701,3.8640870564465,0.0067194560982,0.0441744660110,0.0733329349682,0.0000018599042
271840,0.2551603289364,3.8641323060242,0.0067559437721,0.0440921793800,0.0733198247387,0.0000018599042
273110,0.2551592125630,3.8641153997347,0.0068027777923,0.0440349676908,0.0733192244927,0.0000018599042
273117,0.2551610534170,3.8641432775142,0.0068027777923,0.0439927911591,0.0733045559143,0.0000018599042
273155,0.2551604919673,3.8641347749534,0.0067810052894,0.0440089122800,0.0733008620741,0.0000018599042
273288,0.2551620392029,3.8641582061943,0.0068195479085,0.0439510498994,0.0732970467540,0.0000018599042
273698,0.2551573081761,3.8640865598159,0.0067252463058,0.0440556379666,0.0732929708712,0.0000018599042
273984,0.2551636523028,3.8641826348805,0.0067720803261,0.0439708683704,0.0732841271941,0.0000018599042
274035,0.2551614326465,3.8641490205414,0.0067720803261,0.0439334976941,0.0732703048833,0.0000018599042
274489,0.2551602671530,3.8641313703800,0.0068189143463,0.0438081470319,0.0732453587640,0.0000018599042
277850,0.2551652964098,3.8642075331357,0.0068657483665,0.0437389103959,0.0732417808149,0.0000018599042
280032,0.2551589252661,3.8641110489268,0.0068809593688,0.0436907771605,0.0732297441295,0.0000018599042
280065,0.2551532163727,3.8640245937967,0.0068815764033,0.0436585150165,0.0732172630443,0.0000018599042
280583,0.2551551080998,3.8640532419965,0.0068669989632,0.0435998120442,0.0731904555928,0.0000018599042
280624,0.2551593831439,3.8641179830007,0.0067639431836,0.0436694654000,0.0731720811096,0.0000018599042
283218,0.2551568798486,3.8640800732508,0.0068107772039,0.0436106814373,0.0731706221397,0.0000018599042
284316,0.2551535247329,3.8640292635851,0.0067687913118,0.0436489121344,0.0731655630530,0.0000018227061
285081,0.2551614262265,3.8641489233172,0.0067562688171,0.0436303798158,0.0731552707615,0.0000018227061
285336,0.2551556475781,3.8640614118229,0.0067562688171,0.0436266416368,0.0731526974158,0.0000018227061
285435,0.2551554879869,3.8640589949830,0.0067562688171,0.0436266416368,0.0731526632177,0.0000018227061
285710,0.2551573028874,3.8640864797240,0.0067778870614,0.0435564185799,0.0731372374236,0.0000017862520
285842,0.2551561805433,3.8640694830148,0.0068247210817,0.0434967940254,0.0731357741605,0.0000017862520
287198,0.2551574889154,3.8640892969209,0.0067778870614,0.0435455307271,0.0731333887679,0.0000017862520
288277,0.2551549839018,3.8640513611496,0.0068247210817,0.0434859871630,0.0731316581436,0.0000017862520
288767,0.2551611522273,3.8641447738901,0.0068247210817,0.0434785756944,0.0731303329746,0.0000017862520
288836,0.2551638872709,3.8641861932225,0.0068292606926,0.0434113519107,0.0731088561087,0.0000017862520
290110,0.2551660496558,3.8642189402461,0.0068286436581,0.0433896736860,0.0731013128104,0.0000017862520
291060,0.2551702090045,3.8642819291668,0.0067846193486,0.0434276289135,0.0730968919766,0.0000017862520
291787,0.2551684621674,3.8642554751740,0.0068380313973,0.0432928310084,0.0730712664234,0.0000017862520
291791,0.2551681548033,3.8642508204706,0.0067911973770,0.0433037907556,0.0730550430322,0.0000017862520
292072,0.2551591268585,3.8641141018303,0.0067932357946,0.0432436244196,0.0730324941029,0.0000017862520
292829,0.2551628372604,3.8641702919282,0.0067932357946,0.0432374527116,0.0730310850076,0.0000017862520
293218,0.2551615595253,3.8641509419873,0.0067932357946,0.0431989791835,0.0730170706615,0.0000017862520
293502,0.2551590613618,3.8641131099519,0.0068363014970,0.0431436378062,0.0730152272927,0.0000017862520
293759,0.2551552475993,3.8640553545684,0.0068151625562,0.0431383520564,0.0730034627441,0.0000017862520
294068,0.2551508429346,3.8639886505977,0.0068619965764,0.0430567156131,0.0729934347377,0.0000017862520
294556,0.2551479887100,3.8639454263961,0.0068582282586,0.0430115743816,0.0729750862564,0.0000017862520
294623,0.2551478009194,3.8639425825057,0.0068582282586,0.0429895296926,0.0729671729123,0.0000017862520
294717,0.2551458796708,3.8639134872362,0.0068591703381,0.0429283607841,0.0729453189258,0.0000017862520
295671,0.2551384221668,3.8638005512552,0.0068052955135,0.0429900442071,0.0729426614726,0.0000017862520
295956,0.2551430616061,3.8638708106375,0.0067885253973,0.0429831908292,0.0729340208106,0.0000017862520
296810,0.2551402800000,3.8638286861666,0.0067960455052,0.0428956358627,0.0729053780246,0.0000017862520
297627,0.2551326778132,3.8637135591178,0.0067529798028,0.0428791242226,0.0728793952407,0.0000017862520
298717,0.2551304750446,3.8636802005259,0.0067257256094,0.0428865412614,0.0728698917927,0.0000017862520
298908,0.2551238752493,3.8635802536315,0.0066912763530,0.0428924313875,0.0728558172003,0.0000017862520
299035,0.2551244052158,3.8635882794126,0.0067211859985,0.0428142899836,0.0728408415397,0.0000017862520
300271,0.2551388617842,3.8638072087932,0.0067529798028,0.0427347931077,0.0728291735506,0.0000017862520
300730,0.2551423282670,3.8638597049956,0.0067960455052,0.0426794517304,0.0728286083203,0.0000017862520
301062,0.2551488855252,3.8639590077096,0.0067846193486,0.0426689021429,0.0728213488130,0.0000017862520
302735,0.2551467577424,3.8639267846974,0.0067960455052,0.0426069736330,0.0728036724588,0.0000017862520
304271,0.2551586357381,3.8641066643334,0.0068019899715,0.0425342871757,0.0727828059230,0.0000017862520
304985,0.2551564575352,3.8640736777625,0.0068280100959,0.0424907296614,0.0727779343920,0.0000017862520
305400,0.2551604259176,3.8641337747020,0.0068525923096,0.0424454735912,0.0727731571119,0.0000017862520
305560,0.2551629389763,3.8641718323080,0.0067943321327,0.0423828133994,0.0727263483373,0.0000017862520
306905,0.2551549680175,3.8640511205990,0.0067813303343,0.0424031505076,0.0727263313283,0.0000017862520
307003,0.2551522899128,3.8640105635458,0.0067457847398,0.0424302957062,0.0727202183363,0.0000017862520
307065,0.2551552801214,3.8640558470807,0.0067926187601,0.0423623317681,0.0727166579832,0.0000017862520
307172,0.2551636507015,3.8641826106296,0.0067794627031,0.0423530230208,0.0727094888162,0.0000017862520
307174,0.2551577438824,3.8640931581262,0.0067794627031,0.0422851513139,0.0726839831740,0.0000017862520
307774,0.2551598533518,3.8641251037994,0.0067669236806,0.0422625781798,0.0726709995027,0.0000017862520
308139,0.2551672347869,3.8642368877988,0.0068137577009,0.0421932074798,0.0726678777118,0.0000017862520
308407,0.2551745904318,3.8643482812328,0.0067474981124,0.0422593719955,0.0726646871391,0.0000017862520
309848,0.2551843285685,3.8644957549744,0.0067697499190,0.0421703488719,0.0726445163985,0.0000017505269
309876,0.2551842944083,3.8644952376538,0.0067800797376,0.0421538279677,0.0726430358206,0.0000017505269
311319,0.2551886557364,3.8645612853388,0.0068269137578,0.0420799651890,0.0726376625501,0.0000017505269
311567,0.2551957886797,3.8646693061927,0.0067943321327,0.0420532715970,0.0726156940586,0.0000017505269
311804,0.2551923931294,3.8646178841873,0.0067474981124,0.0421082643904,0.0726145350010,0.0000017505269
311941,0.2551938891014,3.8646405390965,0.0067943321327,0.0420364373132,0.0726092747619,0.0000017505269
312428,0.2551943557266,3.8646476056386,0.0068189143463,0.0419953622660,0.0726052403277,0.0000017505269
313181,0.2551994011074,3.8647240125759,0.0068477276537,0.0419210827674,0.0725921416487,0.0000017505269
313484,0.2552006713960,3.8647432497471,0.0068231454400,0.0418795044265,0.0725670292115,0.0000017505269
314514,0.2551923494438,3.8646172226164,0.0068699794602,0.0418048266676,0.0725586470308,0.0000017505269
314685,0.2551872285888,3.8645396727037,0.0068231454400,0.0418376126922,0.0725491872763,0.0000017505269
314969,0.2551929818192,3.8646267992705,0.0068699794602,0.0417203500049,0.0725286123031,0.0000017505269
316170,0.2551831715348,3.8644782329279,0.0068966166191,0.0416833193033,0.0725247007740,0.0000017505269
316243,0.2551851963278,3.8645088962676,0.0067789833995,0.0416606691938,0.0724666310964,0.0000017505269
317099,0.2551856799952,3.8645162208965,0.0067796004340,0.0416180842655,0.0724517902798,0.0000017505269
317221,0.2551811869977,3.8644481792203,0.0068264344543,0.0415425915262,0.0724439375250,0.0000017505269
317726,0.2551812172097,3.8644486367484,0.0068732684745,0.0414768956973,0.0724405529259,0.0000017505269
317800,0.2551824864123,3.8644678574750,0.0068466313156,0.0414939271661,0.0724354916401,0.0000017505269
318525,0.2551811349862,3.8644473915615,0.0067764656784,0.0415390196281,0.0724212355121,0.0000017505269
318879,0.2551762922601,3.8643740536149,0.0068232996986,0.0414548354221,0.0724102037202,0.0000017505269
319925,0.2551854685914,3.8645130194106,0.0068232996986,0.0414418210981,0.0724075221040,0.0000017155164
320179,0.2551879852235,3.8645511311332,0.0068701337189,0.0413752846774,0.0724043700979,0.0000017155164
320558,0.2551859896302,3.8645209099900,0.0069169677391,0.0413084773659,0.0724001544396,0.0000017155164
320790,0.2551875535876,3.8645445944655,0.0069169677391,0.0412855032948,0.0723922845480,0.0000017155164
320993,0.2551861943393,3.8645240100918,0.0069638017593,0.0411977348530,0.0723807191313,0.0000017155164
321125,0.2551807759928,3.8644419549861,0.0070372729385,0.0410980672894,0.0723754501468,0.0000017155164
321128,0.2551758518169,3.8643673835699,0.0069904389182,0.0411529758679,0.0723739334500,0.0000017155164
321143,0.2551838100786,3.8644879029953,0.0070106357796,0.0411016496875,0.0723659638107,0.0000017155164
321299,0.2551845355973,3.8644988902053,0.0070574697998,0.0410138258667,0.0723548253517,0.0000017155164
321902,0.2551774861267,3.8643921334572,0.0070089224070,0.0410215390887,0.0723352634475,0.0000017155164
322091,0.2551783368239,3.8644050163640,0.0069459518328,0.0410857920075,0.0723314058219,0.0000017155164
322118,0.2551802245536,3.8644336040259,0.0069083512931,0.0410624089695,0.0723073447333,0.0000017155164
322479,0.2551741212172,3.8643411754754,0.0069349884520,0.0409808006202,0.0722883069618,0.0000017155164
322530,0.2551663268583,3.8642231381832,0.0069245043748,0.0409860170356,0.0722840065715,0.0000017155164
322762,0.2551735628922,3.8643327202353,0.0069935902016,0.0408894311342,0.0722806703969,0.0000017155164
322979,0.2551665171132,3.8642260193925,0.0069669530427,0.0409165232523,0.0722774204183,0.0000017155164
323003,0.2551672031476,3.8642364086545,0.0069447012361,0.0409401917642,0.0722764839771,0.0000017155164
323360,0.2551559041134,3.8640652967773,0.0069915352563,0.0408606214225,0.0722657164993,0.0000017155164
324293,0.2551526123609,3.8640154466804,0.0069743023643,0.0407654764492,0.0722236452510,0.0000017155164
324811,0.2551512953096,3.8639955013357,0.0069595706656,0.0407475998722,0.0722106649488,0.0000017155164
324871,0.2551470514679,3.8639312328592,0.0069127366454,0.0407721399754,0.0721984481538,0.0000017155164
325077,0.2551415774042,3.8638483339747,0.0068739020367,0.0407833586516,0.0721846384065,0.0000017155164
325541,0.2551490537654,3.8639615555296,0.0068739020367,0.0407767866897,0.0721838933547,0.0000017155164
325941,0.2551523028418,3.8640107593414,0.0068739020367,0.0407565598218,0.0721773657039,0.0000017155164
326119,0.2551559114928,3.8640654085298,0.0068961538433,0.0407233791339,0.0721758252291,0.0000017155164
326425,0.2551613928712,3.8641484181868,0.0069429878635,0.0406413734978,0.0721677838060,0.0000017155164
326494,0.2551601847761,3.8641301228697,0.0069207360569,0.0406472112188,0.0721600733403,0.0000017155164
327033,0.2551592670319,3.8641162246082,0.0069234080367,0.0406329546967,0.0721559301999,0.0000017155164
327624,0.2551582092774,3.8641002060382,0.0069675700772,0.0405784266817,0.0721551558360,0.0000017155164
327695,0.2551595571485,3.8641206181162,0.0070144040974,0.0405093712540,0.0721508537357,0.0000017155164
327804,0.2551619440207,3.8641567647607,0.0070144040974,0.0405051043403,0.0721498413106,0.0000017155164
327962,0.2551677342545,3.8642444517048,0.0069235457676,0.0405781719405,0.0721382383622,0.0000017155164
328165,0.2551637124568,3.8641835458488,0.0069044452443,0.0405853001021,0.0721317363819,0.0000017155164
328587,0.2551575195204,3.8640897604009,0.0068113942384,0.0405522059880,0.0720787109951,0.0000017155164
328675,0.2551623416664,3.8641627866828,0.0068500911162,0.0404791383878,0.0720702331168,0.0000017155164
329245,0.2551649231145,3.8642018799747,0.0068113942384,0.0404098120693,0.0720294425086,0.0000017155164
329389,0.2551713548564,3.8642992818780,0.0068336460449,0.0403765760024,0.0720284872036,0.0000017155164
329982,0.2551856107966,3.8645151729577,0.0067979296641,0.0402967283934,0.0719877180244,0.0000017155164
331262,0.2551843647981,3.8644963036334,0.0068065461102,0.0402512856384,0.0719749142320,0.0000017155164
331644,0.2551858907425,3.8645194124409,0.0068533801304,0.0401814985289,0.0719703889753,0.0000017155164
334299,0.2551831044619,3.8644772171797,0.0068554185479,0.0401482255427,0.0719587823134,0.0000016812061
335840,0.2551776978047,3.8643953390957,0.0068554185479,0.0401390885513,0.0719543605327,0.0000016812061
340881,0.2551724152592,3.8643153405529,0.0068773453096,0.0401056551528,0.0719506852428,0.0000016812061
341628,0.2551761145531,3.8643713624314,0.0068746733298,0.0400996866403,0.0719482012028,0.0000016812061
342008,0.2551818481788,3.8644581921061,0.0068331667414,0.0400720798017,0.0719217817138,0.0000016812061
342769,0.2551817163854,3.8644561962342,0.0067863327211,0.0401205158110,0.0719189803241,0.0000016812061
342874,0.2551807776821,3.8644419805696,0.0068304947616,0.0400659877961,0.0719182314712,0.0000016812061
346506,0.2551732341143,3.8643277412440,0.0067863327211,0.0401210391904,0.0719173496158,0.0000016812061
347006,0.2551632167981,3.8641760396240,0.0067951034258,0.0400720798017,0.0719014764255,0.0000016812061
348348,0.2551610066492,3.8641425692651,0.0067329206724,0.0401169653927,0.0718903836390,0.0000016812061
349059,0.2551503853403,3.8639817208170,0.0067329206724,0.0401169653927,0.0718881076442,0.0000016812061
359633,0.2551572412111,3.8640855457023,0.0067797546926,0.0400383624978,0.0718815760199,0.0000016475820
