0,0.2063240533919,3.124558757017,0.5553584234398,0.3201241934734,0.3965531191558,1000
1,0.2063285291644,3.12462653784,0.5553584234398,0.3198828395534,0.3964678804214,1000.0000000000000
2,0.2063257890192,3.1245850412497,0.5553584234398,0.3198327985067,0.3964494214450,1000.0000000000000
4,0.2063282719478,3.1246226425676,0.5552407902202,0.3199118944717,0.3964277878231,980.0000000000000
5,0.2063323822468,3.1246848886818,0.5551231570006,0.3192690421517,0.3961486642502,960.4000000000000
7,0.2063332634252,3.1246982331943,0.5551699910208,0.3185216359824,0.3959019940223,941.1920000000000
8,0.2063510733272,3.1249679452527,0.5551699910208,0.3179621764806,0.3957060034650,941.1920000000000
9,0.2063513907143,3.1249727517431,0.5551699910208,0.3176900917418,0.3956088983555,922.3681600000000
13,0.2063493676757,3.1249421149716,0.5551231570006,0.3176433875489,0.3955717130554,885.8423808639999
15,0.2063642095890,3.1251668799929,0.5551699910208,0.3172635235508,0.3954592994747,868.1255332467199
16,0.2063714773773,3.1252769429312,0.5551231570006,0.3172508748912,0.3954362677565,868.1255332467199
17,0.2063784809764,3.1253830050038,0.5551231570006,0.3168214391734,0.3952843986286,850.7630225817854
18,0.2063771020501,3.1253621226298,0.5550055237810,0.3168282863124,0.3952361343142,850.7630225817854
20,0.2063696456397,3.1252492032097,0.5550055237810,0.3166352436831,0.3951655927157,833.7477621301497
21,0.2063744117957,3.1253213815826,0.5549586897607,0.3166790282742,0.3951621796659,817.0728068875467
22,0.2063735583313,3.1253084567704,0.5549586897607,0.3166010665110,0.3951341532938,817.0728068875467
23,0.2063716223942,3.1252791390581,0.5549586897607,0.3165436053543,0.3951132166085,817.0728068875467
24,0.2063793959408,3.1253968611681,0.5549586897607,0.3164615599839,0.3950855804504,800.7313507497958
25,0.2063834337890,3.1254580100927,0.5549586897607,0.3164524167352,0.3950831802577,800.7313507497958
26,0.2063879928976,3.1255270529528,0.5548410565411,0.3164176071042,0.3950213109614,800.7313507497958
27,0.2063831697003,3.1254540107508,0.5548410565411,0.3163332427231,0.3949901472831,784.7167237347999
28,0.2063883717792,3.1255327907129,0.5548410565411,0.3162246546672,0.3949524805658,784.7167237347999
29,0.2063892681289,3.1255463649776,0.5548878905614,0.3157522563329,0.3948040306728,784.7167237347999
33,0.2063946155038,3.1256273452933,0.5549118557405,0.3156270101063,0.3947707165347,753.6419414749017
34,0.2063954904250,3.1256405950455,0.5549586897607,0.3154958490104,0.3947441324922,753.6419414749017
35,0.2064007405108,3.1257201020221,0.5549118557405,0.3154930136689,0.3947241731657,753.6419414749017
36,0.2064065366561,3.1258078784890,0.5549586897607,0.3153188327167,0.3946832794369,738.5691026454036
39,0.2064204663079,3.1260188282788,0.5549118557405,0.3144334624555,0.3943499889746,723.7977205924956
41,0.2064151697350,3.1259386173042,0.5549118557405,0.3143663206115,0.3943248747647,723.7977205924956
42,0.2064168439486,3.1259639714927,0.5549118557405,0.3143099433582,0.3943050987914,709.3217661806457
43,0.2064367475662,3.1262653906510,0.5549118557405,0.3142916062810,0.3943028148962,709.3217661806457
44,0.2064415565615,3.1263382177804,0.5547942225209,0.3142906688088,0.3942530963467,709.3217661806457
46,0.2064300117912,3.1261633844891,0.5547942225209,0.3141214429567,0.3941901846630,695.1353308570327
47,0.2064324206875,3.1261998646673,0.5546765893013,0.3139875960659,0.3940924841571,695.1353308570327
49,0.2064522968831,3.1265008685483,0.5546297552810,0.3140034894210,0.3940823478172,681.2326242398921
50,0.2064514989061,3.1264887840348,0.5546297552810,0.3138263402544,0.3940189092626,681.2326242398921
51,0.2064483597592,3.1264412449874,0.5545829212608,0.3137699881957,0.3939780391301,667.6079717550942
52,0.2064538664644,3.1265246381916,0.5545829212608,0.3135024251875,0.3938836609211,667.6079717550942
54,0.2064669681597,3.1267230494575,0.5545829212608,0.3132411438659,0.3937931536695,654.2558123199923
55,0.2064636898206,3.1266734024926,0.5545829212608,0.3132371024183,0.3937910077941,654.2558123199923
56,0.2064642828866,3.1266823838472,0.5545829212608,0.3130621746858,0.3937286606895,654.2558123199923
59,0.2064679375835,3.1267377303525,0.5545829212608,0.3129313538286,0.3936827221042,641.1706960735925
60,0.2064677541146,3.1267349519101,0.5545829212608,0.3129235851983,0.3936799082786,641.1706960735925
61,0.2064686725310,3.1267488603516,0.5545829212608,0.3128299480368,0.3936466632387,641.1706960735925
64,0.2064875564222,3.1270348368367,0.5544892532203,0.3128738359854,0.3936262406082,628.3472821521206
65,0.2064917979376,3.1270990700847,0.5543716200007,0.3127273958197,0.3935244352082,628.3472821521206
66,0.2064915663512,3.1270955629550,0.5542539867811,0.3128545841950,0.3935193957654,615.7803365090781
67,0.2064914048068,3.1270931165373,0.5542539867811,0.3127275792746,0.3934740022486,615.7803365090781
68,0.2064859917211,3.1270111411006,0.5542539867811,0.3126837618171,0.3934571932097,615.7803365090781
69,0.2064887707012,3.1270532258032,0.5542539867811,0.3125260735448,0.3934014714653,615.7803365090781
70,0.2064928233038,3.1271145981682,0.5542539867811,0.3123816128697,0.3933507467819,603.4647297788965
71,0.2064958219428,3.1271600093725,0.5542539867811,0.3123580178293,0.3933429625472,603.4647297788965
302,0.2069095489720,3.1334254660214,0.5501618856116,0.3169720160112,0.3933257171887,274.4535447271485
303,0.2069087069484,3.1334127144673,0.5501618856116,0.3169496933548,0.3933175643778,274.4535447271485
304,0.2069090824569,3.1334184011456,0.5501150515914,0.3168871930095,0.3932752515690,274.4535447271485
305,0.2069141818104,3.1334956254407,0.5501150515914,0.3168031146315,0.3932463162955,274.4535447271485
306,0.2069002624707,3.1332848318175,0.5501150515914,0.3167079740498,0.3932093548007,268.9644738326056
308,0.2069093914753,3.1334230808998,0.5499974183717,0.3163398151481,0.3930294114569,268.9644738326056
314,0.2069181642229,3.1335559348499,0.5498329511319,0.3164877978330,0.3930136563303,263.5851843559535
315,0.2069155139488,3.1335157992616,0.5498329511319,0.3164580027328,0.3930024473072,263.5851843559535
316,0.2069131413561,3.1334798688645,0.5498329511319,0.3163017872543,0.3929461476522,263.5851843559535
317,0.2069209836946,3.1335986327562,0.5498329511319,0.3161477078884,0.3928927998084,263.5851843559535
318,0.2069194148202,3.1335748738182,0.5498329511319,0.3161369037538,0.3928886050015,263.5851843559535
321,0.2069143637713,3.1334983810447,0.5497153179123,0.3162394519717,0.3928737327604,263.5851843559535
322,0.2069166861431,3.1335335508999,0.5495976846926,0.3161724479707,0.3927998861742,258.3134806688344
325,0.2069126420999,3.1334723081590,0.5497153179123,0.3160317229507,0.3927991748947,258.3134806688344
327,0.2069089757069,3.1334167845298,0.5495976846926,0.3157524603288,0.3926482383515,258.3134806688344
328,0.2069088310667,3.1334145941069,0.5494800514730,0.3157460230388,0.3925954940880,258.3134806688344
329,0.2069097650340,3.1334287380502,0.5494800514730,0.3157413377586,0.3925940209095,258.3134806688344
330,0.2069099271517,3.1334311931514,0.5494800514730,0.3157369979669,0.3925925057234,253.1472110554577
373,0.2069931906982,3.1346921311716,0.5481163831959,0.3171581467650,0.3925334717925,228.8250287249471
56645,0.2437778796798,3.6917571955294,0.0976219754897,0.8356457415492,0.3925210142660,0.0000006128857
56655,0.2437719002686,3.6916666436950,0.0975751414695,0.8356915666635,0.3925160273529,0.0000006128857
56662,0.2437709064795,3.6916515938136,0.0975751414695,0.8356631149487,0.3925056530713,0.0000006128857
56685,0.2437756619602,3.6917236105212,0.0975751414695,0.8355126419417,0.3924529317433,0.0000006128857
56686,0.2437741599283,3.6917008638419,0.0975283074493,0.8354741952743,0.3924188072037,0.0000006128857
56688,0.2437773638182,3.6917493833542,0.0975751414695,0.8352706801450,0.3923668814998,0.0000006128857
56700,0.2437778918558,3.6917573799233,0.0975751414695,0.8351121892383,0.3923103907554,0.0000006128857
56727,0.2437737247862,3.6916942740768,0.0976927746891,0.8349465386952,0.3923007511406,0.0000006128857
56750,0.2437728463244,3.6916809707062,0.0976927746891,0.8347734033024,0.3922387288300,0.0000006006280
56780,0.2437716968421,3.6916635630160,0.0976459406689,0.8348258179555,0.3922371303084,0.0000006006280
56781,0.2437728585684,3.6916811561288,0.0976459406689,0.8348201689245,0.3922353617386,0.0000006006280
56793,0.2437765416101,3.6917369318845,0.0976927746891,0.8346766118481,0.3922049523004,0.0000006006280
56800,0.2437796707984,3.6917843201201,0.0976459406689,0.8347226900393,0.3922020076146,0.0000006006280
56806,0.2437816673416,3.6918145556467,0.0976927746891,0.8344357646365,0.3921200338101,0.0000006006280
56807,0.2437824758766,3.6918268000507,0.0976927746891,0.8343573593796,0.3920922051902,0.0000006006280
56808,0.2437829692954,3.6918342723549,0.0976927746891,0.8342285166441,0.3920462956601,0.0000006006280
56824,0.2437846998591,3.6918604799051,0.0975751414695,0.8342796714700,0.3920145218389,0.0000006006280
56826,0.2437814533538,3.6918113150285,0.0975283074493,0.8341854862541,0.3919601168591,0.0000006006280
56832,0.2437771231802,3.6917457391470,0.0975283074493,0.8338599113347,0.3918429122078,0.0000006006280
56840,0.2437778395350,3.6917565875789,0.0974814734290,0.8330978083665,0.3915508143580,0.0000005886154
56842,0.2437894133512,3.6919318607394,0.0974346394088,0.8328485765826,0.3914442113871,0.0000005886154
56843,0.2437889895711,3.6919254430393,0.0973878053886,0.8326680332452,0.3913595690908,0.0000005886154
56844,0.2437931358352,3.6919882338082,0.0972701721689,0.8325618782682,0.3912721308471,0.0000005886154
56848,0.2437929917257,3.6919860514228,0.0972701721689,0.8325355262020,0.3912626885143,0.0000005886154
56850,0.2437871703630,3.6918978930644,0.0972701721689,0.8319674437680,0.3910585544959,0.0000005886154
56857,0.2437907865884,3.6919526569592,0.0972701721689,0.8317794265439,0.3909921803928,0.0000005886154
56861,0.2438014686755,3.6921144258278,0.0971525389493,0.8318509147144,0.3909695866639,0.0000005886154
56873,0.2438036885707,3.6921480437840,0.0971525389493,0.8316869035262,0.3909114869314,0.0000005886154
56884,0.2438066118881,3.6921923143236,0.0971057049291,0.8316511556380,0.3908792745306,0.0000005886154
56885,0.2438075216378,3.6922060915163,0.0971057049291,0.8314673105164,0.3908138105050,0.0000005886154
56887,0.2438014023699,3.6921134217007,0.0971525389493,0.8266031889352,0.3890953846773,0.0000005886154
56900,0.2438059412212,3.6921821577849,0.0972134711060,0.8228548739842,0.3877837871586,0.0000005886154
56908,0.2438081151769,3.6922150800355,0.0972134711060,0.8227824452060,0.3877583855855,0.0000005886154
56909,0.2438105392502,3.6922517900520,0.0971666370857,0.8227321013624,0.3877208533626,0.0000005886154
56919,0.2438052517190,3.6921717160062,0.0971639651060,0.8227161193573,0.3877128673271,0.0000005886154
56930,0.2438148397019,3.6923169158280,0.0970463318864,0.8227301900814,0.3876695329165,0.0000005886154
56950,0.2438110546117,3.6922595946552,0.0969510882042,0.8227300159140,0.3876278409022,0.0000005768431
56956,0.2438109494502,3.6922580020969,0.0969510882042,0.8225877036618,0.3875769925632,0.0000005768431
56962,0.2438148864047,3.6923176230922,0.0968334549846,0.8226194061251,0.3875387442677,0.0000005768431
56966,0.2438150650783,3.6923203289144,0.0967866209644,0.8226633285625,0.3875343974167,0.0000005768431
56994,0.2438141343074,3.6923062333770,0.0967866209644,0.8216702451511,0.3871795253189,0.0000005768431
57000,0.2438186862114,3.6923751671320,0.0967866209644,0.8204986738973,0.3867620824220,0.0000005768431
57001,0.2438165763273,3.6923432151759,0.0967866209644,0.8204337249126,0.3867384342379,0.0000005768431
57009,0.2438168825614,3.6923478527670,0.0967773709562,0.8204375531112,0.3867359027841,0.0000005768431
57011,0.2438311935563,3.6925645775922,0.0967773709562,0.8194406651258,0.3863829380025,0.0000005768431
57024,0.2438290346487,3.6925318832277,0.0967773709562,0.8192550173214,0.3863161725921,0.0000005768431
57046,0.2438134736696,3.6922962287189,0.0968950041758,0.8190826914305,0.3863017073726,0.0000005768431
57050,0.2438090797955,3.6922296881600,0.0968950041758,0.8190644275234,0.3862942430042,0.0000005768431
57067,0.2438050556257,3.6921687463816,0.0968950041758,0.8190585522108,0.3862912823561,0.0000005653062
57068,0.2437918891200,3.6919693536295,0.0968950041758,0.8190491612336,0.3862851070416,0.0000005653062
57076,0.2437973177004,3.6920515637174,0.0968950041758,0.8190334592556,0.3862806624596,0.0000005653062
57079,0.2438004538946,3.6920990580492,0.0968950041758,0.8190126968434,0.3862739193540,0.0000005653062
57092,0.2437945008498,3.6920089055054,0.0968950041758,0.8190056620301,0.3862701312682,0.0000005653062
57103,0.2437938963566,3.6919997510973,0.0968950041758,0.8187940552283,0.3861944278761,0.0000005653062
57104,0.2438019864924,3.6921222676150,0.0968950041758,0.8182112137638,0.3859880038108,0.0000005653062
57109,0.2437990722836,3.6920781350164,0.0968481701555,0.8182307079689,0.3859742698306,0.0000005653062
57135,0.2438004719651,3.6920993317068,0.0968013361353,0.8182723891592,0.3859693841788,0.0000005653062
57144,0.2437947884325,3.6920132606389,0.0968013361353,0.8175880551569,0.3857237612781,0.0000005653062
57158,0.2437926492812,3.6919808654645,0.0968013361353,0.8175713334546,0.3857173308520,0.0000005653062
57177,0.2437948970749,3.6920149059132,0.0967545021151,0.8176100657704,0.3857115737691,0.0000005540001
57185,0.2438017588012,3.6921188194739,0.0966368688955,0.8175771732464,0.3856508825720,0.0000005540001
57188,0.2438107117279,3.6922544020443,0.0966837029157,0.8174204769359,0.3856169098113,0.0000005540001
57192,0.2438101128522,3.6922453327078,0.0966837029157,0.8168726733700,0.3854211373501,0.0000005540001
57201,0.2438076648336,3.6922082600648,0.0966837029157,0.8168150587657,0.3854000361302,0.0000005540001
57215,0.2438252430213,3.6924744630567,0.0965660696961,0.8168095589874,0.3853514244413,0.0000005540001
57217,0.2438391393971,3.6926849089165,0.0965660696961,0.8166431073445,0.3852949552207,0.0000005540001
57234,0.2438442308539,3.6927620136238,0.0965660696961,0.8166207851704,0.3852880740421,0.0000005540001
57238,0.2438487423607,3.6928303356054,0.0964484364765,0.8165839626759,0.3852254756657,0.0000005540001
57245,0.2438446604937,3.6927685200624,0.0964484364765,0.8165843028462,0.3852247224693,0.0000005540001
57253,0.2438406077575,3.6927071456752,0.0964484364765,0.8165422991564,0.3852088527081,0.0000005540001
57255,0.2438446188200,3.6927678889594,0.0964484364765,0.8164468033354,0.3851756065711,0.0000005540001
57263,0.2438338003248,3.6926040543338,0.0964576864847,0.8164122328501,0.3851649060095,0.0000005540001
57269,0.2438402836133,3.6927022368550,0.0964576864847,0.8155107285543,0.3848443294657,0.0000005429201
57270,0.2438387388104,3.6926788424556,0.0964576864847,0.8152957485676,0.3847672198698,0.0000005429201
57275,0.2438406689004,3.6927080716203,0.0964576864847,0.8152851977484,0.3847638653108,0.0000005429201
57283,0.2438485549179,3.6928274969823,0.0964576864847,0.8152765711417,0.3847624742407,0.0000005429201
57296,0.2438505992667,3.6928584564756,0.0964576864847,0.8143563176317,0.3844342503476,0.0000005429201
57297,0.2438521081721,3.6928813072464,0.0964108524645,0.8144051679404,0.3844319485004,0.0000005429201
57299,0.2438448253594,3.6927710167794,0.0963640184442,0.8143437805708,0.3843883921141,0.0000005429201
57302,0.2438423544043,3.6927335967870,0.0963640184442,0.8143369254708,0.3843854143737,0.0000005429201
57306,0.2438496855085,3.6928446185768,0.0963640184442,0.8142384371218,0.3843518109143,0.0000005429201
57310,0.2438502302396,3.6928528679515,0.0962463852246,0.8142118429739,0.3842920154954,0.0000005429201
57331,0.2438491065768,3.6928358512708,0.0962463852246,0.8140834313005,0.3842459133986,0.0000005429201
57333,0.2438452225073,3.6927770311623,0.0962463852246,0.8140822432230,0.3842446567846,0.0000005429201
57334,0.2438342024230,3.6926101436841,0.0962463852246,0.8140868801873,0.3842439513966,0.0000005429201
57335,0.2438281897085,3.6925190875068,0.0962463852246,0.8140561837028,0.3842316999277,0.0000005429201
57347,0.2438303975552,3.6925525230011,0.0961995512044,0.8141020387721,0.3842284781252,0.0000005429201
57371,0.2438344358036,3.6926136779858,0.0960819179847,0.8141048892371,0.3841799472503,0.0000005429201
57376,0.2438347719449,3.6926187684882,0.0959642847651,0.8142138106382,0.3841685055440,0.0000005320617
57393,0.2438326458927,3.6925865716854,0.0959174507449,0.8131252498142,0.3837592065156,0.0000005320617
57396,0.2438315482417,3.6925699489263,0.0959174507449,0.8130756517530,0.3837412577114,0.0000005320617
57414,0.2438341589190,3.6926094848618,0.0957998175253,0.8131317261670,0.3837114294817,0.0000005320617
57420,0.2438337953514,3.6926039790171,0.0957998175253,0.8082967569038,0.3819845768375,0.0000005320617
57432,0.2438368906677,3.6926508542957,0.0957998175253,0.8082566454054,0.3819709145844,0.0000005320617
57435,0.2438381050843,3.6926692453460,0.0957998175253,0.8082516035501,0.3819693741539,0.0000005320617
57440,0.2438403646796,3.6927034645185,0.0957998175253,0.8076412644899,0.3817518801172,0.0000005320617
57453,0.2438399133343,3.6926966293738,0.0957998175253,0.8076375616223,0.3817504609476,0.0000005320617
57472,0.2438418110437,3.6927253681674,0.0956821843056,0.8077241775558,0.3817313876246,0.0000005320617
57473,0.2438450433373,3.6927743178220,0.0956821843056,0.8076478589652,0.3817048236194,0.0000005320617
57475,0.2438445876505,3.6927674169297,0.0955645510860,0.8076614471303,0.3816591646514,0.0000005320617
57482,0.2438429209483,3.6927421764949,0.0955645510860,0.8076393090033,0.3816509010270,0.0000005214205
57490,0.2438416781839,3.6927233561466,0.0955645510860,0.8069958586016,0.3814208310054,0.0000005214205
57497,0.2438357010753,3.6926328391818,0.0956821843056,0.8068304501983,0.3814108900037,0.0000005214205
57504,0.2438234023228,3.6924465876322,0.0956353502854,0.8068664838721,0.3814010520030,0.0000005214205
57510,0.2438201800876,3.6923977903011,0.0955177170658,0.8069012617467,0.3813623679565,0.0000005214205
57531,0.2438113584199,3.6922641955074,0.0955177170658,0.8068854173517,0.3813548188866,0.0000005214205
57535,0.2438185093121,3.6923724881789,0.0955177170658,0.8068070035554,0.3813283462934,0.0000005214205
57540,0.2438202057105,3.6923981783314,0.0955177170658,0.8068054277621,0.3813281470240,0.0000005214205
57549,0.2438211068244,3.6924118247461,0.0954708830456,0.8067919103314,0.3813034407431,0.0000005214205
57559,0.2438233126776,3.6924452300507,0.0954708830456,0.8059531466490,0.3810043549679,0.0000005214205
57571,0.2438207176958,3.6924059318058,0.0954240490253,0.8058857853926,0.3809596695859,0.0000005214205
57598,0.2438157851948,3.6923312343149,0.0953064158057,0.8058608165735,0.3808992809490,0.0000005109921
57600,0.2438212141108,3.6924134494847,0.0953064158057,0.8058289198832,0.3808890526131,0.0000005109921
57610,0.2438257192397,3.6924816748783,0.0953064158057,0.8058125293392,0.3808841642321,0.0000005109921
57615,0.2438226693589,3.6924354876712,0.0953064158057,0.7015449269815,0.3436450812727,0.0000005109921
57621,0.2438278351952,3.6925137187785,0.0952595817855,0.7013638891768,0.3435614601559,0.0000005109921
57631,0.2438262938410,3.6924903766052,0.0952595817855,0.7013323403165,0.3435498624156,0.0000005109921
57635,0.2438196720504,3.6923900966159,0.0952127477652,0.7013627127975,0.3435392190522,0.0000005109921
57648,0.2438215932420,3.6924191910240,0.0952127477652,0.7013226104024,0.3435253084521,0.0000005109921
57652,0.2438243704034,3.6924612481854,0.0951659137450,0.7012714377838,0.3434875558999,0.0000005109921
57665,0.2438179917173,3.6923646497548,0.0951659137450,0.7005340945706,0.3432228521768,0.0000005109921
57669,0.2438118872347,3.6922722038469,0.0951659137450,0.7003665833194,0.3431617186265,0.0000005109921
57675,0.2438118707081,3.6922719535684,0.0951659137450,0.7002357655153,0.3431149944408,0.0000005109921
57685,0.2438152287196,3.6923228070877,0.0950482805254,0.7002395422894,0.3430666486256,0.0000005109921
57698,0.2438229991693,3.6924404822998,0.0950014465052,0.7002693910407,0.3430589022673,0.0000005007722
57701,0.2438260466347,3.6924866329283,0.0948838132855,0.7003229539875,0.3430282706825,0.0000005007722
57740,0.2438219028304,3.6924238794109,0.0949890617413,0.7000815477412,0.3429862726889,0.0000005007722
57746,0.2438177279402,3.6923606551318,0.0949890617413,0.7000797830624,0.3429847478272,0.0000005007722
57762,0.2438157887839,3.6923312886682,0.0950358957615,0.6994496483838,0.3427793559171,0.0000005007722
57765,0.2438194543870,3.6923868003347,0.0950358957615,0.6994286417887,0.3427726390481,0.0000005007722
57789,0.2438254097897,3.6924769885868,0.0950358957615,0.6948780198822,0.3411486930964,0.0000005007722
57795,0.2438215922573,3.6924191761110,0.0950358957615,0.6948720793669,0.3411457534411,0.0000005007722
57798,0.2438270651303,3.6925020569626,0.0950358957615,0.6948612201609,0.3411430479117,0.0000005007722
57804,0.2438251917646,3.6924736868279,0.0949890617413,0.6948104194446,0.3411044316403,0.0000004907568
57806,0.2438283686109,3.6925217967931,0.0948714285217,0.6948222214685,0.3410589131647,0.0000004907568
57809,0.2438229922150,3.6924403769841,0.0948714285217,0.6946284750774,0.3409885659402,0.0000004907568
57814,0.2438295949646,3.6925403686175,0.0948714285217,0.6944777750502,0.3409361593768,0.0000004907568
57819,0.2438380975961,3.6926691319451,0.0948714285217,0.6944323381894,0.3409217539189,0.0000004907568
57828,0.2438364239504,3.6926437863579,0.0947661800659,0.6944190752270,0.3408715520273,0.0000004907568
57829,0.2438431091858,3.6927450271521,0.0947661800659,0.6943766832071,0.3408578445706,0.0000004907568
57849,0.2438510186190,3.6928648071203,0.0947537953021,0.6943355029351,0.3408395244532,0.0000004907568
57852,0.2438510488488,3.6928652649190,0.0947537953021,0.6934549649229,0.3405250530695,0.0000004907568
57855,0.2438529733078,3.6928944088078,0.0947069612818,0.6927459717870,0.3402521818964,0.0000004907568
57860,0.2438513162016,3.6928693136932,0.0947069612818,0.6927231509963,0.3402436765198,0.0000004907568
57863,0.2438483332818,3.6928241405390,0.0946601272616,0.6925507654449,0.3401613993314,0.0000004907568
57873,0.2438400537351,3.6926987555943,0.0946132932414,0.6923671055988,0.3400739606177,0.0000004907568
57875,0.2438464818658,3.6927961028103,0.0946132932414,0.6923492940119,0.3400689767932,0.0000004907568
57884,0.2438378992321,3.6926661279336,0.0946132932414,0.6917285319205,0.3398454369105,0.0000004907568
57898,0.2438331335310,3.6925939564497,0.0946132932414,0.6917171765299,0.3398403601922,0.0000004907568
57901,0.2438400909998,3.6926993199287,0.0945664592211,0.6917406220175,0.3398301527438,0.0000004907568
57905,0.2438418279583,3.6927256243207,0.0946132932414,0.6916627742605,0.3398227939018,0.0000004907568
57913,0.2438482272399,3.6928225346478,0.0946455498216,0.6916024880037,0.3398164586191,0.0000004809416
57915,0.2438460900865,3.6927901697284,0.0945987158014,0.6905936576636,0.3394356323847,0.0000004809416
57924,0.2438516483404,3.6928743435820,0.0945518817811,0.6906189744875,0.3394257934389,0.0000004809416
57928,0.2438585995249,3.6929796118921,0.0944342485615,0.6906469061652,0.3393868443407,0.0000004809416
57932,0.2438582078955,3.6929736810811,0.0944342485615,0.6903567964225,0.3392831497977,0.0000004809416
57934,0.2438572297426,3.6929588679939,0.0944810825817,0.6895787977895,0.3390251552618,0.0000004809416
57940,0.2438597236681,3.6929966358476,0.0944810825817,0.6894409194798,0.3389764474210,0.0000004809416
57964,0.2438543313919,3.6929149755489,0.0944586930442,0.6892218330926,0.3388874512789,0.0000004809416
57965,0.2438538234992,3.6929072840538,0.0943410598246,0.6893393486637,0.3388788980546,0.0000004809416
57998,0.2438641208242,3.6930632261091,0.0942942258044,0.6892003208017,0.3388113800934,0.0000004809416
58008,0.2438692834415,3.6931414084677,0.0942942258044,0.6848402894291,0.3372553323069,0.0000004809416
58009,0.2438751564766,3.6932303493496,0.0942942258044,0.6846319406398,0.3371821805325,0.0000004809416
58019,0.2438754537263,3.6932348508802,0.0942619692242,0.6846346428472,0.3371693850543,0.0000004713228
58021,0.2438826063986,3.6933431705101,0.0942886063831,0.6845930890413,0.3371674930501,0.0000004713228
58023,0.2438796706010,3.6932987109718,0.0942886063831,0.6845751941799,0.3371604729286,0.0000004713228
58025,0.2438786028730,3.6932825413644,0.0942032297437,0.6846059972054,0.3371346552220,0.0000004713228
58042,0.2438735230749,3.6932056132146,0.0942032297437,0.6845319769700,0.3371071308955,0.0000004713228
58052,0.2438711931251,3.6931703285980,0.0941563957234,0.6845492155045,0.3370927165170,0.0000004713228
58054,0.2438707347987,3.6931633877320,0.0941563957234,0.6836637557874,0.3367763826910,0.0000004713228
58057,0.2438723264053,3.6931874909244,0.0941563957234,0.6836110021512,0.3367578831652,0.0000004713228
58067,0.2438711249787,3.6931692965935,0.0941563957234,0.6826451004724,0.3364126608314,0.0000004713228
58071,0.2438664470633,3.6930984545313,0.0942032297437,0.6824555221536,0.3363640236014,0.0000004713228
58073,0.2438637806568,3.6930580746343,0.0942032297437,0.6818729919675,0.3361554057336,0.0000004713228
58089,0.2438615652659,3.6930245248910,0.0942032297437,0.6817346195826,0.3361055122980,0.0000004713228
58092,0.2438587008537,3.6929811464102,0.0942032297437,0.6816973111057,0.3360915740394,0.0000004713228
58093,0.2438525793635,3.6928884429393,0.0941563957234,0.6814865688709,0.3359949254847,0.0000004713228
58103,0.2438537694017,3.6929064648039,0.0940387625038,0.6814808010359,0.3359427063148,0.0000004713228
58109,0.2438575903042,3.6929643283173,0.0939919284836,0.6812948322688,0.3358570359399,0.0000004713228
58125,0.2438553867596,3.6929309579727,0.0939450944634,0.6807690640546,0.3356487176666,0.0000004713228
58127,0.2438517605490,3.6928760428635,0.0938274612437,0.6808618838219,0.3356306763014,0.0000004618964
58136,0.2438543286447,3.6929149339463,0.0938274612437,0.6799913969395,0.3353203384353,0.0000004618964
58152,0.2438534850183,3.6929021581197,0.0938213625188,0.6797814513859,0.3352425633641,0.0000004618964
58165,0.2438673376381,3.6931119413409,0.0938213625188,0.6795021591238,0.3351457845462,0.0000004618964
58168,0.2438627412827,3.6930423344170,0.0937745284986,0.6793616629824,0.3350745506965,0.0000004618964
58208,0.2438609972718,3.6930159232237,0.0937276944784,0.6792142776572,0.3350014676408,0.0000004618964
58214,0.2438646140501,3.6930706954915,0.0936808604581,0.6789558384788,0.3348898712352,0.0000004618964
58219,0.2438694413868,3.6931438003821,0.0936340264379,0.6789161934301,0.3348566749956,0.0000004618964
58226,0.2438745333948,3.6932209134374,0.0936340264379,0.6789057637884,0.3348540412681,0.0000004618964
58231,0.2438706713769,3.6931624272763,0.0936340264379,0.6788763717820,0.3348427165477,0.0000004618964
58236,0.2438690799841,3.6931383273207,0.0936340264379,0.6780337735942,0.3345414476107,0.0000004526584
58237,0.2438646864606,3.6930717920721,0.0936340264379,0.6780266045681,0.3345379457750,0.0000004526584
58239,0.2438605496119,3.6930091438908,0.0936340264379,0.6778961213297,0.3344904581508,0.0000004526584
58240,0.2438607651704,3.6930124082942,0.0935163932183,0.6778912728124,0.3344383584916,0.0000004526584
58270,0.2438670374127,3.6931073947455,0.0934695591980,0.6778603605366,0.3344085907221,0.0000004526584
58277,0.2438773851990,3.6932641009836,0.0934695591980,0.6778145134504,0.3343944341455,0.0000004526584
58285,0.2438796390345,3.6932982329305,0.0934373026178,0.6770455658097,0.3341064687042,0.0000004526584
58302,0.2438732694316,3.6932017720560,0.0933904685976,0.6770534431280,0.3340878453943,0.0000004526584
58307,0.2438679445527,3.6931211324177,0.0933539643960,0.6770950133202,0.3340859061882,0.0000004526584
58313,0.2438680773259,3.6931231431277,0.0933071303757,0.6769769003633,0.3340236797178,0.0000004526584
58314,0.2438655731935,3.6930852207010,0.0932602963555,0.6767903157183,0.3339364340218,0.0000004526584
58321,0.2438686343826,3.6931315791599,0.0933071303757,0.6767230033287,0.3339331215747,0.0000004526584
58330,0.2438622873392,3.6930354599247,0.0932602963555,0.6765493631180,0.3338496754100,0.0000004526584
58331,0.2438610230543,3.6930163136731,0.0931426631359,0.6766263460285,0.3338264841515,0.0000004526584
58334,0.2438496134990,3.6928435280695,0.0931426631359,0.6764738734305,0.3337695847475,0.0000004526584
58344,0.2438565736457,3.6929489321024,0.0930958291156,0.6762472974016,0.3336700844742,0.0000004436053
58356,0.2438475854777,3.6928128158410,0.0930958291156,0.6760257945505,0.3335890502771,0.0000004436053
58371,0.2438650547338,3.6930773691783,0.0930958291156,0.6760073938162,0.3335862219983,0.0000004436053
58402,0.2438638690627,3.6930594134490,0.0930812516756,0.6759983862760,0.3335765034730,0.0000004436053
58404,0.2438497610655,3.6928457628074,0.0931988848953,0.6754168331231,0.3334161970131,0.0000004436053
58408,0.2438487906723,3.6928310672326,0.0931988848953,0.6753855588307,0.3334048196816,0.0000004436053
58410,0.2438521784521,3.6928823715618,0.0931520508750,0.6753831881130,0.3333846272265,0.0000004436053
58413,0.2438541382863,3.6929120511707,0.0931520508750,0.6753817686122,0.3333845402264,0.0000004436053
58429,0.2438569575397,3.6929547457699,0.0931052168548,0.6754310962515,0.3333826896432,0.0000004436053
58446,0.2438603031165,3.6930054109791,0.0930807723721,0.6754569557098,0.3333821658665,0.0000004436053
58450,0.2438673608945,3.6931122935350,0.0930807723721,0.6754086749813,0.3333664351302,0.0000004347332
58453,0.2438673265926,3.6931117740682,0.0930807723721,0.6751563490509,0.3332763113760,0.0000004347332
58454,0.2438686918405,3.6931324492984,0.0930339383518,0.6751703303449,0.3332615255255,0.0000004347332
58455,0.2438675973961,3.6931158750997,0.0930339383518,0.6750522432814,0.3332191170505,0.0000004347332
58457,0.2438693798348,3.6931428682419,0.0930236085332,0.6750411182095,0.3332110986965,0.0000004347332
58458,0.2438715139528,3.6931751871938,0.0929662904358,0.6749954036110,0.3331706644663,0.0000004347332
58465,0.2438605899352,3.6930097545440,0.0929194564155,0.6742127309463,0.3328687259307,0.0000004347332
58466,0.2438601406553,3.6930029506761,0.0929194564155,0.6741691018194,0.3328530478254,0.0000004347332
58475,0.2438622591615,3.6930350332035,0.0929059753136,0.6741426293086,0.3328382697078,0.0000004347332
58489,0.2438771982883,3.6932612704194,0.0929059753136,0.6737753784018,0.3327103099111,0.0000004347332
58491,0.2438769934602,3.6932581685158,0.0928184059980,0.6737911122343,0.3326783555386,0.0000004347332
58507,0.2438736741110,3.6932079004962,0.0927715719778,0.6727150156066,0.3322732523023,0.0000004347332
58518,0.2438867811668,3.6934063929414,0.0927715719778,0.6716414779528,0.3318926546522,0.0000004347332
58523,0.2438816268354,3.6933283360651,0.0926539387582,0.6707435000117,0.3315204295081,0.0000004347332
58540,0.2438803690146,3.6933092877041,0.0926539387582,0.6706835232388,0.3314987396991,0.0000004347332
58549,0.2438714419124,3.6931740962185,0.0926539387582,0.6704583661910,0.3314164135172,0.0000004347332
58569,0.2438704496390,3.6931590692910,0.0926539387582,0.6695991936312,0.3311093535444,0.0000004260385
58594,0.2438742239147,3.6932162266899,0.0926238748541,0.6696268658718,0.3311071607306,0.0000004260385
58610,0.2438848115402,3.6933765650378,0.0925062416345,0.6696261492256,0.3310587593254,0.0000004260385
58622,0.2438850625418,3.6933803661903,0.0924260546960,0.6696399378438,0.3310293717871,0.0000004260385
58633,0.2438862558732,3.6933984379276,0.0924728887162,0.6688637940529,0.3307725050129,0.0000004260385
58670,0.2438882646904,3.6934288593317,0.0924728887162,0.6688256026899,0.3307592957013,0.0000004175177
58676,0.2438811433980,3.6933210149189,0.0924260546960,0.6688096215643,0.3307319904422,0.0000004175177
58690,0.2438939314301,3.6935146760888,0.0923084214763,0.6688216687969,0.3306886190809,0.0000004175177
58691,0.2438889602087,3.6934393922178,0.0922615874561,0.6687478224156,0.3306411083886,0.0000004175177
58692,0.2438942164473,3.6935189923720,0.0921439542365,0.6688007857017,0.3306107359478,0.0000004175177
58695,0.2438844777535,3.6933715101931,0.0921439542365,0.6688011258721,0.3306087705743,0.0000004175177
58716,0.2438660739886,3.6930928047110,0.0921439542365,0.6687250390684,0.3305776530519,0.0000004175177
58725,0.2438666361510,3.6931013180639,0.0921215646990,0.6687443692202,0.3305750816249,0.0000004175177
58734,0.2438691895260,3.6931399862167,0.0921215646990,0.6686793691343,0.3305524144602,0.0000004175177
58746,0.2438706100965,3.6931614992499,0.0921215646990,0.6686218077993,0.3305321612486,0.0000004175177
58748,0.2438694557767,3.6931440183008,0.0920747306788,0.6686613298093,0.3305259571750,0.0000004175177
58753,0.2438635024856,3.6930538620280,0.0920747306788,0.6686237031147,0.3305112433645,0.0000004175177
58764,0.2438627603742,3.6930426235380,0.0919570974591,0.6685718028087,0.3304421342801,0.0000004175177
58798,0.2438647376163,3.6930725667715,0.0919403273430,0.6685429758496,0.3304250754396,0.0000004091674
58811,0.2438627393470,3.6930423051038,0.0918934933227,0.6685025342803,0.3303901320985,0.0000004091674
58815,0.2438667317774,3.6931027662237,0.0917758601031,0.6683108193548,0.3302721037661,0.0000004091674
58822,0.2438705925227,3.6931612331120,0.0917852478423,0.6682388185045,0.3302512397960,0.0000004091674
58826,0.2438711999356,3.6931704317367,0.0917852478423,0.6682342691602,0.3302497451901,0.0000004091674
58827,0.2438712886199,3.6931717747652,0.0917852478423,0.6673047567614,0.3299177954800,0.0000004091674
58830,0.2438734058141,3.6932038374236,0.0917852478423,0.6673019805735,0.3299172576688,0.0000004091674
58834,0.2438813057791,3.6933234740083,0.0917384138220,0.6673201935358,0.3299053834249,0.0000004091674
58847,0.2438768948756,3.6932566755568,0.0916915798018,0.6669399707946,0.3297485726722,0.0000004091674
58855,0.2438830981586,3.6933506176919,0.0916447457816,0.6669806738439,0.3297443670275,0.0000004091674
58877,0.2438833708105,3.6933547467165,0.0915979117613,0.6669997166280,0.3297311547243,0.0000004091674
58900,0.2438859373775,3.6933936146490,0.0915979117613,0.6669945429698,0.3297298569678,0.0000004009840
58902,0.2438774220066,3.6932646583963,0.0915979117613,0.6664770748564,0.3295432222050,0.0000004009840
58923,0.2438763753132,3.6932488073352,0.0915979117613,0.6658066012698,0.3293035430612,0.0000004009840
58977,0.2438826350967,3.6933436051110,0.0915510777411,0.6654346559910,0.3291519751208,0.0000004009840
58983,0.2438849586949,3.6933787935400,0.0915048607554,0.6654280584899,0.3291303095047,0.0000004009840
58988,0.2438885828179,3.6934336770348,0.0915516947756,0.6653493617115,0.3291230518332,0.0000004009840
58989,0.2438886732872,3.6934350470962,0.0915516947756,0.6651871637550,0.3290651433779,0.0000004009840
59000,0.2438912417164,3.6934739432302,0.0915048607554,0.6651482395226,0.3290317205210,0.0000003929643
59001,0.2438911727481,3.6934728987790,0.0915048607554,0.6649100389828,0.3289466341208,0.0000003929643
59006,0.2438925177974,3.6934932681228,0.0914747968513,0.6643590665486,0.3287372619459,0.0000003929643
59025,0.2438882852244,3.6934291702974,0.0914747968513,0.6643466214976,0.3287319103049,0.0000003929643
59032,0.2438842661138,3.6933683051337,0.0914747968513,0.6640100024883,0.3286108279922,0.0000003929643
59055,0.2438828393380,3.6933466981294,0.0914747968513,0.6637543131984,0.3285192046510,0.0000003929643
59076,0.2438871500599,3.6934119794367,0.0914747968513,0.6637228146399,0.3285088788919,0.0000003929643
59079,0.2438743472417,3.6932180943466,0.0914747968513,0.6636571757617,0.3284826929744,0.0000003929643
59096,0.2438760283685,3.6932435532265,0.0914503523686,0.6636738122738,0.3284785186204,0.0000003929643
59097,0.2438659222666,3.6930905070421,0.0914503523686,0.6636262357268,0.3284593614032,0.0000003929643
59120,0.2438603517762,3.6930061478782,0.0914035183483,0.6636242245988,0.3284373777437,0.0000003851051
59127,0.2438623087389,3.6930357840011,0.0914035183483,0.6636069814630,0.3284316388301,0.0000003851051
59128,0.2438572867276,3.6929597309708,0.0914035183483,0.6629220538173,0.3281859456685,0.0000003851051
59144,0.2438592091363,3.6929888438104,0.0914035183483,0.6628943357627,0.3281764583080,0.0000003851051
59154,0.2438480955162,3.6928205398317,0.0913566843281,0.6628826960949,0.3281498480708,0.0000003851051
59160,0.2438454648635,3.6927807013895,0.0913098503079,0.6620288488635,0.3278242671968,0.0000003851051
59168,0.2438486514387,3.6928289586875,0.0913098503079,0.6619895362043,0.3278109097989,0.0000003851051
59180,0.2438431497382,3.6927456412739,0.0912630162876,0.6619586239286,0.3277786190417,0.0000003851051
59185,0.2438474122008,3.6928101917454,0.0912161822674,0.6618251643024,0.3277117965513,0.0000003851051
59197,0.2438432295299,3.6927468496347,0.0912161822674,0.6618135673069,0.3277067584806,0.0000003851051
59204,0.2438430589348,3.6927442661535,0.0911693482472,0.6618331144133,0.3276936313110,0.0000003851051
59207,0.2438464747118,3.6927959944691,0.0911693482472,0.6614410810159,0.3275543513356,0.0000003851051
59212,0.2438552269306,3.6929285375329,0.0910517150276,0.6614014526867,0.3274916595993,0.0000003774030
59218,0.2438517121213,3.6928753094766,0.0910517150276,0.6612891008391,0.3274507807661,0.0000003774030
59231,0.2438484229986,3.6928254992054,0.0910985490478,0.6604213768023,0.3271602462353,0.0000003774030
59235,0.2438374532703,3.6926593743153,0.0910985490478,0.6604251127418,0.3271592298433,0.0000003774030
59239,0.2438295583330,3.6925398138714,0.0910517150276,0.6604312337113,0.3271396524086,0.0000003774030
59248,0.2438255051905,3.6924784333309,0.0910048810073,0.6604552417722,0.3271272864626,0.0000003774030
59261,0.2438217724750,3.6924219053175,0.0910048810073,0.6604434091433,0.3271222606561,0.0000003774030
59281,0.2438171455473,3.6923518354087,0.0909580469871,0.6604854880837,0.3271162256416,0.0000003774030
59294,0.2438165258212,3.6923424503148,0.0908404137675,0.6604674351504,0.3270592311300,0.0000003774030
59311,0.2438096948906,3.6922390031225,0.0908404137675,0.6561301812655,0.3255087481146,0.0000003774030
59319,0.2438152490083,3.6923231143391,0.0907935797472,0.6560621579680,0.3254655725249,0.0000003698549
59340,0.2438257760821,3.6924825356966,0.0907467457270,0.6559165226176,0.3253957439783,0.0000003698549
59342,0.2438261817457,3.6924886790409,0.0906999117068,0.6515391480194,0.3238124111125,0.0000003698549
59343,0.2438288667235,3.6925293401795,0.0906999117068,0.6515189994557,0.3238057905492,0.0000003698549
59348,0.2438323876045,3.6925826601845,0.0905822784871,0.6515646370837,0.3237724299396,0.0000003698549
59354,0.2438272028093,3.6925041419650,0.0905354444669,0.6515516438110,0.3237466067346,0.0000003698549
59362,0.2438206271576,3.6924045607011,0.0905822784871,0.6513990257980,0.3237107629561,0.0000003698549
59376,0.2438196081731,3.6923891292622,0.0905822784871,0.6513643970442,0.3236981771902,0.0000003698549
59378,0.2438170042134,3.6923496950576,0.0904792227075,0.6514771930868,0.3236937367371,0.0000003698549
59386,0.2438076481055,3.6922080067355,0.0904792227075,0.6513778617007,0.3236562563618,0.0000003698549
59415,0.2438013491825,3.6921126162328,0.0904323886873,0.6514173178177,0.3236489263400,0.0000003698549
59449,0.2438009591428,3.6921067094961,0.0904323886873,0.6514087361659,0.3236457778844,0.0000003624578
59452,0.2437987650468,3.6920734822412,0.0904198496648,0.6513839190681,0.3236310706050,0.0000003624578
59462,0.2438100356910,3.6922441641836,0.0903022164452,0.6513707951271,0.3235783843843,0.0000003624578
59468,0.2438077867116,3.6922101057780,0.0903022164452,0.6473124113982,0.3221284796998,0.0000003624578
59470,0.2438083694215,3.6922189303004,0.0903022164452,0.6471956938604,0.3220869197313,0.0000003624578
59480,0.2438112200706,3.6922621003544,0.0902231258448,0.6471987373532,0.3220547215747,0.0000003624578
59486,0.2438109342425,3.6922577717919,0.0902231258448,0.6464328422296,0.3217811263532,0.0000003624578
59523,0.2438123518424,3.6922792398372,0.0901762918245,0.6464166308296,0.3217555686159,0.0000003624578
59525,0.2438093283242,3.6922334518632,0.0902193575269,0.6463650786488,0.3217549659556,0.0000003624578
59534,0.2438029087999,3.6921362349834,0.0902193575269,0.6458764207773,0.3215790696749,0.0000003624578
59553,0.2438010004286,3.6921073347252,0.0902193575269,0.6456634383518,0.3215025955862,0.0000003552086
59566,0.2437997192272,3.6920879322904,0.0901808149078,0.6456525411296,0.3214819109126,0.0000003552086
59577,0.2438053013509,3.6921724676278,0.0901725235067,0.6451555541160,0.3213020582624,0.0000003552086
59587,0.2437992842047,3.6920813443362,0.0901725235067,0.6451247468737,0.3212897662873,0.0000003552086
59685,0.2437960000633,3.6920316095020,0.0901294578043,0.6449446237024,0.3212062761091,0.0000003481045
59713,0.2437971277056,3.6920486864474,0.0900826237841,0.6449125190167,0.3211749800646,0.0000003481045
59724,0.2438078162618,3.6922105532846,0.0902002570037,0.6447489119294,0.3211692536039,0.0000003481045
59739,0.2438014548190,3.6921142159858,0.0901534229835,0.6447568297150,0.3211506464952,0.0000003481045
59745,0.2437973162866,3.6920515423063,0.0901065889632,0.6447991835395,0.3211448143098,0.0000003481045
59751,0.2437964560811,3.6920385154076,0.0900597549430,0.6446324329636,0.3210650044800,0.0000003481045
59775,0.2437977370432,3.6920579142187,0.0900597549430,0.6445290061818,0.3210283408355,0.0000003411424
59785,0.2438033654434,3.6921431503648,0.0900597549430,0.6443449207822,0.3209638021357,0.0000003411424
59788,0.2438140258814,3.6923045913803,0.0900129209228,0.6443761455161,0.3209571664830,0.0000003411424
59796,0.2438089123726,3.6922271527182,0.0900129209228,0.6443768813097,0.3209563335145,0.0000003411424
59823,0.2438143997727,3.6923102535676,0.0899660869025,0.6443823968979,0.3209394075159,0.0000003411424
59825,0.2438093995102,3.6922345298996,0.0899192528823,0.6444217903222,0.3209323333882,0.0000003411424
59833,0.2438186335641,3.6923743698438,0.0898016196627,0.6444086725839,0.3208792129705,0.0000003411424
59844,0.2438124743754,3.6922810954701,0.0898484536829,0.6437089172261,0.3206480522396,0.0000003411424
59850,0.2438127682256,3.6922855455195,0.0898484536829,0.6435353087641,0.3205861121854,0.0000003411424
59854,0.2438101904375,3.6922465076549,0.0898020989663,0.6435491976692,0.3205706538183,0.0000003411424
59858,0.2437997858596,3.6920889413674,0.0898020989663,0.6435074334551,0.3205535084751,0.0000003411424
59888,0.2437866111743,3.6918894247456,0.0898020989663,0.6429284874508,0.3203439188982,0.0000003343195
59893,0.2437887130318,3.6919212551456,0.0898020989663,0.6429189891231,0.3203409770363,0.0000003343195
59895,0.2437828094072,3.6918318510179,0.0897406875060,0.6429730923705,0.3203327153650,0.0000003343195
59906,0.2437805910538,3.6917982564108,0.0897406875060,0.6427424498616,0.3202498676789,0.0000003343195
59921,0.2437720200056,3.6916684569852,0.0897369191882,0.6427500686324,0.3202491370220,0.0000003343195
59928,0.2437608083354,3.6914986681422,0.0897837532084,0.6426989518545,0.3202485502521,0.0000003343195
59929,0.2437641249929,3.6915488953985,0.0897452105892,0.6426619682498,0.3202195342688,0.0000003343195
59930,0.2437615149346,3.6915093688360,0.0897445935547,0.6425188626941,0.3201676014002,0.0000003343195
59934,0.2437616743882,3.6915117835921,0.0896269603351,0.6425758879698,0.3201375875017,0.0000003343195
59947,0.2437664728038,3.6915844505019,0.0896269603351,0.6425270403058,0.3201211701393,0.0000003343195
59950,0.2437652476313,3.6915658965658,0.0896269603351,0.6424460569848,0.3200919849877,0.0000003343195
59963,0.2437619757661,3.6915163476400,0.0896269603351,0.6423602931278,0.3200606539249,0.0000003343195
59975,0.2437618908660,3.6915150619182,0.0895093271155,0.6423992447458,0.3200241327871,0.0000003276331
59984,0.2437635224533,3.6915397705766,0.0895093271155,0.6423918574396,0.3200218440894,0.0000003276331
60006,0.2437603894556,3.6914923246516,0.0894620137917,0.6423870163302,0.3199991666263,0.0000003276331
60007,0.2437573850227,3.6914468257054,0.0894620137917,0.6423850498807,0.3199978205158,0.0000003276331
60009,0.2437550126968,3.6914108993476,0.0894151797715,0.6424308335881,0.3199935917614,0.0000003276331
60015,0.2437575569803,3.6914494298210,0.0893683457512,0.6423909175300,0.3199598095070,0.0000003276331
60029,0.2437602904947,3.6914908259949,0.0893215117310,0.6424253169875,0.3199526090577,0.0000003276331
60031,0.2437549658849,3.6914101904314,0.0893683457512,0.6423565952558,0.3199469963172,0.0000003276331
60034,0.2437654613596,3.6915691332531,0.0892507125316,0.6423740984727,0.3199050822594,0.0000003276331
60045,0.2437589159424,3.6914700098586,0.0892507125316,0.6423683609492,0.3199016305545,0.0000003276331
60087,0.2437639882720,3.6915468249058,0.0891330793120,0.6424151669550,0.3198690196759,0.0000003210805
60090,0.2437602360599,3.6914900016373,0.0890862452918,0.6424651154383,0.3198659826515,0.0000003210805
60103,0.2437535773782,3.6913891629718,0.0890862452918,0.6424370639206,0.3198545373920,0.0000003210805
60106,0.2437557734045,3.6914224194580,0.0891456183345,0.6423090611992,0.3198347383012,0.0000003210805
60107,0.2437517833406,3.6913619941759,0.0890987843142,0.6422998797041,0.3198105324591,0.0000003210805
60109,0.2437508540991,3.6913479218004,0.0890519502940,0.6422311591396,0.3197657185542,0.0000003210805
60125,0.2437423785783,3.6912195690351,0.0890519502940,0.6422101384428,0.3197563949795,0.0000003210805
60129,0.2437430184894,3.6912292598095,0.0890051162738,0.6422352298311,0.3197454215904,0.0000003210805
60133,0.2437404267118,3.6911900100889,0.0889582822535,0.6422754208301,0.3197391484148,0.0000003210805
60135,0.2437274717665,3.6909938211959,0.0889582822535,0.6422712069720,0.3197348674058,0.0000003210805
60152,0.2437266471380,3.6909813330722,0.0889499908525,0.6422685193616,0.3197301773812,0.0000003210805
60163,0.2437257044162,3.6909670565522,0.0889499908525,0.6421699547685,0.3196947737290,0.0000003210805
60166,0.2437374224220,3.6911445133096,0.0889031568322,0.6421342459977,0.3196644598748,0.0000003210805
60172,0.2437402540706,3.6911873956224,0.0889031568322,0.6420759297014,0.3196442394080,0.0000003210805
60179,0.2437379517102,3.6911525288179,0.0889031568322,0.6420042957982,0.3196181625082,0.0000003210805
60195,0.2437392098797,3.6911715824587,0.0889031568322,0.6419782440916,0.3196091279350,0.0000003146589
60196,0.2437483331573,3.6913097448131,0.0888563228120,0.6417892792779,0.3195235237667,0.0000003146589
60204,0.2437503116791,3.6913397074261,0.0888563228120,0.6417628093210,0.3195144941796,0.0000003146589
60210,0.2437469906026,3.6912894132478,0.0889739560316,0.6376222500332,0.3180854255831,0.0000003146589
60219,0.2437457602014,3.6912707801279,0.0889739560316,0.6374666187653,0.3180295793300,0.0000003146589
60257,0.2437628085178,3.6915289587807,0.0889739560316,0.6374496171864,0.3180271605482,0.0000003146589
60269,0.2437644783369,3.6915542464192,0.0889739560316,0.6374278313761,0.3180197377201,0.0000003146589
60284,0.2437663105850,3.6915819938717,0.0889271220114,0.6374121904209,0.3179944725663,0.0000003146589
60287,0.2437561078071,3.6914274836302,0.0889271220114,0.6368623676279,0.3177959209735,0.0000003146589
60292,0.2437693059156,3.6916273549728,0.0888094887918,0.6368700033208,0.3177510619358,0.0000003146589
60304,0.2437677159884,3.6916032772133,0.0887314945294,0.6369326843397,0.3177396812029,0.0000003083657
60309,0.2437700684516,3.6916389027714,0.0887314945294,0.6367780429943,0.3176849562502,0.0000003083657
60311,0.2437727691077,3.6916798013414,0.0888491277490,0.6364535579044,0.3176200616671,0.0000003083657
60313,0.2437787869509,3.6917709351883,0.0888491277490,0.6361396616729,0.3175092454079,0.0000003083657
60315,0.2437778090849,3.6917561264456,0.0888491277490,0.6361279660848,0.3175048588695,0.0000003083657
60321,0.2437839287758,3.6918488026671,0.0888491277490,0.6361201439860,0.3175033766251,0.0000003083657
60358,0.2437822430242,3.6918232737486,0.0888022937288,0.6361721358016,0.3175015121752,0.0000003083657
60363,0.2437787735197,3.6917707317866,0.0888022937288,0.6361431331455,0.3174904106185,0.0000003083657
60385,0.2437774585043,3.6917508172735,0.0887554597086,0.6361732984868,0.3174808304427,0.0000003083657
60386,0.2437648208858,3.6915594339579,0.0888022937288,0.6361221817088,0.3174799381124,0.0000003083657
60390,0.2437603570382,3.6914918337243,0.0887637511096,0.6360837290462,0.3174487302145,0.0000003083657
60397,0.2437601668406,3.6914889533847,0.0887169170894,0.6361227761253,0.3174425631203,0.0000003083657
60400,0.2437578513300,3.6914538874342,0.0887169170894,0.6361096241999,0.3174373698233,0.0000003083657
60441,0.2437514677674,3.6913572151561,0.0887169170894,0.6359962662110,0.3173955169210,0.0000003021984
60443,0.2437457785568,3.6912710581001,0.0887169170894,0.6359796359329,0.3173883584194,0.0000003021984
60471,0.2437484746389,3.6913118874010,0.0887169170894,0.6359422827211,0.3173755957185,0.0000003021984
60482,0.2437492361809,3.6913234201467,0.0887169170894,0.6351250427285,0.3170838874801,0.0000003021984
60483,0.2437534773635,3.6913876483545,0.0886700830692,0.6351257482517,0.3170649765546,0.0000003021984
60498,0.2437574186913,3.6914473355805,0.0886232490489,0.6348436658301,0.3169450056799,0.0000003021984
60499,0.2437648986852,3.6915606121479,0.0886232490489,0.6348329539477,0.3169427828634,0.0000003021984
60505,0.2437652369387,3.6915657346371,0.0886232490489,0.6347786611174,0.3169234650497,0.0000003021984
60513,0.2437669472261,3.6915916351252,0.0885764150287,0.6348260158600,0.3169206722250,0.0000003021984
60523,0.2437610536975,3.6915023838905,0.0885764150287,0.6348183970891,0.3169166883364,0.0000002961544
60553,0.2437525132363,3.6913730476713,0.0885764150287,0.6345358520908,0.3168139493096,0.0000002961544
60556,0.2437500125819,3.6913351779155,0.0884587818091,0.6345772372069,0.3167777796168,0.0000002961544
60564,0.2437491545866,3.6913221844877,0.0884119477888,0.6345660967845,0.3167535453154,0.0000002961544
60572,0.2437512850907,3.6913544487103,0.0884119477888,0.6345379106125,0.3167439353620,0.0000002961544
60573,0.2437582896514,3.6914605253468,0.0884587818091,0.6344455095702,0.3167325076900,0.0000002961544
60579,0.2437619817693,3.6915164385524,0.0883411485894,0.6345132099848,0.3167070633406,0.0000002961544
60581,0.2437630523236,3.6915326509613,0.0883411485894,0.6343963816891,0.3166655683538,0.0000002961544
60611,0.2437567107298,3.6914366142553,0.0883411485894,0.6343680424033,0.3166540882673,0.0000002961544
60632,0.2437621904424,3.6915195986849,0.0882943145692,0.6343268896764,0.3166204933660,0.0000002902313
60642,0.2437655094811,3.6915698620031,0.0882474805490,0.6341336818318,0.3165321300640,0.0000002902313
60655,0.2437621265626,3.6915186312934,0.0882006465287,0.6341180408766,0.3165057473745,0.0000002902313
60674,0.2437628289185,3.6915292677279,0.0882006465287,0.6333384039186,0.3162274561086,0.0000002902313
60684,0.2437586119717,3.6914654065456,0.0881538125085,0.6331320847146,0.3161327953242,0.0000002902313
60706,0.2437714881769,3.6916604030045,0.0880814376675,0.6331394674712,0.3161071734208,0.0000002902313
60714,0.2437693287278,3.6916277004401,0.0880346036472,0.6329511170540,0.3160193709526,0.0000002902313
60727,0.2437814191721,3.6918107973829,0.0880346036472,0.6329089668426,0.3160069081152,0.0000002902313
60743,0.2437885074586,3.6919181419570,0.0880346036472,0.6328841999724,0.3159995817229,0.0000002844267
60761,0.2437924235591,3.6919774471424,0.0879169704276,0.6329249422000,0.3159645574459,0.0000002844267
60765,0.2437920625166,3.6919719795367,0.0877993372080,0.6329101157977,0.3159087706990,0.0000002844267
60767,0.2438002785284,3.6920964023136,0.0877525031878,0.6329125810874,0.3158913400106,0.0000002844267
60770,0.2438011882093,3.6921101784655,0.0877056691675,0.6328428442317,0.3158465571994,0.0000002844267
60780,0.2438070583309,3.6921990752247,0.0875880359479,0.6329575560988,0.3158383693696,0.0000002844267
60790,0.2438064201309,3.6921894103644,0.0875880359479,0.6298329625026,0.3147223063281,0.0000002844267
60796,0.2438179659919,3.6923642601710,0.0874704027283,0.6298028143806,0.3146635990177,0.0000002844267
60807,0.2438117977119,3.6922708481185,0.0874704027283,0.6297949354274,0.3146594633316,0.0000002844267
60809,0.2438131727165,3.6922916711046,0.0874704027283,0.6297648333407,0.3146490072302,0.0000002844267
60811,0.2438133812056,3.6922948284504,0.0874704027283,0.6289766772464,0.3143675675870,0.0000002844267
60819,0.2438173958223,3.6923556255585,0.0873527695087,0.6290274475089,0.3143361458617,0.0000002844267
60823,0.2438220076713,3.6924254671157,0.0873059354884,0.6290574352406,0.3143277722963,0.0000002844267
60830,0.2438270902470,3.6925024373293,0.0872639661241,0.6290995724043,0.3143259235362,0.0000002844267
60838,0.2438273345615,3.6925061372127,0.0872639661241,0.6290710984642,0.3143158066250,0.0000002844267
60842,0.2438345828979,3.6926159055730,0.0872171321039,0.6291123610405,0.3143120247514,0.0000002844267
60845,0.2438285621270,3.6925247273896,0.0872406179794,0.6290622237194,0.3143028937753,0.0000002844267
60857,0.2438315589261,3.6925701107292,0.0872406179794,0.6290326044476,0.3142929576352,0.0000002787382
60878,0.2438353105384,3.6926269249159,0.0871937839592,0.6290301419279,0.3142728103579,0.0000002787382
60885,0.2438381212667,3.6926694904123,0.0871937839592,0.6289442673131,0.3142427431515,0.0000002787382
60919,0.2438377130742,3.6926633087695,0.0871937839592,0.6289237905121,0.3142353425384,0.0000002787382
60941,0.2438370964439,3.6926539705590,0.0871937839592,0.6288686360298,0.3142155123740,0.0000002787382
60952,0.2438410265961,3.6927134885413,0.0871937839592,0.6288512970959,0.3142101620731,0.0000002787382
60955,0.2438456876137,3.6927840747040,0.0871469499390,0.6288609249278,0.3141945276510,0.0000002787382
60965,0.2438459187128,3.6927875744555,0.0871469499390,0.6288565602053,0.3141930183428,0.0000002731634
60980,0.2438503171967,3.6928541848238,0.0869824826991,0.6288540625096,0.3141225828809,0.0000002731634
60983,0.2438521951512,3.6928826244514,0.0869776180432,0.6288412042153,0.3141163081992,0.0000002731634
60984,0.2438432249799,3.6927467807294,0.0869307840230,0.6283148842207,0.3139063428701,0.0000002731634
61016,0.2438433690579,3.6927489626387,0.0868839500028,0.6283219866907,0.3138888386174,0.0000002731634
61033,0.2438374676280,3.6926595917473,0.0868371159825,0.6283610201989,0.3138814428410,0.0000002731634
61039,0.2438324432666,3.6925835031278,0.0869547492021,0.6282112601835,0.3138772947093,0.0000002731634
61041,0.2438418019259,3.6927252300881,0.0869547492021,0.6281937116957,0.3138730328192,0.0000002731634
61050,0.2438440347238,3.6927590434416,0.0869547492021,0.6281782471014,0.3138679882065,0.0000002731634
61080,0.2438456141294,3.6927829618631,0.0869547492021,0.6281324252893,0.3138519617177,0.0000002677001
61081,0.2438430721629,3.6927444664782,0.0869079151819,0.6279275193952,0.3137581646111,0.0000002677001
61087,0.2438427619737,3.6927397689928,0.0868682762247,0.6279206284783,0.3137386489757,0.0000002677001
61094,0.2438467844097,3.6928006845158,0.0868214422044,0.6279248237063,0.3137209374991,0.0000002677001
61111,0.2438531522571,3.6928971188048,0.0868214422044,0.6279180815751,0.3137198941338,0.0000002677001
61122,0.2438489482622,3.6928334537641,0.0867544113229,0.6279452415627,0.3136999657527,0.0000002677001
61134,0.2438471015924,3.6928054879110,0.0867075773026,0.6279147827310,0.3136686201606,0.0000002677001
61143,0.2438517567482,3.6928759853034,0.0867075773026,0.6278887511787,0.3136603207110,0.0000002677001
61149,0.2438508200453,3.6928617999333,0.0867309254473,0.6278428983622,0.3136537503308,0.0000002677001
61150,0.2438490578521,3.6928351133875,0.0866840914271,0.6276665517305,0.3135703200551,0.0000002677001
61159,0.2438440342032,3.6927590355574,0.0866372574068,0.6277138928760,0.3135660793879,0.0000002677001
61160,0.2438485431057,3.6928273180996,0.0866372574068,0.6240827998803,0.3122702266543,0.0000002677001
61170,0.2438477290241,3.6928149896975,0.0865904233866,0.6239112933647,0.3121887281582,0.0000002677001
61187,0.2438390741800,3.6926839212727,0.0865736532704,0.6238983629627,0.3121750683555,0.0000002623461
61200,0.2438451075288,3.6927752899344,0.0865736532704,0.6238172319646,0.3121473858594,0.0000002623461
61202,0.2438481226771,3.6928209511554,0.0865736532704,0.6237765864002,0.3121335156896,0.0000002623461
61207,0.2438393839819,3.6926886128929,0.0865268192502,0.6237604530151,0.3121058094659,0.0000002623461
61223,0.2438355035876,3.6926298484401,0.0864848498859,0.6238037036051,0.3121024377217,0.0000002623461
61224,0.2438406908978,3.6927084047466,0.0865316839061,0.6237355371289,0.3120992758410,0.0000002623461
61230,0.2438387221193,3.6926785896867,0.0864140506865,0.6237132694931,0.3120404869959,0.0000002623461
61244,0.2438376928471,3.6926630024518,0.0863907025418,0.6237006342004,0.3120257474853,0.0000002623461
61252,0.2438326409550,3.6925864969085,0.0863438685216,0.6237228026398,0.3120125105138,0.0000002623461
61267,0.2438322563612,3.6925806726441,0.0863438685216,0.6237038524375,0.3120056601715,0.0000002623461
61281,0.2438325713741,3.6925854431803,0.0863438685216,0.6236664265285,0.3119923612782,0.0000002623461
61288,0.2438295908488,3.6925403062881,0.0862970345014,0.6236077734003,0.3119507033254,0.0000002623461
61293,0.2438364951459,3.6926448645390,0.0861794012817,0.6235293498452,0.3118737601681,0.0000002623461
61297,0.2438415468876,3.6927213678039,0.0860617680621,0.6236068137593,0.3118520941308,0.0000002570992
61302,0.2438447924356,3.6927705181832,0.0860617680621,0.6235774544997,0.3118423041556,0.0000002570992
61329,0.2438485151029,3.6928268940264,0.0860149340419,0.6235660747654,0.3118189659562,0.0000002570992
61338,0.2438452592391,3.6927775874255,0.0860149340419,0.6231979604682,0.3116867988793,0.0000002570992
61340,0.2438504516202,3.6928562205262,0.0860149340419,0.6231852267754,0.3116833637849,0.0000002570992
61354,0.2438482346170,3.6928226463651,0.0858973008223,0.6231654746468,0.3116254201442,0.0000002570992
61374,0.2438488540951,3.6928320277044,0.0859441348425,0.6231035695345,0.3116235156438,0.0000002570992
61383,0.2438419077757,3.6927268330705,0.0858973008223,0.6230343237205,0.3115772247759,0.0000002570992
61386,0.2438500002941,3.6928493856704,0.0858672369182,0.6230103864587,0.3115575253346,0.0000002570992
61391,0.2438461387712,3.6927909070063,0.0858204028980,0.6230293880643,0.3115434124302,0.0000002570992
61413,0.2438489690134,3.6928337680195,0.0858204028980,0.6230178008329,0.3115398806137,0.0000002519572
61425,0.2438530634821,3.6928957744017,0.0858204028980,0.6230018594768,0.3115350646584,0.0000002519572
61437,0.2438491229043,3.6928360985338,0.0857735688777,0.6230492728740,0.3115310818821,0.0000002519572
61491,0.2438421737616,3.6927308611442,0.0857735688777,0.6229435679190,0.3114918410104,0.0000002519572
61496,0.2438377642010,3.6926640830304,0.0857267348575,0.6228564832068,0.3114397226987,0.0000002519572
61516,0.2438379991794,3.6926676415285,0.0857267348575,0.6228094986995,0.3114229928700,0.0000002469181
61526,0.2438326641474,3.6925868481332,0.0857267348575,0.6227850579699,0.3114131208169,0.0000002469181
61537,0.2438219331013,3.6924243378323,0.0857267348575,0.6218050458949,0.3110608169945,0.0000002469181
61547,0.2438178180393,3.6923620195862,0.0857267348575,0.6217111346879,0.3110263954787,0.0000002469181
61595,0.2438239458878,3.6924548193475,0.0857218702016,0.6217041572559,0.3110231317966,0.0000002469181
61620,0.2438204579430,3.6924019981262,0.0856042369820,0.6206959119728,0.3106118825418,0.0000002469181
61636,0.2438212528069,3.6924140354947,0.0854866037624,0.6198912561611,0.3102742615572,0.0000002419797
61650,0.2438193365586,3.6923850159491,0.0854866037624,0.6198783878421,0.3102692551043,0.0000002419797
61669,0.2438143332474,3.6923092461128,0.0854397697421,0.6199251326033,0.3102648058008,0.0000002419797
61696,0.2438220622381,3.6924262934717,0.0854397697421,0.6189666302479,0.3099241397433,0.0000002419797
61700,0.2438205956227,3.6924040831387,0.0854397697421,0.6183376876388,0.3096992031082,0.0000002419797
61707,0.2438266133811,3.6924952157015,0.0853929357219,0.6145115017645,0.3083139259498,0.0000002419797
61724,0.2438140073276,3.6923043104035,0.0853929357219,0.5203979619752,0.2746992461564,0.0000002419797
61729,0.2438036469487,3.6921474134634,0.0853461017017,0.5204179944222,0.2746841087977,0.0000002419797
61736,0.2437931534326,3.6919885003015,0.0853461017017,0.5204101915451,0.2746790734452,0.0000002419797
61745,0.2437878781633,3.6919086119476,0.0853929357219,0.5203428599275,0.2746739677470,0.0000002371401
61747,0.2437862397760,3.6918838003115,0.0852753025023,0.5203338449173,0.2746199827806,0.0000002371401
61750,0.2437883752638,3.6919161400072,0.0852753025023,0.5202933078745,0.2746059628698,0.0000002371401
61759,0.2437917616523,3.6919674232658,0.0852507202886,0.5202522747490,0.2745814986024,0.0000002371401
61763,0.2437966236673,3.6920410533219,0.0852507202886,0.5202370194549,0.2745770921434,0.0000002371401
61775,0.2438033577631,3.6921430340542,0.0851330870690,0.5202503006751,0.2745328642199,0.0000002371401
61856,0.2437976447282,3.6920565162064,0.0851330870690,0.5196093720191,0.2743027369067,0.0000002323973
61861,0.2438051036831,3.6921694741591,0.0851330870690,0.5195595666001,0.2742865476046,0.0000002323973
61878,0.2438097485608,3.6922398159014,0.0850862530488,0.5189670382693,0.2740558539515,0.0000002323973
61899,0.2438103475091,3.6922488863373,0.0851330870690,0.5188892445978,0.2740482705664,0.0000002323973
61901,0.2438050054875,3.6921679870914,0.0851019268268,0.5188699632132,0.2740268852493,0.0000002323973
61912,0.2438020650612,3.6921234574564,0.0851019268268,0.5188632516767,0.2740238581806,0.0000002323973
61927,0.2437982658440,3.6920659223458,0.0850550928066,0.5188603142395,0.2740019232549,0.0000002323973
61937,0.2437961596054,3.6920340255973,0.0850550928066,0.5187910315062,0.2739767280848,0.0000002323973
61957,0.2437971571140,3.6920491318061,0.0851019268268,0.5185598528935,0.2739144497693,0.0000002323973
61984,0.2437944274410,3.6920077938058,0.0851019268268,0.5185456264703,0.2739087839740,0.0000002277494
61998,0.2437926631239,3.6919810750976,0.0851019268268,0.5185439944498,0.2739078230416,0.0000002277494
62020,0.2437934395149,3.6919928327142,0.0851019268268,0.5184838694917,0.2738865162117,0.0000002277494
62035,0.2437898538600,3.6919385317781,0.0850550928066,0.5184793107382,0.2738640480079,0.0000002277494
62041,0.2437873649300,3.6919008395754,0.0850550928066,0.5183335109906,0.2738114433273,0.0000002277494
62077,0.2437813614998,3.6918099239982,0.0850082587864,0.5181485149715,0.2737240151482,0.0000002231944
62089,0.2437704813492,3.6916451556667,0.0850082587864,0.5181501469919,0.2737222665518,0.0000002231944
62109,0.2437712571069,3.6916569036945,0.0850082587864,0.5180851562635,0.2736992218112,0.0000002231944
62113,0.2437609371444,3.6915006188172,0.0850082587864,0.5180841771215,0.2736966606971,0.0000002231944
62162,0.2437598768103,3.6914845611835,0.0849614247662,0.5179079791592,0.2736134339160,0.0000002231944
62164,0.2437559873543,3.6914256595010,0.0849145907459,0.5178774443735,0.2735816234576,0.0000002231944
62179,0.2437552665126,3.6914147431193,0.0849145907459,0.5178680617851,0.2735781180671,0.0000002231944
62180,0.2437603471778,3.6914916843998,0.0848677567257,0.5178081845887,0.2735377503451,0.0000002231944
62187,0.2437574103588,3.6914472093928,0.0848209227055,0.5178413988663,0.2735289115458,0.0000002187305
62211,0.2437576415006,3.6914507097901,0.0847032894858,0.5177947841956,0.2734618987425,0.0000002187305
62218,0.2437629160292,3.6915305869273,0.0846564554656,0.5178229407663,0.2734530131938,0.0000002187305
62219,0.2437559270347,3.6914247460242,0.0846096214454,0.5178384869971,0.2734369960544,0.0000002187305
62231,0.2437660845154,3.6915785702874,0.0844919882257,0.5179159910292,0.2734164384319,0.0000002187305
62236,0.2437607767279,3.6914981894798,0.0843743550061,0.5179708546852,0.2733844809747,0.0000002187305
62257,0.2437639187378,3.6915457718837,0.0843275209859,0.5179259954257,0.2733490613755,0.0000002187305
62275,0.2437704370626,3.6916444849930,0.0842387176013,0.5178965654784,0.2733018888705,0.0000002187305
62318,0.2437704551457,3.6916447588430,0.0842387176013,0.5178769992089,0.2732949047921,0.0000002143559
62378,0.2437685134676,3.6916153541890,0.0841918835811,0.5177359597209,0.2732240457495,0.0000002143559
62388,0.2437647330312,3.6915581034929,0.0841450495609,0.5177387106691,0.2732041464146,0.0000002143559
62397,0.2437672526629,3.6915962606411,0.0840758094754,0.5177040406234,0.2731626298542,0.0000002143559
62400,0.2437605242059,3.6914943653020,0.0840758094754,0.5176342458112,0.2731362613233,0.0000002143559
62415,0.2437637347277,3.6915429852460,0.0839581762558,0.5176580043811,0.2730950202588,0.0000002100688
62458,0.2437627484465,3.6915280490652,0.0839113422356,0.5176076464544,0.2730567522161,0.0000002100688
62459,0.2437669256429,3.6915913082695,0.0839113422356,0.5176024137022,0.2730557784895,0.0000002100688
62469,0.2437650953270,3.6915635900781,0.0838645082154,0.5175508527644,0.2730168999353,0.0000002100688
62472,0.2437695825404,3.6916315441616,0.0838645082154,0.5175404315289,0.2730141396113,0.0000002100688
62485,0.2437670479650,3.6915931607080,0.0838176741951,0.5175844961301,0.2730092621226,0.0000002100688
62490,0.2437782153044,3.6917622782083,0.0838176741951,0.5140284177217,0.2717416271209,0.0000002100688
62497,0.2437845576018,3.6918583255702,0.0837000409755,0.5141506802707,0.2717362371437,0.0000002100688
62502,0.2437960037617,3.6920316655106,0.0837000409755,0.5141334584605,0.2717325392458,0.0000002100688
62506,0.2437953040292,3.6920210688040,0.0837000409755,0.5141138921910,0.2717254013497,0.0000002100688
62519,0.2437932431136,3.6919898584260,0.0836532069553,0.5139635210368,0.2716511840183,0.0000002058674
62544,0.2437900190094,3.6919410327893,0.0836532069553,0.5139199012217,0.2716349146334,0.0000002058674
62557,0.2437899411813,3.6919398541665,0.0836521106172,0.5138748952580,0.2716183545384,0.0000002058674
62558,0.2437889665081,3.6919250937748,0.0836989446374,0.5134333576258,0.2714805253913,0.0000002058674
62571,0.2437953509628,3.6920217795640,0.0836989446374,0.5133948531684,0.2714681418968,0.0000002058674
62580,0.2437978492130,3.6920596129116,0.0836521106172,0.5133836208456,0.2714445939693,0.0000002058674
62584,0.2438003844449,3.6920980063071,0.0836052765970,0.5133964610396,0.2714296512939,0.0000002058674
62601,0.2438038072976,3.6921498417767,0.0836052765970,0.5133752855221,0.2714228220775,0.0000002058674
62604,0.2438036878346,3.6921480326371,0.0835584425767,0.5134176284150,0.2714178472171,0.0000002058674
62630,0.2438073436988,3.6922033968198,0.0835584425767,0.5134053961886,0.2714142619643,0.0000002017500
62634,0.2438024227120,3.6921288736987,0.0835116085565,0.5133490466782,0.2713730109190,0.0000002017500
62651,0.2437944635395,3.6920083404802,0.0835116085565,0.5131763907703,0.2713096425578,0.0000002017500
62670,0.2438048370201,3.6921654358316,0.0835116085565,0.5128594542887,0.2711986738459,0.0000002017500
62672,0.2438076260592,3.6922076728683,0.0835116085565,0.5128453862290,0.2711942471901,0.0000002017500
62678,0.2438103259160,3.6922485593327,0.0835116085565,0.5126155608764,0.2711127452478,0.0000002017500
62679,0.2438063899166,3.6921889528000,0.0834838750595,0.5126121408846,0.2710987946093,0.0000002017500
62700,0.2438074072012,3.6922043584950,0.0834538111554,0.5124016320491,0.2710109463416,0.0000002017500
62704,0.2438029808477,3.6921373260703,0.0834538111554,0.5123718973541,0.2709993783033,0.0000002017500
62723,0.2438051659903,3.6921704177352,0.0835006451757,0.5122342509570,0.2709707588436,0.0000002017500
62726,0.2438043120117,3.6921574851364,0.0834538111554,0.5122206878071,0.2709456601431,0.0000002017500
62738,0.2438022337245,3.6921260116827,0.0835006451757,0.5121222648184,0.2709301354514,0.0000002017500
62783,0.2437983690304,3.6920674849935,0.0834342313286,0.5121233504041,0.2709012319345,0.0000001977150
62825,0.2438096284657,3.6922379971881,0.0833873973084,0.5116124794755,0.2707011190446,0.0000001977150
62867,0.2438088880571,3.6922267844861,0.0833405632881,0.5116153857573,0.2706819266205,0.0000001937607
62878,0.2438058624813,3.6921809653528,0.0832937292679,0.5115418980887,0.2706349609639,0.0000001937607
62886,0.2438141862518,3.6923070200201,0.0832468952477,0.5115553577545,0.2706214799296,0.0000001937607
62923,0.2438143688362,3.6923097850664,0.0832000612275,0.5116064438713,0.2706196923735,0.0000001937607
62926,0.2438203852944,3.6924008979399,0.0831532272072,0.5115361369802,0.2705758002877,0.0000001937607
62928,0.2438217810343,3.6924220349384,0.0831515138346,0.5114936793025,0.2705602016159,0.0000001937607
62941,0.2438207394619,3.6924062614302,0.0831046798144,0.5115504743284,0.2705601906367,0.0000001937607
62946,0.2438262511844,3.6924897306164,0.0831046798144,0.5115212800145,0.2705509451794,0.0000001937607
62958,0.2438273596590,3.6925065172882,0.0829870465948,0.5114644849886,0.2704804845349,0.0000001937607
62959,0.2438249737296,3.6924703849204,0.0829870465948,0.5082423444171,0.2693292087745,0.0000001937607
62979,0.2438218350939,3.6924228536143,0.0829870465948,0.5082297483085,0.2693240375995,0.0000001898855
62980,0.2438332246614,3.6925953365228,0.0829870465948,0.5081818154882,0.2693093593567,0.0000001898855
62997,0.2438295747898,3.6925400630925,0.0829870465948,0.5081288498246,0.2692896609329,0.0000001898855
63011,0.2438303985579,3.6925525381856,0.0829419259471,0.5081199249703,0.2692673125863,0.0000001898855
63012,0.2438352173364,3.6926255134705,0.0829419259471,0.5080741679641,0.2692520033937,0.0000001898855
63038,0.2438448743542,3.6927717587526,0.0828950919269,0.5080770370707,0.2692350257127,0.0000001898855
63041,0.2438423442830,3.6927334435112,0.0828482579067,0.5081278016168,0.2692325420267,0.0000001898855
63044,0.2438356155923,3.6926315446331,0.0828482579067,0.5081267667969,0.2692307305858,0.0000001898855
63058,0.2438243013027,3.6924602017286,0.0828014238864,0.5081797876990,0.2692271704087,0.0000001898855
63064,0.2438071761188,3.6922008589978,0.0828014238864,0.5081556475570,0.2692148792471,0.0000001898855
63090,0.2438045471574,3.6921610461682,0.0828014238864,0.5081428467040,0.2692097441651,0.0000001860878
63104,0.2438035249119,3.6921455653457,0.0828482579067,0.5080293331780,0.2691890562904,0.0000001860878
63128,0.2437904465846,3.6919475079624,0.0828554529697,0.5080208946331,0.2691863236241,0.0000001860878
63133,0.2437880096044,3.6919106024840,0.0828086189494,0.5080536708107,0.2691774354688,0.0000001860878
63177,0.2437902936010,3.6919451911878,0.0827617849292,0.5080471300647,0.2691555171930,0.0000001860878
63180,0.2437963944622,3.6920375822536,0.0826441517096,0.5080003705523,0.2690897104575,0.0000001860878
63276,0.2437958881705,3.6920299150042,0.0826513467726,0.5079850828299,0.2690872256640,0.0000001823661
63277,0.2437947127373,3.6920121143166,0.0826045127523,0.5079994448290,0.2690720313479,0.0000001823661
63300,0.2437953415039,3.6920216363184,0.0826018407726,0.5080022282736,0.2690720150368,0.0000001823661
63303,0.2437937687492,3.6919978186190,0.0826366150739,0.5079515919436,0.2690684968864,0.0000001787187
63311,0.2438000921500,3.6920935798113,0.0825897810537,0.5079845919710,0.2690615659019,0.0000001787187
63330,0.2437990215750,3.6920773670889,0.0825897810537,0.5075777607333,0.2689160396224,0.0000001787187
63337,0.2437933268673,3.6919911267859,0.0824748198138,0.5076206149073,0.2688808552872,0.0000001787187
63361,0.2437924836652,3.6919783573860,0.0825924530334,0.5073775135355,0.2688442669196,0.0000001787187
63365,0.2437847331267,3.6918609837082,0.0825908939195,0.5073768448996,0.2688416990996,0.0000001787187
63393,0.2437828046455,3.6918317789078,0.0825440598992,0.5073242048616,0.2688024141172,0.0000001787187
63406,0.2437882143021,3.6919137024133,0.0825440598992,0.5072813506875,0.2687882682671,0.0000001787187
63425,0.2437943228372,3.6920062096934,0.0825440598992,0.5072280448536,0.2687705394411,0.0000001751444
63432,0.2438040854589,3.6921540542345,0.0824972258790,0.5072322396804,0.2687540578609,0.0000001751444
63437,0.2438050555110,3.6921687446436,0.0823795926594,0.5072104280347,0.2686960616188,0.0000001751444
63449,0.2438032641986,3.6921416171186,0.0823795926594,0.5071482412654,0.2686734682057,0.0000001751444
63466,0.2438128228695,3.6922863730434,0.0823604921361,0.5070934435876,0.2686477599545,0.0000001751444
63489,0.2438212084399,3.6924133636036,0.0823604921361,0.5070152421882,0.2686216277912,0.0000001751444
63494,0.2438193258125,3.6923848532103,0.0823604921361,0.5070113365214,0.2686198294901,0.0000001751444
63526,0.2438123615012,3.6922793861103,0.0824067091219,0.5068660812774,0.2685862675444,0.0000001751444
63537,0.2438149370681,3.6923183903353,0.0823598751016,0.5069180730930,0.2685853162342,0.0000001716415
63539,0.2438183769150,3.6923704831662,0.0823598751016,0.5068592736818,0.2685650535546,0.0000001716415
63541,0.2438170713481,3.6923507117417,0.0823598751016,0.5067684977453,0.2685323538129,0.0000001716415
63559,0.2438118028778,3.6922709263506,0.0822422418820,0.5068687846419,0.2685166273668,0.0000001716415
63572,0.2438125308405,3.6922819505735,0.0822002725177,0.5068331651966,0.2684860752579,0.0000001716415
63580,0.2438124803471,3.6922811859042,0.0821954078618,0.5068226939124,0.2684802398410,0.0000001716415
63584,0.2438226722793,3.6924355318981,0.0821719219862,0.5067717129972,0.2684541509815,0.0000001716415
63599,0.2438245500682,3.6924639690177,0.0821719219862,0.5066805970303,0.2684220119481,0.0000001716415
63600,0.2438268972217,3.6924995141649,0.0821250879660,0.5067088374718,0.2684125290586,0.0000001716415
63616,0.2438370158502,3.6926527500520,0.0821017398213,0.5067149774797,0.2684068838484,0.0000001716415
63632,0.2438351144897,3.6926239559655,0.0821017398213,0.5066997601658,0.2684010416590,0.0000001716415
63651,0.2438383277033,3.6926726166745,0.0821017398213,0.5066774374341,0.2683937578006,0.0000001682086
63652,0.2438435003160,3.6927509504029,0.0819841066017,0.5067418206982,0.2683674460035,0.0000001682086
63661,0.2438409725907,3.6927126706869,0.0819841066017,0.5066777032061,0.2683440052438,0.0000001682086
63666,0.2438377196086,3.6926634077255,0.0819563731047,0.5066749522578,0.2683304399102,0.0000001682086
63669,0.2438276703793,3.6925112228164,0.0819286396077,0.5066766819496,0.2683170184666,0.0000001682086
63681,0.2438218691828,3.6924233698548,0.0819286396077,0.5060327458609,0.2680857981785,0.0000001682086
63688,0.2438216484276,3.6924200267514,0.0819286396077,0.5060003393613,0.2680741771240,0.0000001682086
63698,0.2438178150378,3.6923619741316,0.0819286396077,0.5059570293834,0.2680578878340,0.0000001682086
63714,0.2438240407517,3.6924562559599,0.0819286396077,0.5059511701217,0.2680571293221,0.0000001682086
63723,0.2438251238316,3.6924726580551,0.0818818055875,0.5059701104121,0.2680440540772,0.0000001682086
63727,0.2438267262205,3.6924969245335,0.0818818055875,0.5059660282888,0.2680429395450,0.0000001682086
63761,0.2438159528689,3.6923337735601,0.0817641723679,0.5054041405781,0.2677895425503,0.0000001648445
63767,0.2438234392580,3.6924471469757,0.0817450718446,0.5053772249936,0.2677733481293,0.0000001648445
63774,0.2438193269181,3.6923848699536,0.0817450718446,0.5053543692803,0.2677643041588,0.0000001648445
63803,0.2438167179577,3.6923453600183,0.0816982378244,0.5054053640065,0.2677618857751,0.0000001648445
63811,0.2438098746314,3.6922417251071,0.0816514038042,0.5054440642312,0.2677541691339,0.0000001648445
63860,0.2438152079016,3.6923224918212,0.0816514038042,0.5053869749096,0.2677349229341,0.0000001648445
63891,0.2438151631251,3.6923218137299,0.0815337705845,0.5054335187499,0.2677011219023,0.0000001615476
63900,0.2438114669943,3.6922658397526,0.0815615040815,0.5053736177831,0.2676908224562,0.0000001615476
63918,0.2438116013019,3.6922678736979,0.0815615040815,0.5053329814528,0.2676763382613,0.0000001615476
63924,0.2438043454651,3.6921579917524,0.0815597907090,0.5052623354539,0.2676488184227,0.0000001615476
63927,0.2438129443186,3.6922882122606,0.0815129566887,0.5052407789960,0.2676228905763,0.0000001615476
63950,0.2438101295208,3.6922455851365,0.0814661226685,0.5052919842989,0.2676205032906,0.0000001615476
63958,0.2438093458585,3.6922337174018,0.0815129566887,0.5050830457733,0.2675657861839,0.0000001615476
63975,0.2438201728554,3.6923976807770,0.0814661226685,0.5051107981517,0.2675579460954,0.0000001615476
63988,0.2438241949376,3.6924585909413,0.0814661226685,0.5050876142011,0.2675505279878,0.0000001583166
64002,0.2438229573853,3.6924398495263,0.0814661226685,0.5050526512676,0.2675377760361,0.0000001583166
64006,0.2438223464986,3.6924305982953,0.0814210020208,0.5050672229049,0.2675235118675,0.0000001583166
64028,0.2438287222360,3.6925271520693,0.0814138069578,0.5050207459585,0.2675051955891,0.0000001583166
64036,0.2438297197600,3.6925422585125,0.0813669729376,0.5050458373467,0.2674942988314,0.0000001583166
64058,0.2438297676261,3.6925429833937,0.0813669729376,0.5050204482022,0.2674852415368,0.0000001583166
64060,0.2438241156447,3.6924573901341,0.0813669729376,0.5049723563425,0.2674668547337,0.0000001583166
64071,0.2438216740703,3.6924204150828,0.0813669729376,0.5048677772290,0.2674289818558,0.0000001583166
64073,0.2438192977321,3.6923844279631,0.0812739219316,0.5049006958692,0.2674003502952,0.0000001583166
64089,0.2438192349797,3.6923834776452,0.0812739219316,0.5048914029000,0.2673970179306,0.0000001583166
64108,0.2438181085388,3.6923664188930,0.0812739219316,0.5048813860355,0.2673931990988,0.0000001551503
64154,0.2438106745225,3.6922538386080,0.0812319525673,0.5048175598093,0.2673508241441,0.0000001551503
64177,0.2438064715885,3.6921901896345,0.0812319525673,0.5047939241284,0.2673414822008,0.0000001551503
64182,0.2438029451866,3.6921367860209,0.0811851185471,0.5048434441443,0.2673383405403,0.0000001551503
64196,0.2438020963963,3.6921239319928,0.0811851185471,0.5047922857422,0.2673198877987,0.0000001551503
64200,0.2437981529855,3.6920642132233,0.0811382845269,0.5047303390707,0.2672768472480,0.0000001551503
64226,0.2437860866393,3.6918814812190,0.0811334198710,0.5047145879227,0.2672665513398,0.0000001520473
64248,0.2437849525862,3.6918643071890,0.0810865858507,0.5046674864447,0.2672294146490,0.0000001520473
64252,0.2437950844019,3.6920177427811,0.0810865858507,0.5045282770321,0.2671818681050,0.0000001520473
64269,0.2438027242064,3.6921334395114,0.0809689526311,0.5045989414906,0.2671583282756,0.0000001520473
64309,0.2438050799943,3.6921691154182,0.0809221186109,0.5046263701221,0.2671485573042,0.0000001520473
64317,0.2438068158158,3.6921954025914,0.0808943851139,0.5046524423380,0.2671463549872,0.0000001520473
64320,0.2438033730497,3.6921432655542,0.0808943851139,0.5046046729487,0.2671285567554,0.0000001490063
64326,0.2437997065145,3.6920877397705,0.0808524157496,0.5045685887248,0.2670968969761,0.0000001490063
64339,0.2437984270154,3.6920683631145,0.0808524157496,0.5043766342913,0.2670280676429,0.0000001490063
64341,0.2437970823149,3.6920479990536,0.0808055817293,0.5037466716739,0.2667827211207,0.0000001490063
64357,0.2437990489750,3.6920777820331,0.0808029097496,0.5037425397786,0.2667805217368,0.0000001490063
64383,0.2438016452831,3.6921171003634,0.0808029097496,0.5004922689972,0.2656202670952,0.0000001490063
64408,0.2437946634510,3.6920113679270,0.0807554586949,0.5004287022128,0.2655757323990,0.0000001490063
64413,0.2437917163695,3.6919667375067,0.0806378254752,0.5005187546539,0.2655568482307,0.0000001490063
64441,0.2437939474812,3.6920005253245,0.0805909914550,0.5004709793436,0.2655201919922,0.0000001460262
64480,0.2437976098303,3.6920559877137,0.0804733582354,0.5005836880800,0.2655108156645,0.0000001460262
64502,0.2438067044756,3.6921937164620,0.0804265242151,0.5006160647922,0.2655042559056,0.0000001460262
64552,0.2438163019270,3.6923390596749,0.0804265242151,0.5005990253267,0.2655002269790,0.0000001431057
64573,0.2438194527150,3.6923867750149,0.0804265242151,0.4999805395094,0.2652800143559,0.0000001431057
64584,0.2438085411426,3.6922215308337,0.0803796901949,0.4999832893199,0.2652585865140,0.0000001431057
64604,0.2438060641170,3.6921840189114,0.0803796901949,0.4999197262775,0.2652353546363,0.0000001431057
64642,0.2438045390479,3.6921609233591,0.0803796901949,0.4999146844222,0.2652332271732,0.0000001431057
64664,0.2438102887906,3.6922479971084,0.0803328561747,0.4170932485562,0.2356353033001,0.0000001402436
64679,0.2438031803422,3.6921403472024,0.0802886941342,0.4171292768712,0.2356277207277,0.0000001402436
64696,0.2438069906829,3.6921980507673,0.0802185119693,0.4171370241845,0.2356012260562,0.0000001402436
64697,0.2438147558263,3.6923156456220,0.0801716779491,0.4171403965913,0.2355840227236,0.0000001402436
64698,0.2438156926995,3.6923298335718,0.0801248439288,0.4169702550172,0.2355033869113,0.0000001402436
64721,0.2438071367096,3.6922002621877,0.0801248439288,0.4165141273431,0.2353386507441,0.0000001402436
64744,0.2438045572237,3.6921611986119,0.0800780099086,0.4164841120001,0.2353073065088,0.0000001402436
64747,0.2438026604060,3.6921324733212,0.0800534276949,0.4165093680499,0.2353053848312,0.0000001402436
64769,0.2437929330885,3.6919851634243,0.0800534276949,0.4165104474122,0.2353036858926,0.0000001402436
64773,0.2437967268660,3.6920426161570,0.0800065936747,0.4163452580835,0.2352254309331,0.0000001402436
64781,0.2438062225220,3.6921864177862,0.0799635279723,0.4162897149885,0.2351891721673,0.0000001374387
64797,0.2437977910313,3.6920587318107,0.0799166939521,0.4162563544564,0.2351553792206,0.0000001374387
64823,0.2438026803920,3.6921327759881,0.0799166939521,0.4129952593756,0.2339917501262,0.0000001374387
64854,0.2437984984689,3.6920694452028,0.0799166939521,0.4129341001204,0.2339690114087,0.0000001374387
64855,0.2437988224241,3.6920743511601,0.0799652413449,0.4127257851623,0.2339154886538,0.0000001374387
64872,0.2438045934764,3.6921617476206,0.0799484712287,0.4127033732177,0.2339015338493,0.0000001374387
64905,0.2438024257550,3.6921289197816,0.0798308380091,0.4126283670799,0.2338238671942,0.0000001346899
64930,0.2437989157243,3.6920757640918,0.0798308380091,0.4095491254659,0.2327233858969,0.0000001346899
64935,0.2437983855814,3.6920677356413,0.0797132047895,0.4094702888517,0.2326447021243,0.0000001346899
64937,0.2438021291751,3.6921244283927,0.0796854712925,0.4094774054273,0.2326361601726,0.0000001346899
64938,0.2438107595478,3.6922551262254,0.0796854712925,0.4093313442009,0.2325858448145,0.0000001346899
64939,0.2438161053281,3.6923360823940,0.0796386372723,0.4093673494847,0.2325797776458,0.0000001346899
64944,0.2438171036172,3.6923512004223,0.0795918032520,0.4092849451731,0.2325304897307,0.0000001346899
64969,0.2438190867947,3.6923812335407,0.0795869385961,0.4092673335823,0.2325225399909,0.0000001346899
64972,0.2438228587956,3.6924383564891,0.0795401045759,0.4092552878970,0.2324989745234,0.0000001346899
65009,0.2438204800610,3.6924023330795,0.0794932705557,0.4091735306290,0.2324491940473,0.0000001319961
65021,0.2438318257233,3.6925741510905,0.0794765004395,0.4091599819392,0.2324395992502,0.0000001319961
65026,0.2438221719142,3.6924279543993,0.0794765004395,0.4090787799869,0.2324085298796,0.0000001319961
65029,0.2438214781350,3.6924174478498,0.0794765004395,0.4090268293687,0.2323898274204,0.0000001319961
65054,0.2438160276469,3.6923349059948,0.0793588672199,0.4090390456188,0.2323426081681,0.0000001319961
65055,0.2438175576015,3.6923580755326,0.0793756373360,0.4089867074356,0.2323314309999,0.0000001319961
65071,0.2438220457659,3.6924260440175,0.0793288033158,0.4090315764465,0.2323283456732,0.0000001319961
65090,0.2438242961322,3.6924601234257,0.0792819692956,0.4090816358465,0.2323266345287,0.0000001319961
65096,0.2438285790515,3.6925249836921,0.0793288033158,0.4089961183207,0.2323170820466,0.0000001319961
65108,0.2438272146890,3.6925043218708,0.0793288033158,0.4089247326784,0.2322912948110,0.0000001319961
65115,0.2438220588744,3.6924262425314,0.0792819692956,0.4088831362106,0.2322552623893,0.0000001319961
65123,0.2438252371733,3.6924743744954,0.0793288033158,0.4088055124801,0.2322482924154,0.0000001293562
65125,0.2438257011464,3.6924814008745,0.0792819692956,0.4055807434833,0.2310766169021,0.0000001293562
65142,0.2438150739783,3.6923204636964,0.0792819692956,0.4055778156168,0.2310732939852,0.0000001293562
65163,0.2438116653829,3.6922688441374,0.0792819692956,0.4055609674144,0.2310665463567,0.0000001293562
65176,0.2438203371531,3.6924001688912,0.0792819692956,0.4055398229024,0.2310608529818,0.0000001293562
65188,0.2438096196668,3.6922378639385,0.0792782009777,0.4055236420122,0.2310511624949,0.0000001293562
65190,0.2438035936347,3.6921466060786,0.0792782009777,0.4054960216413,0.2310400067841,0.0000001293562
65213,0.2438031238086,3.6921394910624,0.0792656619553,0.4053244545637,0.2309732582840,0.0000001293562
65230,0.2438034559747,3.6921445213653,0.0792656619553,0.4052852191706,0.2309593168221,0.0000001267691
65233,0.2437995480298,3.6920853396873,0.0792488918391,0.4052220879010,0.2309287453306,0.0000001267691
65261,0.2438002947397,3.6920966478172,0.0791312586195,0.4052004755306,0.2308707723992,0.0000001267691
65286,0.2438107906670,3.6922555974933,0.0791312586195,0.4051868522570,0.2308681560716,0.0000001267691
65291,0.2438150757640,3.6923204907388,0.0790892892552,0.4052301028470,0.2308665340756,0.0000001267691
65306,0.2438113307983,3.6922637772087,0.0789716560355,0.4052318341961,0.2308159356849,0.0000001267691
65318,0.2438140887339,3.6923055432155,0.0789716560355,0.4049913950984,0.2307306555648,0.0000001267691
65319,0.2438206518798,3.6924049350930,0.0789716560355,0.4049652497735,0.2307227243371,0.0000001267691
65330,0.2438156642887,3.6923294033207,0.0789248220153,0.4050102250027,0.2307176464265,0.0000001267691
65366,0.2438225207743,3.6924332375162,0.0788087479096,0.4049890005220,0.2306617894565,0.0000001242337
65408,0.2438251430215,3.6924729486663,0.0788070345371,0.4047919425175,0.2305912392053,0.0000001242337
65418,0.2438257258442,3.6924817748974,0.0787612968549,0.4047761405188,0.2305661186612,0.0000001242337
65474,0.2438200471263,3.6923957767431,0.0787144628347,0.4047894801412,0.2305495942209,0.0000001217490
65478,0.2438179133548,3.6923634630391,0.0787095981788,0.4047681226678,0.2305394244626,0.0000001217490
65497,0.2438236357770,3.6924501230481,0.0787095981788,0.4047122572619,0.2305206987652,0.0000001217490
65500,0.2438229048575,3.6924390540476,0.0786627641585,0.4047678377875,0.2305203206044,0.0000001217490
65514,0.2438270006325,3.6925010802123,0.0786627641585,0.4046599365643,0.2304826621193,0.0000001217490
65533,0.2438323083765,3.6925814603600,0.0786159301383,0.4046424755719,0.2304574917013,0.0000001217490
65547,0.2438310949935,3.6925630849638,0.0785690961181,0.4046927881076,0.2304551287305,0.0000001217490
65548,0.2438305153996,3.6925543076295,0.0785390322140,0.4046126335021,0.2304134933567,0.0000001217490
65573,0.2438319416999,3.6925759074323,0.0785390322140,0.4046044410647,0.2304108731219,0.0000001193141
65587,0.2438266736504,3.6924961284150,0.0784921981938,0.4045484154624,0.2303696633875,0.0000001193141
65630,0.2438340894993,3.6926084335742,0.0784621342897,0.4045716054056,0.2303666500903,0.0000001193141
65634,0.2438353615783,3.6926276978604,0.0784615172552,0.4045040714692,0.2303425389723,0.0000001193141
65640,0.2438407727181,3.6927096438287,0.0784314533512,0.4045234062122,0.2303377192373,0.0000001193141
65645,0.2438428340381,3.6927408603314,0.0783426499666,0.4045053532789,0.2302936548792,0.0000001193141
65662,0.2438415791534,3.6927218564349,0.0783514206712,0.4044918231342,0.2302923126542,0.0000001193141
65670,0.2438416800880,3.6927233849824,0.0783558060236,0.4044336269960,0.2302734293847,0.0000001193141
65673,0.2438366428220,3.6926471009359,0.0782381728039,0.4045347272550,0.2302580429689,0.0000001193141
65689,0.2438260023297,3.6924859619755,0.0782381728039,0.4044817844899,0.2302368547330,0.0000001169278
65695,0.2438321804449,3.6925795229722,0.0782381728039,0.4044471861961,0.2302258220813,0.0000001169278
65697,0.2438287569025,3.6925276770571,0.0782850068242,0.4043652892101,0.2302159112645,0.0000001169278
65701,0.2438271375718,3.6925031540129,0.0782850068242,0.4014788788213,0.2291847034119,0.0000001169278
65733,0.2438201552100,3.6923974135550,0.0782549429201,0.4014476583167,0.2291591724810,0.0000001169278
65740,0.2438174943189,3.6923571171844,0.0783725761397,0.4012138748721,0.2291255224397,0.0000001169278
65746,0.2438080491675,3.6922140803932,0.0783725761397,0.4012076550579,0.2291212771164,0.0000001169278
65751,0.2438164252807,3.6923409277365,0.0782795251338,0.4012029084989,0.2290814977957,0.0000001169278
65757,0.2438049576045,3.6921672619534,0.0783263591540,0.4009577831237,0.2290115673826,0.0000001169278
65764,0.2438047558989,3.6921642073365,0.0782795251338,0.4009802174961,0.2289994647128,0.0000001169278
65768,0.2437903271357,3.6919456990360,0.0782795251338,0.4002668355072,0.2287415935533,0.0000001169278
65776,0.2437889835539,3.6919253519150,0.0782795251338,0.4002044192681,0.2287190141289,0.0000001169278
65829,0.2437888793791,3.6919237742994,0.0782795251338,0.4001885297267,0.2287133169696,0.0000001145892
65868,0.2437971155775,3.6920485027797,0.0782795251338,0.4001559576022,0.2287034489676,0.0000001145892
65930,0.2437987728883,3.6920736009932,0.0782506952987,0.4001793317295,0.2286997963646,0.0000001122974
65946,0.2438029609712,3.6921370250620,0.0782055746511,0.4001626229264,0.2286753889608,0.0000001122974
65947,0.2437960951374,3.6920330492987,0.0782055746511,0.4001527182849,0.2286703803388,0.0000001122974
65952,0.2437871906439,3.6918982001974,0.0782524086713,0.3996905182964,0.2285234725315,0.0000001122974
65995,0.2437842006044,3.6918529192236,0.0782524086713,0.3968991143748,0.2275259018368,0.0000001122974
66012,0.2437922064528,3.6919741592984,0.0782524086713,0.3968154026251,0.2274977203223,0.0000001122974
66023,0.2437922204091,3.6919743706519,0.0782976835776,0.3961711437224,0.2272870343789,0.0000001122974
66036,0.2438001446533,3.6920943749168,0.0783031652680,0.3961200700227,0.2272728411201,0.0000001100515
66047,0.2438018690885,3.6921204896574,0.0783031652680,0.3960839726604,0.2272603187268,0.0000001100515
66048,0.2438100552379,3.6922444602001,0.0782578903617,0.3960647381680,0.2272357999089,0.0000001100515
66102,0.2438152560611,3.6923232211466,0.0782578903617,0.3960475962707,0.2272307922648,0.0000001100515
66109,0.2438038810148,3.6921509581454,0.0782824725754,0.3960213615110,0.2272295204322,0.0000001100515
66179,0.2438074645012,3.6922052262430,0.0782356385551,0.3960586862193,0.2272235468522,0.0000001078505
66181,0.2438098539486,3.6922414118878,0.0782356385551,0.3959672569910,0.2271914055808,0.0000001078505
66229,0.2438046070809,3.6921619536455,0.0782356385551,0.3959257460502,0.2271754559160,0.0000001078505
66232,0.2438077971956,3.6922102645470,0.0782824725754,0.3957287881523,0.2271258691286,0.0000001078505
66241,0.2438172789449,3.6923538555734,0.0782644683902,0.3956566333363,0.2270944152755,0.0000001078505
66265,0.2438184112613,3.6923710033040,0.0782644683902,0.3955518367829,0.2270572305743,0.0000001056934
66278,0.2438149267513,3.6923182340993,0.0782644683902,0.3954890112594,0.2270340462066,0.0000001056934
66362,0.2438155559384,3.6923277624697,0.0782176343699,0.3955063654411,0.2270203072315,0.0000001056934
66384,0.2438258688339,3.6924839403246,0.0782176343699,0.3954325444623,0.2269961525024,0.0000001035796
66389,0.2438206668992,3.6924051625456,0.0781180053355,0.3954238447752,0.2269492326133,0.0000001035796
66412,0.2438248693793,3.6924688046451,0.0781180053355,0.3953820480997,0.2269352057607,0.0000001035796
66417,0.2438230696247,3.6924415492719,0.0780669402216,0.3954176543060,0.2269256515524,0.0000001035796
66422,0.2438188628530,3.6923778421811,0.0780544011991,0.3953627301483,0.2268997604639,0.0000001035796
66466,0.2438276570282,3.6925110206289,0.0780544011991,0.3951783589051,0.2268357980575,0.0000001035796
66526,0.2438301337747,3.6925485283245,0.0779367679795,0.3951461861159,0.2267744242700,0.0000001015080
66548,0.2438386835067,3.6926780049395,0.0779367679795,0.3951297051224,0.2267703702863,0.0000001015080
66592,0.2438436515141,3.6927532401377,0.0778899339592,0.3951797804452,0.2267692471803,0.0000001015080
66603,0.2438382711313,3.6926717599525,0.0778899339592,0.3951176398461,0.2267459011700,0.0000001015080
66605,0.2438320264650,3.6925771911099,0.0778430999390,0.3951050494602,0.2267199947379,0.0000001015080
66608,0.2438340361460,3.6926076255958,0.0778430999390,0.3950875449402,0.2267141737695,0.0000000994778
66611,0.2438424306726,3.6927347517894,0.0777532002164,0.3951108601100,0.2266857709904,0.0000000994778
66630,0.2438491189707,3.6928360389643,0.0777275216646,0.3950728449353,0.2266626222555,0.0000000994778
66638,0.2438465777103,3.6927975542731,0.0777275216646,0.3950714126167,0.2266615661573,0.0000000994778
66673,0.2438518779607,3.6928778209388,0.0777308106789,0.3950625132791,0.2266609331679,0.0000000994778
66679,0.2438510837901,3.6928657940682,0.0777373887074,0.3921090576202,0.2256087765511,0.0000000994778
66718,0.2438549316649,3.6929240660461,0.0776977497501,0.3921396315513,0.2256035322323,0.0000000994778
66770,0.2438569099825,3.6929540255670,0.0776977497501,0.3892790943637,0.2245823357333,0.0000000974883
66896,0.2438563246060,3.6929451606617,0.0776905546871,0.3892818015954,0.2245800935656,0.0000000955385
66919,0.2438597772422,3.6929974471709,0.0776867863693,0.3892802494124,0.2245786640717,0.0000000955385
66929,0.2438547187421,3.6929208415573,0.0777124649210,0.3892089067382,0.2245631056745,0.0000000955385
66949,0.2438557460372,3.6929363988511,0.0776656309008,0.3885583765055,0.2243109218603,0.0000000955385
66956,0.2438598313826,3.6929982670704,0.0775479976812,0.3885591515251,0.2242616598472,0.0000000936277
66963,0.2438581954048,3.6929734919222,0.0775011636610,0.3878206113251,0.2239774732004,0.0000000936277
67017,0.2438635688100,3.6930548664402,0.0774765814473,0.3877395292934,0.2239391315415,0.0000000936277
67022,0.2438710409194,3.6931680236047,0.0774297474271,0.3877750555986,0.2239333489510,0.0000000936277
67030,0.2438641894341,3.6930642651330,0.0773829134068,0.3878058452825,0.2239228053683,0.0000000936277
67071,0.2438693884190,3.6931429982409,0.0773360793866,0.3878248468881,0.2239106340012,0.0000000917552
67075,0.2438682626876,3.6931259502329,0.0773360793866,0.3876416519581,0.2238449660123,0.0000000917552
67080,0.2438684790619,3.6931292269930,0.0773104008349,0.3876525496792,0.2238378993279,0.0000000917552
67084,0.2438682288469,3.6931254377516,0.0772635668146,0.3876749318672,0.2238257676260,0.0000000917552
67095,0.2438691793341,3.6931398318712,0.0772167327944,0.3877063322005,0.2238171139837,0.0000000917552
67101,0.2438693762806,3.6931428144170,0.0772167327944,0.3876960850947,0.2238134965058,0.0000000917552
67135,0.2438697521139,3.6931485060141,0.0771889992974,0.3877056854010,0.2238051199380,0.0000000917552
67153,0.2438694499977,3.6931439307851,0.0772167327944,0.3876591664885,0.2238003270859,0.0000000917552
67154,0.2438769888981,3.6932580994286,0.0770990995748,0.3877343222284,0.2237783696632,0.0000000917552
